3600
202	2	2	1	2	1	703.84	0
202	2	2	2	6	0	820.13	0
202	2	2	3	8	1	461.29	0
202	2	2	4	10	1	544.44	0
202	2	2	5	6	1	842.68	0
202	2	2	6	6	1	497.11	0
202	2	2	7	12	0	437.77	0
202	2	2	8	8	0	589.41	0
202	2	2	9	8	1	546.75	0
202	2	2	10	8	1	873.93	0
202	2	2	11	4	1	632.56	0
202	2	2	12	10	1	578.79	0
202	2	2	13	10	1	523.82	0
202	2	2	14	2	0	1097.9	0
202	2	2	15	8	0	835.84	0
202	2	2	16	12	0	762.03	0
202	2	2	17	12	1	807.76	0
202	2	2	18	2	1	1056.3	0
202	2	2	19	4	0	507.82	0
202	2	2	20	12	0	717.23	0
202	2	2	21	12	1	554.13	0
202	2	2	22	8	0	709.05	0
202	2	2	23	2	1	839.32	0
202	2	2	24	6	0	541.59	0
202	2	2	25	4	0	1041.5	0
202	2	2	26	12	0	618.25	0
202	2	2	27	10	1	768.48	0
202	2	2	28	2	0	914.56	0
202	2	2	29	4	1	677.57	0
202	2	2	30	12	0	416.74	0
202	2	2	31	2	1	972.93	0
202	2	2	32	2	1	502.41	0
202	2	2	33	8	1	528.73	0
202	2	2	34	2	1	598.82	0
202	2	2	35	8	1	901.26	0
202	2	2	36	10	1	887.42	0
202	2	2	37	10	1	474.64	0
202	2	2	38	6	0	767.84	0
202	2	2	39	10	0	674.13	0
202	2	2	40	10	1	975.08	0
202	2	2	41	4	0	870.8	0
202	2	2	42	12	1	1973	0
202	2	2	43	6	0	768.4	0
202	2	2	44	6	1	648.79	0
202	2	2	45	4	1	482.91	0
202	2	2	46	2	1	634.26	0
202	2	2	47	4	0	765.96	0
202	2	2	48	6	1	890.74	0
202	2	2	49	4	1	538.73	0
202	2	2	50	4	1	1276.9	0
202	2	2	51	12	1	1008.9	0
202	2	2	52	4	0	550.7	0
202	2	2	53	4	1	971.83	0
202	2	2	54	8	1	972.61	0
202	2	2	55	4	1	447.57	0
202	2	2	56	4	1	690.06	0
202	2	2	57	2	1	868.16	0
202	2	2	58	2	1	441.47	0
202	2	2	59	2	1	508.15	0
202	2	2	60	10	0	552.6	0
202	2	2	61	2	0	719.52	0
202	2	2	62	4	0	719.53	0
202	2	2	63	4	1	718.93	0
202	2	2	64	6	1	511.81	0
202	2	2	65	6	1	844.79	0
202	2	2	66	8	1	521.74	0
202	2	2	67	2	0	513.21	0
202	2	2	68	2	1	763.77	0
202	2	2	69	8	0	718.49	0
202	2	2	70	10	1	473.37	0
202	2	2	71	10	1	649.28	0
202	2	2	72	8	0	617.4	0
202	2	2	73	12	1	514.56	0
202	2	2	74	8	0	485.74	0
202	2	2	75	10	1	664.15	0
202	2	2	76	6	1	535.36	0
202	2	2	77	6	0	723.54	0
202	2	2	78	6	1	484.82	0
202	2	2	79	2	1	512.38	0
202	2	2	80	10	1	839.33	0
202	2	2	81	8	0	699	0
202	2	2	82	6	0	471.98	0
202	2	2	83	2	1	683.51	0
202	2	2	84	2	1	502.71	0
202	2	2	85	6	1	514.07	0
202	2	2	86	8	1	734.74	0
202	2	2	87	6	1	747.57	0
202	2	2	88	8	1	546.84	0
202	2	2	89	4	0	515.3	0
202	2	2	90	12	0	930.1	0
202	2	2	91	12	1	627.16	0
202	2	2	92	12	0	1262.2	0
202	2	2	93	8	0	508.91	0
202	2	2	94	6	1	837.58	0
202	2	2	95	6	1	1540.9	0
202	2	2	96	4	1	453.36	0
202	2	2	97	12	0	568.77	0
202	2	2	98	10	1	545.81	0
202	2	2	99	10	1	578.25	0
202	2	2	100	6	0	482.12	0
202	2	2	101	12	1	555.16	0
202	2	2	102	10	0	617.77	0
202	2	2	103	4	1	518	0
202	2	2	104	4	1	1122.5	0
202	2	2	105	10	1	314.04	0
202	2	2	106	10	1	585.25	0
202	2	2	107	8	1	568.13	0
202	2	2	108	8	1	713.85	0
202	2	2	109	4	1	865.7	0
202	2	2	110	10	0	539.04	0
202	2	2	111	12	0	544.76	0
202	2	2	112	12	1	495.4	0
202	2	2	113	6	1	486.07	0
202	2	2	114	2	1	449.66	0
202	2	2	115	12	1	963.23	0
202	2	2	116	8	1	654.46	0
202	2	2	117	2	1	514.41	0
202	2	2	118	10	0	531.5	0
202	2	2	119	12	1	477.02	0
202	2	2	120	12	1	724.28	0
202	1	2	1	7	1	641.57	0
202	1	2	2	3	1	494.88	0
202	1	2	3	5	1	994.03	0
202	1	2	4	7	1	981.12	0
202	1	2	5	9	1	633.22	0
202	1	2	6	9	1	563.55	0
202	1	2	7	1	0	869.27	0
202	1	2	8	7	0	534.27	0
202	1	2	9	3	0	787.3	0
202	1	2	10	7	1	406.4	0
202	1	2	11	1	1	888.76	0
202	1	2	12	9	0	596.98	0
202	1	2	13	11	1	561.29	0
202	1	2	14	1	0	557.4	0
202	1	2	15	9	0	520.59	0
202	1	2	16	11	1	1211.1	0
202	1	2	17	9	0	674.74	0
202	1	2	18	5	1	504.16	0
202	1	2	19	3	0	852.95	0
202	1	2	20	5	1	496.75	0
202	1	2	21	7	0	1596.7	0
202	1	2	22	11	1	632.47	0
202	1	2	23	5	1	916.97	0
202	1	2	24	9	1	652.79	0
202	1	2	25	11	0	607.66	0
202	1	2	26	11	1	698.63	0
202	1	2	27	1	0	1317.1	0
202	1	2	28	9	0	579.07	0
202	1	2	29	7	1	566.21	0
202	1	2	30	1	1	739.07	0
202	1	2	31	9	1	737.82	0
202	1	2	32	7	0	753.54	0
202	1	2	33	11	0	861.18	0
202	1	2	34	11	1	422.49	0
202	1	2	35	9	0	774.69	0
202	1	2	36	1	1	585.95	0
202	1	2	37	5	0	783.36	0
202	1	2	38	9	1	781.15	0
202	1	2	39	3	1	608.11	0
202	1	2	40	11	1	614.25	0
202	1	2	41	1	0	535.32	0
202	1	2	42	7	1	500.8	0
202	1	2	43	3	1	391.28	0
202	1	2	44	7	1	692.64	0
202	1	2	45	1	1	653.53	0
202	1	2	46	1	1	486.35	0
202	1	2	47	3	0	597.42	0
202	1	2	48	1	1	488.34	0
202	1	2	49	5	1	539.96	0
202	1	2	50	11	1	594.41	0
202	1	2	51	3	0	666.07	0
202	1	2	52	11	1	418.61	0
202	1	2	53	3	1	488.13	0
202	1	2	54	3	1	430.56	0
202	1	2	55	11	1	589.89	0
202	1	2	56	7	0	815.63	0
202	1	2	57	9	1	595.9	0
202	1	2	58	7	0	635.11	0
202	1	2	59	3	1	439.54	0
202	1	2	60	11	0	596.38	0
202	1	2	61	7	1	383.82	0
202	1	2	62	5	1	711.72	0
202	1	2	63	11	1	856.16	0
202	1	2	64	7	0	570.11	0
202	1	2	65	5	0	476.76	0
202	1	2	66	5	1	458.52	0
202	1	2	67	9	0	813.72	0
202	1	2	68	1	1	771.86	0
202	1	2	69	3	1	613.12	0
202	1	2	70	5	0	640.18	0
202	1	2	71	1	1	511.93	0
202	1	2	72	1	1	626.56	0
202	1	2	73	11	0	484.12	0
202	1	2	74	1	1	761.32	0
202	1	2	75	3	1	586.31	0
202	1	2	76	5	0	398.05	0
202	1	2	77	3	1	719.12	0
202	1	2	78	1	1	657.67	0
202	1	2	79	3	1	624.3	0
202	1	2	80	11	1	694.24	0
202	1	2	81	11	0	700.41	0
202	1	2	82	3	1	854.07	0
202	1	2	83	1	1	721.89	0
202	1	2	84	9	0	947.18	0
202	1	2	85	9	1	719.05	0
202	1	2	86	5	1	586.64	0
202	1	2	87	9	1	1148.8	0
202	1	2	88	7	0	683.16	0
202	1	2	89	1	0	636.89	0
202	1	2	90	7	1	680.59	0
202	1	2	91	3	0	561.69	0
202	1	2	92	5	0	605.25	0
202	1	2	93	7	0	640.35	0
202	1	2	94	9	1	493.04	0
202	1	2	95	5	0	914.83	0
202	1	2	96	5	1	424.16	0
202	1	2	97	7	1	1165.3	0
202	1	2	98	3	0	564.79	0
202	1	2	99	9	0	1060.6	0
202	1	2	100	3	0	487.06	0
202	1	2	101	11	1	659.87	0
202	1	2	102	7	0	653.49	0
202	1	2	103	11	1	597.41	0
202	1	2	104	1	1	614.07	0
202	1	2	105	9	1	771.53	0
202	1	2	106	5	1	590.37	0
202	1	2	107	1	1	634.63	0
202	1	2	108	9	1	511.31	0
202	1	2	109	11	0	577.66	0
202	1	2	110	3	1	544.9	0
202	1	2	111	9	0	613.74	0
202	1	2	112	5	1	889.7	0
202	1	2	113	7	0	679.1	0
202	1	2	114	5	0	570.46	0
202	1	2	115	11	0	464.71	0
202	1	2	116	3	1	511.39	0
202	1	2	117	5	1	569.83	0
202	1	2	118	1	1	540.95	0
202	1	2	119	7	0	588.07	0
202	1	2	120	5	1	576.99	0
202	3	2	1	12	0	617.81	0
202	3	2	2	3	1	577.56	0
202	3	2	3	10	0	836.01	0
202	3	2	4	8	0	663.82	0
202	3	2	5	12	1	587.57	0
202	3	2	6	1	1	626.1	0
202	3	2	7	5	0	1011.9	0
202	3	2	8	12	1	556.15	0
202	3	2	9	3	1	548.86	0
202	3	2	10	12	0	713.3	0
202	3	2	11	1	1	415.41	0
202	3	2	12	5	0	596.24	0
202	3	2	13	3	1	748.09	0
202	3	2	14	5	1	659.4	0
202	3	2	15	10	1	805.31	0
202	3	2	16	12	0	653.73	0
202	3	2	17	8	0	712.47	0
202	3	2	18	1	0	637.95	0
202	3	2	19	5	1	662.47	0
202	3	2	20	10	0	670.55	0
202	3	2	21	8	1	451.73	0
202	3	2	22	3	1	934.11	0
202	3	2	23	3	1	393.4	0
202	3	2	24	8	0	545.55	0
202	3	2	25	5	0	508.79	0
202	3	2	26	10	1	1004.3	0
202	3	2	27	10	1	543.18	0
202	3	2	28	8	0	689.25	0
202	3	2	29	10	0	720.75	0
202	3	2	30	8	0	392.54	0
202	3	2	31	3	1	815.86	0
202	3	2	32	12	0	581.47	0
202	3	2	33	8	0	986.77	0
202	3	2	34	12	1	853.18	0
202	3	2	35	1	0	503.13	0
202	3	2	36	3	0	738	0
202	3	2	37	5	1	691.54	0
202	3	2	38	5	1	597.02	0
202	3	2	39	10	1	862.12	0
202	3	2	40	1	0	527.61	0
202	3	2	41	1	1	490.55	0
202	3	2	42	5	1	695.37	0
202	3	2	43	10	1	629.32	0
202	3	2	44	12	1	663.14	0
202	3	2	45	3	0	1058.7	0
202	3	2	46	3	0	554.19	0
202	3	2	47	5	0	730.96	0
202	3	2	48	8	0	953.05	0
202	3	2	49	12	1	761.53	0
202	3	2	50	1	0	626.66	0
202	3	2	51	1	1	422.27	0
202	3	2	52	12	1	660.51	0
202	3	2	53	10	1	1322.5	0
202	3	2	54	1	1	637.26	0
202	3	2	55	8	1	852.06	0
202	3	2	56	12	1	518.61	0
202	3	2	57	5	0	1033	0
202	3	2	58	12	1	621.24	0
202	3	2	59	3	1	998.72	0
202	3	2	60	12	1	807.64	0
202	3	2	61	1	1	828.5	0
202	3	2	62	10	1	729.48	0
202	3	2	63	5	0	729.46	0
202	3	2	64	1	1	494.32	0
202	3	2	65	10	1	487.61	0
202	3	2	66	3	1	812.08	0
202	3	2	67	3	1	525.38	0
202	3	2	68	3	1	581.41	0
202	3	2	69	8	0	690.81	0
202	3	2	70	10	1	880.26	0
202	3	2	71	3	1	814.49	0
202	3	2	72	1	0	552.83	0
202	3	2	73	3	1	534.24	0
202	3	2	74	3	1	649.83	0
202	3	2	75	5	0	454.75	0
202	3	2	76	5	1	452.89	0
202	3	2	77	5	1	690.63	0
202	3	2	78	3	0	588.02	0
202	3	2	79	10	1	760.81	0
202	3	2	80	8	1	964.78	0
202	3	2	81	5	0	929.63	0
202	3	2	82	8	1	555.82	0
202	3	2	83	1	1	588.94	0
202	3	2	84	12	1	900.58	0
202	3	2	85	10	1	723.73	0
202	3	2	86	5	1	666.27	0
202	3	2	87	3	1	788.15	0
202	3	2	88	12	1	557.62	0
202	3	2	89	10	1	665.08	0
202	3	2	90	5	1	1149.5	0
202	3	2	91	10	1	401.77	0
202	3	2	92	1	1	682.04	0
202	3	2	93	8	0	715.87	0
202	3	2	94	12	0	536.82	0
202	3	2	95	5	1	623.26	0
202	3	2	96	10	1	799.56	0
202	3	2	97	8	0	884.42	0
202	3	2	98	10	1	1108.4	0
202	3	2	99	1	1	633.36	0
202	3	2	100	8	0	413.98	0
202	3	2	101	10	0	701.11	0
202	3	2	102	10	1	575.09	0
202	3	2	103	12	1	621.62	0
202	3	2	104	5	1	545.84	0
202	3	2	105	1	1	560.84	0
202	3	2	106	12	1	522.12	0
202	3	2	107	3	1	493.33	0
202	3	2	108	8	0	501.76	0
202	3	2	109	8	1	481.23	0
202	3	2	110	1	1	659.6	0
202	3	2	111	12	1	622.92	0
202	3	2	112	1	1	748.64	0
202	3	2	113	1	1	762.92	0
202	3	2	114	8	0	890.37	0
202	3	2	115	12	1	670.86	0
202	3	2	116	1	1	533.99	0
202	3	2	117	3	1	688.26	0
202	3	2	118	8	1	656.75	0
202	3	2	119	5	1	453.31	0
202	3	2	120	8	1	701.95	0
202	4	2	1	6	0	889.86	0
202	4	2	2	4	1	511.23	0
202	4	2	3	2	0	621.92	0
202	4	2	4	9	1	542.08	0
202	4	2	5	2	1	555.37	0
202	4	2	6	9	0	661.05	0
202	4	2	7	6	1	431.22	0
202	4	2	8	7	0	430.26	0
202	4	2	9	2	0	762.62	0
202	4	2	10	2	1	757.32	0
202	4	2	11	2	1	692.14	0
202	4	2	12	2	1	380.71	0
202	4	2	13	11	1	578.4	0
202	4	2	14	9	0	607.73	0
202	4	2	15	11	0	719.77	0
202	4	2	16	4	1	718.68	0
202	4	2	17	6	1	627.47	0
202	4	2	18	11	1	502.95	0
202	4	2	19	4	1	577.57	0
202	4	2	20	11	0	869.98	0
202	4	2	21	2	0	811.84	0
202	4	2	22	11	1	553.09	0
202	4	2	23	4	1	543.69	0
202	4	2	24	4	1	397.66	0
202	4	2	25	11	1	634	0
202	4	2	26	9	0	698.59	0
202	4	2	27	4	0	620.78	0
202	4	2	28	4	0	914.74	0
202	4	2	29	9	0	1013.5	0
202	4	2	30	11	0	1466.7	0
202	4	2	31	6	1	886.98	0
202	4	2	32	2	1	850.92	0
202	4	2	33	9	1	570.09	0
202	4	2	34	9	1	479.43	0
202	4	2	35	4	0	751.7	0
202	4	2	36	7	1	554.99	0
202	4	2	37	9	1	977.28	0
202	4	2	38	4	0	594.54	0
202	4	2	39	2	1	508.27	0
202	4	2	40	4	0	541.56	0
202	4	2	41	2	1	730.74	0
202	4	2	42	2	0	397.81	0
202	4	2	43	7	0	679.45	0
202	4	2	44	2	1	639.66	0
202	4	2	45	7	1	673.5	0
202	4	2	46	11	0	523.36	0
202	4	2	47	6	1	1899.1	0
202	4	2	48	4	0	614.98	0
202	4	2	49	6	1	567.96	0
202	4	2	50	6	1	707.98	0
202	4	2	51	9	1	685.44	0
202	4	2	52	7	1	473.88	0
202	4	2	53	6	1	638.97	0
202	4	2	54	4	1	789.56	0
202	4	2	55	4	1	570.35	0
202	4	2	56	9	1	464.3	0
202	4	2	57	2	1	611.13	0
202	4	2	58	2	1	817.35	0
202	4	2	59	4	0	666.31	0
202	4	2	60	11	1	532.56	0
202	4	2	61	11	1	606.45	0
202	4	2	62	2	1	751.16	0
202	4	2	63	7	0	696.22	0
202	4	2	64	11	0	644.33	0
202	4	2	65	7	1	557.14	0
202	4	2	66	11	1	921.14	0
202	4	2	67	9	1	582.55	0
202	4	2	68	2	0	708.92	0
202	4	2	69	7	0	483.82	0
202	4	2	70	7	1	465.42	0
202	4	2	71	11	1	696.35	0
202	4	2	72	6	1	784.09	0
202	4	2	73	2	1	530.25	0
202	4	2	74	6	1	744.46	0
202	4	2	75	11	0	854.19	0
202	4	2	76	11	1	531.18	0
202	4	2	77	7	1	867.83	0
202	4	2	78	7	1	656.73	0
202	4	2	79	11	0	619.67	0
202	4	2	80	7	0	734.95	0
202	4	2	81	9	1	583.08	0
202	4	2	82	6	1	436.77	0
202	4	2	83	6	0	498.63	0
202	4	2	84	4	1	756.29	0
202	4	2	85	4	1	613.16	0
202	4	2	86	11	0	507.68	0
202	4	2	87	6	1	738.63	0
202	4	2	88	2	1	588.67	0
202	4	2	89	6	0	552.86	0
202	4	2	90	4	1	562.29	0
202	4	2	91	11	0	645.84	0
202	4	2	92	7	1	1422.9	0
202	4	2	93	9	1	796.75	0
202	4	2	94	9	0	634.84	0
202	4	2	95	4	1	750.43	0
202	4	2	96	7	1	723.62	0
202	4	2	97	2	1	536.36	0
202	4	2	98	7	0	688.57	0
202	4	2	99	7	0	562.93	0
202	4	2	100	7	1	840.08	0
202	4	2	101	9	1	585.77	0
202	4	2	102	7	1	695.11	0
202	4	2	103	9	1	1056.2	0
202	4	2	104	7	1	611.18	0
202	4	2	105	7	1	580.21	0
202	4	2	106	9	1	566.68	0
202	4	2	107	6	0	661.1	0
202	4	2	108	9	1	661.6	0
202	4	2	109	6	0	574.28	0
202	4	2	110	6	0	642.54	0
202	4	2	111	11	0	565.97	0
202	4	2	112	9	0	761.39	0
202	4	2	113	11	0	685.17	0
202	4	2	114	6	0	629.27	0
202	4	2	115	9	1	505.23	0
202	4	2	116	2	0	790.1	0
202	4	2	117	6	1	918.07	0
202	4	2	118	6	1	513.08	0
202	4	2	119	4	1	527.58	0
202	4	2	120	4	1	792.91	0
202	5	2	1	4	1	601.78	0
202	5	2	2	2	1	590.86	0
202	5	2	3	10	0	767.19	0
202	5	2	4	11	1	775.93	0
202	5	2	5	1	0	861.54	0
202	5	2	6	9	1	566.89	0
202	5	2	7	12	1	540.8	0
202	5	2	8	12	1	555.09	0
202	5	2	9	7	0	603.25	0
202	5	2	10	6	0	554.94	0
202	5	2	11	6	0	606.53	0
202	5	2	12	3	1	707.12	0
202	5	2	13	10	1	499.41	0
202	5	2	14	2	1	578.4	0
202	5	2	15	9	0	490.87	0
202	5	2	16	5	0	600.42	0
202	5	2	17	7	1	639.57	0
202	5	2	18	11	0	591.73	0
202	5	2	19	5	1	536.07	0
202	5	2	20	10	1	484.86	0
202	5	2	21	12	0	654.87	0
202	5	2	22	12	0	922.58	0
202	5	2	23	8	0	711.07	0
202	5	2	24	6	1	755.96	0
202	5	2	25	9	0	1006.8	0
202	5	2	26	8	0	714.18	0
202	5	2	27	1	1	587.56	0
202	5	2	28	3	1	573.13	0
202	5	2	29	3	0	1087.1	0
202	5	2	30	1	1	679.9	0
202	5	2	31	9	0	621.67	0
202	5	2	32	4	1	506.72	0
202	5	2	33	11	0	611.76	0
202	5	2	34	7	0	818.62	0
202	5	2	35	5	0	441.51	0
202	5	2	36	3	1	536.2	0
202	5	2	37	2	0	444.37	0
202	5	2	38	6	0	824.23	0
202	5	2	39	11	0	551.68	0
202	5	2	40	9	1	724.22	0
202	5	2	41	7	0	521.53	0
202	5	2	42	4	0	623.52	0
202	5	2	43	2	0	671.27	0
202	5	2	44	6	0	799.16	0
202	5	2	45	11	0	534.04	0
202	5	2	46	12	1	801.53	0
202	5	2	47	10	1	923.71	0
202	5	2	48	4	1	493.88	0
202	5	2	49	1	0	610.99	0
202	5	2	50	5	0	949.81	0
202	5	2	51	4	0	501.01	0
202	5	2	52	7	1	586.69	0
202	5	2	53	3	1	562.55	0
202	5	2	54	11	1	542.84	0
202	5	2	55	1	1	755.44	0
202	5	2	56	2	0	742.17	0
202	5	2	57	11	1	744.64	0
202	5	2	58	7	1	546.79	0
202	5	2	59	8	0	497.81	0
202	5	2	60	7	1	546.26	0
202	5	2	61	2	0	815.6	0
202	5	2	62	5	1	956.29	0
202	5	2	63	5	1	452.8	0
202	5	2	64	8	1	436.41	0
202	5	2	65	8	1	827.73	0
202	5	2	66	7	0	454.49	0
202	5	2	67	9	0	1125	0
202	5	2	68	8	0	906.47	0
202	5	2	69	5	1	600.11	0
202	5	2	70	1	1	626.39	0
202	5	2	71	4	1	457.96	0
202	5	2	72	3	0	657.15	0
202	5	2	73	7	0	744.58	0
202	5	2	74	4	0	735.37	0
202	5	2	75	9	0	503.02	0
202	5	2	76	1	1	615.22	0
202	5	2	77	8	1	545.12	0
202	5	2	78	12	1	595.68	0
202	5	2	79	6	1	1137.6	0
202	5	2	80	11	1	1074.9	0
202	5	2	81	6	1	659.88	0
202	5	2	82	4	1	652.13	0
202	5	2	83	5	0	709.03	0
202	5	2	84	12	1	772.3	0
202	5	2	85	3	0	651.76	0
202	5	2	86	4	0	711.71	0
202	5	2	87	3	1	1176.7	0
202	5	2	88	10	1	1802.9	0
202	5	2	89	10	0	514.01	0
202	5	2	90	12	1	599.76	0
202	5	2	91	8	1	1121.9	0
202	5	2	92	12	1	692.51	0
202	5	2	93	12	1	784.45	0
202	5	2	94	3	1	480.56	0
202	5	2	95	1	1	602.17	0
202	5	2	96	1	0	587.79	0
202	5	2	97	6	1	602.71	0
202	5	2	98	5	0	939.86	0
202	5	2	99	4	0	1020.7	0
202	5	2	100	10	0	1055.1	0
202	5	2	101	10	1	536.95	0
202	5	2	102	10	0	557.52	0
202	5	2	103	2	1	970.16	0
202	5	2	104	2	0	751.62	0
202	5	2	105	8	1	591.25	0
202	5	2	106	9	1	564.3	0
202	5	2	107	1	1	691.62	0
202	5	2	108	3	1	854.96	0
202	5	2	109	6	0	453.83	0
202	5	2	110	7	0	657.41	0
202	5	2	111	6	0	555.13	0
202	5	2	112	2	1	830.34	0
202	5	2	113	2	1	684.34	0
202	5	2	114	11	1	538.97	0
202	5	2	115	11	1	641.42	0
202	5	2	116	9	0	438.47	0
202	5	2	117	8	0	408.77	0
202	5	2	118	9	0	870.02	0
202	5	2	119	10	0	587.5	0
202	5	2	120	5	1	865.13	0
202	5	2	1	8	0	570.76	0
202	5	2	2	8	1	714.38	0
202	5	2	3	2	0	991.15	0
202	5	2	4	1	0	718.67	0
202	5	2	5	12	1	580.65	0
202	5	2	6	12	1	665.58	0
202	5	2	7	4	1	647.58	0
202	5	2	8	3	1	683.5	0
202	5	2	9	10	0	777.11	0
202	5	2	10	6	1	698.51	0
202	5	2	11	12	0	702.84	0
202	5	2	12	11	1	619.97	0
202	5	2	13	6	1	633.37	0
202	5	2	14	6	1	919.96	0
202	5	2	15	8	1	743.33	0
202	5	2	16	9	1	587.37	0
202	5	2	17	1	1	512.22	0
202	5	2	18	11	1	536.61	0
202	5	2	19	8	0	981.44	0
202	5	2	20	11	0	588.29	0
202	5	2	21	1	1	493.1	0
202	5	2	22	10	1	757.64	0
202	5	2	23	7	1	618.61	0
202	5	2	24	1	1	580.21	0
202	5	2	25	2	0	467.2	0
202	5	2	26	4	0	667.58	0
202	5	2	27	11	1	653.75	0
202	5	2	28	7	1	802.98	0
202	5	2	29	9	1	671.88	0
202	5	2	30	10	0	711.83	0
202	5	2	31	5	1	860.97	0
202	5	2	32	1	1	694.55	0
202	5	2	33	4	1	794.67	0
202	5	2	34	6	1	497.5	0
202	5	2	35	1	1	628.14	0
202	5	2	36	4	0	672.96	0
202	5	2	37	3	1	615.29	0
202	5	2	38	12	0	800.23	0
202	5	2	39	4	0	427.33	0
202	5	2	40	6	1	402.97	0
202	5	2	41	9	1	661.89	0
202	5	2	42	6	0	681.13	0
202	5	2	43	2	1	1540.1	0
202	5	2	44	3	1	474.05	0
202	5	2	45	4	0	957.82	0
202	5	2	46	5	0	605.76	0
202	5	2	47	9	1	514.04	0
202	5	2	48	9	0	692.77	0
202	5	2	49	2	0	633.78	0
202	5	2	50	5	0	506.05	0
202	5	2	51	8	0	670.42	0
202	5	2	52	12	1	1014.4	0
202	5	2	53	7	0	711.96	0
202	5	2	54	9	0	480.06	0
202	5	2	55	7	1	625.91	0
202	5	2	56	7	1	788.19	0
202	5	2	57	2	1	613.56	0
202	5	2	58	1	1	686.4	0
202	5	2	59	5	0	751.25	0
202	5	2	60	3	1	833.58	0
202	5	2	61	11	1	515.13	0
202	5	2	62	3	1	482.82	0
202	5	2	63	11	1	520.59	0
202	5	2	64	1	1	576.09	0
202	5	2	65	7	0	646.88	0
202	5	2	66	4	1	475.44	0
202	5	2	67	11	1	550.89	0
202	5	2	68	9	0	661.95	0
202	5	2	69	8	1	613.78	0
202	5	2	70	3	1	858.31	0
202	5	2	71	5	1	789.55	0
202	5	2	72	8	1	561.54	0
202	5	2	73	10	1	752.45	0
202	5	2	74	6	0	1228.5	0
202	5	2	75	5	0	654.88	0
202	5	2	76	2	1	766.92	0
202	5	2	77	7	1	773.62	0
202	5	2	78	10	0	1162	0
202	5	2	79	10	1	528.21	0
202	5	2	80	4	1	709.96	0
202	5	2	81	2	0	810.49	0
202	5	2	82	3	1	1265.9	0
202	5	2	83	11	1	634.41	0
202	5	2	84	8	1	650.81	0
202	5	2	85	10	1	652.8	0
202	5	2	86	6	0	693.75	0
202	5	2	87	11	1	598.11	0
202	5	2	88	2	1	761.37	0
202	5	2	89	5	0	811.15	0
202	5	2	90	12	0	799.36	0
202	5	2	91	8	1	752.53	0
202	5	2	92	12	1	544.69	0
202	5	2	93	8	0	857.86	0
202	5	2	94	4	1	547.79	0
202	5	2	95	7	1	627.94	0
202	5	2	96	12	0	707.84	0
202	5	2	97	11	1	856.11	0
202	5	2	98	4	1	439.54	0
202	5	2	99	10	1	874.83	0
202	5	2	100	2	1	651.05	0
202	5	2	101	9	1	824.27	0
202	5	2	102	10	0	747.16	0
202	5	2	103	3	1	665.05	0
202	5	2	104	3	1	522.03	0
202	5	2	105	6	0	596.54	0
202	5	2	106	12	1	579.84	0
202	5	2	107	3	1	1528.9	0
202	5	2	108	7	1	779.57	0
202	5	2	109	5	1	564.28	0
202	5	2	110	12	1	655.23	0
202	5	2	111	9	1	799.4	0
202	5	2	112	10	0	818.66	0
202	5	2	113	1	1	730.9	0
202	5	2	114	1	0	1786.3	0
202	5	2	115	7	0	1399.7	0
202	5	2	116	5	0	743.9	0
202	5	2	117	5	1	908.42	0
202	5	2	118	9	1	668.87	0
202	5	2	119	6	0	785.47	0
202	5	2	120	2	0	514.83	0
202	2	3	1	8	0	644.32	0
202	2	3	2	12	1	551.56	0
202	2	3	3	12	1	671.49	0
202	2	3	4	4	1	544.01	0
202	2	3	5	10	0	482.62	0
202	2	3	6	2	1	556.9	0
202	2	3	7	4	0	892.36	0
202	2	3	8	8	0	521.18	0
202	2	3	9	2	0	892.46	0
202	2	3	10	2	1	548.44	0
202	2	3	11	6	0	628.18	0
202	2	3	12	2	1	666.47	0
202	2	3	13	10	0	787.92	0
202	2	3	14	4	0	368.33	0
202	2	3	15	8	1	585.36	0
202	2	3	16	12	1	729.16	0
202	2	3	17	8	0	742.98	0
202	2	3	18	2	1	638.34	0
202	2	3	19	10	1	381.23	0
202	2	3	20	6	0	580.39	0
202	2	3	21	2	1	485.03	0
202	2	3	22	6	1	649.63	0
202	2	3	23	6	1	459.28	0
202	2	3	24	4	1	781.16	0
202	2	3	25	6	1	794.18	0
202	2	3	26	6	0	582.87	0
202	2	3	27	8	0	517.66	0
202	2	3	28	10	1	1282	0
202	2	3	29	8	0	678.51	0
202	2	3	30	12	1	740.51	0
202	2	3	31	2	1	476.67	0
202	2	3	32	6	0	903.78	0
202	2	3	33	2	1	657.38	0
202	2	3	34	10	0	484.06	0
202	2	3	35	2	1	720.71	0
202	2	3	36	4	0	578.39	0
202	2	3	37	2	1	857.49	0
202	2	3	38	8	0	730.11	0
202	2	3	39	12	1	482.74	0
202	2	3	40	12	0	507.6	0
202	2	3	41	12	1	695.33	0
202	2	3	42	4	1	767.8	0
202	2	3	43	8	1	545.25	0
202	2	3	44	8	1	589.79	0
202	2	3	45	4	0	610.36	0
202	2	3	46	10	1	620.26	0
202	2	3	47	8	0	583.69	0
202	2	3	48	4	1	815.41	0
202	2	3	49	4	1	608.21	0
202	2	3	50	6	0	746.74	0
202	2	3	51	2	0	662.27	0
202	2	3	52	10	1	502.12	0
202	2	3	53	6	1	457.12	0
202	2	3	54	8	1	803.2	0
202	2	3	55	6	0	589.89	0
202	2	3	56	12	0	710.64	0
202	2	3	57	10	1	691.41	0
202	2	3	58	8	0	497.97	0
202	2	3	59	10	0	756.05	0
202	2	3	60	12	1	461.41	0
202	2	3	61	10	1	818.25	0
202	2	3	62	10	1	781.88	0
202	2	3	63	12	0	526.69	0
202	2	3	64	6	0	483.26	0
202	2	3	65	2	1	648.89	0
202	2	3	66	12	0	509.22	0
202	2	3	67	6	1	418.84	0
202	2	3	68	12	1	789.1	0
202	2	3	69	10	0	530.55	0
202	2	3	70	4	1	585.65	0
202	2	3	71	10	1	881.84	0
202	2	3	72	4	1	594.21	0
202	2	3	73	12	1	956.79	0
202	2	3	74	10	1	718.93	0
202	2	3	75	12	1	1117	0
202	2	3	76	4	1	522.04	0
202	2	3	77	6	1	768.85	0
202	2	3	78	8	1	748.83	0
202	2	3	79	4	0	606.56	0
202	2	3	80	4	1	445.23	0
202	2	3	81	2	0	631.53	0
202	2	3	82	10	1	491.64	0
202	2	3	83	10	1	536.46	0
202	2	3	84	2	1	465.48	0
202	2	3	85	8	1	596.57	0
202	2	3	86	8	1	644.75	0
202	2	3	87	4	1	755.54	0
202	2	3	88	6	0	561.09	0
202	2	3	89	4	1	679	0
202	2	3	90	6	0	598.72	0
202	2	3	91	12	1	1010.4	0
202	2	3	92	6	0	610.89	0
202	2	3	93	6	1	531.42	0
202	2	3	94	8	1	435.76	0
202	2	3	95	2	0	891.39	0
202	2	3	96	2	1	516.1	0
202	2	3	97	10	1	426.13	0
202	2	3	98	8	0	485.12	0
202	2	3	99	6	1	686.27	0
202	2	3	100	6	0	860.49	0
202	2	3	101	12	1	972.33	0
202	2	3	102	10	1	379.49	0
202	2	3	103	12	0	588.81	0
202	2	3	104	4	0	680.94	0
202	2	3	105	8	0	521.81	0
202	2	3	106	12	0	872.05	0
202	2	3	107	12	1	425.03	0
202	2	3	108	2	0	654.9	0
202	2	3	109	6	0	704.82	0
202	2	3	110	4	1	905.02	0
202	2	3	111	4	0	889.35	0
202	2	3	112	2	1	966.71	0
202	2	3	113	10	1	500.24	0
202	2	3	114	8	1	851.9	0
202	2	3	115	10	1	518.38	0
202	2	3	116	4	1	842.55	0
202	2	3	117	8	0	534.19	0
202	2	3	118	2	1	538.94	0
202	2	3	119	2	1	932.67	0
202	2	3	120	12	1	553.05	0
202	1	3	1	3	1	460.86	0
202	1	3	2	11	1	531.33	0
202	1	3	3	11	1	841.61	0
202	1	3	4	1	1	780.77	0
202	1	3	5	3	1	835.37	0
202	1	3	6	5	1	555.94	0
202	1	3	7	1	1	662.94	0
202	1	3	8	7	0	609.64	0
202	1	3	9	5	1	829.72	0
202	1	3	10	7	0	802.17	0
202	1	3	11	1	0	521.54	0
202	1	3	12	11	1	543.56	0
202	1	3	13	9	1	961.57	0
202	1	3	14	7	1	710.26	0
202	1	3	15	5	1	880.07	0
202	1	3	16	3	1	806.77	0
202	1	3	17	5	0	652.13	0
202	1	3	18	5	1	600.47	0
202	1	3	19	11	0	750.6	0
202	1	3	20	7	1	732.37	0
202	1	3	21	11	1	703.14	0
202	1	3	22	9	1	648.16	0
202	1	3	23	11	1	544.87	0
202	1	3	24	7	1	906.84	0
202	1	3	25	7	1	764.3	0
202	1	3	26	11	1	922.07	0
202	1	3	27	9	0	999.74	0
202	1	3	28	5	1	1106.5	0
202	1	3	29	11	1	673.09	0
202	1	3	30	3	0	729.64	0
202	1	3	31	9	1	661.72	0
202	1	3	32	9	1	737.85	0
202	1	3	33	7	1	520.94	0
202	1	3	34	3	1	877.62	0
202	1	3	35	9	1	599.73	0
202	1	3	36	9	0	694.42	0
202	1	3	37	7	1	957.18	0
202	1	3	38	3	0	636.39	0
202	1	3	39	3	1	714.23	0
202	1	3	40	5	0	631.6	0
202	1	3	41	5	1	646.62	0
202	1	3	42	1	0	609.06	0
202	1	3	43	5	0	811.77	0
202	1	3	44	9	1	734.97	0
202	1	3	45	7	0	546.19	0
202	1	3	46	11	0	927.69	0
202	1	3	47	5	1	700.47	0
202	1	3	48	9	0	1175.4	0
202	1	3	49	5	1	554.69	0
202	1	3	50	11	0	387.35	0
202	1	3	51	1	1	684.43	0
202	1	3	52	1	1	566.42	0
202	1	3	53	7	1	662.35	0
202	1	3	54	1	0	592.68	0
202	1	3	55	3	1	606.88	0
202	1	3	56	11	0	718.33	0
202	1	3	57	3	1	631.98	0
202	1	3	58	11	1	629.11	0
202	1	3	59	9	0	445.79	0
202	1	3	60	3	0	646.85	0
202	1	3	61	7	0	635.29	0
202	1	3	62	11	1	958.8	0
202	1	3	63	11	1	766.39	0
202	1	3	64	5	1	547.35	0
202	1	3	65	7	0	599	0
202	1	3	66	9	0	942.62	0
202	1	3	67	5	1	785.9	0
202	1	3	68	9	0	655.84	0
202	1	3	69	1	1	709.63	0
202	1	3	70	5	1	488.43	0
202	1	3	71	3	1	628.43	0
202	1	3	72	1	1	509.7	0
202	1	3	73	1	0	528.79	0
202	1	3	74	1	1	604	0
202	1	3	75	11	1	835.58	0
202	1	3	76	7	0	683.18	0
202	1	3	77	7	1	510.61	0
202	1	3	78	3	1	646.37	0
202	1	3	79	9	1	710.12	0
202	1	3	80	1	0	646.32	0
202	1	3	81	1	0	761.68	0
202	1	3	82	5	1	623.85	0
202	1	3	83	3	1	1251	0
202	1	3	84	3	1	648.38	0
202	1	3	85	7	1	454.22	0
202	1	3	86	9	1	614.97	0
202	1	3	87	3	1	659.76	0
202	1	3	88	3	1	656.66	0
202	1	3	89	7	1	487.61	0
202	1	3	90	1	1	581.58	0
202	1	3	91	1	0	802.38	0
202	1	3	92	7	1	579.77	0
202	1	3	93	3	1	568.94	0
202	1	3	94	5	0	501.08	0
202	1	3	95	7	1	810.46	0
202	1	3	96	5	0	653.4	0
202	1	3	97	5	0	567.88	0
202	1	3	98	9	1	924.18	0
202	1	3	99	1	0	784.38	0
202	1	3	100	9	0	670.88	0
202	1	3	101	3	1	474.2	0
202	1	3	102	1	1	600.97	0
202	1	3	103	5	1	539.02	0
202	1	3	104	11	1	652.95	0
202	1	3	105	9	0	940.11	0
202	1	3	106	5	0	604.47	0
202	1	3	107	9	1	708.34	0
202	1	3	108	11	1	1186.8	0
202	1	3	109	9	0	458.46	0
202	1	3	110	1	0	780.39	0
202	1	3	111	7	1	629.65	0
202	1	3	112	11	1	616.53	0
202	1	3	113	1	1	782.85	0
202	1	3	114	7	1	868.17	0
202	1	3	115	1	0	604.35	0
202	1	3	116	9	1	571.71	0
202	1	3	117	3	1	839.4	0
202	1	3	118	3	1	807.51	0
202	1	3	119	11	1	535.05	0
202	1	3	120	11	1	470.16	0
202	5	3	1	9	0	811.63	0
202	5	3	2	10	1	550.86	0
202	5	3	3	12	0	545.22	0
202	5	3	4	9	0	520.41	0
202	5	3	5	8	0	483.32	0
202	5	3	6	5	0	719.5	0
202	5	3	7	7	1	656.42	0
202	5	3	8	11	0	538.6	0
202	5	3	9	7	1	718.73	0
202	5	3	10	6	1	446.39	0
202	5	3	11	12	1	706.32	0
202	5	3	12	7	0	494.88	0
202	5	3	13	5	1	534.5	0
202	5	3	14	12	1	547.82	0
202	5	3	15	7	1	905.61	0
202	5	3	16	5	1	480.52	0
202	5	3	17	3	0	579.35	0
202	5	3	18	7	1	668.6	0
202	5	3	19	2	1	570.51	0
202	5	3	20	4	0	673.42	0
202	5	3	21	10	1	705.56	0
202	5	3	22	8	0	672.79	0
202	5	3	23	3	1	599.17	0
202	5	3	24	2	1	928.73	0
202	5	3	25	10	1	554.18	0
202	5	3	26	4	1	594.88	0
202	5	3	27	4	1	482.96	0
202	5	3	28	6	1	741.24	0
202	5	3	29	12	1	734.48	0
202	5	3	30	1	1	626.25	0
202	5	3	31	5	0	479.03	0
202	5	3	32	6	1	617.95	0
202	5	3	33	11	1	539.71	0
202	5	3	34	9	1	733.24	0
202	5	3	35	8	0	681.47	0
202	5	3	36	12	0	520.28	0
202	5	3	37	4	1	605.47	0
202	5	3	38	2	0	1167.8	0
202	5	3	39	4	0	482.52	0
202	5	3	40	4	1	809.9	0
202	5	3	41	3	0	497.27	0
202	5	3	42	5	0	735.66	0
202	5	3	43	10	0	550.54	0
202	5	3	44	10	1	637.94	0
202	5	3	45	12	0	804.54	0
202	5	3	46	9	1	980.55	0
202	5	3	47	6	0	860.94	0
202	5	3	48	2	0	1017.6	0
202	5	3	49	6	1	686.71	0
202	5	3	50	5	0	532.61	0
202	5	3	51	10	1	672.12	0
202	5	3	52	10	1	716.47	0
202	5	3	53	6	1	460.05	0
202	5	3	54	2	1	783.08	0
202	5	3	55	10	1	544.8	0
202	5	3	56	11	1	546.84	0
202	5	3	57	3	1	608.55	0
202	5	3	58	12	1	839.42	0
202	5	3	59	8	0	505.75	0
202	5	3	60	9	0	645.11	0
202	5	3	61	4	1	762.74	0
202	5	3	62	3	0	591.99	0
202	5	3	63	12	1	569.65	0
202	5	3	64	2	1	440.18	0
202	5	3	65	5	0	772.32	0
202	5	3	66	3	0	481.69	0
202	5	3	67	10	1	536.07	0
202	5	3	68	8	1	510.64	0
202	5	3	69	1	1	797.47	0
202	5	3	70	9	1	571.63	0
202	5	3	71	2	0	633.27	0
202	5	3	72	1	0	872.96	0
202	5	3	73	8	1	467.78	0
202	5	3	74	9	0	707.6	0
202	5	3	75	10	1	687.12	0
202	5	3	76	9	1	891.85	0
202	5	3	77	3	1	1312.3	0
202	5	3	78	6	1	657.99	0
202	5	3	79	2	0	668.07	0
202	5	3	80	11	0	514.4	0
202	5	3	81	3	1	1078.4	0
202	5	3	82	4	0	671.39	0
202	5	3	83	1	0	906.05	0
202	5	3	84	12	1	672.89	0
202	5	3	85	8	1	599.93	0
202	5	3	86	12	1	650.87	0
202	5	3	87	9	1	709.22	0
202	5	3	88	3	1	1184.6	0
202	5	3	89	11	0	771.77	0
202	5	3	90	5	0	408.26	0
202	5	3	91	1	1	851.06	0
202	5	3	92	11	1	545.6	0
202	5	3	93	11	1	538.17	0
202	5	3	94	2	0	631.22	0
202	5	3	95	9	1	643.45	0
202	5	3	96	11	1	1039	0
202	5	3	97	8	1	1244	0
202	5	3	98	1	1	831.38	0
202	5	3	99	6	0	505.1	0
202	5	3	100	1	1	656.04	0
202	5	3	101	7	0	631.38	0
202	5	3	102	7	1	659.96	0
202	5	3	103	2	1	734.22	0
202	5	3	104	7	1	593.81	0
202	5	3	105	1	1	606.09	0
202	5	3	106	6	0	592.55	0
202	5	3	107	8	1	542.66	0
202	5	3	108	11	0	483.04	0
202	5	3	109	5	1	578.27	0
202	5	3	110	1	1	981.51	0
202	5	3	111	4	1	1451.7	0
202	5	3	112	4	1	681	0
202	5	3	113	3	0	819.46	0
202	5	3	114	8	0	620.16	0
202	5	3	115	5	1	603.55	0
202	5	3	116	7	0	540.5	0
202	5	3	117	1	0	805.31	0
202	5	3	118	11	1	680.33	0
202	5	3	119	7	1	1777.2	0
202	5	3	120	6	0	815.66	0
202	5	3	1	4	1	642	0
202	5	3	2	6	0	722.85	0
202	5	3	3	8	0	798.15	0
202	5	3	4	9	0	585.83	0
202	5	3	5	3	1	465.48	0
202	5	3	6	10	1	995.59	0
202	5	3	7	11	0	754.13	0
202	5	3	8	7	0	737	0
202	5	3	9	5	1	695.22	0
202	5	3	10	12	0	655.2	0
202	5	3	11	8	0	647.25	0
202	5	3	12	10	0	453.08	0
202	5	3	13	6	0	921	0
202	5	3	14	5	0	414.69	0
202	5	3	15	7	1	751.2	0
202	5	3	16	3	1	676.5	0
202	5	3	17	2	0	712.57	0
202	5	3	18	7	0	847.58	0
202	5	3	19	1	0	688.86	0
202	5	3	20	12	1	770.31	0
202	5	3	21	6	1	815.13	0
202	5	3	22	7	1	621.33	0
202	5	3	23	4	1	593.12	0
202	5	3	24	8	0	992.86	0
202	5	3	25	6	1	901.83	0
202	5	3	26	8	0	627.49	0
202	5	3	27	2	1	1182.2	0
202	5	3	28	8	1	834.75	0
202	5	3	29	2	0	1125.9	0
202	5	3	30	2	1	555.37	0
202	5	3	31	8	1	550.42	0
202	5	3	32	10	1	543.31	0
202	5	3	33	12	1	1168	0
202	5	3	34	10	1	437.17	0
202	5	3	35	11	0	1151.1	0
202	5	3	36	5	0	650.07	0
202	5	3	37	2	1	445.85	0
202	5	3	38	11	1	570.29	0
202	5	3	39	3	1	1080.8	0
202	5	3	40	6	1	1128.6	0
202	5	3	41	4	1	672.6	0
202	5	3	42	1	0	837.75	0
202	5	3	43	12	1	664.51	0
202	5	3	44	9	1	574.53	0
202	5	3	45	2	1	452.73	0
202	5	3	46	5	0	926.21	0
202	5	3	47	10	1	639.52	0
202	5	3	48	6	1	500.74	0
202	5	3	49	9	1	510.62	0
202	5	3	50	9	0	599.58	0
202	5	3	51	11	1	565.3	0
202	5	3	52	4	1	973.05	0
202	5	3	53	5	0	566.24	0
202	5	3	54	9	1	843.75	0
202	5	3	55	1	1	779.74	0
202	5	3	56	4	1	783.46	0
202	5	3	57	7	1	775.54	0
202	5	3	58	12	0	560.57	0
202	5	3	59	11	1	486.22	0
202	5	3	60	12	0	759.31	0
202	5	3	61	8	1	621.46	0
202	5	3	62	9	1	500.48	0
202	5	3	63	4	1	755.78	0
202	5	3	64	1	1	630.2	0
202	5	3	65	3	0	621.29	0
202	5	3	66	7	0	544.31	0
202	5	3	67	5	0	966.46	0
202	5	3	68	12	1	690.74	0
202	5	3	69	6	1	631.4	0
202	5	3	70	10	1	788.3	0
202	5	3	71	3	1	807.38	0
202	5	3	72	1	1	576.36	0
202	5	3	73	1	1	702.66	0
202	5	3	74	1	1	721.98	0
202	5	3	75	2	0	1158.5	0
202	5	3	76	1	1	661.61	0
202	5	3	77	10	0	584.06	0
202	5	3	78	11	0	833.6	0
202	5	3	79	11	1	591.83	0
202	5	3	80	3	1	808.51	0
202	5	3	81	1	0	511.32	0
202	5	3	82	2	1	528.92	0
202	5	3	83	6	0	883.03	0
202	5	3	84	3	1	961.98	0
202	5	3	85	3	0	656.79	0
202	5	3	86	5	1	708.05	0
202	5	3	87	3	0	772.24	0
202	5	3	88	5	0	726.91	0
202	5	3	89	10	1	545.07	0
202	5	3	90	10	1	692.72	0
202	5	3	91	4	1	555.34	0
202	5	3	92	4	0	745.6	0
202	5	3	93	1	1	569.54	0
202	5	3	94	8	1	1072.9	0
202	5	3	95	8	1	673.99	0
202	5	3	96	11	1	625.76	0
202	5	3	97	7	0	930.13	0
202	5	3	98	4	1	604.34	0
202	5	3	99	11	1	715.35	0
202	5	3	100	2	1	584.23	0
202	5	3	101	12	1	473.03	0
202	5	3	102	3	1	524.62	0
202	5	3	103	9	1	487.2	0
202	5	3	104	11	1	455.55	0
202	5	3	105	6	0	1070.6	0
202	5	3	106	4	1	1354.3	0
202	5	3	107	7	0	735.04	0
202	5	3	108	7	1	647.5	0
202	5	3	109	12	1	803.82	0
202	5	3	110	10	1	566.93	0
202	5	3	111	2	1	522.43	0
202	5	3	112	12	1	858.99	0
202	5	3	113	9	0	655.39	0
202	5	3	114	5	1	698.27	0
202	5	3	115	9	1	979.67	0
202	5	3	116	5	1	416.97	0
202	5	3	117	7	1	659.49	0
202	5	3	118	6	1	570.59	0
202	5	3	119	9	0	876.02	0
202	5	3	120	8	1	621.5	0
202	3	3	1	10	1	413.13	0
202	3	3	2	3	1	951.92	0
202	3	3	3	10	0	635.63	0
202	3	3	4	1	1	871.91	0
202	3	3	5	1	1	624.32	0
202	3	3	6	8	1	433.78	0
202	3	3	7	10	0	627.01	0
202	3	3	8	3	0	557.29	0
202	3	3	9	5	0	739.11	0
202	3	3	10	5	1	524.46	0
202	3	3	11	12	1	575.67	0
202	3	3	12	8	1	632.44	0
202	3	3	13	8	1	650.72	0
202	3	3	14	1	1	542.57	0
202	3	3	15	5	0	676.98	0
202	3	3	16	10	0	819.81	0
202	3	3	17	5	1	439.3	0
202	3	3	18	12	1	719.85	0
202	3	3	19	8	1	952.91	0
202	3	3	20	10	1	471.37	0
202	3	3	21	3	1	452.68	0
202	3	3	22	12	1	381.04	0
202	3	3	23	8	0	596.24	0
202	3	3	24	1	1	563.01	0
202	3	3	25	8	1	1345.1	0
202	3	3	26	3	1	538.79	0
202	3	3	27	8	0	566.44	0
202	3	3	28	10	0	750.8	0
202	3	3	29	3	0	541.07	0
202	3	3	30	5	1	491.87	0
202	3	3	31	8	1	687.83	0
202	3	3	32	8	1	798.17	0
202	3	3	33	3	0	774.1	0
202	3	3	34	8	0	473.22	0
202	3	3	35	1	0	1066.4	0
202	3	3	36	5	1	517.21	0
202	3	3	37	10	0	450.06	0
202	3	3	38	5	0	642.57	0
202	3	3	39	5	1	531.57	0
202	3	3	40	12	1	585.86	0
202	3	3	41	5	1	706.11	0
202	3	3	42	1	1	837.85	0
202	3	3	43	1	1	687.38	0
202	3	3	44	3	1	633.53	0
202	3	3	45	12	1	430.75	0
202	3	3	46	10	1	670.15	0
202	3	3	47	1	1	821.14	0
202	3	3	48	12	1	1625.9	0
202	3	3	49	10	1	976.66	0
202	3	3	50	5	0	541.91	0
202	3	3	51	1	1	532.39	0
202	3	3	52	5	0	702.43	0
202	3	3	53	12	1	1055.2	0
202	3	3	54	10	1	449.72	0
202	3	3	55	8	0	626.22	0
202	3	3	56	12	0	763.71	0
202	3	3	57	5	0	578.54	0
202	3	3	58	12	1	653.28	0
202	3	3	59	8	1	655.28	0
202	3	3	60	12	1	575.57	0
202	3	3	61	8	1	823.41	0
202	3	3	62	10	1	848.92	0
202	3	3	63	8	1	655.29	0
202	3	3	64	10	0	520.37	0
202	3	3	65	10	1	610.15	0
202	3	3	66	1	0	1379.2	0
202	3	3	67	3	1	827.99	0
202	3	3	68	8	0	725.18	0
202	3	3	69	3	0	846.27	0
202	3	3	70	3	1	722.62	0
202	3	3	71	3	1	559.89	0
202	3	3	72	1	1	541.25	0
202	3	3	73	12	0	996.78	0
202	3	3	74	12	1	372.18	0
202	3	3	75	5	0	783.88	0
202	3	3	76	5	1	861.55	0
202	3	3	77	10	0	456.96	0
202	3	3	78	3	1	480.76	0
202	3	3	79	3	1	474.32	0
202	3	3	80	8	0	556.68	0
202	3	3	81	12	0	643.68	0
202	3	3	82	12	1	742.31	0
202	3	3	83	5	0	573.92	0
202	3	3	84	8	1	631.57	0
202	3	3	85	12	0	608.74	0
202	3	3	86	3	1	572.06	0
202	3	3	87	12	1	437.91	0
202	3	3	88	5	0	948.01	0
202	3	3	89	10	1	633.32	0
202	3	3	90	12	1	558.52	0
202	3	3	91	3	0	579.84	0
202	3	3	92	5	0	707.28	0
202	3	3	93	5	1	572.19	0
202	3	3	94	12	1	569.18	0
202	3	3	95	1	1	508.4	0
202	3	3	96	3	1	765.23	0
202	3	3	97	3	1	768.47	0
202	3	3	98	3	1	557.37	0
202	3	3	99	10	0	662.96	0
202	3	3	100	8	1	658.21	0
202	3	3	101	3	1	573.29	0
202	3	3	102	12	1	790.89	0
202	3	3	103	1	1	1288.6	0
202	3	3	104	3	1	452.22	0
202	3	3	105	5	0	606.96	0
202	3	3	106	5	1	714.29	0
202	3	3	107	1	1	676.12	0
202	3	3	108	12	1	559.35	0
202	3	3	109	10	0	484.36	0
202	3	3	110	1	1	1066.9	0
202	3	3	111	8	1	585.07	0
202	3	3	112	8	1	650.97	0
202	3	3	113	1	1	548.06	0
202	3	3	114	10	0	596.75	0
202	3	3	115	1	0	667.66	0
202	3	3	116	1	1	640.69	0
202	3	3	117	1	0	599.12	0
202	3	3	118	1	0	628.44	0
202	3	3	119	10	1	520.77	0
202	3	3	120	10	0	592.16	0
202	4	3	1	4	1	986.11	0
202	4	3	2	9	1	573.84	0
202	4	3	3	4	1	669.74	0
202	4	3	4	11	0	596.31	0
202	4	3	5	6	0	609.22	0
202	4	3	6	11	1	541.19	0
202	4	3	7	6	1	514.18	0
202	4	3	8	9	1	607.25	0
202	4	3	9	7	0	672.9	0
202	4	3	10	9	0	644.5	0
202	4	3	11	11	0	476.6	0
202	4	3	12	6	1	623.47	0
202	4	3	13	6	1	473.1	0
202	4	3	14	11	1	591.36	0
202	4	3	15	2	1	1075.1	0
202	4	3	16	7	1	699.13	0
202	4	3	17	9	0	969.82	0
202	4	3	18	11	1	581.66	0
202	4	3	19	7	0	938.24	0
202	4	3	20	11	1	488.52	0
202	4	3	21	11	1	749.09	0
202	4	3	22	6	1	628.85	0
202	4	3	23	4	1	667.35	0
202	4	3	24	7	0	736.74	0
202	4	3	25	7	0	637.41	0
202	4	3	26	9	1	792.99	0
202	4	3	27	6	0	588.93	0
202	4	3	28	7	1	559.36	0
202	4	3	29	11	1	534.36	0
202	4	3	30	2	0	946.78	0
202	4	3	31	6	0	541.21	0
202	4	3	32	9	1	516.9	0
202	4	3	33	4	0	1140.4	0
202	4	3	34	7	0	810.06	0
202	4	3	35	4	1	439.82	0
202	4	3	36	9	1	640.28	0
202	4	3	37	11	1	658.97	0
202	4	3	38	9	1	634.12	0
202	4	3	39	2	0	721.55	0
202	4	3	40	7	0	867.59	0
202	4	3	41	7	1	533.03	0
202	4	3	42	2	1	585.89	0
202	4	3	43	7	1	766.88	0
202	4	3	44	6	1	822.45	0
202	4	3	45	9	1	937.52	0
202	4	3	46	9	1	598.69	0
202	4	3	47	6	1	614.7	0
202	4	3	48	11	1	640.73	0
202	4	3	49	7	0	655.55	0
202	4	3	50	2	1	646.52	0
202	4	3	51	2	1	514.42	0
202	4	3	52	2	1	408.15	0
202	4	3	53	6	0	438.72	0
202	4	3	54	11	1	424.23	0
202	4	3	55	4	1	828.89	0
202	4	3	56	2	1	663.38	0
202	4	3	57	6	1	508.69	0
202	4	3	58	4	1	765.47	0
202	4	3	59	2	1	589.77	0
202	4	3	60	11	1	770.31	0
202	4	3	61	9	1	594.79	0
202	4	3	62	7	1	681.55	0
202	4	3	63	4	0	731.23	0
202	4	3	64	7	1	626.42	0
202	4	3	65	4	1	1196.2	0
202	4	3	66	7	1	556.82	0
202	4	3	67	7	0	530.84	0
202	4	3	68	9	1	652.38	0
202	4	3	69	2	1	762.35	0
202	4	3	70	6	1	640.07	0
202	4	3	71	11	0	531.14	0
202	4	3	72	11	1	528.74	0
202	4	3	73	2	1	907.33	0
202	4	3	74	4	1	630.79	0
202	4	3	75	11	1	519.19	0
202	4	3	76	4	1	624.78	0
202	4	3	77	7	1	600.94	0
202	4	3	78	9	0	484.03	0
202	4	3	79	2	1	639.72	0
202	4	3	80	2	1	604.81	0
202	4	3	81	4	1	614.31	0
202	4	3	82	4	1	519.03	0
202	4	3	83	2	0	897.4	0
202	4	3	84	6	0	860.97	0
202	4	3	85	6	1	634.18	0
202	4	3	86	9	1	543.42	0
202	4	3	87	2	0	1024.6	0
202	4	3	88	7	1	474.97	0
202	4	3	89	11	0	863.89	0
202	4	3	90	9	1	648.72	0
202	4	3	91	9	1	753.12	0
202	4	3	92	11	0	595.28	0
202	4	3	93	6	0	457.43	0
202	4	3	94	4	1	601.63	0
202	4	3	95	4	1	390.49	0
202	4	3	96	9	1	701.71	0
202	4	3	97	2	0	633.77	0
202	4	3	98	6	0	641.46	0
202	4	3	99	6	1	547.6	0
202	4	3	100	6	1	544.73	0
202	4	3	101	2	1	490.07	0
202	4	3	102	9	0	621.79	0
202	4	3	103	4	1	398.28	0
202	4	3	104	2	1	704.26	0
202	4	3	105	9	1	542.41	0
202	4	3	106	2	0	1085.5	0
202	4	3	107	6	1	722.92	0
202	4	3	108	11	1	594.88	0
202	4	3	109	7	1	614.7	0
202	4	3	110	11	0	557.93	0
202	4	3	111	11	1	459.96	0
202	4	3	112	7	1	938.63	0
202	4	3	113	4	1	512.25	0
202	4	3	114	2	1	756.53	0
202	4	3	115	4	1	603.43	0
202	4	3	116	6	0	844.33	0
202	4	3	117	9	1	722.22	0
202	4	3	118	4	1	732.79	0
202	4	3	119	4	1	632.21	0
202	4	3	120	7	1	455.63	0
202	2	4	1	12	1	856.28	0
202	2	4	2	4	1	601.79	0
202	2	4	3	8	1	561.39	0
202	2	4	4	6	1	486.94	0
202	2	4	5	6	1	700.05	0
202	2	4	6	12	1	686.26	0
202	2	4	7	6	1	554.03	0
202	2	4	8	10	0	610.11	0
202	2	4	9	8	0	492.05	0
202	2	4	10	4	1	373.29	0
202	2	4	11	12	1	740.77	0
202	2	4	12	12	1	978.24	0
202	2	4	13	8	0	570.13	0
202	2	4	14	8	1	643.09	0
202	2	4	15	10	1	512.32	0
202	2	4	16	2	1	744.53	0
202	2	4	17	6	1	661.23	0
202	2	4	18	10	1	554.7	0
202	2	4	19	2	1	569.01	0
202	2	4	20	10	0	1137.6	0
202	2	4	21	6	1	892.01	0
202	2	4	22	2	1	291.69	0
202	2	4	23	12	1	507.86	0
202	2	4	24	4	1	595.03	0
202	2	4	25	2	1	611.42	0
202	2	4	26	8	1	690.45	0
202	2	4	27	12	1	550.46	0
202	2	4	28	12	1	456.34	0
202	2	4	29	4	0	671.8	0
202	2	4	30	6	0	693.79	0
202	2	4	31	8	1	781.32	0
202	2	4	32	10	0	555.05	0
202	2	4	33	12	0	666.07	0
202	2	4	34	6	1	643.96	0
202	2	4	35	4	1	816.73	0
202	2	4	36	12	1	476.32	0
202	2	4	37	12	1	644.81	0
202	2	4	38	4	1	561.04	0
202	2	4	39	10	1	856.96	0
202	2	4	40	4	1	509.44	0
202	2	4	41	10	1	783.75	0
202	2	4	42	10	1	552.78	0
202	2	4	43	8	1	536.24	0
202	2	4	44	4	0	631.53	0
202	2	4	45	12	1	727.96	0
202	2	4	46	6	0	672.65	0
202	2	4	47	8	1	554.39	0
202	2	4	48	6	1	640.99	0
202	2	4	49	10	1	708.28	0
202	2	4	50	10	1	479.86	0
202	2	4	51	2	0	762.33	0
202	2	4	52	2	1	511.69	0
202	2	4	53	8	1	525.05	0
202	2	4	54	12	1	1380.1	0
202	2	4	55	2	1	601.86	0
202	2	4	56	4	1	823.51	0
202	2	4	57	8	0	1217.1	0
202	2	4	58	2	0	595.55	0
202	2	4	59	4	0	507.29	0
202	2	4	60	8	1	614.6	0
202	2	4	61	6	0	714.83	0
202	2	4	62	10	1	721.13	0
202	2	4	63	12	1	1981.7	0
202	2	4	64	8	1	618.45	0
202	2	4	65	10	0	621.78	0
202	2	4	66	4	0	612.73	0
202	2	4	67	10	1	795.36	0
202	2	4	68	6	1	624.94	0
202	2	4	69	4	1	730.18	0
202	2	4	70	10	1	529.09	0
202	2	4	71	12	0	435.8	0
202	2	4	72	2	0	717.91	0
202	2	4	73	2	1	775.24	0
202	2	4	74	2	1	411.09	0
202	2	4	75	8	0	565.22	0
202	2	4	76	8	1	599.24	0
202	2	4	77	8	1	699.38	0
202	2	4	78	2	1	890.36	0
202	2	4	79	4	0	1215.8	0
202	2	4	80	10	1	489.74	0
202	2	4	81	2	1	617.09	0
202	2	4	82	12	1	589.87	0
202	2	4	83	10	0	1623.1	0
202	2	4	84	6	1	1021	0
202	2	4	85	10	0	686.61	0
202	2	4	86	4	1	583.03	0
202	2	4	87	12	1	753	0
202	2	4	88	4	1	550.83	0
202	2	4	89	4	1	481.34	0
202	2	4	90	8	1	654.13	0
202	2	4	91	8	1	625.04	0
202	2	4	92	6	0	592.89	0
202	2	4	93	2	1	596.78	0
202	2	4	94	6	1	1317.4	0
202	2	4	95	12	0	617.34	0
202	2	4	96	2	1	562.23	0
202	2	4	97	2	1	473.28	0
202	2	4	98	2	1	605.04	0
202	2	4	99	4	0	602.8	0
202	2	4	100	6	0	428.32	0
202	2	4	101	6	0	716.97	0
202	2	4	102	6	1	507	0
202	2	4	103	8	1	796.99	0
202	2	4	104	2	1	1217.5	0
202	2	4	105	10	1	543.81	0
202	2	4	106	10	1	528.86	0
202	2	4	107	6	0	773.13	0
202	2	4	108	12	1	627.9	0
202	2	4	109	6	1	592.15	0
202	2	4	110	8	0	441.34	0
202	2	4	111	2	0	562.07	0
202	2	4	112	2	0	583.84	0
202	2	4	113	12	1	952.05	0
202	2	4	114	4	1	694.91	0
202	2	4	115	4	1	470.3	0
202	2	4	116	12	0	442.8	0
202	2	4	117	4	1	573.11	0
202	2	4	118	8	1	506.79	0
202	2	4	119	10	1	845.74	0
202	2	4	120	6	1	1447	0
202	1	4	1	5	1	707.45	0
202	1	4	2	5	1	645.69	0
202	1	4	3	7	0	597.27	0
202	1	4	4	7	1	563.7	0
202	1	4	5	3	0	523.5	0
202	1	4	6	3	0	725.74	0
202	1	4	7	7	1	544.08	0
202	1	4	8	3	0	712.55	0
202	1	4	9	7	1	529.63	0
202	1	4	10	1	0	923.15	0
202	1	4	11	1	1	428.86	0
202	1	4	12	7	0	754	0
202	1	4	13	5	1	603.19	0
202	1	4	14	7	1	1021.3	0
202	1	4	15	7	1	526.42	0
202	1	4	16	11	1	866.06	0
202	1	4	17	11	1	480.19	0
202	1	4	18	7	0	639.3	0
202	1	4	19	3	0	782.92	0
202	1	4	20	11	1	523.96	0
202	1	4	21	11	1	635.4	0
202	1	4	22	9	1	675.53	0
202	1	4	23	1	1	491.9	0
202	1	4	24	1	1	658.66	0
202	1	4	25	5	0	652.66	0
202	1	4	26	1	0	665.26	0
202	1	4	27	5	0	1100	0
202	1	4	28	1	0	740.47	0
202	1	4	29	5	0	614.26	0
202	1	4	30	3	1	548.85	0
202	1	4	31	1	1	556.89	0
202	1	4	32	9	1	646.25	0
202	1	4	33	11	1	703.69	0
202	1	4	34	11	1	592.25	0
202	1	4	35	3	0	996.44	0
202	1	4	36	7	1	594.51	0
202	1	4	37	9	1	683.06	0
202	1	4	38	3	1	589.34	0
202	1	4	39	7	1	521.67	0
202	1	4	40	7	1	506.63	0
202	1	4	41	9	1	593.56	0
202	1	4	42	1	1	694.2	0
202	1	4	43	7	1	476.11	0
202	1	4	44	3	1	708.14	0
202	1	4	45	11	0	513.93	0
202	1	4	46	11	0	1458.2	0
202	1	4	47	9	1	505.42	0
202	1	4	48	3	1	540.98	0
202	1	4	49	7	0	828.61	0
202	1	4	50	9	0	710.59	0
202	1	4	51	9	1	497.5	0
202	1	4	52	5	0	642.42	0
202	1	4	53	11	0	720.53	0
202	1	4	54	1	0	711.59	0
202	1	4	55	5	0	511.61	0
202	1	4	56	11	1	479.33	0
202	1	4	57	3	1	890.02	0
202	1	4	58	5	1	679.28	0
202	1	4	59	9	1	570.97	0
202	1	4	60	3	1	438.15	0
202	1	4	61	7	1	602.83	0
202	1	4	62	9	1	607.73	0
202	1	4	63	3	1	773.88	0
202	1	4	64	9	1	487.99	0
202	1	4	65	9	1	811.44	0
202	1	4	66	3	0	479.14	0
202	1	4	67	1	1	845.32	0
202	1	4	68	11	0	629.32	0
202	1	4	69	5	1	676.78	0
202	1	4	70	5	1	480.69	0
202	1	4	71	3	1	862.5	0
202	1	4	72	3	1	376.57	0
202	1	4	73	7	0	539.17	0
202	1	4	74	1	1	1169.4	0
202	1	4	75	1	1	658.48	0
202	1	4	76	1	1	536.31	0
202	1	4	77	11	0	1048.2	0
202	1	4	78	5	0	806.9	0
202	1	4	79	11	1	589.94	0
202	1	4	80	5	0	566.93	0
202	1	4	81	7	1	865.46	0
202	1	4	82	9	0	699.22	0
202	1	4	83	1	1	580.66	0
202	1	4	84	5	1	598.67	0
202	1	4	85	9	1	587.26	0
202	1	4	86	11	0	611.62	0
202	1	4	87	7	0	652.29	0
202	1	4	88	1	1	482.73	0
202	1	4	89	7	0	939.86	0
202	1	4	90	9	1	664.43	0
202	1	4	91	7	1	517.97	0
202	1	4	92	11	0	1003.8	0
202	1	4	93	11	1	2317.6	0
202	1	4	94	3	1	594.52	0
202	1	4	95	1	0	813.28	0
202	1	4	96	5	1	438.97	0
202	1	4	97	1	1	619.55	0
202	1	4	98	11	1	779.49	0
202	1	4	99	3	1	932.46	0
202	1	4	100	11	0	760.13	0
202	1	4	101	7	1	634.48	0
202	1	4	102	1	1	598.68	0
202	1	4	103	11	1	468.55	0
202	1	4	104	9	1	580.11	0
202	1	4	105	9	0	476.55	0
202	1	4	106	5	1	452.67	0
202	1	4	107	5	1	541.44	0
202	1	4	108	3	1	436.98	0
202	1	4	109	3	0	1456	0
202	1	4	110	9	1	832.09	0
202	1	4	111	9	1	940.73	0
202	1	4	112	9	0	377.59	0
202	1	4	113	9	1	583.45	0
202	1	4	114	11	1	794.47	0
202	1	4	115	3	0	537.2	0
202	1	4	116	5	1	652.23	0
202	1	4	117	1	0	1135.9	0
202	1	4	118	1	1	1150	0
202	1	4	119	5	1	656.2	0
202	1	4	120	5	1	571.39	0
202	5	4	1	4	1	508.16	0
202	5	4	2	8	0	592.26	0
202	5	4	3	8	1	821.91	0
202	5	4	4	2	1	742.17	0
202	5	4	5	5	0	476.91	0
202	5	4	6	2	0	692.4	0
202	5	4	7	11	1	572.68	0
202	5	4	8	3	1	644.32	0
202	5	4	9	5	0	555.92	0
202	5	4	10	11	1	663.82	0
202	5	4	11	12	1	880.94	0
202	5	4	12	3	1	606.88	0
202	5	4	13	2	0	605.28	0
202	5	4	14	6	0	640.76	0
202	5	4	15	9	1	623.83	0
202	5	4	16	11	0	727.12	0
202	5	4	17	4	1	674.1	0
202	5	4	18	9	1	624.32	0
202	5	4	19	2	1	728.52	0
202	5	4	20	12	0	467.91	0
202	5	4	21	9	0	741.18	0
202	5	4	22	3	1	451.34	0
202	5	4	23	2	1	712.37	0
202	5	4	24	7	1	678.36	0
202	5	4	25	8	1	558.12	0
202	5	4	26	7	1	550.51	0
202	5	4	27	8	1	936.7	0
202	5	4	28	2	1	391.71	0
202	5	4	29	1	0	1000.1	0
202	5	4	30	10	1	926.05	0
202	5	4	31	5	0	698.57	0
202	5	4	32	5	1	508.82	0
202	5	4	33	7	1	810.15	0
202	5	4	34	1	1	475.36	0
202	5	4	35	8	1	632.22	0
202	5	4	36	8	1	513.49	0
202	5	4	37	7	1	670.07	0
202	5	4	38	7	1	548.38	0
202	5	4	39	11	0	889.7	0
202	5	4	40	6	1	477.23	0
202	5	4	41	7	1	787.06	0
202	5	4	42	12	0	573.72	0
202	5	4	43	1	1	493.83	0
202	5	4	44	1	1	1052.3	0
202	5	4	45	7	1	716.6	0
202	5	4	46	10	1	723.24	0
202	5	4	47	8	0	517.4	0
202	5	4	48	10	1	654.14	0
202	5	4	49	6	1	672.45	0
202	5	4	50	1	0	615.54	0
202	5	4	51	3	0	734.58	0
202	5	4	52	7	1	751.59	0
202	5	4	53	2	1	583.89	0
202	5	4	54	7	0	722.68	0
202	5	4	55	3	1	684.98	0
202	5	4	56	6	1	1294.9	0
202	5	4	57	8	1	470.32	0
202	5	4	58	6	1	402.75	0
202	5	4	59	11	0	870.11	0
202	5	4	60	3	0	1123.3	0
202	5	4	61	9	1	686.5	0
202	5	4	62	11	1	934.13	0
202	5	4	63	4	1	699.21	0
202	5	4	64	10	1	477.58	0
202	5	4	65	5	1	757.38	0
202	5	4	66	12	1	488.28	0
202	5	4	67	4	0	769.7	0
202	5	4	68	9	1	649.04	0
202	5	4	69	3	0	900.42	0
202	5	4	70	10	1	626.78	0
202	5	4	71	9	0	723.06	0
202	5	4	72	2	1	446.02	0
202	5	4	73	12	0	630.11	0
202	5	4	74	1	1	718.95	0
202	5	4	75	10	1	544.55	0
202	5	4	76	11	1	754.52	0
202	5	4	77	6	1	562.63	0
202	5	4	78	3	1	586.68	0
202	5	4	79	9	1	681.37	0
202	5	4	80	2	0	1078.2	0
202	5	4	81	1	1	511.98	0
202	5	4	82	3	1	636.57	0
202	5	4	83	9	1	606.61	0
202	5	4	84	11	0	550.33	0
202	5	4	85	1	1	745.43	0
202	5	4	86	10	0	594.48	0
202	5	4	87	5	1	604.59	0
202	5	4	88	12	0	843.35	0
202	5	4	89	8	1	522.57	0
202	5	4	90	2	0	1091.2	0
202	5	4	91	11	0	877.49	0
202	5	4	92	5	0	660.38	0
202	5	4	93	10	1	443.14	0
202	5	4	94	5	1	655.27	0
202	5	4	95	1	1	624.18	0
202	5	4	96	6	0	548.92	0
202	5	4	97	5	0	895.76	0
202	5	4	98	6	0	660.79	0
202	5	4	99	4	0	565.99	0
202	5	4	100	9	0	646.12	0
202	5	4	101	12	1	651.37	0
202	5	4	102	4	1	559.61	0
202	5	4	103	4	0	1313.3	0
202	5	4	104	4	1	726.88	0
202	5	4	105	8	0	1330	0
202	5	4	106	9	0	593.45	0
202	5	4	107	11	1	863.45	0
202	5	4	108	1	1	543.48	0
202	5	4	109	10	0	424.19	0
202	5	4	110	4	1	882.39	0
202	5	4	111	12	0	723.21	0
202	5	4	112	10	0	1028.3	0
202	5	4	113	4	1	914.6	0
202	5	4	114	6	1	1020.1	0
202	5	4	115	3	0	507.82	0
202	5	4	116	5	1	423.78	0
202	5	4	117	12	1	482.14	0
202	5	4	118	12	1	524.64	0
202	5	4	119	6	0	503.66	0
202	5	4	120	7	0	605.94	0
202	5	4	1	5	1	455.3	0
202	5	4	2	6	0	782.89	0
202	5	4	3	10	1	593.73	0
202	5	4	4	9	1	764.74	0
202	5	4	5	6	1	629.45	0
202	5	4	6	11	1	429.53	0
202	5	4	7	6	1	521.59	0
202	5	4	8	3	0	550.97	0
202	5	4	9	11	1	474.46	0
202	5	4	10	1	1	555.19	0
202	5	4	11	6	1	619.51	0
202	5	4	12	1	1	760.96	0
202	5	4	13	5	1	1056.6	0
202	5	4	14	1	0	636.69	0
202	5	4	15	5	1	584.08	0
202	5	4	16	1	1	616.05	0
202	5	4	17	11	0	1098.4	0
202	5	4	18	10	0	931.02	0
202	5	4	19	12	0	862.22	0
202	5	4	20	2	1	495.87	0
202	5	4	21	9	0	663.61	0
202	5	4	22	3	0	637.11	0
202	5	4	23	2	1	779.17	0
202	5	4	24	3	1	659.32	0
202	5	4	25	6	1	764.16	0
202	5	4	26	12	1	839	0
202	5	4	27	12	1	1304.8	0
202	5	4	28	1	1	472.26	0
202	5	4	29	7	1	464.89	0
202	5	4	30	5	1	757.92	0
202	5	4	31	8	1	628.55	0
202	5	4	32	8	0	839.64	0
202	5	4	33	10	1	446.43	0
202	5	4	34	8	1	841.93	0
202	5	4	35	12	0	570.43	0
202	5	4	36	10	1	618.53	0
202	5	4	37	5	1	855.58	0
202	5	4	38	7	1	552.59	0
202	5	4	39	10	1	730.11	0
202	5	4	40	4	1	457.97	0
202	5	4	41	12	1	784.63	0
202	5	4	42	6	1	1172	0
202	5	4	43	3	1	1339.9	0
202	5	4	44	11	1	562.73	0
202	5	4	45	12	1	754.21	0
202	5	4	46	8	1	716.17	0
202	5	4	47	1	1	558.3	0
202	5	4	48	9	0	606.18	0
202	5	4	49	8	0	582.6	0
202	5	4	50	10	0	577.25	0
202	5	4	51	11	0	774.7	0
202	5	4	52	7	0	549.87	0
202	5	4	53	4	1	737.27	0
202	5	4	54	5	1	890.4	0
202	5	4	55	6	0	753.15	0
202	5	4	56	11	1	1485.8	0
202	5	4	57	3	1	505.1	0
202	5	4	58	10	0	696.97	0
202	5	4	59	8	0	503.55	0
202	5	4	60	3	0	762.47	0
202	5	4	61	4	1	679.79	0
202	5	4	62	4	1	588.37	0
202	5	4	63	11	0	558.83	0
202	5	4	64	10	0	870.49	0
202	5	4	65	2	1	692.01	0
202	5	4	66	2	0	630.28	0
202	5	4	67	7	0	543.84	0
202	5	4	68	7	1	518.24	0
202	5	4	69	12	0	574.26	0
202	5	4	70	2	1	750.61	0
202	5	4	71	4	1	709.34	0
202	5	4	72	7	1	824.12	0
202	5	4	73	2	0	598.18	0
202	5	4	74	8	1	486.24	0
202	5	4	75	11	1	519.79	0
202	5	4	76	4	1	513.42	0
202	5	4	77	8	1	511.15	0
202	5	4	78	5	1	681.94	0
202	5	4	79	6	0	474.81	0
202	5	4	80	12	1	645.9	0
202	5	4	81	5	0	473.03	0
202	5	4	82	1	1	543.81	0
202	5	4	83	9	0	920.64	0
202	5	4	84	2	1	554.04	0
202	5	4	85	11	1	674.2	0
202	5	4	86	7	0	1310.4	0
202	5	4	87	8	0	682.37	0
202	5	4	88	7	0	510.51	0
202	5	4	89	5	1	967.32	0
202	5	4	90	2	1	720.96	0
202	5	4	91	1	0	491.47	0
202	5	4	92	3	0	604.48	0
202	5	4	93	1	1	705.41	0
202	5	4	94	12	1	666.48	0
202	5	4	95	7	1	427.86	0
202	5	4	96	9	0	919.69	0
202	5	4	97	11	1	1067.9	0
202	5	4	98	9	1	704.78	0
202	5	4	99	6	1	763.21	0
202	5	4	100	8	0	1151.4	0
202	5	4	101	9	1	648.31	0
202	5	4	102	6	1	683.25	0
202	5	4	103	9	0	416.2	0
202	5	4	104	2	1	608.98	0
202	5	4	105	4	1	1215.2	0
202	5	4	106	2	0	1219.6	0
202	5	4	107	9	1	585.22	0
202	5	4	108	10	0	1060.7	0
202	5	4	109	3	1	545.95	0
202	5	4	110	1	0	746.67	0
202	5	4	111	4	0	637.8	0
202	5	4	112	3	1	562.32	0
202	5	4	113	9	0	606.47	0
202	5	4	114	3	1	479.8	0
202	5	4	115	12	1	452.49	0
202	5	4	116	7	1	583.6	0
202	5	4	117	4	1	539.81	0
202	5	4	118	4	1	580.84	0
202	5	4	119	10	1	529.22	0
202	5	4	120	5	1	883.96	0
202	4	4	1	4	0	886.75	0
202	4	4	2	9	1	693	0
202	4	4	3	9	1	847.37	0
202	4	4	4	11	0	463.97	0
202	4	4	5	9	1	514.08	0
202	4	4	6	11	1	713.44	0
202	4	4	7	6	0	690.64	0
202	4	4	8	6	1	359.82	0
202	4	4	9	2	1	764.17	0
202	4	4	10	2	1	1025.1	0
202	4	4	11	11	0	1342.3	0
202	4	4	12	2	1	668.15	0
202	4	4	13	11	0	673.75	0
202	4	4	14	4	0	763.82	0
202	4	4	15	6	1	619.79	0
202	4	4	16	6	1	565.84	0
202	4	4	17	11	0	531.55	0
202	4	4	18	6	1	485.81	0
202	4	4	19	6	1	606.79	0
202	4	4	20	11	1	557.2	0
202	4	4	21	11	1	457.4	0
202	4	4	22	2	1	794.52	0
202	4	4	23	9	1	584.35	0
202	4	4	24	9	1	793.32	0
202	4	4	25	4	1	703.41	0
202	4	4	26	9	1	501.92	0
202	4	4	27	11	1	557.22	0
202	4	4	28	2	1	464.63	0
202	4	4	29	7	1	606.54	0
202	4	4	30	6	1	613.82	0
202	4	4	31	6	1	467.92	0
202	4	4	32	9	1	696.98	0
202	4	4	33	2	0	956.73	0
202	4	4	34	4	0	445.57	0
202	4	4	35	11	1	913.19	0
202	4	4	36	7	0	592.04	0
202	4	4	37	4	0	924.14	0
202	4	4	38	4	0	978.7	0
202	4	4	39	4	1	628.75	0
202	4	4	40	2	0	346.3	0
202	4	4	41	7	1	552.92	0
202	4	4	42	2	1	493.78	0
202	4	4	43	11	1	603.49	0
202	4	4	44	9	1	722.99	0
202	4	4	45	9	1	363.06	0
202	4	4	46	6	0	895.74	0
202	4	4	47	11	0	622.64	0
202	4	4	48	2	1	917.64	0
202	4	4	49	7	1	841.77	0
202	4	4	50	11	0	865.95	0
202	4	4	51	9	1	530.78	0
202	4	4	52	4	0	496.06	0
202	4	4	53	7	0	1412	0
202	4	4	54	4	1	593.11	0
202	4	4	55	4	1	569.13	0
202	4	4	56	9	0	665.68	0
202	4	4	57	7	1	702.37	0
202	4	4	58	9	0	572.17	0
202	4	4	59	9	1	600.57	0
202	4	4	60	4	1	647.71	0
202	4	4	61	2	1	629.54	0
202	4	4	62	9	0	431.08	0
202	4	4	63	11	1	947.76	0
202	4	4	64	6	0	630.64	0
202	4	4	65	2	1	462.83	0
202	4	4	66	7	0	619.45	0
202	4	4	67	6	1	645.53	0
202	4	4	68	9	0	607.07	0
202	4	4	69	11	1	726.75	0
202	4	4	70	9	1	442.12	0
202	4	4	71	4	0	765.68	0
202	4	4	72	2	0	488.11	0
202	4	4	73	6	1	462.35	0
202	4	4	74	4	1	1094.2	0
202	4	4	75	2	0	624.25	0
202	4	4	76	6	1	571.02	0
202	4	4	77	7	1	1032.3	0
202	4	4	78	7	1	487.06	0
202	4	4	79	11	0	601.92	0
202	4	4	80	11	1	810.76	0
202	4	4	81	9	1	576.41	0
202	4	4	82	6	1	745.65	0
202	4	4	83	9	1	788.84	0
202	4	4	84	11	1	995.19	0
202	4	4	85	7	0	1699.6	0
202	4	4	86	7	1	662.2	0
202	4	4	87	4	0	878.57	0
202	4	4	88	7	1	689.25	0
202	4	4	89	4	0	554.55	0
202	4	4	90	4	1	592.04	0
202	4	4	91	7	1	595.51	0
202	4	4	92	7	1	476.04	0
202	4	4	93	4	1	648.8	0
202	4	4	94	6	1	919.51	0
202	4	4	95	7	1	437.48	0
202	4	4	96	4	1	746.38	0
202	4	4	97	7	0	1267.7	0
202	4	4	98	2	1	796	0
202	4	4	99	6	0	623.34	0
202	4	4	100	2	1	829.39	0
202	4	4	101	9	0	421.26	0
202	4	4	102	6	1	494.77	0
202	4	4	103	11	0	877.58	0
202	4	4	104	2	1	448.07	0
202	4	4	105	11	1	511.31	0
202	4	4	106	2	1	836.96	0
202	4	4	107	6	0	564.7	0
202	4	4	108	4	1	890.62	0
202	4	4	109	6	0	783.89	0
202	4	4	110	7	0	476.83	0
202	4	4	111	4	1	448.78	0
202	4	4	112	7	1	830.81	0
202	4	4	113	2	1	506.35	0
202	4	4	114	6	0	747.89	0
202	4	4	115	9	0	732.7	0
202	4	4	116	2	1	762.92	0
202	4	4	117	7	1	685.04	0
202	4	4	118	2	0	708.79	0
202	4	4	119	7	0	531.49	0
202	4	4	120	11	1	894.57	0
202	3	4	1	12	0	562.45	0
202	3	4	2	10	1	547.57	0
202	3	4	3	10	1	464.64	0
202	3	4	4	1	0	937.4	0
202	3	4	5	5	1	884.76	0
202	3	4	6	10	1	1393.1	0
202	3	4	7	3	0	911.08	0
202	3	4	8	1	1	530.86	0
202	3	4	9	12	1	641.83	0
202	3	4	10	8	0	902.15	0
202	3	4	11	3	1	814.18	0
202	3	4	12	3	1	672.58	0
202	3	4	13	10	0	510.4	0
202	3	4	14	8	1	667.15	0
202	3	4	15	12	1	680.81	0
202	3	4	16	8	1	625.86	0
202	3	4	17	5	1	642.51	0
202	3	4	18	8	0	510.33	0
202	3	4	19	1	1	519.09	0
202	3	4	20	12	1	598.05	0
202	3	4	21	1	1	815.59	0
202	3	4	22	10	0	584.91	0
202	3	4	23	5	0	627.18	0
202	3	4	24	12	1	514.25	0
202	3	4	25	12	1	568.81	0
202	3	4	26	5	1	428.73	0
202	3	4	27	1	0	677.98	0
202	3	4	28	1	1	507.86	0
202	3	4	29	5	1	572.24	0
202	3	4	30	10	0	676.86	0
202	3	4	31	3	1	526.9	0
202	3	4	32	10	1	862.71	0
202	3	4	33	10	1	706.31	0
202	3	4	34	5	1	721.24	0
202	3	4	35	3	0	576	0
202	3	4	36	12	1	810.87	0
202	3	4	37	3	1	657.54	0
202	3	4	38	1	0	692.15	0
202	3	4	39	12	1	548.69	0
202	3	4	40	12	1	580.15	0
202	3	4	41	8	0	671.59	0
202	3	4	42	3	1	452.35	0
202	3	4	43	5	1	871.12	0
202	3	4	44	1	0	466.34	0
202	3	4	45	1	1	722.09	0
202	3	4	46	8	1	625.06	0
202	3	4	47	5	1	1179.1	0
202	3	4	48	1	1	523.1	0
202	3	4	49	5	0	787.6	0
202	3	4	50	1	1	470.37	0
202	3	4	51	3	1	577.29	0
202	3	4	52	8	1	651.31	0
202	3	4	53	3	0	775.38	0
202	3	4	54	1	1	518.62	0
202	3	4	55	8	1	953.3	0
202	3	4	56	1	1	946.5	0
202	3	4	57	5	0	511.72	0
202	3	4	58	8	0	662.07	0
202	3	4	59	8	1	591.47	0
202	3	4	60	12	1	692.36	0
202	3	4	61	12	1	441.01	0
202	3	4	62	12	1	512.4	0
202	3	4	63	12	0	717.57	0
202	3	4	64	8	0	720.95	0
202	3	4	65	3	1	582.44	0
202	3	4	66	5	0	954.09	0
202	3	4	67	3	0	583.94	0
202	3	4	68	10	0	485.59	0
202	3	4	69	12	1	680.79	0
202	3	4	70	3	1	636.42	0
202	3	4	71	8	0	574.86	0
202	3	4	72	10	1	938.69	0
202	3	4	73	5	1	538.28	0
202	3	4	74	1	0	605.73	0
202	3	4	75	12	1	1093.8	0
202	3	4	76	8	1	584.26	0
202	3	4	77	10	1	628.85	0
202	3	4	78	3	1	581.73	0
202	3	4	79	8	0	1756.4	0
202	3	4	80	10	1	672.26	0
202	3	4	81	8	1	465.39	0
202	3	4	82	1	1	502.45	0
202	3	4	83	5	1	420.81	0
202	3	4	84	10	0	597.25	0
202	3	4	85	3	1	531.59	0
202	3	4	86	12	0	716.31	0
202	3	4	87	5	0	485.9	0
202	3	4	88	10	1	593.39	0
202	3	4	89	1	1	539.21	0
202	3	4	90	5	1	1031.2	0
202	3	4	91	3	1	674.63	0
202	3	4	92	10	1	453.96	0
202	3	4	93	5	1	778.29	0
202	3	4	94	5	1	1011.8	0
202	3	4	95	12	1	493.04	0
202	3	4	96	3	1	710.48	0
202	3	4	97	12	1	707.26	0
202	3	4	98	1	0	917.66	0
202	3	4	99	10	1	588.95	0
202	3	4	100	8	1	814.31	0
202	3	4	101	10	1	785.43	0
202	3	4	102	5	1	570.41	0
202	3	4	103	3	1	726.37	0
202	3	4	104	10	1	760.47	0
202	3	4	105	8	1	802.43	0
202	3	4	106	5	1	637.17	0
202	3	4	107	8	1	820.1	0
202	3	4	108	10	1	514.13	0
202	3	4	109	3	1	682.68	0
202	3	4	110	5	0	494.5	0
202	3	4	111	8	1	610.78	0
202	3	4	112	12	1	903.76	0
202	3	4	113	12	1	568	0
202	3	4	114	3	1	821.72	0
202	3	4	115	1	0	626.92	0
202	3	4	116	1	1	964.03	0
202	3	4	117	10	1	633.38	0
202	3	4	118	3	0	1016.4	0
202	3	4	119	8	1	500.59	0
202	3	4	120	1	1	694.69	0
202	4	5	1	11	1	994.74	0
202	4	5	2	11	1	536.32	0
202	4	5	3	2	0	716.8	0
202	4	5	4	6	1	761.79	0
202	4	5	5	7	0	543.61	0
202	4	5	6	9	1	533.95	0
202	4	5	7	9	1	680.63	0
202	4	5	8	6	1	764.8	0
202	4	5	9	2	0	756.46	0
202	4	5	10	9	1	512.32	0
202	4	5	11	4	1	458.55	0
202	4	5	12	9	1	568.46	0
202	4	5	13	7	1	778.09	0
202	4	5	14	11	0	583.09	0
202	4	5	15	6	1	529.77	0
202	4	5	16	4	1	756.42	0
202	4	5	17	11	0	653.49	0
202	4	5	18	6	1	711.77	0
202	4	5	19	11	1	600.42	0
202	4	5	20	2	1	529.98	0
202	4	5	21	11	1	697.94	0
202	4	5	22	2	0	754.48	0
202	4	5	23	4	0	545.03	0
202	4	5	24	7	0	591.24	0
202	4	5	25	9	1	1041.1	0
202	4	5	26	6	0	668.62	0
202	4	5	27	2	1	550.41	0
202	4	5	28	6	1	935.04	0
202	4	5	29	9	0	990.69	0
202	4	5	30	9	1	564.51	0
202	4	5	31	4	1	764.98	0
202	4	5	32	11	1	1710.8	0
202	4	5	33	7	0	607.75	0
202	4	5	34	6	1	520.37	0
202	4	5	35	6	1	481	0
202	4	5	36	6	1	810.03	0
202	4	5	37	6	0	781.74	0
202	4	5	38	9	0	1127	0
202	4	5	39	7	1	596.17	0
202	4	5	40	6	1	432.75	0
202	4	5	41	11	1	665.7	0
202	4	5	42	11	1	818.81	0
202	4	5	43	9	1	748.66	0
202	4	5	44	2	1	764.15	0
202	4	5	45	4	0	679.6	0
202	4	5	46	9	1	507.86	0
202	4	5	47	2	0	600.76	0
202	4	5	48	6	0	596.74	0
202	4	5	49	7	1	759.54	0
202	4	5	50	6	1	659.36	0
202	4	5	51	2	1	609.76	0
202	4	5	52	11	1	608.59	0
202	4	5	53	4	1	472.93	0
202	4	5	54	4	1	563.26	0
202	4	5	55	11	1	640.41	0
202	4	5	56	4	0	903.57	0
202	4	5	57	2	1	1112.1	0
202	4	5	58	4	0	685.55	0
202	4	5	59	11	1	1016.6	0
202	4	5	60	2	0	713.32	0
202	4	5	61	6	1	631.29	0
202	4	5	62	9	1	553.21	0
202	4	5	63	9	0	733.41	0
202	4	5	64	7	0	609.83	0
202	4	5	65	2	0	648.01	0
202	4	5	66	9	0	766.33	0
202	4	5	67	4	0	590.74	0
202	4	5	68	2	0	633.11	0
202	4	5	69	7	0	415.25	0
202	4	5	70	7	1	731.3	0
202	4	5	71	7	1	477.57	0
202	4	5	72	11	1	493.36	0
202	4	5	73	11	1	605.48	0
202	4	5	74	7	1	731.8	0
202	4	5	75	11	1	1829.2	0
202	4	5	76	2	0	858.72	0
202	4	5	77	9	1	665.36	0
202	4	5	78	6	0	715.93	0
202	4	5	79	9	0	660.72	0
202	4	5	80	7	1	679.34	0
202	4	5	81	4	1	842.33	0
202	4	5	82	7	1	693.38	0
202	4	5	83	11	1	897.07	0
202	4	5	84	4	1	647.28	0
202	4	5	85	7	1	834.11	0
202	4	5	86	4	1	616.58	0
202	4	5	87	11	0	662.31	0
202	4	5	88	6	1	382.31	0
202	4	5	89	2	1	544.71	0
202	4	5	90	4	0	616.83	0
202	4	5	91	7	1	563.47	0
202	4	5	92	4	0	895.04	0
202	4	5	93	9	1	654.99	0
202	4	5	94	4	0	774.26	0
202	4	5	95	4	1	800.72	0
202	4	5	96	7	1	487.13	0
202	4	5	97	9	1	458.27	0
202	4	5	98	9	1	414.23	0
202	4	5	99	11	1	811.07	0
202	4	5	100	11	1	658	0
202	4	5	101	6	1	499.07	0
202	4	5	102	2	1	523.02	0
202	4	5	103	9	1	574.75	0
202	4	5	104	4	1	561.01	0
202	4	5	105	7	0	820.21	0
202	4	5	106	2	1	656.22	0
202	4	5	107	2	1	440.5	0
202	4	5	108	11	1	520.22	0
202	4	5	109	2	0	657.88	0
202	4	5	110	7	1	543.73	0
202	4	5	111	7	1	1183.1	0
202	4	5	112	6	1	430.81	0
202	4	5	113	6	1	644.88	0
202	4	5	114	2	0	741.65	0
202	4	5	115	4	0	924.52	0
202	4	5	116	2	0	702.79	0
202	4	5	117	4	1	590.47	0
202	4	5	118	9	1	787.27	0
202	4	5	119	7	0	635.8	0
202	4	5	120	6	0	570.29	0
202	3	5	1	12	1	444.91	0
202	3	5	2	10	0	524.3	0
202	3	5	3	8	0	963.72	0
202	3	5	4	5	0	504.2	0
202	3	5	5	10	0	861.49	0
202	3	5	6	3	1	798.9	0
202	3	5	7	8	1	506.01	0
202	3	5	8	8	1	540.92	0
202	3	5	9	1	1	662.89	0
202	3	5	10	3	1	668.72	0
202	3	5	11	1	1	1112	0
202	3	5	12	12	1	757.9	0
202	3	5	13	3	1	504.69	0
202	3	5	14	8	1	638.65	0
202	3	5	15	12	1	747.58	0
202	3	5	16	10	1	1053.6	0
202	3	5	17	12	0	939.21	0
202	3	5	18	3	0	843.96	0
202	3	5	19	10	0	485.68	0
202	3	5	20	5	1	726.08	0
202	3	5	21	1	0	679.14	0
202	3	5	22	3	1	649.7	0
202	3	5	23	1	0	628.11	0
202	3	5	24	1	1	552.16	0
202	3	5	25	1	1	412.43	0
202	3	5	26	8	0	575.2	0
202	3	5	27	10	1	461.69	0
202	3	5	28	1	1	649.88	0
202	3	5	29	8	0	772.44	0
202	3	5	30	12	1	787.7	0
202	3	5	31	12	1	756.23	0
202	3	5	32	12	1	718.73	0
202	3	5	33	1	1	462.63	0
202	3	5	34	3	1	491.44	0
202	3	5	35	10	1	786.86	0
202	3	5	36	10	1	474.26	0
202	3	5	37	3	1	984.18	0
202	3	5	38	5	0	874.28	0
202	3	5	39	1	1	1452.1	0
202	3	5	40	3	1	878.39	0
202	3	5	41	8	0	498.47	0
202	3	5	42	12	1	932.53	0
202	3	5	43	1	1	828.88	0
202	3	5	44	5	0	623.37	0
202	3	5	45	5	1	735.16	0
202	3	5	46	8	0	532.14	0
202	3	5	47	3	0	701.53	0
202	3	5	48	5	1	555.74	0
202	3	5	49	10	0	756.41	0
202	3	5	50	3	1	919.88	0
202	3	5	51	1	1	354.1	0
202	3	5	52	1	1	747.79	0
202	3	5	53	1	1	786.32	0
202	3	5	54	10	0	779.51	0
202	3	5	55	12	1	742.14	0
202	3	5	56	5	1	534.44	0
202	3	5	57	5	1	736.44	0
202	3	5	58	1	1	588.03	0
202	3	5	59	1	1	461.94	0
202	3	5	60	5	1	887.88	0
202	3	5	61	10	0	866.59	0
202	3	5	62	12	1	676.44	0
202	3	5	63	8	1	586.13	0
202	3	5	64	1	0	546.18	0
202	3	5	65	10	1	613.75	0
202	3	5	66	12	1	522.2	0
202	3	5	67	10	0	427.31	0
202	3	5	68	8	1	558.23	0
202	3	5	69	5	0	699.39	0
202	3	5	70	5	1	856.61	0
202	3	5	71	12	1	465.05	0
202	3	5	72	8	0	672.03	0
202	3	5	73	8	1	625.4	0
202	3	5	74	12	1	845.1	0
202	3	5	75	3	0	1274.1	0
202	3	5	76	12	0	538.03	0
202	3	5	77	5	0	522.39	0
202	3	5	78	10	1	563.08	0
202	3	5	79	3	1	555.2	0
202	3	5	80	5	1	381.58	0
202	3	5	81	10	1	575.67	0
202	3	5	82	8	1	728.04	0
202	3	5	83	3	1	456.5	0
202	3	5	84	5	0	796.92	0
202	3	5	85	3	1	737.45	0
202	3	5	86	1	1	627.6	0
202	3	5	87	12	0	754.76	0
202	3	5	88	10	1	594.42	0
202	3	5	89	8	1	647.56	0
202	3	5	90	3	1	614.22	0
202	3	5	91	5	1	543.01	0
202	3	5	92	5	1	747.03	0
202	3	5	93	3	1	491.51	0
202	3	5	94	10	1	756.75	0
202	3	5	95	8	0	697.93	0
202	3	5	96	8	0	694.4	0
202	3	5	97	1	1	552.27	0
202	3	5	98	8	0	700.1	0
202	3	5	99	8	0	815.55	0
202	3	5	100	5	1	612.59	0
202	3	5	101	12	1	687.87	0
202	3	5	102	1	0	820.06	0
202	3	5	103	10	1	871.28	0
202	3	5	104	5	1	701.67	0
202	3	5	105	5	1	655.26	0
202	3	5	106	8	0	824.45	0
202	3	5	107	12	1	870.12	0
202	3	5	108	3	1	777.6	0
202	3	5	109	3	1	548.13	0
202	3	5	110	8	0	650.15	0
202	3	5	111	12	1	594.34	0
202	3	5	112	10	1	862.83	0
202	3	5	113	10	1	838.73	0
202	3	5	114	12	1	582.92	0
202	3	5	115	3	1	879.89	0
202	3	5	116	1	1	644.72	0
202	3	5	117	3	0	523.28	0
202	3	5	118	5	0	664.19	0
202	3	5	119	12	1	907.86	0
202	3	5	120	10	1	1051.3	0
202	2	5	1	2	0	1023.5	0
202	2	5	2	6	0	801.67	0
202	2	5	3	4	1	623.62	0
202	2	5	4	2	1	854.85	0
202	2	5	5	4	0	424.16	0
202	2	5	6	12	0	699.17	0
202	2	5	7	12	1	606.71	0
202	2	5	8	6	0	605.82	0
202	2	5	9	10	1	707	0
202	2	5	10	2	0	506.45	0
202	2	5	11	2	1	544.39	0
202	2	5	12	6	1	442.87	0
202	2	5	13	8	1	670.66	0
202	2	5	14	12	0	616.26	0
202	2	5	15	10	1	689.91	0
202	2	5	16	12	0	768.61	0
202	2	5	17	10	0	621.73	0
202	2	5	18	10	0	622.67	0
202	2	5	19	6	0	479.4	0
202	2	5	20	10	0	628.93	0
202	2	5	21	6	0	590.07	0
202	2	5	22	10	1	440.29	0
202	2	5	23	12	1	699.5	0
202	2	5	24	4	1	957.93	0
202	2	5	25	4	1	556.73	0
202	2	5	26	8	1	785.72	0
202	2	5	27	6	1	497.3	0
202	2	5	28	4	0	603.11	0
202	2	5	29	6	0	652.02	0
202	2	5	30	12	1	973.99	0
202	2	5	31	4	0	728.24	0
202	2	5	32	6	0	492.84	0
202	2	5	33	8	1	643.97	0
202	2	5	34	10	1	555.12	0
202	2	5	35	4	0	608.58	0
202	2	5	36	6	1	765.5	0
202	2	5	37	6	1	443.5	0
202	2	5	38	10	0	1168.4	0
202	2	5	39	2	1	707.22	0
202	2	5	40	10	0	772.57	0
202	2	5	41	12	1	602.55	0
202	2	5	42	10	1	616.82	0
202	2	5	43	6	1	738.03	0
202	2	5	44	2	0	496.96	0
202	2	5	45	12	1	666.5	0
202	2	5	46	8	0	705.23	0
202	2	5	47	4	0	919.09	0
202	2	5	48	8	0	881.06	0
202	2	5	49	12	0	1188.6	0
202	2	5	50	12	1	476.93	0
202	2	5	51	10	1	624.04	0
202	2	5	52	8	1	578.6	0
202	2	5	53	6	1	694.92	0
202	2	5	54	2	0	778.75	0
202	2	5	55	2	0	621.14	0
202	2	5	56	12	1	451.93	0
202	2	5	57	12	1	784.63	0
202	2	5	58	8	0	520.87	0
202	2	5	59	12	1	673.51	0
202	2	5	60	2	1	600.93	0
202	2	5	61	8	0	571.69	0
202	2	5	62	4	1	806.73	0
202	2	5	63	10	1	722.31	0
202	2	5	64	6	1	770.2	0
202	2	5	65	2	1	903.68	0
202	2	5	66	10	1	566.36	0
202	2	5	67	8	1	984.26	0
202	2	5	68	4	1	611.82	0
202	2	5	69	6	0	763.46	0
202	2	5	70	4	1	876.71	0
202	2	5	71	12	1	713.53	0
202	2	5	72	4	0	1168	0
202	2	5	73	8	1	593.01	0
202	2	5	74	2	1	1139.1	0
202	2	5	75	2	0	522.72	0
202	2	5	76	4	0	476.48	0
202	2	5	77	10	1	626.85	0
202	2	5	78	10	1	557.01	0
202	2	5	79	2	1	675	0
202	2	5	80	6	1	493.59	0
202	2	5	81	8	1	667.06	0
202	2	5	82	4	0	502.66	0
202	2	5	83	2	1	583.24	0
202	2	5	84	6	1	859.49	0
202	2	5	85	8	1	667.54	0
202	2	5	86	6	1	482.64	0
202	2	5	87	10	1	660.49	0
202	2	5	88	2	0	788.14	0
202	2	5	89	2	1	515.69	0
202	2	5	90	8	0	964.59	0
202	2	5	91	8	0	893.34	0
202	2	5	92	6	1	537.94	0
202	2	5	93	6	1	605.62	0
202	2	5	94	8	1	547.38	0
202	2	5	95	2	0	840.97	0
202	2	5	96	8	0	591.02	0
202	2	5	97	4	1	460.75	0
202	2	5	98	10	0	532.69	0
202	2	5	99	8	1	812.5	0
202	2	5	100	8	1	800.41	0
202	2	5	101	10	1	790.39	0
202	2	5	102	2	0	834.1	0
202	2	5	103	8	1	492.43	0
202	2	5	104	12	1	745.11	0
202	2	5	105	12	1	705.58	0
202	2	5	106	10	0	792.02	0
202	2	5	107	2	1	845.92	0
202	2	5	108	12	1	465.68	0
202	2	5	109	4	1	811.33	0
202	2	5	110	12	1	934.9	0
202	2	5	111	10	1	601.39	0
202	2	5	112	12	1	646.81	0
202	2	5	113	6	1	843.24	0
202	2	5	114	4	1	895.7	0
202	2	5	115	4	1	612.95	0
202	2	5	116	4	1	636.54	0
202	2	5	117	2	1	832.86	0
202	2	5	118	8	0	835.58	0
202	2	5	119	12	1	770.34	0
202	2	5	120	4	0	732.35	0
202	1	5	1	11	1	538.2	0
202	1	5	2	7	1	566.03	0
202	1	5	3	5	1	804.94	0
202	1	5	4	7	0	677.01	0
202	1	5	5	3	1	1146.5	0
202	1	5	6	3	1	446.06	0
202	1	5	7	7	0	543.15	0
202	1	5	8	7	1	508.49	0
202	1	5	9	5	0	470.82	0
202	1	5	10	1	1	598.58	0
202	1	5	11	11	1	1206.7	0
202	1	5	12	5	0	921.72	0
202	1	5	13	11	1	884.6	0
202	1	5	14	7	0	498.86	0
202	1	5	15	5	0	1081.9	0
202	1	5	16	1	1	637.62	0
202	1	5	17	7	1	829.68	0
202	1	5	18	3	0	766.97	0
202	1	5	19	1	1	561.06	0
202	1	5	20	3	1	620.1	0
202	1	5	21	5	0	427.51	0
202	1	5	22	3	0	904.96	0
202	1	5	23	11	0	591.06	0
202	1	5	24	5	0	581.11	0
202	1	5	25	7	1	810.02	0
202	1	5	26	1	0	685.14	0
202	1	5	27	9	1	566.94	0
202	1	5	28	3	0	710.86	0
202	1	5	29	3	1	738.97	0
202	1	5	30	11	1	548.79	0
202	1	5	31	9	0	564.53	0
202	1	5	32	7	1	712.87	0
202	1	5	33	1	1	481.07	0
202	1	5	34	9	0	704.81	0
202	1	5	35	1	1	595.14	0
202	1	5	36	11	1	682.07	0
202	1	5	37	9	1	810.29	0
202	1	5	38	9	1	483.5	0
202	1	5	39	9	1	488.63	0
202	1	5	40	3	1	847.35	0
202	1	5	41	1	1	593.18	0
202	1	5	42	5	0	503.66	0
202	1	5	43	1	1	472.46	0
202	1	5	44	1	1	430.53	0
202	1	5	45	11	1	628.85	0
202	1	5	46	11	0	769.24	0
202	1	5	47	3	1	624.68	0
202	1	5	48	11	1	579.17	0
202	1	5	49	1	1	793.86	0
202	1	5	50	9	1	757.32	0
202	1	5	51	7	0	490.18	0
202	1	5	52	11	1	721.13	0
202	1	5	53	11	1	468.26	0
202	1	5	54	1	1	467.1	0
202	1	5	55	1	0	615.86	0
202	1	5	56	11	0	716.32	0
202	1	5	57	11	1	742.64	0
202	1	5	58	3	1	544.24	0
202	1	5	59	11	0	656.53	0
202	1	5	60	1	1	686.98	0
202	1	5	61	7	1	765.44	0
202	1	5	62	3	1	822.16	0
202	1	5	63	11	1	533.3	0
202	1	5	64	3	0	655.29	0
202	1	5	65	3	1	741.44	0
202	1	5	66	7	1	589.47	0
202	1	5	67	3	0	722.01	0
202	1	5	68	5	1	666.28	0
202	1	5	69	9	1	726.75	0
202	1	5	70	1	0	2312.8	0
202	1	5	71	1	1	616.47	0
202	1	5	72	5	1	687.53	0
202	1	5	73	5	1	1233.8	0
202	1	5	74	3	1	610.91	0
202	1	5	75	7	1	926.01	0
202	1	5	76	7	1	589.23	0
202	1	5	77	3	0	763.7	0
202	1	5	78	7	1	543.49	0
202	1	5	79	9	0	535.19	0
202	1	5	80	9	1	484.88	0
202	1	5	81	3	1	1194.1	0
202	1	5	82	3	1	536.44	0
202	1	5	83	7	1	514.12	0
202	1	5	84	9	1	906.17	0
202	1	5	85	5	0	991.02	0
202	1	5	86	11	1	481.38	0
202	1	5	87	7	0	602.02	0
202	1	5	88	7	1	523.78	0
202	1	5	89	7	1	473.91	0
202	1	5	90	5	0	845.82	0
202	1	5	91	1	1	579.53	0
202	1	5	92	5	1	637.24	0
202	1	5	93	9	1	604.78	0
202	1	5	94	11	1	769.37	0
202	1	5	95	11	1	515.37	0
202	1	5	96	9	1	917.67	0
202	1	5	97	1	1	1032	0
202	1	5	98	11	0	523.01	0
202	1	5	99	9	0	1041.7	0
202	1	5	100	5	0	731.53	0
202	1	5	101	9	0	609.62	0
202	1	5	102	5	0	772.68	0
202	1	5	103	1	1	576.56	0
202	1	5	104	9	1	477.93	0
202	1	5	105	3	0	763.29	0
202	1	5	106	5	1	639.46	0
202	1	5	107	9	0	545.38	0
202	1	5	108	9	1	600.64	0
202	1	5	109	9	1	785.73	0
202	1	5	110	5	1	606.53	0
202	1	5	111	11	1	582.84	0
202	1	5	112	3	1	650.49	0
202	1	5	113	7	1	773.16	0
202	1	5	114	5	0	817.41	0
202	1	5	115	9	0	602	0
202	1	5	116	5	1	897.78	0
202	1	5	117	1	0	609.76	0
202	1	5	118	1	1	715.9	0
202	1	5	119	7	1	803.7	0
202	1	5	120	5	0	645.41	0
202	5	5	1	4	1	579.68	0
202	5	5	2	4	1	850.19	0
202	5	5	3	3	1	1078.5	0
202	5	5	4	7	1	452.79	0
202	5	5	5	6	1	650.74	0
202	5	5	6	7	1	508.29	0
202	5	5	7	2	1	497.09	0
202	5	5	8	6	0	525.7	0
202	5	5	9	3	1	520.1	0
202	5	5	10	11	1	726.67	0
202	5	5	11	5	0	719.46	0
202	5	5	12	2	0	445.1	0
202	5	5	13	5	0	516.9	0
202	5	5	14	11	1	702.88	0
202	5	5	15	9	0	609.24	0
202	5	5	16	4	0	1231.3	0
202	5	5	17	1	0	827.74	0
202	5	5	18	9	1	513.19	0
202	5	5	19	10	0	983.65	0
202	5	5	20	5	1	531.11	0
202	5	5	21	11	0	585.14	0
202	5	5	22	2	0	672.21	0
202	5	5	23	2	1	591.04	0
202	5	5	24	1	0	1017.9	0
202	5	5	25	8	0	610.17	0
202	5	5	26	1	1	726.95	0
202	5	5	27	6	1	843	0
202	5	5	28	6	0	854.41	0
202	5	5	29	7	1	761.26	0
202	5	5	30	8	0	930.77	0
202	5	5	31	3	1	1005.8	0
202	5	5	32	12	0	660.13	0
202	5	5	33	5	1	532.92	0
202	5	5	34	6	0	861.61	0
202	5	5	35	5	0	695.53	0
202	5	5	36	9	1	472.41	0
202	5	5	37	9	1	697.47	0
202	5	5	38	1	1	597.31	0
202	5	5	39	1	1	787.33	0
202	5	5	40	2	1	1049.6	0
202	5	5	41	8	1	466.3	0
202	5	5	42	6	1	675.2	0
202	5	5	43	8	0	473.79	0
202	5	5	44	6	0	695.34	0
202	5	5	45	12	1	666.48	0
202	5	5	46	6	0	919.81	0
202	5	5	47	3	0	475.65	0
202	5	5	48	7	1	968.61	0
202	5	5	49	2	1	395.38	0
202	5	5	50	3	0	485.87	0
202	5	5	51	5	0	559.7	0
202	5	5	52	5	0	724.98	0
202	5	5	53	12	0	488.58	0
202	5	5	54	2	1	721.87	0
202	5	5	55	1	1	450.66	0
202	5	5	56	5	0	608.22	0
202	5	5	57	7	1	779.81	0
202	5	5	58	5	1	482.39	0
202	5	5	59	2	1	523.49	0
202	5	5	60	3	1	641.59	0
202	5	5	61	7	0	1141.1	0
202	5	5	62	12	0	639.31	0
202	5	5	63	4	0	1351.3	0
202	5	5	64	10	0	764.16	0
202	5	5	65	9	1	952.02	0
202	5	5	66	9	1	468.44	0
202	5	5	67	6	0	546.3	0
202	5	5	68	5	0	820.01	0
202	5	5	69	12	0	593.32	0
202	5	5	70	11	0	626.37	0
202	5	5	71	7	0	1821.9	0
202	5	5	72	12	0	771.69	0
202	5	5	73	4	0	919.92	0
202	5	5	74	10	0	509.43	0
202	5	5	75	11	1	728.35	0
202	5	5	76	2	0	503.99	0
202	5	5	77	4	0	1062.6	0
202	5	5	78	9	1	888.83	0
202	5	5	79	10	1	809.16	0
202	5	5	80	10	1	727.76	0
202	5	5	81	12	1	686.69	0
202	5	5	82	3	1	688.4	0
202	5	5	83	10	1	688.51	0
202	5	5	84	9	0	674.76	0
202	5	5	85	3	0	591.77	0
202	5	5	86	9	1	621.99	0
202	5	5	87	11	0	455.54	0
202	5	5	88	7	1	515.31	0
202	5	5	89	1	1	528.23	0
202	5	5	90	12	1	495.05	0
202	5	5	91	1	1	760.7	0
202	5	5	92	4	1	577.9	0
202	5	5	93	8	1	697.43	0
202	5	5	94	1	1	976.8	0
202	5	5	95	1	1	949.84	0
202	5	5	96	11	0	548.2	0
202	5	5	97	2	0	684.34	0
202	5	5	98	11	0	1046.4	0
202	5	5	99	3	1	516.6	0
202	5	5	100	10	1	467.41	0
202	5	5	101	12	0	546.77	0
202	5	5	102	7	0	738.48	0
202	5	5	103	12	0	1183	0
202	5	5	104	6	1	588.84	0
202	5	5	105	8	1	669.47	0
202	5	5	106	10	0	660.82	0
202	5	5	107	4	0	561.96	0
202	5	5	108	11	1	772.2	0
202	5	5	109	8	0	1274.1	0
202	5	5	110	9	1	699.9	0
202	5	5	111	8	0	621.18	0
202	5	5	112	4	1	639.1	0
202	5	5	113	10	0	726.47	0
202	5	5	114	10	0	497.11	0
202	5	5	115	7	0	421.28	0
202	5	5	116	4	1	608.17	0
202	5	5	117	3	0	562.43	0
202	5	5	118	11	1	760.3	0
202	5	5	119	8	0	887.1	0
202	5	5	120	8	1	616.57	0
202	5	5	1	7	0	604.22	0
202	5	5	2	1	1	769.01	0
202	5	5	3	9	1	632.3	0
202	5	5	4	11	1	476.33	0
202	5	5	5	11	1	543.16	0
202	5	5	6	1	1	579.74	0
202	5	5	7	3	0	895.14	0
202	5	5	8	7	1	758.68	0
202	5	5	9	3	1	738.81	0
202	5	5	10	8	1	399	0
202	5	5	11	7	0	631.17	0
202	5	5	12	12	1	861.59	0
202	5	5	13	2	1	822.63	0
202	5	5	14	7	1	518.86	0
202	5	5	15	1	1	600.57	0
202	5	5	16	1	1	492.8	0
202	5	5	17	1	1	761.75	0
202	5	5	18	5	0	645.88	0
202	5	5	19	11	0	433.54	0
202	5	5	20	3	1	568.29	0
202	5	5	21	9	1	552.41	0
202	5	5	22	11	0	871.19	0
202	5	5	23	1	1	774.42	0
202	5	5	24	7	1	705.95	0
202	5	5	25	2	1	686.94	0
202	5	5	26	2	1	554.86	0
202	5	5	27	9	1	870.55	0
202	5	5	28	5	1	831.34	0
202	5	5	29	4	0	806.67	0
202	5	5	30	2	1	795.19	0
202	5	5	31	5	1	868.36	0
202	5	5	32	6	1	782.65	0
202	5	5	33	4	0	545.28	0
202	5	5	34	5	0	449.24	0
202	5	5	35	4	1	656.24	0
202	5	5	36	9	0	767.6	0
202	5	5	37	8	1	854.54	0
202	5	5	38	10	0	726.62	0
202	5	5	39	5	0	822.67	0
202	5	5	40	1	0	734.74	0
202	5	5	41	6	0	557.91	0
202	5	5	42	2	0	999.79	0
202	5	5	43	3	1	1131.1	0
202	5	5	44	9	1	557.79	0
202	5	5	45	5	1	496.7	0
202	5	5	46	8	0	671.29	0
202	5	5	47	5	1	569.63	0
202	5	5	48	7	0	888.71	0
202	5	5	49	11	1	891.54	0
202	5	5	50	7	1	535.15	0
202	5	5	51	11	0	877.31	0
202	5	5	52	1	1	516.12	0
202	5	5	53	9	1	554.24	0
202	5	5	54	9	0	573.77	0
202	5	5	55	10	0	651.39	0
202	5	5	56	12	0	491.92	0
202	5	5	57	4	1	566.77	0
202	5	5	58	10	1	807.92	0
202	5	5	59	6	1	522.79	0
202	5	5	60	6	1	548.1	0
202	5	5	61	12	1	454.39	0
202	5	5	62	9	0	504.45	0
202	5	5	63	2	1	568.95	0
202	5	5	64	10	1	536.54	0
202	5	5	65	9	1	491.23	0
202	5	5	66	10	1	482.9	0
202	5	5	67	4	0	863.85	0
202	5	5	68	6	0	546.16	0
202	5	5	69	3	0	516.36	0
202	5	5	70	11	1	534.16	0
202	5	5	71	12	1	645.66	0
202	5	5	72	10	1	536.03	0
202	5	5	73	2	1	786.37	0
202	5	5	74	6	1	938.96	0
202	5	5	75	7	1	586.99	0
202	5	5	76	10	0	765.65	0
202	5	5	77	11	1	705.67	0
202	5	5	78	8	1	545.11	0
202	5	5	79	12	0	537.83	0
202	5	5	80	9	0	585.34	0
202	5	5	81	3	1	534.35	0
202	5	5	82	3	1	691.03	0
202	5	5	83	10	1	535	0
202	5	5	84	4	0	468.33	0
202	5	5	85	5	0	661.61	0
202	5	5	86	12	0	611.04	0
202	5	5	87	3	0	460.51	0
202	5	5	88	1	0	968.52	0
202	5	5	89	5	0	747.14	0
202	5	5	90	8	1	684.09	0
202	5	5	91	12	0	706.36	0
202	5	5	92	6	0	683.3	0
202	5	5	93	6	1	835.91	0
202	5	5	94	5	0	539.52	0
202	5	5	95	8	1	488.66	0
202	5	5	96	11	1	650.39	0
202	5	5	97	2	1	436.35	0
202	5	5	98	3	0	685.56	0
202	5	5	99	12	0	970.15	0
202	5	5	100	4	1	454.4	0
202	5	5	101	1	1	541.32	0
202	5	5	102	10	1	664.56	0
202	5	5	103	12	0	943.28	0
202	5	5	104	2	1	859.38	0
202	5	5	105	8	0	557.48	0
202	5	5	106	7	1	480.63	0
202	5	5	107	3	0	776.41	0
202	5	5	108	2	1	630.06	0
202	5	5	109	7	0	949.88	0
202	5	5	110	4	1	552.91	0
202	5	5	111	8	0	662.67	0
202	5	5	112	4	1	1378.7	0
202	5	5	113	4	0	580.83	0
202	5	5	114	8	1	673.66	0
202	5	5	115	6	1	530.52	0
202	5	5	116	12	1	454.28	0
202	5	5	117	6	1	700.09	0
202	5	5	118	11	1	832.32	0
202	5	5	119	8	0	574.26	0
202	5	5	120	10	1	555.1	0
202	4	6	1	6	1	607.69	0
202	4	6	2	2	0	449.27	0
202	4	6	3	4	1	1421.6	0
202	4	6	4	9	1	499.74	0
202	4	6	5	9	1	466.19	0
202	4	6	6	7	0	689.94	0
202	4	6	7	11	0	509	0
202	4	6	8	11	1	526.71	0
202	4	6	9	7	0	632.02	0
202	4	6	10	6	1	574.06	0
202	4	6	11	11	0	669.3	0
202	4	6	12	11	0	608.27	0
202	4	6	13	2	0	714.04	0
202	4	6	14	2	1	708.89	0
202	4	6	15	11	0	485.67	0
202	4	6	16	4	1	511.57	0
202	4	6	17	4	1	666.47	0
202	4	6	18	6	0	532.92	0
202	4	6	19	11	0	551.07	0
202	4	6	20	7	0	671.4	0
202	4	6	21	6	0	835.25	0
202	4	6	22	7	1	908.3	0
202	4	6	23	6	0	541.73	0
202	4	6	24	4	1	969.52	0
202	4	6	25	7	0	644.25	0
202	4	6	26	7	1	661.38	0
202	4	6	27	9	1	746.96	0
202	4	6	28	2	1	704.48	0
202	4	6	29	11	0	655.66	0
202	4	6	30	7	1	707.76	0
202	4	6	31	2	1	554.28	0
202	4	6	32	4	1	623.53	0
202	4	6	33	9	0	682.96	0
202	4	6	34	6	0	454.78	0
202	4	6	35	4	1	753.45	0
202	4	6	36	7	1	450.07	0
202	4	6	37	11	0	1752.4	0
202	4	6	38	4	1	749.74	0
202	4	6	39	6	1	679.42	0
202	4	6	40	2	0	759.28	0
202	4	6	41	6	1	634.1	0
202	4	6	42	2	0	945.9	0
202	4	6	43	4	1	702.31	0
202	4	6	44	2	1	584.49	0
202	4	6	45	7	1	597.86	0
202	4	6	46	4	1	1108.6	0
202	4	6	47	6	1	751.05	0
202	4	6	48	6	1	489.13	0
202	4	6	49	2	0	658.29	0
202	4	6	50	9	0	651.32	0
202	4	6	51	9	1	580.4	0
202	4	6	52	9	1	480.53	0
202	4	6	53	9	1	600.16	0
202	4	6	54	4	1	878.11	0
202	4	6	55	2	0	1296.1	0
202	4	6	56	11	1	1146.1	0
202	4	6	57	4	0	791.49	0
202	4	6	58	11	0	588.02	0
202	4	6	59	4	1	798.99	0
202	4	6	60	11	1	763.45	0
202	4	6	61	9	0	598.06	0
202	4	6	62	4	0	645.53	0
202	4	6	63	7	0	684.57	0
202	4	6	64	11	1	796.57	0
202	4	6	65	11	1	469.88	0
202	4	6	66	11	1	480.82	0
202	4	6	67	6	0	523	0
202	4	6	68	11	1	678.79	0
202	4	6	69	4	1	624.7	0
202	4	6	70	9	1	520.19	0
202	4	6	71	2	0	612.38	0
202	4	6	72	4	1	513.26	0
202	4	6	73	2	1	772.83	0
202	4	6	74	6	1	539.35	0
202	4	6	75	2	1	415.76	0
202	4	6	76	9	1	600.73	0
202	4	6	77	6	0	920.9	0
202	4	6	78	4	1	629.88	0
202	4	6	79	11	1	577.88	0
202	4	6	80	7	1	447.37	0
202	4	6	81	6	0	537.16	0
202	4	6	82	9	1	522.53	0
202	4	6	83	7	1	532.9	0
202	4	6	84	9	0	655.39	0
202	4	6	85	7	0	632.05	0
202	4	6	86	7	1	585.59	0
202	4	6	87	7	1	461.76	0
202	4	6	88	2	1	632.21	0
202	4	6	89	11	1	557.35	0
202	4	6	90	7	0	612.06	0
202	4	6	91	9	0	689.12	0
202	4	6	92	2	1	529.7	0
202	4	6	93	9	1	460.78	0
202	4	6	94	6	0	458.18	0
202	4	6	95	2	0	698.05	0
202	4	6	96	9	1	563.56	0
202	4	6	97	7	0	558.45	0
202	4	6	98	4	1	497.15	0
202	4	6	99	2	1	815.36	0
202	4	6	100	9	1	676.77	0
202	4	6	101	11	0	795.75	0
202	4	6	102	6	0	743.19	0
202	4	6	103	4	0	595.13	0
202	4	6	104	7	0	405.18	0
202	4	6	105	6	0	456.83	0
202	4	6	106	2	0	1264.4	0
202	4	6	107	2	1	446.12	0
202	4	6	108	7	1	743.42	0
202	4	6	109	9	1	451.41	0
202	4	6	110	7	1	533.19	0
202	4	6	111	4	1	669.82	0
202	4	6	112	6	1	533.53	0
202	4	6	113	9	0	432.41	0
202	4	6	114	9	1	395.13	0
202	4	6	115	4	1	855.29	0
202	4	6	116	11	0	503.9	0
202	4	6	117	6	0	677.59	0
202	4	6	118	2	1	1203.2	0
202	4	6	119	6	1	502.82	0
202	4	6	120	11	0	526.19	0
202	3	6	1	12	1	641.27	0
202	3	6	2	3	1	981.02	0
202	3	6	3	5	1	907.69	0
202	3	6	4	12	0	770.83	0
202	3	6	5	5	0	1096.9	0
202	3	6	6	12	0	719.93	0
202	3	6	7	3	1	738.94	0
202	3	6	8	10	1	667.78	0
202	3	6	9	5	0	947.81	0
202	3	6	10	1	1	608.14	0
202	3	6	11	1	1	490.14	0
202	3	6	12	12	1	482.39	0
202	3	6	13	8	0	834.43	0
202	3	6	14	12	1	456.8	0
202	3	6	15	5	1	611.85	0
202	3	6	16	10	1	585.46	0
202	3	6	17	10	1	397.65	0
202	3	6	18	5	1	728.91	0
202	3	6	19	5	1	883.33	0
202	3	6	20	1	1	507.74	0
202	3	6	21	5	1	750	0
202	3	6	22	12	1	731.07	0
202	3	6	23	8	0	507.18	0
202	3	6	24	8	1	676.6	0
202	3	6	25	8	0	725.54	0
202	3	6	26	5	1	497.6	0
202	3	6	27	1	1	675.89	0
202	3	6	28	1	1	395.66	0
202	3	6	29	3	1	772.82	0
202	3	6	30	1	0	619.54	0
202	3	6	31	3	1	479.92	0
202	3	6	32	8	0	622.31	0
202	3	6	33	12	1	552.94	0
202	3	6	34	12	1	582.14	0
202	3	6	35	3	1	919.43	0
202	3	6	36	5	1	513.84	0
202	3	6	37	1	1	457.74	0
202	3	6	38	12	1	744.08	0
202	3	6	39	12	1	585.38	0
202	3	6	40	10	1	498.16	0
202	3	6	41	3	1	585.72	0
202	3	6	42	3	1	464.37	0
202	3	6	43	5	1	468.12	0
202	3	6	44	8	1	591.23	0
202	3	6	45	3	0	590.37	0
202	3	6	46	8	0	795.08	0
202	3	6	47	12	1	499.83	0
202	3	6	48	8	1	833.08	0
202	3	6	49	10	0	874.87	0
202	3	6	50	5	1	815.87	0
202	3	6	51	3	0	522.24	0
202	3	6	52	12	1	633.87	0
202	3	6	53	5	1	771.06	0
202	3	6	54	10	0	1046.6	0
202	3	6	55	8	0	534.16	0
202	3	6	56	10	1	429.7	0
202	3	6	57	10	1	838.15	0
202	3	6	58	5	1	805.03	0
202	3	6	59	3	0	837.48	0
202	3	6	60	3	0	513.38	0
202	3	6	61	8	1	600.53	0
202	3	6	62	1	1	592.26	0
202	3	6	63	1	1	716.6	0
202	3	6	64	1	0	714.15	0
202	3	6	65	8	0	579.69	0
202	3	6	66	10	0	621.77	0
202	3	6	67	1	0	645.01	0
202	3	6	68	8	0	698.3	0
202	3	6	69	1	0	512.13	0
202	3	6	70	10	1	643.2	0
202	3	6	71	1	0	846.01	0
202	3	6	72	10	0	475.23	0
202	3	6	73	1	1	549.01	0
202	3	6	74	10	0	638.19	0
202	3	6	75	12	1	496.54	0
202	3	6	76	3	1	609.37	0
202	3	6	77	3	0	674.72	0
202	3	6	78	5	1	707.99	0
202	3	6	79	12	1	647.54	0
202	3	6	80	10	1	521.18	0
202	3	6	81	10	0	563.5	0
202	3	6	82	5	1	556	0
202	3	6	83	8	0	786.83	0
202	3	6	84	3	0	731.01	0
202	3	6	85	10	1	480.75	0
202	3	6	86	10	1	620.24	0
202	3	6	87	12	1	512.41	0
202	3	6	88	5	0	747.73	0
202	3	6	89	1	1	451.05	0
202	3	6	90	8	1	673.87	0
202	3	6	91	3	1	1610.5	0
202	3	6	92	1	1	383.97	0
202	3	6	93	3	0	486.41	0
202	3	6	94	3	1	521.17	0
202	3	6	95	12	1	644.34	0
202	3	6	96	5	0	622.44	0
202	3	6	97	8	0	786.82	0
202	3	6	98	10	1	742.38	0
202	3	6	99	5	1	815.05	0
202	3	6	100	10	0	529.84	0
202	3	6	101	8	1	666.08	0
202	3	6	102	3	0	738.7	0
202	3	6	103	10	1	551.79	0
202	3	6	104	8	0	1209.3	0
202	3	6	105	5	0	481.96	0
202	3	6	106	10	0	675.57	0
202	3	6	107	1	1	967.61	0
202	3	6	108	5	0	680.51	0
202	3	6	109	3	0	565.7	0
202	3	6	110	3	1	579.45	0
202	3	6	111	8	0	583.43	0
202	3	6	112	12	1	636.7	0
202	3	6	113	1	0	926.6	0
202	3	6	114	1	1	844.95	0
202	3	6	115	8	0	556.96	0
202	3	6	116	12	0	736.14	0
202	3	6	117	1	1	973.6	0
202	3	6	118	12	1	2276.3	0
202	3	6	119	8	1	613.68	0
202	3	6	120	12	0	548.45	0
202	1	6	1	3	1	560.07	0
202	1	6	2	11	1	558	0
202	1	6	3	11	1	669.88	0
202	1	6	4	3	1	860.2	0
202	1	6	5	1	1	799.39	0
202	1	6	6	7	1	616.03	0
202	1	6	7	11	1	497.98	0
202	1	6	8	9	1	764.93	0
202	1	6	9	7	1	501.82	0
202	1	6	10	5	1	535.98	0
202	1	6	11	11	1	704.03	0
202	1	6	12	11	1	760.51	0
202	1	6	13	3	0	877.56	0
202	1	6	14	1	0	626.91	0
202	1	6	15	9	1	493.4	0
202	1	6	16	1	1	699.41	0
202	1	6	17	9	1	449.14	0
202	1	6	18	5	0	610.11	0
202	1	6	19	1	1	596.52	0
202	1	6	20	3	0	539.64	0
202	1	6	21	5	1	798.98	0
202	1	6	22	5	1	439.57	0
202	1	6	23	11	0	513.55	0
202	1	6	24	3	1	530.53	0
202	1	6	25	3	0	669.43	0
202	1	6	26	5	0	784.31	0
202	1	6	27	11	1	516	0
202	1	6	28	11	1	490.24	0
202	1	6	29	9	1	1087.8	0
202	1	6	30	3	1	542.96	0
202	1	6	31	9	0	626.9	0
202	1	6	32	11	1	766.19	0
202	1	6	33	9	1	857.98	0
202	1	6	34	3	1	564.59	0
202	1	6	35	5	1	603.82	0
202	1	6	36	1	1	425.68	0
202	1	6	37	7	1	378.66	0
202	1	6	38	3	0	855.13	0
202	1	6	39	3	0	653.52	0
202	1	6	40	9	1	550.02	0
202	1	6	41	5	1	876	0
202	1	6	42	3	0	604.95	0
202	1	6	43	7	0	661.51	0
202	1	6	44	11	0	726.62	0
202	1	6	45	7	0	564.26	0
202	1	6	46	7	1	576.37	0
202	1	6	47	1	0	448.78	0
202	1	6	48	3	0	742.73	0
202	1	6	49	7	1	454.92	0
202	1	6	50	7	1	671.33	0
202	1	6	51	5	1	625.86	0
202	1	6	52	3	0	988.22	0
202	1	6	53	7	0	638.59	0
202	1	6	54	5	0	604.27	0
202	1	6	55	5	1	1374.6	0
202	1	6	56	5	0	523.96	0
202	1	6	57	11	0	635.95	0
202	1	6	58	9	1	1000.9	0
202	1	6	59	1	1	516.7	0
202	1	6	60	1	0	785.75	0
202	1	6	61	5	1	594.89	0
202	1	6	62	1	1	767.03	0
202	1	6	63	9	1	520.73	0
202	1	6	64	3	1	541.35	0
202	1	6	65	5	1	1008.2	0
202	1	6	66	3	0	556.54	0
202	1	6	67	1	1	859.15	0
202	1	6	68	1	1	548.42	0
202	1	6	69	5	1	675.39	0
202	1	6	70	5	1	513.51	0
202	1	6	71	11	1	564.2	0
202	1	6	72	9	1	545.54	0
202	1	6	73	1	0	1011.9	0
202	1	6	74	1	1	494.01	0
202	1	6	75	3	1	601.43	0
202	1	6	76	11	0	625.26	0
202	1	6	77	1	1	983.83	0
202	1	6	78	7	0	864.35	0
202	1	6	79	7	0	1382.8	0
202	1	6	80	7	1	641.6	0
202	1	6	81	7	1	899.93	0
202	1	6	82	1	0	610.42	0
202	1	6	83	3	1	779.12	0
202	1	6	84	1	0	1137.8	0
202	1	6	85	9	1	718.18	0
202	1	6	86	5	0	1005.8	0
202	1	6	87	5	1	653.44	0
202	1	6	88	3	1	716.4	0
202	1	6	89	1	0	867.93	0
202	1	6	90	9	0	588.55	0
202	1	6	91	9	1	672.66	0
202	1	6	92	7	1	495.44	0
202	1	6	93	7	1	470.02	0
202	1	6	94	11	1	790.75	0
202	1	6	95	11	1	830.7	0
202	1	6	96	7	1	521.1	0
202	1	6	97	11	1	662.29	0
202	1	6	98	1	1	572.03	0
202	1	6	99	7	0	509.64	0
202	1	6	100	5	0	681.83	0
202	1	6	101	5	1	394.92	0
202	1	6	102	11	1	646.62	0
202	1	6	103	9	1	882.48	0
202	1	6	104	1	1	970.55	0
202	1	6	105	7	1	705.86	0
202	1	6	106	3	0	690.11	0
202	1	6	107	5	1	487.24	0
202	1	6	108	11	0	743.15	0
202	1	6	109	9	1	609.88	0
202	1	6	110	9	0	651.08	0
202	1	6	111	7	0	858.06	0
202	1	6	112	7	1	783.63	0
202	1	6	113	9	1	505.59	0
202	1	6	114	11	1	708.73	0
202	1	6	115	9	1	527.43	0
202	1	6	116	9	1	653.67	0
202	1	6	117	11	0	608.22	0
202	1	6	118	3	1	663.41	0
202	1	6	119	9	1	951.8	0
202	1	6	120	1	0	501.19	0
202	2	6	1	2	1	537.67	0
202	2	6	2	8	1	431.97	0
202	2	6	3	2	1	802.96	0
202	2	6	4	8	0	942.98	0
202	2	6	5	8	1	489.49	0
202	2	6	6	4	1	574.83	0
202	2	6	7	4	1	634.54	0
202	2	6	8	10	1	654.15	0
202	2	6	9	6	1	626.98	0
202	2	6	10	10	1	876.44	0
202	2	6	11	2	1	1661.2	0
202	2	6	12	2	1	720.07	0
202	2	6	13	10	1	567.87	0
202	2	6	14	12	1	470.43	0
202	2	6	15	2	1	879.43	0
202	2	6	16	10	1	455.84	0
202	2	6	17	6	1	830.31	0
202	2	6	18	4	1	507.42	0
202	2	6	19	4	1	581.21	0
202	2	6	20	6	1	587.57	0
202	2	6	21	2	1	910.3	0
202	2	6	22	10	1	704.98	0
202	2	6	23	12	1	614.66	0
202	2	6	24	8	1	722.12	0
202	2	6	25	10	1	739.71	0
202	2	6	26	12	1	407.83	0
202	2	6	27	8	1	797.68	0
202	2	6	28	4	0	784.19	0
202	2	6	29	4	1	1327.2	0
202	2	6	30	6	1	642.89	0
202	2	6	31	8	0	535.15	0
202	2	6	32	10	0	618.34	0
202	2	6	33	6	1	482.44	0
202	2	6	34	12	0	614.97	0
202	2	6	35	10	0	1141.2	0
202	2	6	36	10	1	687.6	0
202	2	6	37	8	1	671.25	0
202	2	6	38	10	1	575.58	0
202	2	6	39	4	1	824.69	0
202	2	6	40	4	1	543.34	0
202	2	6	41	4	1	410.34	0
202	2	6	42	8	0	723.89	0
202	2	6	43	12	1	618.73	0
202	2	6	44	2	0	761.95	0
202	2	6	45	12	0	899.15	0
202	2	6	46	4	1	870.56	0
202	2	6	47	2	0	537.59	0
202	2	6	48	6	1	651.17	0
202	2	6	49	10	0	719.96	0
202	2	6	50	6	1	791.85	0
202	2	6	51	8	0	788.18	0
202	2	6	52	2	0	1227.1	0
202	2	6	53	12	1	649.2	0
202	2	6	54	6	1	544.26	0
202	2	6	55	10	1	471.73	0
202	2	6	56	12	0	975.29	0
202	2	6	57	8	1	505.07	0
202	2	6	58	6	1	493.3	0
202	2	6	59	4	1	355.92	0
202	2	6	60	2	1	901.3	0
202	2	6	61	2	1	697.83	0
202	2	6	62	8	1	929.43	0
202	2	6	63	8	0	803.31	0
202	2	6	64	2	0	714.28	0
202	2	6	65	4	1	654.33	0
202	2	6	66	8	1	748.81	0
202	2	6	67	4	0	705.71	0
202	2	6	68	8	1	743.52	0
202	2	6	69	8	1	594	0
202	2	6	70	6	0	842.67	0
202	2	6	71	12	0	536.02	0
202	2	6	72	10	1	578.07	0
202	2	6	73	12	1	657.57	0
202	2	6	74	6	1	477.83	0
202	2	6	75	12	0	661.55	0
202	2	6	76	2	1	575.43	0
202	2	6	77	8	1	609.46	0
202	2	6	78	12	0	824.14	0
202	2	6	79	6	0	585.2	0
202	2	6	80	4	1	1261.7	0
202	2	6	81	6	0	467.28	0
202	2	6	82	6	1	1181.9	0
202	2	6	83	8	0	749.03	0
202	2	6	84	4	0	430.01	0
202	2	6	85	10	1	443.28	0
202	2	6	86	4	0	944.29	0
202	2	6	87	10	1	468.85	0
202	2	6	88	2	1	1044.8	0
202	2	6	89	2	1	653.82	0
202	2	6	90	8	0	565.49	0
202	2	6	91	12	0	541.66	0
202	2	6	92	10	0	616.75	0
202	2	6	93	6	1	608.15	0
202	2	6	94	2	1	777.87	0
202	2	6	95	4	0	801.93	0
202	2	6	96	12	1	674.43	0
202	2	6	97	10	1	449.47	0
202	2	6	98	12	1	825.65	0
202	2	6	99	12	1	460.46	0
202	2	6	100	6	1	797.82	0
202	2	6	101	2	1	833.49	0
202	2	6	102	6	1	734.33	0
202	2	6	103	2	1	463.3	0
202	2	6	104	2	0	823.44	0
202	2	6	105	10	0	668.84	0
202	2	6	106	6	1	685.9	0
202	2	6	107	8	1	611.07	0
202	2	6	108	4	1	824.56	0
202	2	6	109	10	1	543.63	0
202	2	6	110	12	1	540.45	0
202	2	6	111	8	0	543.7	0
202	2	6	112	12	1	1703.2	0
202	2	6	113	10	1	572.95	0
202	2	6	114	2	1	627.12	0
202	2	6	115	4	0	488.59	0
202	2	6	116	6	0	541.28	0
202	2	6	117	12	1	613.79	0
202	2	6	118	6	0	687.45	0
202	2	6	119	12	1	543.54	0
202	2	6	120	4	0	701.22	0
202	5	6	1	6	1	1364.5	0
202	5	6	2	3	1	1050	0
202	5	6	3	4	1	1184.1	0
202	5	6	4	3	1	597.54	0
202	5	6	5	1	0	558.47	0
202	5	6	6	2	0	676.72	0
202	5	6	7	6	1	684.21	0
202	5	6	8	12	1	392.78	0
202	5	6	9	10	1	582.57	0
202	5	6	10	5	0	583.26	0
202	5	6	11	3	1	706.65	0
202	5	6	12	5	1	735.29	0
202	5	6	13	10	0	1033.6	0
202	5	6	14	8	0	572.85	0
202	5	6	15	4	1	507.85	0
202	5	6	16	9	1	511.15	0
202	5	6	17	10	0	521.91	0
202	5	6	18	6	1	685.08	0
202	5	6	19	8	1	607.93	0
202	5	6	20	2	1	625.32	0
202	5	6	21	9	1	516.24	0
202	5	6	22	3	0	378.91	0
202	5	6	23	8	1	650.25	0
202	5	6	24	12	0	460.81	0
202	5	6	25	12	1	576.97	0
202	5	6	26	5	1	659.2	0
202	5	6	27	11	0	526.1	0
202	5	6	28	6	1	458.68	0
202	5	6	29	6	1	563.98	0
202	5	6	30	9	1	526.29	0
202	5	6	31	12	1	569.75	0
202	5	6	32	11	0	874.85	0
202	5	6	33	9	0	650.77	0
202	5	6	34	11	1	663.06	0
202	5	6	35	7	1	580.09	0
202	5	6	36	1	1	1073.9	0
202	5	6	37	9	1	588.84	0
202	5	6	38	9	1	613.61	0
202	5	6	39	8	1	516.67	0
202	5	6	40	10	0	804.79	0
202	5	6	41	7	0	654.33	0
202	5	6	42	2	1	605.25	0
202	5	6	43	4	1	885.53	0
202	5	6	44	2	1	461.5	0
202	5	6	45	10	0	651.14	0
202	5	6	46	6	1	673.56	0
202	5	6	47	11	1	587.68	0
202	5	6	48	11	1	603.37	0
202	5	6	49	4	0	533.86	0
202	5	6	50	7	1	531.74	0
202	5	6	51	5	1	506.05	0
202	5	6	52	1	0	718.4	0
202	5	6	53	12	0	989.77	0
202	5	6	54	2	1	636.84	0
202	5	6	55	1	1	530.07	0
202	5	6	56	6	0	641.18	0
202	5	6	57	8	0	461.84	0
202	5	6	58	10	0	507.96	0
202	5	6	59	1	1	542.72	0
202	5	6	60	1	1	442.78	0
202	5	6	61	2	0	561.87	0
202	5	6	62	9	1	588.87	0
202	5	6	63	4	1	612.46	0
202	5	6	64	12	1	625.57	0
202	5	6	65	10	0	511.78	0
202	5	6	66	3	0	675.25	0
202	5	6	67	3	1	970.28	0
202	5	6	68	6	0	470.03	0
202	5	6	69	3	1	621.22	0
202	5	6	70	1	0	752.33	0
202	5	6	71	5	0	1673.8	0
202	5	6	72	11	0	944.71	0
202	5	6	73	1	1	558.5	0
202	5	6	74	10	1	513.58	0
202	5	6	75	3	1	626.29	0
202	5	6	76	5	1	820.7	0
202	5	6	77	1	0	555.16	0
202	5	6	78	4	0	509.39	0
202	5	6	79	12	0	437.02	0
202	5	6	80	4	1	922.85	0
202	5	6	81	2	1	919.32	0
202	5	6	82	4	1	895.15	0
202	5	6	83	7	0	674.14	0
202	5	6	84	6	1	582.66	0
202	5	6	85	7	1	631.49	0
202	5	6	86	1	1	698.68	0
202	5	6	87	10	0	490.99	0
202	5	6	88	4	1	650.02	0
202	5	6	89	11	0	824.16	0
202	5	6	90	2	1	488.7	0
202	5	6	91	12	1	706.15	0
202	5	6	92	5	1	800.65	0
202	5	6	93	7	0	609.35	0
202	5	6	94	2	0	678.6	0
202	5	6	95	10	1	588.5	0
202	5	6	96	5	0	798.16	0
202	5	6	97	7	0	540.59	0
202	5	6	98	12	0	1434.3	0
202	5	6	99	2	0	499.83	0
202	5	6	100	12	0	860.65	0
202	5	6	101	5	1	935.58	0
202	5	6	102	8	1	1460.4	0
202	5	6	103	7	0	540.71	0
202	5	6	104	8	0	595.37	0
202	5	6	105	8	0	770.68	0
202	5	6	106	3	1	402.84	0
202	5	6	107	3	0	620.91	0
202	5	6	108	11	1	1007.4	0
202	5	6	109	7	0	646.99	0
202	5	6	110	11	1	602.52	0
202	5	6	111	9	1	600.1	0
202	5	6	112	5	1	581.92	0
202	5	6	113	7	1	689.33	0
202	5	6	114	9	1	517.77	0
202	5	6	115	11	0	1413.4	0
202	5	6	116	9	1	551.06	0
202	5	6	117	8	1	739.61	0
202	5	6	118	4	1	453.94	0
202	5	6	119	6	1	514.37	0
202	5	6	120	8	1	623.25	0
202	5	6	1	5	0	507.56	0
202	5	6	2	2	1	592.49	0
202	5	6	3	1	0	501.31	0
202	5	6	4	9	1	798.22	0
202	5	6	5	10	0	826.16	0
202	5	6	6	9	1	488.46	0
202	5	6	7	6	0	559.74	0
202	5	6	8	5	0	527.63	0
202	5	6	9	8	1	668.35	0
202	5	6	10	3	0	751.3	0
202	5	6	11	7	1	563.23	0
202	5	6	12	12	1	499.38	0
202	5	6	13	9	1	665.52	0
202	5	6	14	1	0	812.46	0
202	5	6	15	2	1	393.92	0
202	5	6	16	4	0	744.1	0
202	5	6	17	1	0	773.24	0
202	5	6	18	10	0	552.73	0
202	5	6	19	7	1	670.26	0
202	5	6	20	1	1	523.76	0
202	5	6	21	11	1	559.12	0
202	5	6	22	11	1	384.39	0
202	5	6	23	2	1	821.91	0
202	5	6	24	2	0	653.94	0
202	5	6	25	4	0	552.94	0
202	5	6	26	2	0	822.78	0
202	5	6	27	9	1	553.34	0
202	5	6	28	3	1	850.76	0
202	5	6	29	7	0	585.02	0
202	5	6	30	3	1	932.33	0
202	5	6	31	11	0	904.59	0
202	5	6	32	8	0	960.58	0
202	5	6	33	5	0	705.53	0
202	5	6	34	7	0	572.12	0
202	5	6	35	4	1	945.96	0
202	5	6	36	2	1	667.91	0
202	5	6	37	10	0	591.82	0
202	5	6	38	12	1	585.49	0
202	5	6	39	6	0	859.34	0
202	5	6	40	11	1	539.02	0
202	5	6	41	9	0	630.05	0
202	5	6	42	12	1	711.65	0
202	5	6	43	1	1	398.58	0
202	5	6	44	8	1	667.61	0
202	5	6	45	5	1	591.02	0
202	5	6	46	3	1	675.17	0
202	5	6	47	6	0	552.29	0
202	5	6	48	8	0	592.99	0
202	5	6	49	4	1	753.11	0
202	5	6	50	1	1	665.87	0
202	5	6	51	4	1	495.31	0
202	5	6	52	11	0	603.68	0
202	5	6	53	8	1	545.52	0
202	5	6	54	7	0	805.84	0
202	5	6	55	12	0	637.95	0
202	5	6	56	3	0	629.25	0
202	5	6	57	2	1	492.56	0
202	5	6	58	11	1	690.89	0
202	5	6	59	2	1	743.65	0
202	5	6	60	5	0	634.91	0
202	5	6	61	6	1	603.63	0
202	5	6	62	3	0	721.62	0
202	5	6	63	1	0	803.28	0
202	5	6	64	3	0	807.91	0
202	5	6	65	4	1	582.03	0
202	5	6	66	4	1	576.67	0
202	5	6	67	6	1	810.23	0
202	5	6	68	5	0	723.72	0
202	5	6	69	12	0	513.35	0
202	5	6	70	8	0	493.93	0
202	5	6	71	11	0	500.5	0
202	5	6	72	7	1	860	0
202	5	6	73	5	1	801.02	0
202	5	6	74	6	0	597.25	0
202	5	6	75	6	1	598.97	0
202	5	6	76	12	1	705.54	0
202	5	6	77	12	1	659.48	0
202	5	6	78	1	0	818.86	0
202	5	6	79	4	0	672.78	0
202	5	6	80	5	1	775.63	0
202	5	6	81	10	1	529.81	0
202	5	6	82	1	1	958.27	0
202	5	6	83	4	1	766.06	0
202	5	6	84	10	1	536.98	0
202	5	6	85	7	1	3221.1	1
202	5	6	86	11	1	671.01	0
202	5	6	87	7	0	1010.3	0
202	5	6	88	7	0	602.69	0
202	5	6	89	8	1	893.88	0
202	5	6	90	6	0	700.97	0
202	5	6	91	5	1	517.13	0
202	5	6	92	11	1	655.98	0
202	5	6	93	8	1	593.21	0
202	5	6	94	3	1	734.81	0
202	5	6	95	10	1	686.43	0
202	5	6	96	10	0	610.56	0
202	5	6	97	12	1	674.19	0
202	5	6	98	8	0	870.86	0
202	5	6	99	12	0	2204.9	0
202	5	6	100	6	1	722.28	0
202	5	6	101	5	1	482.2	0
202	5	6	102	4	0	663.94	0
202	5	6	103	12	1	728.81	0
202	5	6	104	9	1	517.83	0
202	5	6	105	6	0	970.91	0
202	5	6	106	2	1	873.18	0
202	5	6	107	2	1	612.3	0
202	5	6	108	10	1	479.29	0
202	5	6	109	9	1	961.94	0
202	5	6	110	8	0	437.05	0
202	5	6	111	10	0	1214	0
202	5	6	112	9	1	820.53	0
202	5	6	113	7	1	634.65	0
202	5	6	114	9	0	681.65	0
202	5	6	115	1	0	487.86	0
202	5	6	116	9	1	483.47	0
202	5	6	117	10	0	665.2	0
202	5	6	118	11	0	699.77	0
202	5	6	119	3	1	693.17	0
202	5	6	120	3	0	840.5	0
