3600
103	3	2	1	1	1	542.65	0
103	3	2	2	12	1	356.07	0
103	3	2	3	1	1	367.86	0
103	3	2	4	5	1	583.71	0
103	3	2	5	8	0	524.29	0
103	3	2	6	1	1	294.31	1
103	3	2	7	1	1	358.88	1
103	3	2	8	3	1	508.09	0
103	3	2	9	3	1	570.59	0
103	3	2	10	1	1	495.94	1
103	3	2	11	3	1	530.28	0
103	3	2	12	5	1	712.53	0
103	3	2	13	12	1	455.85	0
103	3	2	14	3	1	513.03	0
103	3	2	15	5	1	568.8	0
103	3	2	16	5	1	588.03	0
103	3	2	17	8	0	1527	0
103	3	2	18	10	1	396.07	0
103	3	2	19	8	1	475.38	0
103	3	2	20	10	1	888.53	0
103	3	2	21	5	1	406.88	0
103	3	2	22	5	1	459.78	0
103	3	2	23	12	1	723.23	0
103	3	2	24	3	0	592.42	0
103	3	2	25	1	1	393.1	0
103	3	2	26	12	1	792.72	0
103	3	2	27	5	1	555.25	0
103	3	2	28	3	1	639.6	0
103	3	2	29	12	1	538.69	0
103	3	2	30	1	1	491.07	0
103	3	2	31	5	1	579.63	0
103	3	2	32	12	1	630.77	0
103	3	2	33	8	1	692.31	0
103	3	2	34	10	1	411.66	0
103	3	2	35	3	1	781.98	0
103	3	2	36	8	1	470.98	0
103	3	2	37	5	1	941.9	0
103	3	2	38	3	1	456.53	0
103	3	2	39	5	1	513.21	0
103	3	2	40	10	1	543.54	0
103	3	2	41	12	1	603.52	0
103	3	2	42	1	1	456.7	0
103	3	2	43	3	1	490.67	0
103	3	2	44	8	1	676.85	0
103	3	2	45	8	1	633.29	0
103	3	2	46	10	1	325.91	0
103	3	2	47	8	1	784.76	0
103	3	2	48	10	1	464.62	0
103	3	2	49	8	1	566.04	0
103	3	2	50	10	0	592.25	0
103	3	2	51	5	1	480.03	0
103	3	2	52	8	0	640.86	0
103	3	2	53	1	1	411.59	0
103	3	2	54	8	1	536.55	0
103	3	2	55	10	1	494.89	0
103	3	2	56	12	1	400.98	0
103	3	2	57	1	1	357.87	0
103	3	2	58	10	1	892.05	0
103	3	2	59	1	1	301.23	0
103	3	2	60	5	1	485.62	0
103	3	2	61	1	1	475.26	0
103	3	2	62	5	1	1195	0
103	3	2	63	5	1	406.7	0
103	3	2	64	5	0	634.84	0
103	3	2	65	1	1	412.87	0
103	3	2	66	12	1	542.46	0
103	3	2	67	8	1	588.81	0
103	3	2	68	12	1	540.07	0
103	3	2	69	10	1	482.25	0
103	3	2	70	12	1	935.26	0
103	3	2	71	1	1	427.69	0
103	3	2	72	8	1	396.31	0
103	3	2	73	3	1	1014.2	0
103	3	2	74	8	1	491.8	0
103	3	2	75	12	1	407.43	0
103	3	2	76	12	1	400.16	0
103	3	2	77	10	1	644.02	0
103	3	2	78	12	1	770.82	0
103	3	2	79	3	1	478.54	0
103	3	2	80	12	1	333.91	0
103	3	2	81	10	1	679.78	0
103	3	2	82	5	1	977.43	0
103	3	2	83	5	1	588.6	0
103	3	2	84	8	1	508.96	0
103	3	2	85	12	1	745.81	0
103	3	2	86	10	1	622.01	0
103	3	2	87	1	1	559.28	0
103	3	2	88	10	1	638.37	0
103	3	2	89	3	1	523.84	0
103	3	2	90	10	1	1238.1	0
103	3	2	91	3	1	459.67	0
103	3	2	92	10	1	429.43	0
103	3	2	93	3	1	552.83	0
103	3	2	94	1	1	607.21	0
103	3	2	95	8	1	401.39	0
103	3	2	96	5	1	475.64	0
103	3	2	97	8	0	741.03	0
103	3	2	98	8	1	494.77	0
103	3	2	99	1	1	350.68	0
103	3	2	100	10	1	453.24	0
103	3	2	101	3	1	647.22	0
103	3	2	102	8	1	629.79	0
103	3	2	103	3	1	543.99	0
103	3	2	104	10	1	542.96	0
103	3	2	105	12	1	373.5	0
103	3	2	106	12	1	446.14	0
103	3	2	107	5	1	440.04	0
103	3	2	108	3	1	653.58	0
103	3	2	109	10	1	440.82	0
103	3	2	110	1	1	541.5	0
103	3	2	111	12	1	497.09	0
103	3	2	112	10	1	693.49	0
103	3	2	113	1	1	436.62	0
103	3	2	114	3	1	1046.3	0
103	3	2	115	1	1	488.99	0
103	3	2	116	5	1	729.65	0
103	3	2	117	12	1	456.29	0
103	3	2	118	3	1	626.86	0
103	3	2	119	3	1	641.4	0
103	3	2	120	8	1	597.11	0
103	4	2	1	9	1	517.74	1
103	4	2	2	7	1	426.11	0
103	4	2	3	9	1	632.92	0
103	4	2	4	4	1	429.19	1
103	4	2	5	2	1	516.33	0
103	4	2	6	11	1	423.62	0
103	4	2	7	4	0	601.66	0
103	4	2	8	4	1	372.92	0
103	4	2	9	2	1	613.98	0
103	4	2	10	2	1	326.45	0
103	4	2	11	2	1	586.22	0
103	4	2	12	7	1	365.54	0
103	4	2	13	4	1	664.98	0
103	4	2	14	7	1	393.39	0
103	4	2	15	11	1	419.39	0
103	4	2	16	6	1	995.35	0
103	4	2	17	6	1	1095.8	0
103	4	2	18	11	1	473.67	0
103	4	2	19	11	1	565.06	0
103	4	2	20	11	1	468.22	0
103	4	2	21	9	1	450.02	0
103	4	2	22	9	1	455.23	0
103	4	2	23	11	1	330.76	0
103	4	2	24	2	1	485.47	0
103	4	2	25	7	1	470.22	0
103	4	2	26	7	1	404.88	0
103	4	2	27	4	1	499.8	0
103	4	2	28	9	1	389.81	0
103	4	2	29	4	1	447.84	0
103	4	2	30	11	1	431.92	0
103	4	2	31	6	0	611.17	0
103	4	2	32	11	1	435.23	0
103	4	2	33	9	1	827.78	0
103	4	2	34	11	1	325.7	0
103	4	2	35	9	1	462.92	0
103	4	2	36	7	1	442.37	1
103	4	2	37	4	1	962.96	0
103	4	2	38	6	0	823.11	0
103	4	2	39	7	1	399.09	0
103	4	2	40	6	1	674.21	0
103	4	2	41	4	1	493.15	0
103	4	2	42	9	1	484.93	0
103	4	2	43	4	1	515.76	0
103	4	2	44	2	1	375.33	0
103	4	2	45	7	1	395.6	0
103	4	2	46	7	1	681.96	0
103	4	2	47	2	1	600.46	0
103	4	2	48	11	1	439.49	0
103	4	2	49	7	1	635.43	0
103	4	2	50	4	1	833.57	0
103	4	2	51	2	1	634.99	0
103	4	2	52	7	1	596.16	0
103	4	2	53	9	1	382.53	0
103	4	2	54	7	1	454.2	0
103	4	2	55	7	1	523.92	0
103	4	2	56	9	1	552.09	0
103	4	2	57	6	1	704.47	0
103	4	2	58	4	1	504.58	0
103	4	2	59	2	1	844.16	0
103	4	2	60	2	1	440.81	0
103	4	2	61	4	1	630.02	0
103	4	2	62	7	1	524.18	0
103	4	2	63	4	1	476.2	0
103	4	2	64	4	0	597.89	0
103	4	2	65	7	1	460.95	0
103	4	2	66	6	1	565.58	0
103	4	2	67	11	1	511.62	0
103	4	2	68	9	1	393.19	0
103	4	2	69	6	1	616.14	0
103	4	2	70	2	1	847.59	0
103	4	2	71	2	1	416.72	0
103	4	2	72	11	1	482.56	0
103	4	2	73	2	1	465.77	0
103	4	2	74	11	1	350.97	0
103	4	2	75	4	1	706.88	0
103	4	2	76	7	1	541.92	0
103	4	2	77	11	1	727.4	0
103	4	2	78	4	1	857.71	0
103	4	2	79	11	1	443.32	0
103	4	2	80	4	1	342.67	0
103	4	2	81	9	1	342.48	0
103	4	2	82	4	1	418.97	0
103	4	2	83	9	1	398.92	0
103	4	2	84	9	1	547	0
103	4	2	85	6	1	537.08	0
103	4	2	86	9	1	415.86	0
103	4	2	87	6	0	633.89	0
103	4	2	88	9	1	418.76	0
103	4	2	89	9	1	556.28	0
103	4	2	90	2	1	314.99	0
103	4	2	91	11	1	403.8	0
103	4	2	92	4	1	461.55	0
103	4	2	93	6	1	506.77	0
103	4	2	94	6	1	1100.4	0
103	4	2	95	9	1	421.94	0
103	4	2	96	2	1	435.35	0
103	4	2	97	6	0	803.25	0
103	4	2	98	2	1	503.75	0
103	4	2	99	6	1	607.68	0
103	4	2	100	7	1	446.21	0
103	4	2	101	6	1	737.58	0
103	4	2	102	7	0	763.71	0
103	4	2	103	6	1	376.73	0
103	4	2	104	2	1	727.88	0
103	4	2	105	6	0	555.75	0
103	4	2	106	2	1	641.09	0
103	4	2	107	6	1	715.7	0
103	4	2	108	11	1	436.56	0
103	4	2	109	2	1	494.09	0
103	4	2	110	11	1	426.48	0
103	4	2	111	7	1	419.37	0
103	4	2	112	11	1	438	0
103	4	2	113	9	1	477.71	0
103	4	2	114	4	1	885.22	0
103	4	2	115	7	1	729.5	0
103	4	2	116	6	1	724.74	0
103	4	2	117	11	1	532.76	0
103	4	2	118	9	1	488.77	0
103	4	2	119	6	1	525.54	0
103	4	2	120	2	1	699.14	0
103	5	2	1	2	0	1070.3	1
103	5	2	2	3	1	475.87	0
103	5	2	3	1	1	657.17	0
103	5	2	4	4	1	559.45	0
103	5	2	5	12	1	486.12	0
103	5	2	6	1	1	641.63	0
103	5	2	7	5	1	549.51	0
103	5	2	8	12	1	443.09	0
103	5	2	9	12	1	480.08	0
103	5	2	10	8	1	551.62	0
103	5	2	11	10	1	889.68	0
103	5	2	12	1	1	515.49	0
103	5	2	13	11	1	683.32	1
103	5	2	14	10	1	557.36	0
103	5	2	15	6	1	494.99	0
103	5	2	16	10	1	487.04	0
103	5	2	17	7	0	582.47	0
103	5	2	18	12	1	373.08	0
103	5	2	19	9	1	694.43	0
103	5	2	20	12	1	624.04	0
103	5	2	21	12	1	811.7	0
103	5	2	22	6	0	888	0
103	5	2	23	7	1	475.05	1
103	5	2	24	3	1	667.5	0
103	5	2	25	9	0	762.77	0
103	5	2	26	4	1	616.98	0
103	5	2	27	6	1	470.87	0
103	5	2	28	4	1	553.28	0
103	5	2	29	2	1	684.27	0
103	5	2	30	11	1	362.38	0
103	5	2	31	2	1	403.67	0
103	5	2	32	10	1	364.75	0
103	5	2	33	4	1	422.27	0
103	5	2	34	3	1	430.33	0
103	5	2	35	8	1	378.69	0
103	5	2	36	11	1	388.35	0
103	5	2	37	8	1	676.9	0
103	5	2	38	9	1	846.2	0
103	5	2	39	3	0	926.55	0
103	5	2	40	5	0	605.82	0
103	5	2	41	11	1	325.69	0
103	5	2	42	7	1	614.17	0
103	5	2	43	7	1	1997.1	0
103	5	2	44	8	1	425.43	0
103	5	2	45	5	1	649.17	0
103	5	2	46	3	0	727.45	0
103	5	2	47	7	1	469.84	0
103	5	2	48	1	1	441.12	0
103	5	2	49	9	1	372.03	0
103	5	2	50	8	1	576.41	0
103	5	2	51	12	1	617.73	0
103	5	2	52	10	1	412.42	0
103	5	2	53	12	1	547.54	0
103	5	2	54	6	1	675.22	0
103	5	2	55	8	1	470.19	0
103	5	2	56	10	1	449.89	1
103	5	2	57	5	1	393.06	0
103	5	2	58	5	1	524.18	0
103	5	2	59	9	1	418.14	0
103	5	2	60	5	1	684.45	0
103	5	2	61	2	1	847.22	0
103	5	2	62	5	1	493.73	0
103	5	2	63	2	1	508.53	0
103	5	2	64	1	1	520.43	0
103	5	2	65	12	1	475.03	0
103	5	2	66	4	1	539.04	0
103	5	2	67	11	1	473.69	0
103	5	2	68	6	1	708.36	0
103	5	2	69	6	1	554.63	0
103	5	2	70	10	1	665.1	0
103	5	2	71	2	1	638.9	0
103	5	2	72	2	1	398.55	0
103	5	2	73	10	1	373.37	0
103	5	2	74	9	1	559.06	0
103	5	2	75	6	0	779.3	0
103	5	2	76	1	1	464.27	0
103	5	2	77	9	1	756.59	0
103	5	2	78	1	1	449.26	0
103	5	2	79	2	1	414.74	0
103	5	2	80	11	1	507.98	0
103	5	2	81	3	1	1261.8	0
103	5	2	82	11	1	391.17	0
103	5	2	83	4	1	429.1	0
103	5	2	84	9	1	347.24	0
103	5	2	85	8	0	1061.2	0
103	5	2	86	3	1	402.8	0
103	5	2	87	11	1	638.79	0
103	5	2	88	2	1	560.09	0
103	5	2	89	6	0	1051.1	0
103	5	2	90	1	1	890.96	0
103	5	2	91	8	0	898.51	0
103	5	2	92	5	1	684.74	0
103	5	2	93	3	1	612.85	0
103	5	2	94	1	1	368.05	0
103	5	2	95	7	1	415.01	0
103	5	2	96	8	0	597.29	0
103	5	2	97	5	1	6972.7	0
103	5	2	98	6	1	470.58	0
103	5	2	99	4	1	566.19	0
103	5	2	100	4	1	548.24	0
103	5	2	101	11	1	465.17	0
103	5	2	102	3	1	617.12	0
103	5	2	103	8	1	433.47	0
103	5	2	104	3	1	700.05	0
103	5	2	105	7	1	626.29	0
103	5	2	106	4	1	533.91	0
103	5	2	107	7	1	574.56	0
103	5	2	108	6	1	689.61	0
103	5	2	109	7	1	768.36	0
103	5	2	110	7	1	727.86	0
103	5	2	111	10	1	614.64	0
103	5	2	112	2	1	763.64	0
103	5	2	113	11	1	439.31	0
103	5	2	114	10	1	368.3	0
103	5	2	115	5	1	1122.1	0
103	5	2	116	9	1	564.78	0
103	5	2	117	4	1	522.26	0
103	5	2	118	1	1	576.46	0
103	5	2	119	9	1	452.63	0
103	5	2	120	12	1	562.13	1
103	5	2	1	1	1	389.82	0
103	5	2	2	3	1	742.66	0
103	5	2	3	4	1	816.94	0
103	5	2	4	3	0	778.72	0
103	5	2	5	1	1	597.58	0
103	5	2	6	7	1	613.7	0
103	5	2	7	5	1	455.06	0
103	5	2	8	6	1	603.32	0
103	5	2	9	10	1	421.29	0
103	5	2	10	3	1	602.69	0
103	5	2	11	6	0	821.63	0
103	5	2	12	8	1	531.25	0
103	5	2	13	8	1	436.68	0
103	5	2	14	4	1	371.21	0
103	5	2	15	4	1	511.29	0
103	5	2	16	12	1	429.53	0
103	5	2	17	6	1	476.45	0
103	5	2	18	3	0	789.93	0
103	5	2	19	11	1	490.73	0
103	5	2	20	6	1	560.81	0
103	5	2	21	9	1	642.72	0
103	5	2	22	9	1	680.41	0
103	5	2	23	1	1	462.02	0
103	5	2	24	4	1	630.82	0
103	5	2	25	12	1	494.16	0
103	5	2	26	8	0	811.59	0
103	5	2	27	3	1	411.75	0
103	5	2	28	5	1	708.45	0
103	5	2	29	7	1	538.4	0
103	5	2	30	6	1	754.52	0
103	5	2	31	8	1	551.54	0
103	5	2	32	11	1	878.79	0
103	5	2	33	10	1	531.03	0
103	5	2	34	9	0	1758	1
103	5	2	35	2	1	455.3	0
103	5	2	36	2	1	581.88	0
103	5	2	37	11	1	422.81	0
103	5	2	38	1	1	370.69	0
103	5	2	39	7	0	513.85	0
103	5	2	40	3	1	565.09	0
103	5	2	41	2	1	475.25	0
103	5	2	42	4	0	642.61	0
103	5	2	43	4	1	865.9	0
103	5	2	44	9	1	472.36	0
103	5	2	45	6	1	684.99	0
103	5	2	46	11	1	552.55	0
103	5	2	47	9	1	473.7	0
103	5	2	48	5	1	584.96	0
103	5	2	49	2	1	485	0
103	5	2	50	4	1	602.68	0
103	5	2	51	8	1	489.27	0
103	5	2	52	1	1	558.87	0
103	5	2	53	12	1	602.81	0
103	5	2	54	11	1	811.64	0
103	5	2	55	5	1	708.36	0
103	5	2	56	5	1	646.2	0
103	5	2	57	11	1	557.8	0
103	5	2	58	8	0	549.65	0
103	5	2	59	5	1	611.61	0
103	5	2	60	1	1	678.19	0
103	5	2	61	4	1	786.38	0
103	5	2	62	12	1	449.3	1
103	5	2	63	11	1	448.75	0
103	5	2	64	12	1	391.75	0
103	5	2	65	12	1	484.26	0
103	5	2	66	4	1	682.69	0
103	5	2	67	12	1	615.26	0
103	5	2	68	2	1	628.16	0
103	5	2	69	3	1	708.83	0
103	5	2	70	11	1	401.35	0
103	5	2	71	12	1	598.16	0
103	5	2	72	7	1	716.74	0
103	5	2	73	10	0	905.6	0
103	5	2	74	1	1	481.61	0
103	5	2	75	5	1	519.99	0
103	5	2	76	12	1	378.05	0
103	5	2	77	5	1	542.39	0
103	5	2	78	6	1	953.05	0
103	5	2	79	11	1	611.34	0
103	5	2	80	8	0	935.03	0
103	5	2	81	9	1	576.77	0
103	5	2	82	11	1	464.69	0
103	5	2	83	2	1	695.56	0
103	5	2	84	2	1	357.37	0
103	5	2	85	10	1	677.26	0
103	5	2	86	8	0	536.01	0
103	5	2	87	9	0	797.82	0
103	5	2	88	6	0	463.88	0
103	5	2	89	9	1	469.65	0
103	5	2	90	7	1	652.19	0
103	5	2	91	1	1	496.01	0
103	5	2	92	7	1	490.28	0
103	5	2	93	9	1	377.28	0
103	5	2	94	7	0	650.9	0
103	5	2	95	10	0	625.7	0
103	5	2	96	2	1	400.93	0
103	5	2	97	7	1	674.52	0
103	5	2	98	2	1	538.73	0
103	5	2	99	2	1	545.65	0
103	5	2	100	6	1	539.4	0
103	5	2	101	1	1	427.34	0
103	5	2	102	3	1	507.78	0
103	5	2	103	7	1	522.7	0
103	5	2	104	7	1	569.92	0
103	5	2	105	6	1	522	0
103	5	2	106	5	0	894.65	0
103	5	2	107	5	1	540.77	0
103	5	2	108	10	0	733.97	0
103	5	2	109	4	1	675.47	0
103	5	2	110	3	1	859.47	0
103	5	2	111	10	1	432.07	0
103	5	2	112	8	0	499.94	0
103	5	2	113	9	1	624.06	0
103	5	2	114	12	1	381.28	0
103	5	2	115	8	0	798.28	0
103	5	2	116	10	0	652.13	0
103	5	2	117	10	1	701.31	0
103	5	2	118	10	1	501.06	0
103	5	2	119	1	1	382.23	0
103	5	2	120	3	0	569.7	0
103	1	2	1	9	1	1057.6	0
103	1	2	2	1	1	459.21	0
103	1	2	3	11	1	527.15	0
103	1	2	4	9	0	818.46	1
103	1	2	5	3	1	390.59	0
103	1	2	6	9	1	618.42	0
103	1	2	7	7	1	425.51	0
103	1	2	8	11	1	606.61	0
103	1	2	9	3	1	512.29	0
103	1	2	10	1	1	362.95	0
103	1	2	11	1	1	443.76	0
103	1	2	12	9	1	368.56	0
103	1	2	13	3	1	400.88	0
103	1	2	14	1	1	487.59	0
103	1	2	15	3	1	520.44	0
103	1	2	16	3	1	347.16	0
103	1	2	17	3	1	571.39	0
103	1	2	18	1	1	446.14	0
103	1	2	19	11	1	366.59	0
103	1	2	20	7	0	536.76	0
103	1	2	21	7	1	599.83	0
103	1	2	22	11	1	513.1	0
103	1	2	23	7	0	802.84	0
103	1	2	24	11	1	696.81	0
103	1	2	25	7	1	670.55	0
103	1	2	26	5	1	963.9	0
103	1	2	27	7	1	649.68	0
103	1	2	28	9	1	645.84	0
103	1	2	29	5	1	630.68	0
103	1	2	30	5	1	579.84	0
103	1	2	31	7	1	1481.2	0
103	1	2	32	5	1	989.21	0
103	1	2	33	1	1	423.38	0
103	1	2	34	3	0	561.59	0
103	1	2	35	9	1	349.29	0
103	1	2	36	5	1	450.1	0
103	1	2	37	3	1	498.43	0
103	1	2	38	7	1	499.47	0
103	1	2	39	3	1	685.76	0
103	1	2	40	5	1	567.85	0
103	1	2	41	11	1	555.98	0
103	1	2	42	9	1	601.79	0
103	1	2	43	5	0	805.89	0
103	1	2	44	9	1	584.55	0
103	1	2	45	9	1	562.66	0
103	1	2	46	3	1	434.53	0
103	1	2	47	5	1	721.95	0
103	1	2	48	11	1	407.57	0
103	1	2	49	3	1	508.98	0
103	1	2	50	5	1	556.44	1
103	1	2	51	11	1	563.54	0
103	1	2	52	1	1	362.51	0
103	1	2	53	1	1	364.94	0
103	1	2	54	5	1	864.72	0
103	1	2	55	7	0	570.48	0
103	1	2	56	11	1	396.57	0
103	1	2	57	3	1	584.77	0
103	1	2	58	3	1	749.53	0
103	1	2	59	11	1	408.86	0
103	1	2	60	5	1	463.39	1
103	1	2	61	7	0	572.84	0
103	1	2	62	11	1	542.79	0
103	1	2	63	11	1	513.53	0
103	1	2	64	3	1	377.68	0
103	1	2	65	11	1	369.12	0
103	1	2	66	7	0	527.98	0
103	1	2	67	7	1	442.7	0
103	1	2	68	11	1	518.61	0
103	1	2	69	11	1	508.4	0
103	1	2	70	1	1	570.2	0
103	1	2	71	5	1	488.81	0
103	1	2	72	7	1	589.2	0
103	1	2	73	5	1	661.09	0
103	1	2	74	9	1	622.38	0
103	1	2	75	1	1	498.45	0
103	1	2	76	1	1	451.98	1
103	1	2	77	5	1	758.26	0
103	1	2	78	11	1	460.48	0
103	1	2	79	9	1	763.26	0
103	1	2	80	11	1	397.26	0
103	1	2	81	9	1	386.12	0
103	1	2	82	9	1	581.79	0
103	1	2	83	9	1	529.51	0
103	1	2	84	7	0	742.62	0
103	1	2	85	5	0	740.54	0
103	1	2	86	11	1	477.36	0
103	1	2	87	1	1	458.64	0
103	1	2	88	1	1	329.56	0
103	1	2	89	5	0	603.79	0
103	1	2	90	9	1	449.67	0
103	1	2	91	9	1	547.34	0
103	1	2	92	7	1	772.09	0
103	1	2	93	7	1	361.95	0
103	1	2	94	1	1	708.61	0
103	1	2	95	11	1	509.92	0
103	1	2	96	9	1	485.74	0
103	1	2	97	7	0	535.24	0
103	1	2	98	1	1	459.93	0
103	1	2	99	7	1	654.69	0
103	1	2	100	9	1	662.41	1
103	1	2	101	7	1	566.78	0
103	1	2	102	5	0	610.6	0
103	1	2	103	3	1	398.75	0
103	1	2	104	3	1	429.83	0
103	1	2	105	1	1	538.8	0
103	1	2	106	3	1	493.79	0
103	1	2	107	9	1	386.18	0
103	1	2	108	3	1	1262.1	0
103	1	2	109	5	1	499.63	0
103	1	2	110	1	1	492.16	0
103	1	2	111	5	0	1425.1	0
103	1	2	112	3	1	513.71	0
103	1	2	113	7	1	420.76	0
103	1	2	114	1	1	478.14	0
103	1	2	115	5	0	596.29	0
103	1	2	116	9	1	497.22	0
103	1	2	117	11	1	377.31	0
103	1	2	118	1	1	435.8	0
103	1	2	119	3	1	533.16	1
103	1	2	120	1	1	398.4	0
103	2	2	1	10	1	490.73	0
103	2	2	2	10	1	564.94	0
103	2	2	3	8	1	610.3	0
103	2	2	4	6	1	479.32	0
103	2	2	5	4	1	412.22	0
103	2	2	6	6	0	520.76	0
103	2	2	7	8	1	689.72	0
103	2	2	8	10	1	490.83	0
103	2	2	9	12	1	587.69	0
103	2	2	10	2	1	254.5	0
103	2	2	11	8	1	587.21	0
103	2	2	12	12	1	358.25	0
103	2	2	13	4	1	424.73	0
103	2	2	14	2	1	523.47	0
103	2	2	15	6	0	565.93	0
103	2	2	16	6	0	507.3	0
103	2	2	17	8	1	668.06	0
103	2	2	18	2	1	472.2	0
103	2	2	19	10	1	466.57	0
103	2	2	20	12	1	437.28	0
103	2	2	21	12	1	786.76	0
103	2	2	22	6	1	435.78	0
103	2	2	23	10	1	396.27	0
103	2	2	24	2	1	521.68	0
103	2	2	25	10	1	483.66	0
103	2	2	26	6	1	417.19	0
103	2	2	27	8	1	593.18	0
103	2	2	28	2	1	503.4	0
103	2	2	29	10	1	346.58	0
103	2	2	30	4	1	371.76	0
103	2	2	31	8	1	497.2	0
103	2	2	32	10	1	579.32	0
103	2	2	33	4	1	403.43	0
103	2	2	34	12	1	544.5	0
103	2	2	35	12	1	505.84	0
103	2	2	36	6	1	672.88	0
103	2	2	37	10	1	576.58	0
103	2	2	38	4	1	494.53	0
103	2	2	39	8	1	637.88	0
103	2	2	40	6	1	661.99	0
103	2	2	41	4	1	389.93	0
103	2	2	42	2	1	499.76	0
103	2	2	43	10	0	3589.5	1
103	2	2	44	8	1	476.74	0
103	2	2	45	4	1	810.51	0
103	2	2	46	2	1	694.72	0
103	2	2	47	12	1	447.92	0
103	2	2	48	4	1	527.34	0
103	2	2	49	4	1	802	0
103	2	2	50	2	1	586.61	0
103	2	2	51	8	1	401.23	0
103	2	2	52	10	1	604.14	0
103	2	2	53	6	1	519.13	0
103	2	2	54	8	0	957.38	0
103	2	2	55	4	1	393.25	0
103	2	2	56	12	1	478.86	0
103	2	2	57	8	1	2188.4	0
103	2	2	58	12	1	445.51	0
103	2	2	59	2	1	407.26	0
103	2	2	60	12	1	494.96	0
103	2	2	61	6	1	626.6	0
103	2	2	62	2	1	481.48	0
103	2	2	63	12	1	459.7	0
103	2	2	64	8	0	569.15	0
103	2	2	65	2	1	407.44	0
103	2	2	66	2	1	453.13	0
103	2	2	67	2	1	1010.4	0
103	2	2	68	2	1	466.11	0
103	2	2	69	6	0	927.01	0
103	2	2	70	10	1	402.85	0
103	2	2	71	4	1	455.97	0
103	2	2	72	4	1	535.11	0
103	2	2	73	6	0	617.2	0
103	2	2	74	10	1	539.84	0
103	2	2	75	2	1	386.78	0
103	2	2	76	12	1	472.5	0
103	2	2	77	6	0	650.68	0
103	2	2	78	8	0	574.19	0
103	2	2	79	6	1	700.77	0
103	2	2	80	2	1	372.73	0
103	2	2	81	2	1	423.79	0
103	2	2	82	4	1	528.75	0
103	2	2	83	4	1	388.12	0
103	2	2	84	6	1	399.75	0
103	2	2	85	8	0	541.64	0
103	2	2	86	8	0	704.04	0
103	2	2	87	4	1	416.13	0
103	2	2	88	8	1	594.64	0
103	2	2	89	8	1	385.61	0
103	2	2	90	12	1	465.9	0
103	2	2	91	8	1	622.94	0
103	2	2	92	2	1	692.77	0
103	2	2	93	10	1	435.01	0
103	2	2	94	10	1	404.27	0
103	2	2	95	10	1	488.54	0
103	2	2	96	12	1	395.36	0
103	2	2	97	6	1	538.42	0
103	2	2	98	4	1	1461.9	0
103	2	2	99	10	1	834.91	0
103	2	2	100	4	1	874.69	0
103	2	2	101	6	1	650.41	0
103	2	2	102	12	1	485.18	0
103	2	2	103	2	1	404.01	0
103	2	2	104	10	1	596.71	0
103	2	2	105	4	1	572.88	0
103	2	2	106	8	0	1113.2	0
103	2	2	107	6	1	471.84	0
103	2	2	108	12	1	511.28	0
103	2	2	109	4	1	429.98	0
103	2	2	110	6	0	955.97	0
103	2	2	111	2	1	535.96	0
103	2	2	112	10	1	353.92	0
103	2	2	113	10	1	405.79	0
103	2	2	114	12	1	766.48	0
103	2	2	115	8	0	656.69	0
103	2	2	116	6	1	711.92	0
103	2	2	117	12	1	380.45	0
103	2	2	118	12	1	467.4	0
103	2	2	119	12	1	904.61	0
103	2	2	120	4	1	482.51	0
103	3	3	1	12	1	540.67	0
103	3	3	2	12	1	471.77	0
103	3	3	3	1	1	656.82	0
103	3	3	4	10	1	557.77	0
103	3	3	5	10	1	373.69	0
103	3	3	6	10	1	401.3	0
103	3	3	7	8	0	595.82	0
103	3	3	8	12	1	468.65	0
103	3	3	9	5	1	407.87	0
103	3	3	10	5	1	424.08	0
103	3	3	11	3	1	623.28	0
103	3	3	12	10	1	761.15	0
103	3	3	13	8	0	798.62	0
103	3	3	14	1	1	696.82	0
103	3	3	15	1	1	460.87	0
103	3	3	16	10	1	497.74	0
103	3	3	17	3	1	547.81	0
103	3	3	18	8	1	530.84	0
103	3	3	19	1	1	440.47	0
103	3	3	20	8	1	348.81	0
103	3	3	21	5	1	549.1	0
103	3	3	22	5	1	394.67	0
103	3	3	23	10	0	601.71	0
103	3	3	24	10	1	387.23	0
103	3	3	25	5	1	673.22	0
103	3	3	26	3	1	526.7	0
103	3	3	27	10	1	403.66	0
103	3	3	28	10	1	757.04	0
103	3	3	29	10	1	361.45	0
103	3	3	30	3	1	744.69	0
103	3	3	31	10	1	520.68	0
103	3	3	32	8	1	631.14	0
103	3	3	33	3	1	445.41	0
103	3	3	34	12	1	570.55	0
103	3	3	35	8	1	400.49	0
103	3	3	36	1	1	644.61	0
103	3	3	37	5	1	760.43	0
103	3	3	38	8	1	462.49	0
103	3	3	39	5	1	587.52	0
103	3	3	40	5	1	319.72	0
103	3	3	41	12	1	546	0
103	3	3	42	8	1	561.53	0
103	3	3	43	8	1	449.27	0
103	3	3	44	10	1	366.22	0
103	3	3	45	1	1	838.69	0
103	3	3	46	12	1	654.74	0
103	3	3	47	12	1	498.34	0
103	3	3	48	5	1	500.01	0
103	3	3	49	12	1	761.68	0
103	3	3	50	3	1	730.61	0
103	3	3	51	10	1	650.14	0
103	3	3	52	12	1	597.26	0
103	3	3	53	3	1	356.66	0
103	3	3	54	12	1	546.97	0
103	3	3	55	8	1	829.62	0
103	3	3	56	3	1	491.16	0
103	3	3	57	10	1	457.92	0
103	3	3	58	10	1	679.89	0
103	3	3	59	10	1	524.28	0
103	3	3	60	1	1	390.9	0
103	3	3	61	1	1	402.29	0
103	3	3	62	3	1	506.68	0
103	3	3	63	10	1	555.58	0
103	3	3	64	5	1	541.07	0
103	3	3	65	5	1	675.64	0
103	3	3	66	1	1	367.55	0
103	3	3	67	1	1	318.11	0
103	3	3	68	3	1	532.85	0
103	3	3	69	1	1	534.44	0
103	3	3	70	5	1	946.79	0
103	3	3	71	1	1	931.01	0
103	3	3	72	8	1	555.65	0
103	3	3	73	5	1	391.23	0
103	3	3	74	3	1	1075	0
103	3	3	75	12	1	350.49	0
103	3	3	76	3	1	534.04	0
103	3	3	77	1	1	570.72	0
103	3	3	78	8	1	532.91	0
103	3	3	79	1	1	440.21	0
103	3	3	80	1	1	424.73	0
103	3	3	81	12	1	587.32	0
103	3	3	82	3	1	421.59	0
103	3	3	83	8	1	563.58	0
103	3	3	84	3	1	621.17	0
103	3	3	85	8	1	1058.9	0
103	3	3	86	1	1	503.33	0
103	3	3	87	8	1	565.9	0
103	3	3	88	3	1	660.77	0
103	3	3	89	8	1	816.54	0
103	3	3	90	12	1	507.7	0
103	3	3	91	10	1	387.98	0
103	3	3	92	8	1	491.52	0
103	3	3	93	5	1	426.88	0
103	3	3	94	8	1	786.03	0
103	3	3	95	1	1	356.17	0
103	3	3	96	12	1	450.16	0
103	3	3	97	12	1	563.47	0
103	3	3	98	12	1	516.73	0
103	3	3	99	3	1	445.55	0
103	3	3	100	5	1	812.49	1
103	3	3	101	12	1	406.26	0
103	3	3	102	12	1	326.57	0
103	3	3	103	1	1	537.76	0
103	3	3	104	8	1	649.33	0
103	3	3	105	5	1	433.8	0
103	3	3	106	3	1	476.49	0
103	3	3	107	10	1	451.87	0
103	3	3	108	10	1	351.74	0
103	3	3	109	8	1	631.48	0
103	3	3	110	5	1	430.14	0
103	3	3	111	3	1	491.23	0
103	3	3	112	12	1	349.7	0
103	3	3	113	5	1	515.03	0
103	3	3	114	1	1	418.12	0
103	3	3	115	1	1	488.98	0
103	3	3	116	3	1	525.53	0
103	3	3	117	5	1	515.27	0
103	3	3	118	5	0	741.79	0
103	3	3	119	3	1	518.02	0
103	3	3	120	12	1	439.46	0
103	4	3	1	2	1	449.04	0
103	4	3	2	11	1	418.93	0
103	4	3	3	9	1	600.45	0
103	4	3	4	11	1	619.14	0
103	4	3	5	6	1	614.64	1
103	4	3	6	2	1	483.33	1
103	4	3	7	9	1	561.02	0
103	4	3	8	2	1	451.24	0
103	4	3	9	7	1	521.53	1
103	4	3	10	6	0	698.69	0
103	4	3	11	7	1	533.68	0
103	4	3	12	7	1	390.87	0
103	4	3	13	2	1	351.24	0
103	4	3	14	9	1	395.54	0
103	4	3	15	4	1	859.68	0
103	4	3	16	4	1	590.96	0
103	4	3	17	2	1	552.04	0
103	4	3	18	11	1	539.81	0
103	4	3	19	4	1	432.78	0
103	4	3	20	9	1	487.36	0
103	4	3	21	11	1	439.63	0
103	4	3	22	7	1	613.98	0
103	4	3	23	4	1	623.45	0
103	4	3	24	9	1	441.44	0
103	4	3	25	4	1	458.99	0
103	4	3	26	7	1	471.01	0
103	4	3	27	7	1	603.35	0
103	4	3	28	2	1	697.38	0
103	4	3	29	2	1	327.67	0
103	4	3	30	11	1	366.78	0
103	4	3	31	11	1	330.44	0
103	4	3	32	9	1	724.66	0
103	4	3	33	11	1	482.84	0
103	4	3	34	6	1	566.48	0
103	4	3	35	11	1	494.38	0
103	4	3	36	6	1	509.37	0
103	4	3	37	7	1	534.87	0
103	4	3	38	7	1	529.27	0
103	4	3	39	11	1	403.39	0
103	4	3	40	6	1	693.7	0
103	4	3	41	4	1	507.93	0
103	4	3	42	4	1	804.79	0
103	4	3	43	6	1	566.83	0
103	4	3	44	4	1	573.22	0
103	4	3	45	9	1	494.19	0
103	4	3	46	4	1	428.43	0
103	4	3	47	6	0	617.02	0
103	4	3	48	2	1	370.28	0
103	4	3	49	2	1	611.49	0
103	4	3	50	6	1	670.75	0
103	4	3	51	2	1	566.16	0
103	4	3	52	7	0	695.2	0
103	4	3	53	2	1	504.15	0
103	4	3	54	9	1	373.06	0
103	4	3	55	6	1	971.46	0
103	4	3	56	7	1	816.58	0
103	4	3	57	6	1	1182.5	0
103	4	3	58	6	0	755.39	0
103	4	3	59	7	1	711.69	0
103	4	3	60	6	1	903.7	0
103	4	3	61	11	1	372.3	0
103	4	3	62	9	1	346.48	0
103	4	3	63	9	1	484.71	0
103	4	3	64	2	1	485.71	0
103	4	3	65	4	1	479.95	0
103	4	3	66	6	0	767.62	0
103	4	3	67	2	1	374.66	0
103	4	3	68	6	1	607.41	0
103	4	3	69	9	1	413.43	0
103	4	3	70	4	1	588.24	0
103	4	3	71	11	1	373.43	0
103	4	3	72	7	1	582.22	0
103	4	3	73	2	1	386.69	0
103	4	3	74	7	1	429.28	0
103	4	3	75	2	1	618.69	0
103	4	3	76	9	1	353.14	0
103	4	3	77	7	1	447.05	0
103	4	3	78	6	1	363.44	0
103	4	3	79	9	1	482.05	0
103	4	3	80	11	1	943.03	0
103	4	3	81	9	1	555.47	0
103	4	3	82	7	1	532.55	0
103	4	3	83	7	1	412.27	0
103	4	3	84	2	1	485.67	0
103	4	3	85	6	1	1164.7	0
103	4	3	86	9	1	385.97	0
103	4	3	87	4	1	790.72	0
103	4	3	88	4	1	670.74	0
103	4	3	89	4	1	584.17	0
103	4	3	90	2	1	1090.6	0
103	4	3	91	4	1	545.26	0
103	4	3	92	7	1	400.55	0
103	4	3	93	2	1	499.57	0
103	4	3	94	11	1	565.58	0
103	4	3	95	11	1	820.1	0
103	4	3	96	6	1	522.35	0
103	4	3	97	4	1	713.31	0
103	4	3	98	4	1	487.39	0
103	4	3	99	4	1	517.63	0
103	4	3	100	9	1	371.16	0
103	4	3	101	9	1	596.49	0
103	4	3	102	11	1	830.07	0
103	4	3	103	11	1	428.21	0
103	4	3	104	11	1	424.45	0
103	4	3	105	4	1	556.88	0
103	4	3	106	7	1	572.06	0
103	4	3	107	4	0	773.88	0
103	4	3	108	9	1	320.11	0
103	4	3	109	11	1	493.63	0
103	4	3	110	7	1	491.26	0
103	4	3	111	2	1	501.49	0
103	4	3	112	2	1	343.35	0
103	4	3	113	6	1	792.89	0
103	4	3	114	6	1	896.06	0
103	4	3	115	11	1	407.05	0
103	4	3	116	6	1	517.32	0
103	4	3	117	7	1	861.87	0
103	4	3	118	11	1	436.24	1
103	4	3	119	9	1	353.45	0
103	4	3	120	9	1	435.65	1
103	1	3	1	9	1	391.21	0
103	1	3	2	1	1	596.5	0
103	1	3	3	9	1	392.6	0
103	1	3	4	7	0	394.39	0
103	1	3	5	11	1	775.84	0
103	1	3	6	7	0	1134.1	0
103	1	3	7	5	1	426.32	0
103	1	3	8	1	1	388.96	0
103	1	3	9	7	1	657.93	0
103	1	3	10	5	1	574.64	0
103	1	3	11	7	1	454.65	0
103	1	3	12	11	1	482.83	0
103	1	3	13	5	1	498.48	0
103	1	3	14	5	1	378.72	0
103	1	3	15	3	1	586.62	0
103	1	3	16	3	1	509.9	0
103	1	3	17	1	1	455.91	0
103	1	3	18	9	1	561.39	0
103	1	3	19	3	1	367.63	0
103	1	3	20	11	1	526.62	0
103	1	3	21	11	1	406.83	0
103	1	3	22	5	1	367.5	0
103	1	3	23	11	1	393.64	0
103	1	3	24	7	1	1093.1	0
103	1	3	25	9	1	714.81	0
103	1	3	26	9	1	507.78	0
103	1	3	27	7	0	533.64	0
103	1	3	28	3	1	530.06	0
103	1	3	29	1	1	495.81	0
103	1	3	30	1	1	644.76	0
103	1	3	31	1	1	583.13	0
103	1	3	32	11	1	431.48	0
103	1	3	33	3	1	455.4	0
103	1	3	34	9	1	531.9	0
103	1	3	35	1	1	534.61	0
103	1	3	36	7	1	671.9	0
103	1	3	37	9	1	1004.5	0
103	1	3	38	1	1	624.98	0
103	1	3	39	3	1	381.03	0
103	1	3	40	1	0	562.93	0
103	1	3	41	11	1	421.93	0
103	1	3	42	1	1	357.8	0
103	1	3	43	7	1	479.59	0
103	1	3	44	1	1	512.1	0
103	1	3	45	9	1	433.11	0
103	1	3	46	11	1	462.06	0
103	1	3	47	5	1	646.39	0
103	1	3	48	9	1	430.62	0
103	1	3	49	9	1	716.19	0
103	1	3	50	7	1	736.29	0
103	1	3	51	3	1	369.53	0
103	1	3	52	7	1	569.48	0
103	1	3	53	7	1	495.58	0
103	1	3	54	7	1	741.01	0
103	1	3	55	1	1	410.94	0
103	1	3	56	3	1	780.81	0
103	1	3	57	7	1	553.04	0
103	1	3	58	7	1	497.99	0
103	1	3	59	3	1	446.19	0
103	1	3	60	5	1	645.12	0
103	1	3	61	9	1	466.63	0
103	1	3	62	9	1	414.56	0
103	1	3	63	3	1	342.07	0
103	1	3	64	3	1	485.25	0
103	1	3	65	5	1	480.62	0
103	1	3	66	5	1	724.64	0
103	1	3	67	3	1	535.95	0
103	1	3	68	5	0	438.88	0
103	1	3	69	5	1	539.28	0
103	1	3	70	7	0	582.55	0
103	1	3	71	11	1	572.09	0
103	1	3	72	11	1	687.89	0
103	1	3	73	9	1	961.82	1
103	1	3	74	3	1	404.24	0
103	1	3	75	1	1	767.54	0
103	1	3	76	11	1	638.27	0
103	1	3	77	5	1	415.25	0
103	1	3	78	1	1	389.78	0
103	1	3	79	3	1	639.89	0
103	1	3	80	5	0	562.94	0
103	1	3	81	9	1	652.2	0
103	1	3	82	1	1	402.25	0
103	1	3	83	5	1	614.44	0
103	1	3	84	3	1	469.38	0
103	1	3	85	5	1	823.81	0
103	1	3	86	11	1	560.57	0
103	1	3	87	3	1	367.62	0
103	1	3	88	11	1	473.3	0
103	1	3	89	11	1	384.23	0
103	1	3	90	7	1	630.78	0
103	1	3	91	5	1	575.03	0
103	1	3	92	1	1	424.09	0
103	1	3	93	1	1	527.99	0
103	1	3	94	3	1	510.57	0
103	1	3	95	11	1	534.69	0
103	1	3	96	11	1	556.92	0
103	1	3	97	9	1	1075.1	0
103	1	3	98	9	1	492.02	0
103	1	3	99	9	1	442.59	0
103	1	3	100	11	1	482.06	0
103	1	3	101	5	1	337.75	1
103	1	3	102	7	0	824.15	0
103	1	3	103	1	1	443.2	0
103	1	3	104	1	1	449.88	0
103	1	3	105	11	1	483.15	0
103	1	3	106	11	1	443.28	0
103	1	3	107	3	1	537.13	0
103	1	3	108	5	1	433.41	0
103	1	3	109	9	1	845.16	0
103	1	3	110	7	1	610.78	0
103	1	3	111	3	1	464.15	0
103	1	3	112	9	1	685.9	0
103	1	3	113	7	1	612.92	0
103	1	3	114	9	0	466.46	0
103	1	3	115	11	1	593.53	0
103	1	3	116	5	1	550.03	0
103	1	3	117	7	0	588.69	0
103	1	3	118	1	1	568.04	0
103	1	3	119	3	0	918	0
103	1	3	120	5	1	562.16	0
103	2	3	1	12	1	421.33	0
103	2	3	2	2	0	727.66	0
103	2	3	3	12	1	389.15	0
103	2	3	4	10	1	648.99	0
103	2	3	5	4	1	406.95	0
103	2	3	6	2	1	455.14	0
103	2	3	7	8	1	405.81	0
103	2	3	8	12	1	485.39	0
103	2	3	9	4	1	343.76	0
103	2	3	10	8	1	640.54	0
103	2	3	11	12	1	580.42	0
103	2	3	12	8	1	732.38	1
103	2	3	13	6	0	823.35	0
103	2	3	14	2	1	666.14	0
103	2	3	15	2	1	561.43	0
103	2	3	16	12	1	355.06	0
103	2	3	17	2	1	475.71	0
103	2	3	18	2	1	346.76	0
103	2	3	19	12	1	456.04	0
103	2	3	20	10	1	606.95	1
103	2	3	21	10	1	610.36	0
103	2	3	22	6	1	395.75	0
103	2	3	23	8	1	670.96	0
103	2	3	24	4	1	717.61	0
103	2	3	25	10	1	507.31	0
103	2	3	26	4	1	388.58	0
103	2	3	27	10	1	301.35	0
103	2	3	28	10	1	402.38	0
103	2	3	29	4	1	447.16	0
103	2	3	30	6	1	939.78	0
103	2	3	31	10	1	658.57	0
103	2	3	32	12	1	325.87	0
103	2	3	33	10	0	493.88	0
103	2	3	34	12	1	699.75	0
103	2	3	35	12	1	678.16	0
103	2	3	36	8	1	413.09	0
103	2	3	37	8	1	759.82	0
103	2	3	38	2	1	451.72	0
103	2	3	39	6	1	515.43	0
103	2	3	40	8	1	474.8	1
103	2	3	41	12	1	516.69	0
103	2	3	42	6	1	596.69	0
103	2	3	43	2	1	451.24	0
103	2	3	44	8	0	609.02	0
103	2	3	45	10	1	589.86	0
103	2	3	46	6	1	468.5	0
103	2	3	47	8	1	594.55	0
103	2	3	48	2	1	433.27	0
103	2	3	49	10	1	504.37	0
103	2	3	50	6	1	465.24	0
103	2	3	51	8	0	552.87	0
103	2	3	52	2	1	669.18	0
103	2	3	53	4	1	429.48	0
103	2	3	54	2	1	682.48	0
103	2	3	55	4	1	621.55	0
103	2	3	56	6	1	639.65	0
103	2	3	57	6	1	644.64	0
103	2	3	58	6	1	534.21	0
103	2	3	59	4	1	858.01	0
103	2	3	60	12	1	744.44	0
103	2	3	61	4	1	626.43	0
103	2	3	62	2	1	542.15	0
103	2	3	63	8	1	486.95	0
103	2	3	64	2	1	337.38	0
103	2	3	65	4	1	706.35	1
103	2	3	66	10	1	494.03	0
103	2	3	67	6	1	550.9	0
103	2	3	68	10	1	457.12	0
103	2	3	69	6	1	370.19	0
103	2	3	70	2	1	441.87	0
103	2	3	71	8	1	859.06	0
103	2	3	72	2	1	345.41	0
103	2	3	73	12	1	661.47	0
103	2	3	74	10	1	503.74	0
103	2	3	75	4	1	718.98	0
103	2	3	76	8	1	703.15	0
103	2	3	77	4	1	639.11	0
103	2	3	78	6	1	841.79	0
103	2	3	79	8	0	1380.1	0
103	2	3	80	12	1	415.47	0
103	2	3	81	10	1	603.02	0
103	2	3	82	10	1	424.22	0
103	2	3	83	12	1	379.08	0
103	2	3	84	8	1	473.23	0
103	2	3	85	2	1	596.13	0
103	2	3	86	2	1	392.02	0
103	2	3	87	8	0	787.25	0
103	2	3	88	4	1	537.73	0
103	2	3	89	10	1	439.71	0
103	2	3	90	12	1	651.32	0
103	2	3	91	4	1	470.81	0
103	2	3	92	10	1	441.07	0
103	2	3	93	2	1	445.8	0
103	2	3	94	12	1	528.2	0
103	2	3	95	4	1	652.42	0
103	2	3	96	2	1	365.31	0
103	2	3	97	6	1	416.7	1
103	2	3	98	6	1	491.28	0
103	2	3	99	6	1	573.46	0
103	2	3	100	4	1	449.64	0
103	2	3	101	6	1	950.48	0
103	2	3	102	12	1	391.46	0
103	2	3	103	8	1	424.09	0
103	2	3	104	8	1	1088.1	0
103	2	3	105	4	1	602.66	0
103	2	3	106	12	1	716.04	0
103	2	3	107	12	1	454.33	1
103	2	3	108	10	1	481.1	1
103	2	3	109	8	1	540.67	0
103	2	3	110	10	1	502.43	0
103	2	3	111	6	1	1030.3	0
103	2	3	112	4	1	386.65	1
103	2	3	113	10	1	605.05	0
103	2	3	114	4	1	585.48	0
103	2	3	115	4	1	384.75	0
103	2	3	116	12	1	519.48	0
103	2	3	117	6	1	640.75	0
103	2	3	118	6	1	503.63	0
103	2	3	119	2	1	520.64	0
103	2	3	120	8	1	407.62	0
103	5	3	1	12	1	718.58	0
103	5	3	2	10	1	855	0
103	5	3	3	9	0	1276.4	0
103	5	3	4	10	1	467.81	0
103	5	3	5	6	1	450.96	0
103	5	3	6	11	1	414.46	0
103	5	3	7	6	1	669.62	0
103	5	3	8	8	1	622.35	0
103	5	3	9	4	1	574.25	0
103	5	3	10	12	1	443.02	0
103	5	3	11	2	0	910.47	0
103	5	3	12	6	1	798.88	0
103	5	3	13	11	1	853.56	0
103	5	3	14	6	1	569.35	0
103	5	3	15	7	1	483.55	0
103	5	3	16	10	1	459.02	0
103	5	3	17	4	1	488.84	0
103	5	3	18	7	1	576.98	0
103	5	3	19	1	1	418.68	0
103	5	3	20	12	1	602.65	0
103	5	3	21	11	0	642.16	0
103	5	3	22	5	0	1122.1	0
103	5	3	23	7	0	488.38	0
103	5	3	24	3	1	589.53	0
103	5	3	25	1	1	645.7	0
103	5	3	26	4	1	584.85	0
103	5	3	27	3	1	730.35	0
103	5	3	28	12	1	523.04	0
103	5	3	29	8	0	1025.1	0
103	5	3	30	2	1	720.54	0
103	5	3	31	11	1	570.38	0
103	5	3	32	1	1	393.45	0
103	5	3	33	5	0	351.94	0
103	5	3	34	7	1	553.07	0
103	5	3	35	6	1	909.46	0
103	5	3	36	4	0	691.41	0
103	5	3	37	9	1	367.39	1
103	5	3	38	2	1	680.4	0
103	5	3	39	11	1	378.02	0
103	5	3	40	1	1	623.45	0
103	5	3	41	4	0	1010.6	0
103	5	3	42	11	1	342.17	0
103	5	3	43	12	1	745.31	0
103	5	3	44	5	1	505.69	0
103	5	3	45	6	1	991.3	0
103	5	3	46	12	1	374.09	0
103	5	3	47	8	1	742.07	0
103	5	3	48	5	0	675.52	0
103	5	3	49	8	1	1022	0
103	5	3	50	8	1	424.59	0
103	5	3	51	9	1	1437.1	0
103	5	3	52	3	1	586.46	0
103	5	3	53	10	1	488.57	0
103	5	3	54	9	1	441.57	0
103	5	3	55	8	1	414.92	0
103	5	3	56	12	1	453.3	0
103	5	3	57	7	1	569.64	0
103	5	3	58	4	1	490.07	0
103	5	3	59	3	1	830.09	0
103	5	3	60	10	1	713.37	0
103	5	3	61	10	1	759.61	0
103	5	3	62	5	1	696.45	0
103	5	3	63	11	1	756.09	0
103	5	3	64	6	1	437.85	0
103	5	3	65	9	1	454.17	0
103	5	3	66	10	1	451.44	0
103	5	3	67	8	0	803.84	0
103	5	3	68	2	1	428.44	0
103	5	3	69	4	1	903.75	0
103	5	3	70	12	1	626.82	0
103	5	3	71	8	0	1202.4	0
103	5	3	72	8	1	882.85	0
103	5	3	73	7	0	692.67	0
103	5	3	74	9	1	666.59	0
103	5	3	75	11	1	868.55	0
103	5	3	76	5	1	408.91	0
103	5	3	77	6	0	749.6	0
103	5	3	78	9	1	503.41	0
103	5	3	79	10	1	553.72	0
103	5	3	80	9	1	393.74	0
103	5	3	81	7	1	549.21	0
103	5	3	82	3	1	634.41	0
103	5	3	83	5	0	966.99	0
103	5	3	84	1	1	691.06	0
103	5	3	85	9	1	422.66	0
103	5	3	86	2	1	540.68	0
103	5	3	87	1	1	432.65	0
103	5	3	88	5	0	495.84	1
103	5	3	89	1	1	947.93	0
103	5	3	90	2	1	588.52	0
103	5	3	91	10	1	418.52	0
103	5	3	92	11	0	749.5	0
103	5	3	93	1	1	486	0
103	5	3	94	3	0	623.04	0
103	5	3	95	10	1	700.46	0
103	5	3	96	2	1	659.45	0
103	5	3	97	3	0	645.83	0
103	5	3	98	4	1	532.34	0
103	5	3	99	7	1	448.34	0
103	5	3	100	8	1	631.51	0
103	5	3	101	1	1	426.38	0
103	5	3	102	4	1	601	0
103	5	3	103	11	1	610.32	0
103	5	3	104	3	1	424.51	0
103	5	3	105	12	1	474.71	0
103	5	3	106	5	1	693.15	0
103	5	3	107	1	1	384.6	0
103	5	3	108	4	0	1120.7	0
103	5	3	109	9	1	592.78	0
103	5	3	110	2	1	517.95	0
103	5	3	111	7	1	472.49	0
103	5	3	112	2	1	527.78	0
103	5	3	113	6	1	628.13	0
103	5	3	114	7	1	577.39	0
103	5	3	115	12	1	654.16	0
103	5	3	116	2	1	606.21	0
103	5	3	117	6	0	482.98	0
103	5	3	118	5	1	1163.9	0
103	5	3	119	3	1	603.76	0
103	5	3	120	3	1	387.36	0
103	5	3	1	6	0	974.22	0
103	5	3	2	11	1	690.63	0
103	5	3	3	10	1	391.54	0
103	5	3	4	12	1	826.9	0
103	5	3	5	6	1	564.44	0
103	5	3	6	6	1	563.85	0
103	5	3	7	3	1	356.11	0
103	5	3	8	4	1	732.53	0
103	5	3	9	10	1	491.1	0
103	5	3	10	4	1	494.49	0
103	5	3	11	2	1	461.55	0
103	5	3	12	12	1	414.16	1
103	5	3	13	5	1	790.51	0
103	5	3	14	10	1	381.28	0
103	5	3	15	12	1	513.11	0
103	5	3	16	7	1	781.31	0
103	5	3	17	10	1	471.77	0
103	5	3	18	8	0	632.98	0
103	5	3	19	5	0	1994.2	0
103	5	3	20	11	1	350.7	0
103	5	3	21	11	1	706.25	0
103	5	3	22	2	1	440.78	0
103	5	3	23	5	0	677.65	0
103	5	3	24	10	1	579.06	0
103	5	3	25	1	1	522.75	0
103	5	3	26	1	1	422.88	0
103	5	3	27	5	1	478.88	0
103	5	3	28	11	1	628.57	0
103	5	3	29	10	1	694.78	0
103	5	3	30	9	0	1259.4	0
103	5	3	31	3	1	685.58	0
103	5	3	32	7	1	679.56	0
103	5	3	33	10	1	531.38	0
103	5	3	34	3	1	439.49	0
103	5	3	35	7	1	652.36	0
103	5	3	36	8	1	643.26	0
103	5	3	37	8	1	579.78	0
103	5	3	38	2	1	533.37	0
103	5	3	39	7	1	1122	0
103	5	3	40	2	1	599.59	0
103	5	3	41	4	1	1386.5	0
103	5	3	42	1	1	586.78	1
103	5	3	43	5	0	856.54	0
103	5	3	44	2	1	1015.8	0
103	5	3	45	3	0	654.94	0
103	5	3	46	9	1	571.8	0
103	5	3	47	8	0	684.09	0
103	5	3	48	5	1	666.48	0
103	5	3	49	1	1	701.36	0
103	5	3	50	12	1	842.94	0
103	5	3	51	10	1	934.54	0
103	5	3	52	11	0	700.61	0
103	5	3	53	12	1	869.42	0
103	5	3	54	8	1	587.48	0
103	5	3	55	3	1	412.61	0
103	5	3	56	6	1	1013.4	0
103	5	3	57	3	1	605.42	0
103	5	3	58	3	1	570.24	0
103	5	3	59	2	1	463.34	0
103	5	3	60	12	1	646.93	0
103	5	3	61	5	0	803.83	0
103	5	3	62	9	1	532.24	0
103	5	3	63	7	1	907.07	0
103	5	3	64	4	1	436.33	0
103	5	3	65	6	1	777.87	0
103	5	3	66	10	1	640.21	0
103	5	3	67	7	1	981.98	0
103	5	3	68	6	1	1022.2	0
103	5	3	69	9	1	439.26	0
103	5	3	70	11	1	627.72	0
103	5	3	71	12	1	589.43	1
103	5	3	72	11	1	650.82	0
103	5	3	73	6	1	643.8	0
103	5	3	74	9	1	549.57	0
103	5	3	75	7	1	531.17	1
103	5	3	76	6	0	673.97	0
103	5	3	77	6	0	2124.9	0
103	5	3	78	6	1	717.74	0
103	5	3	79	4	1	492.07	0
103	5	3	80	9	1	382.13	0
103	5	3	81	8	1	477.06	0
103	5	3	82	2	1	486.42	0
103	5	3	83	5	0	675.58	0
103	5	3	84	4	0	549.59	0
103	5	3	85	3	1	439.43	1
103	5	3	86	1	1	438.84	0
103	5	3	87	1	1	438.81	0
103	5	3	88	1	1	469.8	0
103	5	3	89	1	1	476.57	0
103	5	3	90	10	1	559.96	0
103	5	3	91	1	1	405.82	0
103	5	3	92	12	0	1571.6	0
103	5	3	93	2	1	504.85	0
103	5	3	94	7	1	364.26	0
103	5	3	95	3	1	463.96	0
103	5	3	96	5	1	494.13	0
103	5	3	97	11	1	408.56	0
103	5	3	98	4	1	779.99	0
103	5	3	99	7	1	510.02	0
103	5	3	100	8	0	658.55	0
103	5	3	101	12	1	799.41	0
103	5	3	102	1	1	480.53	0
103	5	3	103	11	1	617.33	0
103	5	3	104	12	0	587.33	0
103	5	3	105	4	1	483.48	0
103	5	3	106	3	1	606.47	0
103	5	3	107	9	1	412.5	0
103	5	3	108	2	1	613.21	0
103	5	3	109	9	1	640.01	0
103	5	3	110	4	1	419.25	0
103	5	3	111	5	0	617.46	0
103	5	3	112	8	1	632.11	0
103	5	3	113	7	1	827.93	0
103	5	3	114	9	1	499.97	0
103	5	3	115	8	0	556.71	0
103	5	3	116	8	1	513.68	0
103	5	3	117	9	1	657.58	0
103	5	3	118	11	1	1167	0
103	5	3	119	4	1	976.33	0
103	5	3	120	2	1	516.32	0
103	1	4	1	3	1	528.85	0
103	1	4	2	5	1	1109.3	0
103	1	4	3	1	1	405.01	0
103	1	4	4	1	1	392.15	0
103	1	4	5	1	1	363.7	0
103	1	4	6	11	1	589.01	0
103	1	4	7	5	1	619.58	0
103	1	4	8	1	1	439.81	0
103	1	4	9	9	1	535.74	0
103	1	4	10	7	1	626.53	0
103	1	4	11	11	1	565.3	0
103	1	4	12	5	1	584.77	0
103	1	4	13	11	1	416.42	0
103	1	4	14	9	1	465.36	0
103	1	4	15	1	1	358.64	0
103	1	4	16	1	1	560.66	0
103	1	4	17	11	1	284.59	0
103	1	4	18	11	1	375.07	0
103	1	4	19	1	1	385.68	0
103	1	4	20	9	1	583.71	0
103	1	4	21	5	1	400.87	0
103	1	4	22	7	1	640.23	0
103	1	4	23	7	1	685.56	0
103	1	4	24	5	1	652.79	0
103	1	4	25	3	1	558.42	0
103	1	4	26	11	1	434.14	0
103	1	4	27	1	1	311.69	0
103	1	4	28	5	1	541.89	0
103	1	4	29	5	1	504.45	0
103	1	4	30	9	1	622.27	0
103	1	4	31	5	1	539.17	0
103	1	4	32	3	1	609.2	0
103	1	4	33	7	1	359.47	0
103	1	4	34	5	1	405.71	0
103	1	4	35	3	1	486.61	0
103	1	4	36	9	1	382.99	0
103	1	4	37	1	1	502.46	0
103	1	4	38	3	1	616.66	0
103	1	4	39	7	1	711.35	0
103	1	4	40	7	1	474.8	0
103	1	4	41	9	1	537.1	0
103	1	4	42	11	1	451.11	0
103	1	4	43	11	1	458.16	0
103	1	4	44	1	1	408.59	0
103	1	4	45	11	1	452.55	0
103	1	4	46	9	1	656.27	0
103	1	4	47	1	1	571.64	0
103	1	4	48	9	1	570.7	0
103	1	4	49	3	1	416.27	0
103	1	4	50	7	0	869.59	0
103	1	4	51	7	1	1316	0
103	1	4	52	9	1	443.47	0
103	1	4	53	7	0	659.41	0
103	1	4	54	5	1	402.82	0
103	1	4	55	7	0	859.17	0
103	1	4	56	11	1	832.23	0
103	1	4	57	1	1	468.23	0
103	1	4	58	1	1	375.77	0
103	1	4	59	1	1	347.63	0
103	1	4	60	7	1	600.08	0
103	1	4	61	9	1	563.86	0
103	1	4	62	7	0	614.84	0
103	1	4	63	11	1	477.33	0
103	1	4	64	5	1	575.34	0
103	1	4	65	3	1	515.62	0
103	1	4	66	11	1	478.87	0
103	1	4	67	7	0	855.28	0
103	1	4	68	9	0	500.9	0
103	1	4	69	3	1	414.93	0
103	1	4	70	5	1	480.24	0
103	1	4	71	11	1	423.11	0
103	1	4	72	11	1	385.02	0
103	1	4	73	9	1	703.77	0
103	1	4	74	7	0	624.34	0
103	1	4	75	11	1	488.96	0
103	1	4	76	9	1	879.74	0
103	1	4	77	1	1	269.95	0
103	1	4	78	5	0	747.2	0
103	1	4	79	3	1	417.46	0
103	1	4	80	3	1	408.82	0
103	1	4	81	3	1	1016.7	0
103	1	4	82	5	1	535.9	0
103	1	4	83	7	0	667.08	0
103	1	4	84	11	1	399.35	0
103	1	4	85	3	1	448.03	0
103	1	4	86	7	1	452.97	0
103	1	4	87	5	1	493.71	0
103	1	4	88	9	1	369.01	0
103	1	4	89	7	0	710.44	0
103	1	4	90	11	1	610.87	0
103	1	4	91	7	1	683.23	0
103	1	4	92	3	1	521.12	0
103	1	4	93	5	1	572.43	0
103	1	4	94	9	1	413.02	0
103	1	4	95	3	1	442.15	0
103	1	4	96	7	1	517.6	0
103	1	4	97	1	1	518.78	0
103	1	4	98	9	1	546.9	0
103	1	4	99	3	1	425.89	0
103	1	4	100	3	1	519.24	0
103	1	4	101	11	1	348.47	0
103	1	4	102	5	1	397.57	0
103	1	4	103	5	1	674.11	0
103	1	4	104	1	1	529.17	0
103	1	4	105	7	1	588.22	0
103	1	4	106	9	1	428.4	0
103	1	4	107	11	1	452.56	0
103	1	4	108	9	1	509.94	0
103	1	4	109	5	1	614.3	0
103	1	4	110	1	1	416.45	0
103	1	4	111	3	1	405.35	0
103	1	4	112	1	1	372.76	0
103	1	4	113	9	1	454.52	0
103	1	4	114	3	1	390.38	0
103	1	4	115	1	1	519.51	0
103	1	4	116	9	1	410.16	0
103	1	4	117	5	1	399.72	1
103	1	4	118	11	1	428.7	0
103	1	4	119	3	1	455.33	0
103	1	4	120	3	1	379.61	0
103	2	4	1	4	1	505.03	0
103	2	4	2	6	1	556.49	0
103	2	4	3	8	1	543.8	0
103	2	4	4	12	1	480.2	0
103	2	4	5	4	1	445.85	0
103	2	4	6	2	1	535.88	0
103	2	4	7	12	1	733.92	0
103	2	4	8	12	1	402.61	0
103	2	4	9	2	1	550.09	0
103	2	4	10	2	1	368.54	0
103	2	4	11	2	1	462.78	0
103	2	4	12	8	1	579.73	0
103	2	4	13	2	1	757.69	0
103	2	4	14	2	1	336.96	0
103	2	4	15	4	1	485.87	0
103	2	4	16	6	1	577.51	0
103	2	4	17	8	1	483.95	0
103	2	4	18	4	1	361.19	0
103	2	4	19	4	1	403.4	0
103	2	4	20	12	1	628.85	0
103	2	4	21	2	1	716.76	0
103	2	4	22	8	1	493.27	0
103	2	4	23	12	1	522.44	0
103	2	4	24	4	1	464.62	0
103	2	4	25	12	1	390.6	0
103	2	4	26	10	1	551.77	0
103	2	4	27	10	1	591.6	0
103	2	4	28	4	1	483.32	0
103	2	4	29	10	1	412.82	1
103	2	4	30	4	1	418.97	0
103	2	4	31	8	1	1014.4	0
103	2	4	32	8	1	441.12	0
103	2	4	33	2	1	568.03	0
103	2	4	34	6	0	577.12	0
103	2	4	35	10	1	451.92	0
103	2	4	36	10	1	423.66	0
103	2	4	37	2	1	438.72	0
103	2	4	38	12	1	476.04	0
103	2	4	39	2	1	319.83	0
103	2	4	40	4	1	866.19	0
103	2	4	41	8	1	1363.3	0
103	2	4	42	2	1	339.6	0
103	2	4	43	10	1	458.61	0
103	2	4	44	6	1	535.87	0
103	2	4	45	10	1	715.76	0
103	2	4	46	2	1	485.21	0
103	2	4	47	8	1	871.62	0
103	2	4	48	12	1	451.84	0
103	2	4	49	6	1	642.38	0
103	2	4	50	4	1	492.96	0
103	2	4	51	4	1	448.48	0
103	2	4	52	12	1	439.87	0
103	2	4	53	12	1	360.47	0
103	2	4	54	12	1	487.71	0
103	2	4	55	8	0	1634.2	0
103	2	4	56	10	1	475.75	0
103	2	4	57	10	1	367.95	0
103	2	4	58	12	1	422.57	0
103	2	4	59	4	1	310.93	0
103	2	4	60	4	1	381.26	0
103	2	4	61	8	1	480.4	0
103	2	4	62	4	1	399.89	0
103	2	4	63	8	0	625.17	0
103	2	4	64	4	1	675.11	0
103	2	4	65	10	1	360.29	0
103	2	4	66	6	1	588.98	0
103	2	4	67	8	1	577.45	0
103	2	4	68	2	1	559.13	0
103	2	4	69	10	1	338.24	0
103	2	4	70	4	1	356.8	0
103	2	4	71	8	1	517.76	0
103	2	4	72	6	0	781.26	0
103	2	4	73	6	1	917.79	0
103	2	4	74	10	1	573.73	0
103	2	4	75	10	1	652.94	0
103	2	4	76	12	1	452.76	0
103	2	4	77	10	1	420.71	0
103	2	4	78	2	1	478.13	0
103	2	4	79	10	1	537.41	0
103	2	4	80	6	1	383.23	0
103	2	4	81	6	1	366.55	0
103	2	4	82	6	1	564.23	0
103	2	4	83	2	1	509.54	0
103	2	4	84	8	0	560.2	0
103	2	4	85	4	1	687.17	0
103	2	4	86	12	1	811.57	0
103	2	4	87	8	0	655.37	0
103	2	4	88	6	0	525.55	0
103	2	4	89	6	1	708.53	0
103	2	4	90	8	1	805.85	0
103	2	4	91	8	1	630.93	0
103	2	4	92	12	1	661.13	0
103	2	4	93	10	1	857.97	0
103	2	4	94	6	1	877.09	0
103	2	4	95	4	1	516.59	0
103	2	4	96	6	0	1118.4	0
103	2	4	97	10	1	503	0
103	2	4	98	10	1	662.8	0
103	2	4	99	2	1	630.42	0
103	2	4	100	12	1	397.35	0
103	2	4	101	2	1	546.47	0
103	2	4	102	8	1	445.4	0
103	2	4	103	2	1	336.81	0
103	2	4	104	2	1	500.15	0
103	2	4	105	6	0	609.17	0
103	2	4	106	8	1	733.91	0
103	2	4	107	4	1	731.82	0
103	2	4	108	12	1	436.31	0
103	2	4	109	10	1	918.15	0
103	2	4	110	6	0	1002.1	0
103	2	4	111	6	1	440.92	0
103	2	4	112	12	1	601.82	0
103	2	4	113	6	1	619.02	0
103	2	4	114	12	1	582.21	0
103	2	4	115	12	1	432.96	0
103	2	4	116	2	1	353.11	0
103	2	4	117	6	0	947.99	0
103	2	4	118	10	1	354.07	0
103	2	4	119	8	1	506.51	0
103	2	4	120	4	1	526.43	0
103	5	4	1	9	1	636.94	0
103	5	4	2	8	0	546.6	0
103	5	4	3	11	1	425.95	0
103	5	4	4	9	1	443.98	0
103	5	4	5	5	0	652.66	0
103	5	4	6	11	1	896.64	0
103	5	4	7	5	0	1251.7	0
103	5	4	8	3	1	489.8	0
103	5	4	9	6	0	439.4	0
103	5	4	10	11	1	298.79	0
103	5	4	11	10	1	682.7	0
103	5	4	12	5	1	541.89	0
103	5	4	13	12	1	703.29	0
103	5	4	14	11	1	524.94	0
103	5	4	15	10	1	466.16	0
103	5	4	16	7	0	598.3	0
103	5	4	17	5	1	379.56	0
103	5	4	18	9	1	784.2	0
103	5	4	19	6	1	497.62	0
103	5	4	20	3	1	527.89	0
103	5	4	21	7	1	474.92	0
103	5	4	22	9	1	685.5	0
103	5	4	23	3	1	600.05	0
103	5	4	24	6	0	1242.2	0
103	5	4	25	12	1	424.99	0
103	5	4	26	10	1	887.21	0
103	5	4	27	4	1	409.05	0
103	5	4	28	4	1	537.53	0
103	5	4	29	8	1	760.69	0
103	5	4	30	7	0	493.64	0
103	5	4	31	10	1	719.42	0
103	5	4	32	7	0	509.18	0
103	5	4	33	10	1	612.68	0
103	5	4	34	3	1	565.16	0
103	5	4	35	1	0	677.03	0
103	5	4	36	4	0	719.38	0
103	5	4	37	6	1	1134.3	0
103	5	4	38	1	0	521.03	0
103	5	4	39	9	1	402.67	0
103	5	4	40	3	1	407.7	0
103	5	4	41	8	1	688.38	0
103	5	4	42	8	1	352.9	0
103	5	4	43	4	1	460.6	0
103	5	4	44	2	1	592.25	0
103	5	4	45	9	1	484.88	0
103	5	4	46	11	1	475	0
103	5	4	47	8	1	653.74	0
103	5	4	48	3	1	380.68	0
103	5	4	49	9	1	466.07	0
103	5	4	50	3	1	543.11	0
103	5	4	51	4	1	403.28	0
103	5	4	52	9	1	517.49	0
103	5	4	53	3	1	440.62	0
103	5	4	54	6	0	564.98	0
103	5	4	55	12	1	476.53	0
103	5	4	56	12	1	464.58	0
103	5	4	57	10	1	626.6	0
103	5	4	58	4	1	833.16	0
103	5	4	59	2	1	478.48	0
103	5	4	60	2	1	521.51	0
103	5	4	61	1	0	818.4	0
103	5	4	62	12	1	304.55	0
103	5	4	63	1	1	506.68	0
103	5	4	64	12	1	933.49	0
103	5	4	65	5	1	554.39	0
103	5	4	66	2	1	875.02	0
103	5	4	67	8	1	429.35	1
103	5	4	68	10	1	426.94	0
103	5	4	69	9	0	471.66	0
103	5	4	70	6	1	641.33	0
103	5	4	71	5	0	850.62	0
103	5	4	72	11	1	687.99	0
103	5	4	73	1	1	386.24	0
103	5	4	74	10	1	469.64	0
103	5	4	75	8	0	565.63	0
103	5	4	76	1	1	444.74	0
103	5	4	77	5	1	623.63	0
103	5	4	78	7	1	756.97	0
103	5	4	79	7	1	447.76	0
103	5	4	80	7	1	562.35	0
103	5	4	81	1	1	613.18	0
103	5	4	82	6	0	956.69	0
103	5	4	83	3	1	487.08	0
103	5	4	84	7	1	584.16	0
103	5	4	85	1	1	427.1	0
103	5	4	86	8	1	801.68	0
103	5	4	87	1	1	401.67	0
103	5	4	88	11	1	697.67	0
103	5	4	89	10	1	696.44	0
103	5	4	90	4	1	406.98	1
103	5	4	91	5	0	729.9	0
103	5	4	92	8	1	607.17	0
103	5	4	93	3	1	491.69	0
103	5	4	94	6	1	636.47	0
103	5	4	95	5	0	1059.6	0
103	5	4	96	10	1	505.73	0
103	5	4	97	2	1	349.07	0
103	5	4	98	12	1	400.55	0
103	5	4	99	6	1	443.27	0
103	5	4	100	12	1	605.65	0
103	5	4	101	9	0	673.59	0
103	5	4	102	11	1	350.64	0
103	5	4	103	7	1	508.49	0
103	5	4	104	4	1	564.42	0
103	5	4	105	5	0	895.16	0
103	5	4	106	2	1	436.93	0
103	5	4	107	2	1	509.8	0
103	5	4	108	1	0	1072.5	0
103	5	4	109	12	1	421.19	0
103	5	4	110	2	1	479.74	0
103	5	4	111	8	1	399.93	0
103	5	4	112	11	1	476	0
103	5	4	113	2	1	507.13	0
103	5	4	114	6	1	537.03	1
103	5	4	115	2	1	534.87	0
103	5	4	116	7	1	583.68	0
103	5	4	117	4	1	463.36	0
103	5	4	118	12	1	457.23	0
103	5	4	119	4	1	556.5	0
103	5	4	120	11	1	441.34	0
103	5	4	1	4	1	636.49	0
103	5	4	2	7	1	736.89	0
103	5	4	3	2	1	475.25	0
103	5	4	4	5	1	648.98	0
103	5	4	5	12	0	740.83	0
103	5	4	6	3	1	778.05	0
103	5	4	7	11	1	460.01	0
103	5	4	8	1	1	487.2	0
103	5	4	9	10	1	340.47	0
103	5	4	10	8	0	658.34	0
103	5	4	11	9	1	541.47	0
103	5	4	12	3	1	543.13	0
103	5	4	13	9	1	577.6	0
103	5	4	14	8	0	831.35	0
103	5	4	15	1	1	592.48	0
103	5	4	16	6	1	1128.9	1
103	5	4	17	4	0	1006.4	0
103	5	4	18	2	1	556.58	0
103	5	4	19	10	1	642.77	0
103	5	4	20	6	1	641.46	0
103	5	4	21	12	1	449.8	0
103	5	4	22	9	1	764.88	0
103	5	4	23	11	1	529.83	0
103	5	4	24	8	0	544.12	0
103	5	4	25	7	1	1071.8	0
103	5	4	26	12	0	883.95	0
103	5	4	27	8	1	766.57	0
103	5	4	28	7	0	632.09	0
103	5	4	29	3	1	684.82	0
103	5	4	30	4	1	725.4	0
103	5	4	31	10	1	460.55	0
103	5	4	32	2	1	416.86	0
103	5	4	33	8	1	441.43	0
103	5	4	34	12	1	486.67	0
103	5	4	35	10	1	482.08	0
103	5	4	36	6	1	472.32	0
103	5	4	37	5	1	715.42	0
103	5	4	38	1	1	605.75	0
103	5	4	39	3	0	589.01	0
103	5	4	40	1	1	373.34	0
103	5	4	41	12	1	522.49	0
103	5	4	42	1	1	358.79	0
103	5	4	43	5	1	504.25	0
103	5	4	44	1	1	414.75	0
103	5	4	45	6	0	472.86	0
103	5	4	46	12	1	375.39	0
103	5	4	47	10	1	526.32	0
103	5	4	48	5	1	523.87	0
103	5	4	49	4	1	525.21	0
103	5	4	50	4	1	545.54	0
103	5	4	51	5	1	1052.3	0
103	5	4	52	1	1	833.82	0
103	5	4	53	6	0	737.95	0
103	5	4	54	5	1	902.96	0
103	5	4	55	10	1	554.25	0
103	5	4	56	11	1	770.53	0
103	5	4	57	12	1	620.84	0
103	5	4	58	10	0	973.8	0
103	5	4	59	11	1	628.43	0
103	5	4	60	2	1	486.61	0
103	5	4	61	7	1	471.53	0
103	5	4	62	8	1	798.16	0
103	5	4	63	9	0	1114.5	0
103	5	4	64	12	1	644.32	0
103	5	4	65	12	1	718.02	0
103	5	4	66	8	0	546.4	0
103	5	4	67	10	1	482.49	0
103	5	4	68	6	0	696.95	0
103	5	4	69	2	1	671.06	0
103	5	4	70	9	1	584.84	0
103	5	4	71	9	1	642.75	0
103	5	4	72	7	0	717.01	1
103	5	4	73	2	1	580.54	0
103	5	4	74	9	1	515.52	0
103	5	4	75	9	0	697.86	0
103	5	4	76	7	1	502.03	0
103	5	4	77	4	1	434.85	0
103	5	4	78	10	1	874.52	0
103	5	4	79	2	1	494.21	0
103	5	4	80	7	1	536.84	0
103	5	4	81	11	1	409.37	0
103	5	4	82	11	1	704.4	0
103	5	4	83	6	1	572.56	0
103	5	4	84	11	1	576.21	0
103	5	4	85	10	0	594.42	0
103	5	4	86	11	1	696.47	0
103	5	4	87	3	1	507.98	0
103	5	4	88	3	0	749.01	0
103	5	4	89	8	1	461.04	0
103	5	4	90	8	0	813.62	0
103	5	4	91	2	1	441.39	0
103	5	4	92	7	1	758.1	0
103	5	4	93	4	1	384.64	0
103	5	4	94	9	1	683.81	0
103	5	4	95	1	1	499.76	0
103	5	4	96	6	0	593.07	0
103	5	4	97	2	1	689.52	0
103	5	4	98	7	0	639.19	0
103	5	4	99	4	1	863.52	0
103	5	4	100	6	1	877.72	0
103	5	4	101	5	1	408.62	0
103	5	4	102	3	1	732.78	0
103	5	4	103	3	1	1195.1	0
103	5	4	104	1	1	450.31	0
103	5	4	105	5	1	768.12	0
103	5	4	106	11	1	404.35	0
103	5	4	107	12	1	515.85	0
103	5	4	108	5	1	697.95	0
103	5	4	109	4	1	769.56	0
103	5	4	110	11	1	445.02	0
103	5	4	111	8	1	742.91	0
103	5	4	112	3	1	602.21	0
103	5	4	113	3	1	528.55	0
103	5	4	114	7	1	450.48	0
103	5	4	115	4	1	878.28	0
103	5	4	116	2	1	549.37	0
103	5	4	117	5	0	736.02	0
103	5	4	118	1	1	686.08	0
103	5	4	119	6	0	1094.9	0
103	5	4	120	9	1	416.22	0
103	4	4	1	11	1	440.75	0
103	4	4	2	2	1	443.46	0
103	4	4	3	4	1	508.28	0
103	4	4	4	4	1	554.86	0
103	4	4	5	9	1	622.22	0
103	4	4	6	11	1	1072.8	0
103	4	4	7	2	1	358.76	0
103	4	4	8	11	1	444.04	0
103	4	4	9	7	1	787.2	0
103	4	4	10	2	1	396.07	0
103	4	4	11	4	1	379.66	0
103	4	4	12	11	1	460.44	0
103	4	4	13	4	1	805.71	0
103	4	4	14	7	1	432.07	0
103	4	4	15	11	1	387.02	0
103	4	4	16	6	0	624.32	0
103	4	4	17	4	1	613.08	0
103	4	4	18	4	1	460.71	1
103	4	4	19	2	1	438.24	0
103	4	4	20	9	1	396.43	0
103	4	4	21	11	1	481.79	0
103	4	4	22	4	1	498.14	0
103	4	4	23	11	1	477.09	0
103	4	4	24	11	1	558.03	0
103	4	4	25	2	1	528.37	0
103	4	4	26	7	1	942.41	0
103	4	4	27	4	1	382.88	0
103	4	4	28	7	1	363.78	0
103	4	4	29	6	1	731.19	0
103	4	4	30	4	0	754.39	0
103	4	4	31	11	1	427.95	0
103	4	4	32	7	1	430.51	0
103	4	4	33	7	1	387.32	0
103	4	4	34	11	1	601.78	0
103	4	4	35	2	1	389.76	0
103	4	4	36	4	1	471.87	0
103	4	4	37	2	1	581.21	0
103	4	4	38	2	1	452.55	0
103	4	4	39	9	1	507.59	0
103	4	4	40	6	1	565.3	1
103	4	4	41	11	1	281.75	0
103	4	4	42	7	0	555.01	0
103	4	4	43	7	1	656.66	0
103	4	4	44	7	1	301.68	0
103	4	4	45	9	1	366.54	0
103	4	4	46	2	1	431.39	0
103	4	4	47	11	1	472.25	0
103	4	4	48	7	1	387.08	0
103	4	4	49	2	1	490.83	0
103	4	4	50	9	1	412.91	0
103	4	4	51	9	1	642.36	0
103	4	4	52	6	1	450.19	0
103	4	4	53	6	0	635.73	0
103	4	4	54	9	1	487.13	0
103	4	4	55	2	1	561.67	0
103	4	4	56	9	1	484.18	0
103	4	4	57	2	1	425.91	0
103	4	4	58	2	1	449.23	0
103	4	4	59	4	1	682.07	0
103	4	4	60	11	1	450.3	1
103	4	4	61	9	1	392.36	0
103	4	4	62	2	1	429.47	0
103	4	4	63	2	1	524.93	0
103	4	4	64	6	0	694.84	0
103	4	4	65	2	1	326.2	0
103	4	4	66	9	1	371.31	0
103	4	4	67	7	1	563.01	0
103	4	4	68	7	1	378.74	0
103	4	4	69	9	1	409.02	1
103	4	4	70	11	1	378.64	0
103	4	4	71	9	1	478.8	0
103	4	4	72	4	1	514.19	0
103	4	4	73	4	1	542.53	0
103	4	4	74	11	1	293.5	0
103	4	4	75	6	1	627.88	0
103	4	4	76	6	1	592.45	0
103	4	4	77	7	1	589.06	0
103	4	4	78	4	0	662.4	0
103	4	4	79	4	1	460.37	0
103	4	4	80	6	1	735.47	0
103	4	4	81	9	1	307.83	0
103	4	4	82	6	1	479.98	0
103	4	4	83	7	1	605.26	0
103	4	4	84	4	1	398.51	0
103	4	4	85	2	1	590.37	0
103	4	4	86	7	1	460.82	0
103	4	4	87	4	1	629.68	0
103	4	4	88	6	0	674.85	0
103	4	4	89	11	1	555.6	0
103	4	4	90	6	1	415.06	0
103	4	4	91	9	1	490.72	0
103	4	4	92	9	1	519.9	0
103	4	4	93	7	1	621.92	0
103	4	4	94	6	1	528.23	0
103	4	4	95	4	0	492.75	0
103	4	4	96	4	1	490.31	0
103	4	4	97	2	1	384.41	0
103	4	4	98	2	1	461.22	0
103	4	4	99	11	1	845.42	0
103	4	4	100	6	1	626.1	0
103	4	4	101	6	0	650.43	1
103	4	4	102	11	1	358.35	0
103	4	4	103	7	1	561.63	0
103	4	4	104	9	0	454.25	0
103	4	4	105	11	1	377.57	0
103	4	4	106	4	1	556.51	0
103	4	4	107	9	1	386.27	0
103	4	4	108	9	1	470.49	0
103	4	4	109	7	1	673.25	0
103	4	4	110	7	1	809.11	0
103	4	4	111	9	1	363.22	0
103	4	4	112	6	1	1068	0
103	4	4	113	11	1	560.25	0
103	4	4	114	6	1	398.29	0
103	4	4	115	6	1	525.27	0
103	4	4	116	2	0	553.79	0
103	4	4	117	6	0	436.55	0
103	4	4	118	6	1	663.38	0
103	4	4	119	7	1	768.06	0
103	4	4	120	9	1	438.23	0
103	3	4	1	10	1	421.71	0
103	3	4	2	5	1	544.84	0
103	3	4	3	10	1	517.38	0
103	3	4	4	3	1	473.72	0
103	3	4	5	1	1	570.31	0
103	3	4	6	1	1	420.54	0
103	3	4	7	10	1	439.93	0
103	3	4	8	10	1	454.31	0
103	3	4	9	3	1	707.27	0
103	3	4	10	12	1	521.36	0
103	3	4	11	5	1	519.73	0
103	3	4	12	12	1	387.08	0
103	3	4	13	1	1	446.79	0
103	3	4	14	10	1	521.59	0
103	3	4	15	3	1	398.04	0
103	3	4	16	10	1	600.02	0
103	3	4	17	1	1	542.29	0
103	3	4	18	5	1	854.2	0
103	3	4	19	12	1	477.14	0
103	3	4	20	1	1	478.08	0
103	3	4	21	1	1	459.18	0
103	3	4	22	5	0	647.81	1
103	3	4	23	5	1	479.77	0
103	3	4	24	1	1	472.23	0
103	3	4	25	12	1	419.91	0
103	3	4	26	3	1	1214.2	0
103	3	4	27	3	1	473.75	0
103	3	4	28	5	1	583.66	0
103	3	4	29	12	1	344.61	0
103	3	4	30	5	1	469.92	0
103	3	4	31	8	1	489.7	0
103	3	4	32	10	1	989.13	0
103	3	4	33	3	1	457.78	0
103	3	4	34	5	1	477.13	0
103	3	4	35	5	1	388.16	0
103	3	4	36	3	1	590.56	0
103	3	4	37	12	1	438.44	0
103	3	4	38	12	1	609.38	0
103	3	4	39	1	1	387.08	0
103	3	4	40	10	1	383.6	0
103	3	4	41	10	1	536.41	0
103	3	4	42	5	1	678.4	0
103	3	4	43	12	1	315.46	0
103	3	4	44	12	1	404.77	0
103	3	4	45	1	1	779.15	0
103	3	4	46	3	1	528.31	0
103	3	4	47	12	1	598.34	0
103	3	4	48	1	1	520.56	0
103	3	4	49	1	1	618.79	0
103	3	4	50	8	1	571.92	0
103	3	4	51	10	1	481.58	0
103	3	4	52	5	1	503.42	0
103	3	4	53	3	1	606.52	0
103	3	4	54	10	1	470.93	0
103	3	4	55	3	1	380.9	0
103	3	4	56	8	1	396.9	0
103	3	4	57	5	1	517.27	0
103	3	4	58	1	1	433.02	0
103	3	4	59	3	1	847.47	0
103	3	4	60	12	1	483.45	0
103	3	4	61	12	1	469.07	0
103	3	4	62	10	1	486.24	0
103	3	4	63	12	1	453.27	0
103	3	4	64	8	0	609.56	0
103	3	4	65	12	1	463.6	0
103	3	4	66	10	1	613.3	0
103	3	4	67	5	1	497.31	0
103	3	4	68	3	1	791.34	0
103	3	4	69	1	1	432.06	0
103	3	4	70	8	1	547.42	0
103	3	4	71	3	1	473.41	0
103	3	4	72	1	1	423.92	0
103	3	4	73	12	1	437.56	0
103	3	4	74	5	1	603.21	0
103	3	4	75	10	1	478.42	0
103	3	4	76	8	1	779.84	0
103	3	4	77	3	1	367.57	0
103	3	4	78	8	1	343.97	0
103	3	4	79	1	1	419.78	0
103	3	4	80	3	1	709.02	0
103	3	4	81	8	1	497.48	0
103	3	4	82	10	1	435.47	0
103	3	4	83	12	1	653.16	0
103	3	4	84	5	1	709.97	0
103	3	4	85	8	1	541.13	0
103	3	4	86	12	1	646.74	0
103	3	4	87	8	1	684.92	0
103	3	4	88	3	1	581.97	0
103	3	4	89	3	1	334.93	1
103	3	4	90	1	1	639.74	0
103	3	4	91	5	1	559.81	0
103	3	4	92	5	1	494.7	0
103	3	4	93	1	1	527.23	0
103	3	4	94	10	1	482.47	0
103	3	4	95	8	1	635.38	0
103	3	4	96	8	1	669.04	0
103	3	4	97	8	1	495.75	0
103	3	4	98	12	1	378.8	0
103	3	4	99	1	1	493.22	1
103	3	4	100	3	1	495.69	0
103	3	4	101	8	1	702.56	0
103	3	4	102	8	1	377.32	0
103	3	4	103	8	1	478.89	0
103	3	4	104	5	1	617.1	0
103	3	4	105	8	1	398.49	0
103	3	4	106	1	1	665.63	0
103	3	4	107	8	1	470.51	0
103	3	4	108	8	1	432.75	0
103	3	4	109	3	1	497.4	0
103	3	4	110	12	1	589.17	0
103	3	4	111	10	1	432.49	0
103	3	4	112	5	1	706.84	0
103	3	4	113	10	1	660.92	0
103	3	4	114	1	1	488.41	0
103	3	4	115	12	1	425.65	0
103	3	4	116	10	1	600.85	0
103	3	4	117	3	1	387.29	0
103	3	4	118	5	1	513.43	0
103	3	4	119	10	1	641.3	0
103	3	4	120	8	0	765.22	0
103	5	5	1	1	1	376.75	0
103	5	5	2	2	0	514.61	0
103	5	5	3	7	1	758.67	0
103	5	5	4	9	1	360.46	1
103	5	5	5	8	1	864.6	0
103	5	5	6	7	1	643.95	0
103	5	5	7	6	1	485.18	0
103	5	5	8	4	1	468.4	0
103	5	5	9	6	0	534.71	0
103	5	5	10	7	1	391	0
103	5	5	11	10	0	704.61	0
103	5	5	12	10	1	395.75	0
103	5	5	13	8	1	548.44	0
103	5	5	14	2	1	785.47	0
103	5	5	15	2	1	522.41	0
103	5	5	16	9	1	384.71	0
103	5	5	17	1	1	713.18	0
103	5	5	18	11	1	421.5	0
103	5	5	19	12	1	693.91	0
103	5	5	20	1	1	624.75	0
103	5	5	21	2	0	566.82	0
103	5	5	22	8	1	794.76	0
103	5	5	23	6	0	572.18	0
103	5	5	24	12	1	726.54	0
103	5	5	25	12	1	467.85	0
103	5	5	26	5	0	1011.9	0
103	5	5	27	8	1	537.86	0
103	5	5	28	11	0	587.36	0
103	5	5	29	5	1	451.93	0
103	5	5	30	3	1	450.07	0
103	5	5	31	4	0	845.01	0
103	5	5	32	5	0	756.84	0
103	5	5	33	4	0	634.59	0
103	5	5	34	6	0	659.06	0
103	5	5	35	3	1	535.05	0
103	5	5	36	10	1	434.05	0
103	5	5	37	7	0	655.71	0
103	5	5	38	11	1	516.05	0
103	5	5	39	6	1	785.51	0
103	5	5	40	1	1	508.62	0
103	5	5	41	3	1	522.67	0
103	5	5	42	8	1	373.79	0
103	5	5	43	8	1	510.29	0
103	5	5	44	10	1	648.83	0
103	5	5	45	10	1	473.66	0
103	5	5	46	9	0	664.94	0
103	5	5	47	7	1	545.89	0
103	5	5	48	12	1	655.54	0
103	5	5	49	3	1	489.4	0
103	5	5	50	2	1	897.08	0
103	5	5	51	1	1	512.43	0
103	5	5	52	5	0	621.38	0
103	5	5	53	9	1	279.67	0
103	5	5	54	3	1	759.26	0
103	5	5	55	11	1	428.84	0
103	5	5	56	7	1	609.92	0
103	5	5	57	12	1	715.3	0
103	5	5	58	9	1	832.44	0
103	5	5	59	3	0	962.5	0
103	5	5	60	11	1	562.29	0
103	5	5	61	12	1	557.27	0
103	5	5	62	9	0	775.21	0
103	5	5	63	10	1	387.31	0
103	5	5	64	6	0	459.83	0
103	5	5	65	1	1	436.66	0
103	5	5	66	5	1	594.93	0
103	5	5	67	11	1	359.72	0
103	5	5	68	2	1	502.89	0
103	5	5	69	3	1	807.14	0
103	5	5	70	4	1	784.36	0
103	5	5	71	3	0	654.3	0
103	5	5	72	4	1	403.86	0
103	5	5	73	5	0	890.2	0
103	5	5	74	3	1	756.64	0
103	5	5	75	9	1	774.35	0
103	5	5	76	4	1	570.54	0
103	5	5	77	9	1	423.89	0
103	5	5	78	6	1	505.12	0
103	5	5	79	12	1	582.67	0
103	5	5	80	10	1	897.96	0
103	5	5	81	8	1	759.95	0
103	5	5	82	9	1	647.37	0
103	5	5	83	1	1	680.01	0
103	5	5	84	7	1	529.76	0
103	5	5	85	5	1	593.24	0
103	5	5	86	4	1	680.08	0
103	5	5	87	9	1	676.44	0
103	5	5	88	5	1	551.07	0
103	5	5	89	12	1	673.21	0
103	5	5	90	10	1	533.02	0
103	5	5	91	12	1	523.66	0
103	5	5	92	4	1	362.26	0
103	5	5	93	1	1	446.66	0
103	5	5	94	2	1	614.04	0
103	5	5	95	6	0	561.77	0
103	5	5	96	11	1	439.23	0
103	5	5	97	8	0	575.18	0
103	5	5	98	4	1	635.18	0
103	5	5	99	11	1	506	0
103	5	5	100	3	1	524.82	0
103	5	5	101	11	1	345.64	0
103	5	5	102	12	1	522.92	0
103	5	5	103	2	1	720.98	0
103	5	5	104	2	1	464.29	0
103	5	5	105	5	1	516.45	0
103	5	5	106	6	1	912.76	0
103	5	5	107	7	1	544.78	0
103	5	5	108	10	1	562.4	0
103	5	5	109	6	1	879.39	0
103	5	5	110	1	1	605.88	0
103	5	5	111	5	1	977.25	0
103	5	5	112	11	1	400.59	0
103	5	5	113	7	1	629.39	0
103	5	5	114	7	1	528.65	0
103	5	5	115	1	1	561.28	0
103	5	5	116	8	1	875.77	0
103	5	5	117	2	1	450.76	0
103	5	5	118	10	1	380.2	0
103	5	5	119	4	1	443	0
103	5	5	120	8	1	590.4	0
103	5	5	1	1	1	910.5	0
103	5	5	2	2	1	714.14	0
103	5	5	3	3	0	675.72	0
103	5	5	4	9	1	335.39	0
103	5	5	5	12	1	566.86	0
103	5	5	6	5	1	574.24	0
103	5	5	7	9	1	425.25	0
103	5	5	8	7	1	942.72	0
103	5	5	9	12	1	634.86	0
103	5	5	10	4	1	576.78	0
103	5	5	11	7	1	462.83	0
103	5	5	12	8	1	449.56	0
103	5	5	13	5	1	639.98	0
103	5	5	14	4	1	541.48	0
103	5	5	15	12	1	426.68	0
103	5	5	16	10	1	492.54	0
103	5	5	17	9	1	602	0
103	5	5	18	3	1	550.24	0
103	5	5	19	11	1	339.52	0
103	5	5	20	10	1	603.14	0
103	5	5	21	10	1	603.92	0
103	5	5	22	10	1	407.65	0
103	5	5	23	11	1	756.54	0
103	5	5	24	7	1	530.8	0
103	5	5	25	3	1	434.91	0
103	5	5	26	9	1	436.9	0
103	5	5	27	11	1	603.08	0
103	5	5	28	7	0	594.72	0
103	5	5	29	5	0	588.63	0
103	5	5	30	5	0	515.07	0
103	5	5	31	10	1	554.94	0
103	5	5	32	8	1	720.05	0
103	5	5	33	4	1	477.31	0
103	5	5	34	2	1	579.27	0
103	5	5	35	6	1	461.3	0
103	5	5	36	2	1	509.75	0
103	5	5	37	7	1	609.54	0
103	5	5	38	8	0	747.25	0
103	5	5	39	11	0	639.11	0
103	5	5	40	10	0	554.25	0
103	5	5	41	4	1	387.5	0
103	5	5	42	1	1	835.65	0
103	5	5	43	3	1	515.1	0
103	5	5	44	6	1	783.87	0
103	5	5	45	11	1	398.48	0
103	5	5	46	3	1	524.97	0
103	5	5	47	5	0	1765.9	0
103	5	5	48	12	1	517.68	0
103	5	5	49	5	1	644.64	0
103	5	5	50	6	0	634.29	0
103	5	5	51	9	1	743.89	0
103	5	5	52	11	1	601.09	0
103	5	5	53	8	1	642.68	0
103	5	5	54	12	0	758.93	0
103	5	5	55	3	1	814.17	0
103	5	5	56	2	1	725.91	0
103	5	5	57	6	0	477.21	0
103	5	5	58	7	1	548.45	0
103	5	5	59	7	1	557.35	0
103	5	5	60	9	1	487.09	0
103	5	5	61	3	1	501.13	0
103	5	5	62	11	1	465.15	0
103	5	5	63	7	1	677.22	0
103	5	5	64	8	1	438.78	0
103	5	5	65	3	1	446.21	0
103	5	5	66	2	1	661.3	0
103	5	5	67	12	1	390.98	0
103	5	5	68	5	1	667.2	0
103	5	5	69	1	1	928.95	0
103	5	5	70	11	1	373.02	0
103	5	5	71	8	1	843.17	0
103	5	5	72	5	1	398.45	0
103	5	5	73	10	1	418.78	0
103	5	5	74	9	1	890.22	0
103	5	5	75	1	1	559.37	0
103	5	5	76	10	1	759.59	0
103	5	5	77	8	0	728.18	0
103	5	5	78	1	1	492.21	0
103	5	5	79	6	0	418.85	0
103	5	5	80	12	1	348.37	0
103	5	5	81	8	0	774.64	0
103	5	5	82	5	1	474.58	1
103	5	5	83	4	1	731.42	1
103	5	5	84	11	1	666.64	0
103	5	5	85	8	1	571.03	0
103	5	5	86	1	1	762.13	0
103	5	5	87	12	1	426.66	0
103	5	5	88	2	1	796.8	0
103	5	5	89	8	1	430.4	0
103	5	5	90	2	1	483.69	0
103	5	5	91	2	1	732.57	0
103	5	5	92	1	1	472.1	0
103	5	5	93	1	1	400.49	0
103	5	5	94	2	1	565.48	0
103	5	5	95	5	0	521.87	0
103	5	5	96	6	1	843.86	0
103	5	5	97	4	1	533.97	0
103	5	5	98	1	1	929.62	0
103	5	5	99	12	1	683.13	0
103	5	5	100	10	1	422.85	0
103	5	5	101	4	1	994.46	0
103	5	5	102	2	0	878.75	0
103	5	5	103	4	1	543.85	0
103	5	5	104	3	1	1396.6	0
103	5	5	105	10	1	668.47	0
103	5	5	106	4	1	723.15	0
103	5	5	107	3	0	732.1	1
103	5	5	108	6	1	579.73	0
103	5	5	109	9	1	376.7	0
103	5	5	110	7	1	1041.9	0
103	5	5	111	7	1	487.6	0
103	5	5	112	12	1	451.93	0
103	5	5	113	11	1	374.08	0
103	5	5	114	1	1	457.13	0
103	5	5	115	6	0	872.57	0
103	5	5	116	9	1	736.79	0
103	5	5	117	6	1	741.64	0
103	5	5	118	4	1	614.09	0
103	5	5	119	6	0	513.26	0
103	5	5	120	9	1	540.87	0
103	2	5	1	10	1	464.45	0
103	2	5	2	8	1	474.19	0
103	2	5	3	8	1	552.22	0
103	2	5	4	10	1	414.5	0
103	2	5	5	10	1	482.05	0
103	2	5	6	8	1	810.07	0
103	2	5	7	6	1	696.49	0
103	2	5	8	6	1	746.92	0
103	2	5	9	6	1	497.8	0
103	2	5	10	4	1	386.22	0
103	2	5	11	8	1	406.69	0
103	2	5	12	6	1	1019.6	0
103	2	5	13	10	1	424.8	0
103	2	5	14	12	1	367.68	0
103	2	5	15	8	1	456.02	0
103	2	5	16	4	1	794.73	0
103	2	5	17	10	1	416.09	0
103	2	5	18	6	0	789.41	0
103	2	5	19	2	0	543.57	0
103	2	5	20	2	1	665.68	0
103	2	5	21	2	1	336.01	0
103	2	5	22	4	1	482.84	0
103	2	5	23	8	1	396.24	0
103	2	5	24	8	1	496.88	0
103	2	5	25	6	0	528.9	0
103	2	5	26	12	1	437.69	0
103	2	5	27	8	1	478.99	0
103	2	5	28	12	1	551.52	0
103	2	5	29	12	1	612.19	0
103	2	5	30	10	1	560.39	0
103	2	5	31	4	1	615.92	0
103	2	5	32	12	1	393.42	0
103	2	5	33	4	1	422.67	0
103	2	5	34	2	1	804.55	0
103	2	5	35	8	1	420.49	0
103	2	5	36	10	1	370.74	0
103	2	5	37	4	1	588.29	0
103	2	5	38	2	1	482.96	0
103	2	5	39	10	1	561.16	0
103	2	5	40	6	1	887.98	0
103	2	5	41	12	1	418.28	0
103	2	5	42	12	1	2033.2	0
103	2	5	43	12	1	480.44	0
103	2	5	44	6	1	743.88	0
103	2	5	45	6	1	446.7	0
103	2	5	46	4	1	805.79	0
103	2	5	47	10	1	650.36	0
103	2	5	48	4	1	411.38	0
103	2	5	49	12	1	590.79	0
103	2	5	50	6	1	477.63	0
103	2	5	51	12	1	294	0
103	2	5	52	10	1	875.46	0
103	2	5	53	2	1	375.98	0
103	2	5	54	2	1	538.33	0
103	2	5	55	8	1	396.75	0
103	2	5	56	8	1	491.4	0
103	2	5	57	12	1	606.7	0
103	2	5	58	12	1	446.1	0
103	2	5	59	8	0	1313.1	0
103	2	5	60	2	0	890.65	0
103	2	5	61	10	1	469.13	0
103	2	5	62	6	1	911.27	0
103	2	5	63	12	1	431.93	0
103	2	5	64	8	1	481.12	0
103	2	5	65	4	1	521.32	0
103	2	5	66	2	1	486.06	0
103	2	5	67	6	0	675.77	0
103	2	5	68	10	1	333.93	0
103	2	5	69	12	1	385.39	0
103	2	5	70	12	1	443.52	0
103	2	5	71	2	1	416.12	0
103	2	5	72	4	1	635.19	0
103	2	5	73	2	1	390.91	0
103	2	5	74	4	1	612.72	0
103	2	5	75	12	1	441.58	0
103	2	5	76	10	1	409.53	0
103	2	5	77	4	1	425.04	0
103	2	5	78	6	0	693.71	0
103	2	5	79	2	1	653.91	0
103	2	5	80	6	1	678.95	0
103	2	5	81	8	1	718.13	0
103	2	5	82	12	1	369.14	0
103	2	5	83	12	1	677.1	0
103	2	5	84	12	1	573.21	0
103	2	5	85	2	1	1001.3	0
103	2	5	86	2	1	350.82	0
103	2	5	87	8	1	524.43	0
103	2	5	88	4	1	437.04	0
103	2	5	89	10	1	758.88	0
103	2	5	90	8	1	679.7	0
103	2	5	91	4	1	447.12	0
103	2	5	92	4	1	540.99	0
103	2	5	93	4	1	655.85	0
103	2	5	94	8	1	478.11	0
103	2	5	95	10	1	485.08	0
103	2	5	96	2	1	448.24	0
103	2	5	97	10	1	336.58	0
103	2	5	98	6	1	582.15	0
103	2	5	99	12	1	423.81	0
103	2	5	100	2	1	481.82	0
103	2	5	101	6	1	592.25	0
103	2	5	102	8	1	1000.6	0
103	2	5	103	6	1	682.97	0
103	2	5	104	6	1	357.87	0
103	2	5	105	2	1	461.85	0
103	2	5	106	10	1	756.61	0
103	2	5	107	4	1	547.3	0
103	2	5	108	6	1	510.66	0
103	2	5	109	2	1	545.38	0
103	2	5	110	8	1	908.12	0
103	2	5	111	8	1	542.17	0
103	2	5	112	4	1	486.55	0
103	2	5	113	2	1	437.47	1
103	2	5	114	4	1	375.45	0
103	2	5	115	10	1	523.77	0
103	2	5	116	10	1	317.02	0
103	2	5	117	2	1	340.32	0
103	2	5	118	4	1	366.73	0
103	2	5	119	6	1	605.82	0
103	2	5	120	10	1	509.22	0
103	1	5	1	5	1	819.61	0
103	1	5	2	3	1	407.85	0
103	1	5	3	11	1	600.97	0
103	1	5	4	9	1	550.71	0
103	1	5	5	5	1	501.01	0
103	1	5	6	3	1	541.97	0
103	1	5	7	7	1	571.83	0
103	1	5	8	7	1	542.57	0
103	1	5	9	7	0	624.89	0
103	1	5	10	3	1	458.97	0
103	1	5	11	1	1	370.75	0
103	1	5	12	5	1	626.54	0
103	1	5	13	11	1	421.39	0
103	1	5	14	9	1	499.38	0
103	1	5	15	7	1	614.33	0
103	1	5	16	3	1	984.56	0
103	1	5	17	11	1	562.8	0
103	1	5	18	11	1	424.55	0
103	1	5	19	1	1	526.53	0
103	1	5	20	3	1	596.24	0
103	1	5	21	3	1	484.42	0
103	1	5	22	11	1	453.57	0
103	1	5	23	9	0	564	0
103	1	5	24	1	1	632.11	0
103	1	5	25	9	1	370.18	0
103	1	5	26	9	1	347.15	0
103	1	5	27	11	1	510.32	0
103	1	5	28	1	1	478.34	0
103	1	5	29	5	1	593.59	0
103	1	5	30	9	1	494.76	0
103	1	5	31	5	0	647.33	0
103	1	5	32	11	1	464.29	0
103	1	5	33	5	1	433.54	0
103	1	5	34	7	1	824.04	0
103	1	5	35	7	1	533.65	0
103	1	5	36	9	1	968.15	0
103	1	5	37	5	1	629.89	0
103	1	5	38	1	1	467.02	0
103	1	5	39	3	1	486.6	0
103	1	5	40	3	1	555.28	0
103	1	5	41	3	1	446.03	0
103	1	5	42	3	1	500.46	0
103	1	5	43	11	1	466.69	0
103	1	5	44	3	1	349.16	0
103	1	5	45	3	1	426.26	0
103	1	5	46	7	1	559.83	0
103	1	5	47	5	1	791.68	0
103	1	5	48	3	1	415.93	0
103	1	5	49	5	1	650.55	0
103	1	5	50	3	1	366.48	0
103	1	5	51	5	1	2433.6	0
103	1	5	52	1	1	511.86	0
103	1	5	53	3	1	505.74	0
103	1	5	54	9	1	448.76	0
103	1	5	55	3	1	393.84	0
103	1	5	56	5	1	653.64	0
103	1	5	57	5	1	989.94	0
103	1	5	58	9	1	518.62	0
103	1	5	59	1	1	385.49	0
103	1	5	60	1	1	554.93	0
103	1	5	61	1	1	336.99	0
103	1	5	62	1	1	658.36	0
103	1	5	63	1	1	413.8	0
103	1	5	64	11	1	476.98	0
103	1	5	65	11	1	317.45	0
103	1	5	66	1	1	410.72	0
103	1	5	67	9	1	470.64	0
103	1	5	68	9	1	462.68	0
103	1	5	69	7	1	516.87	0
103	1	5	70	7	1	487.81	0
103	1	5	71	3	1	418.84	0
103	1	5	72	7	1	685.7	0
103	1	5	73	1	1	621.17	0
103	1	5	74	5	1	456.83	0
103	1	5	75	5	1	660.1	0
103	1	5	76	11	1	429.14	0
103	1	5	77	7	1	644.05	0
103	1	5	78	11	1	641	0
103	1	5	79	11	1	564.44	0
103	1	5	80	11	1	394.28	0
103	1	5	81	7	0	690.37	0
103	1	5	82	5	1	516.82	0
103	1	5	83	7	1	519.47	0
103	1	5	84	7	1	641.92	0
103	1	5	85	7	1	794.17	0
103	1	5	86	9	1	605.83	0
103	1	5	87	9	0	710.15	0
103	1	5	88	7	1	532.71	0
103	1	5	89	3	1	419.38	0
103	1	5	90	9	1	517.78	0
103	1	5	91	9	1	456.55	0
103	1	5	92	5	1	538.64	0
103	1	5	93	7	0	481.39	0
103	1	5	94	9	1	435.85	0
103	1	5	95	1	1	489.21	0
103	1	5	96	9	1	463.55	0
103	1	5	97	7	0	523.02	0
103	1	5	98	3	1	1336.2	0
103	1	5	99	9	1	358.39	1
103	1	5	100	5	1	611.89	0
103	1	5	101	5	1	866.21	0
103	1	5	102	7	1	624.2	0
103	1	5	103	11	1	420.42	0
103	1	5	104	11	1	408.08	0
103	1	5	105	11	1	331.14	0
103	1	5	106	9	1	694.47	0
103	1	5	107	7	0	1194.2	0
103	1	5	108	11	0	740.11	0
103	1	5	109	5	1	392.73	0
103	1	5	110	9	1	446.91	0
103	1	5	111	1	1	362.97	0
103	1	5	112	5	1	506.6	0
103	1	5	113	1	1	456.72	0
103	1	5	114	1	1	621.78	0
103	1	5	115	11	1	636.72	0
103	1	5	116	1	1	373.09	0
103	1	5	117	1	1	505.56	0
103	1	5	118	3	1	633.39	0
103	1	5	119	11	1	590.93	0
103	1	5	120	1	1	363.14	0
103	3	5	1	8	0	775.73	0
103	3	5	2	10	1	340.39	0
103	3	5	3	5	1	470.41	0
103	3	5	4	1	1	582.26	0
103	3	5	5	5	1	567.78	0
103	3	5	6	3	1	442.51	0
103	3	5	7	12	1	411.35	0
103	3	5	8	8	0	767.01	0
103	3	5	9	12	1	539.07	0
103	3	5	10	12	1	545.55	0
103	3	5	11	12	1	600.45	0
103	3	5	12	10	1	966.87	1
103	3	5	13	12	1	498.9	0
103	3	5	14	8	1	476.83	1
103	3	5	15	8	1	1144.8	0
103	3	5	16	1	1	558.13	0
103	3	5	17	10	1	770.5	0
103	3	5	18	12	1	578.17	0
103	3	5	19	3	1	589.79	0
103	3	5	20	3	1	423.58	0
103	3	5	21	1	1	426.16	0
103	3	5	22	1	1	636.95	0
103	3	5	23	10	1	431.83	0
103	3	5	24	3	1	583.42	0
103	3	5	25	12	1	451.25	0
103	3	5	26	12	1	503.8	0
103	3	5	27	8	1	403.46	0
103	3	5	28	12	1	333.04	0
103	3	5	29	1	1	322.26	0
103	3	5	30	3	1	367.58	0
103	3	5	31	10	1	447.09	0
103	3	5	32	5	1	861.56	0
103	3	5	33	1	1	505.03	0
103	3	5	34	12	1	282.76	0
103	3	5	35	8	1	574.97	1
103	3	5	36	8	1	545.42	0
103	3	5	37	5	1	481.77	0
103	3	5	38	5	1	449.11	0
103	3	5	39	12	1	437.14	0
103	3	5	40	10	1	398.96	1
103	3	5	41	10	1	487.38	0
103	3	5	42	8	0	841.73	0
103	3	5	43	12	1	421.45	0
103	3	5	44	1	1	391.61	0
103	3	5	45	5	1	563.91	0
103	3	5	46	3	1	595.95	0
103	3	5	47	5	0	909.8	0
103	3	5	48	5	1	478.68	0
103	3	5	49	1	1	352.43	0
103	3	5	50	10	1	469.56	0
103	3	5	51	5	1	547.39	0
103	3	5	52	5	1	434.77	0
103	3	5	53	5	1	503.94	0
103	3	5	54	1	1	364.86	0
103	3	5	55	3	1	353.11	0
103	3	5	56	3	1	654.82	0
103	3	5	57	5	1	684.95	0
103	3	5	58	8	1	468.6	0
103	3	5	59	3	1	355.33	0
103	3	5	60	12	1	378.83	0
103	3	5	61	1	1	688.85	0
103	3	5	62	10	1	445.03	0
103	3	5	63	3	1	742.25	0
103	3	5	64	10	1	370.74	0
103	3	5	65	3	1	507.05	0
103	3	5	66	3	1	509.49	0
103	3	5	67	10	1	374.52	0
103	3	5	68	3	1	606.19	0
103	3	5	69	12	1	348.54	0
103	3	5	70	1	1	456.67	0
103	3	5	71	5	1	810.87	0
103	3	5	72	3	1	535	0
103	3	5	73	3	1	451.12	0
103	3	5	74	10	1	389.82	0
103	3	5	75	10	1	453.26	0
103	3	5	76	5	1	475.67	0
103	3	5	77	1	1	325.58	0
103	3	5	78	10	1	519.47	0
103	3	5	79	8	1	553.96	0
103	3	5	80	12	1	489.62	0
103	3	5	81	12	1	684.34	0
103	3	5	82	1	1	510.5	0
103	3	5	83	5	1	508.39	0
103	3	5	84	3	1	336.56	0
103	3	5	85	10	1	427.64	0
103	3	5	86	5	1	465.11	0
103	3	5	87	8	1	534.23	0
103	3	5	88	8	1	504	0
103	3	5	89	10	1	435.39	0
103	3	5	90	3	1	497.35	0
103	3	5	91	5	1	664.72	0
103	3	5	92	1	1	490.81	0
103	3	5	93	12	1	470.46	0
103	3	5	94	1	1	397.44	0
103	3	5	95	8	1	401.34	0
103	3	5	96	8	1	488.88	0
103	3	5	97	8	1	538.73	0
103	3	5	98	1	1	346.18	0
103	3	5	99	5	1	795.6	0
103	3	5	100	8	0	1357.7	0
103	3	5	101	10	1	603.23	0
103	3	5	102	8	1	683.71	0
103	3	5	103	3	1	416.39	0
103	3	5	104	12	1	366.94	0
103	3	5	105	12	1	482.78	0
103	3	5	106	1	1	450.6	0
103	3	5	107	5	0	595.19	0
103	3	5	108	10	1	494.47	0
103	3	5	109	3	1	508.89	0
103	3	5	110	1	1	466.56	0
103	3	5	111	1	1	629.92	0
103	3	5	112	10	1	452.31	0
103	3	5	113	5	1	411.86	0
103	3	5	114	8	0	701.85	0
103	3	5	115	8	1	502.85	0
103	3	5	116	1	1	473.7	0
103	3	5	117	12	1	475.09	0
103	3	5	118	3	1	445.67	0
103	3	5	119	10	1	519.03	0
103	3	5	120	8	1	792.97	0
103	4	5	1	11	1	661.19	0
103	4	5	2	11	1	399.51	0
103	4	5	3	2	1	728.73	0
103	4	5	4	11	1	510.62	0
103	4	5	5	2	1	568.63	0
103	4	5	6	4	1	479.64	0
103	4	5	7	2	1	624.55	0
103	4	5	8	6	1	666.12	0
103	4	5	9	4	1	532.06	0
103	4	5	10	6	0	575.31	0
103	4	5	11	6	1	677.73	0
103	4	5	12	11	1	468.73	0
103	4	5	13	6	1	556.62	0
103	4	5	14	9	1	591.56	0
103	4	5	15	9	1	395	0
103	4	5	16	4	1	391.16	0
103	4	5	17	9	1	433.4	0
103	4	5	18	4	1	429.98	0
103	4	5	19	4	1	404.87	0
103	4	5	20	6	1	569.86	0
103	4	5	21	6	1	422.82	0
103	4	5	22	4	1	459.71	0
103	4	5	23	11	1	373.58	0
103	4	5	24	11	1	416.22	0
103	4	5	25	4	1	380.72	0
103	4	5	26	4	1	487.02	0
103	4	5	27	7	1	615.06	0
103	4	5	28	7	1	404.67	0
103	4	5	29	7	1	420.88	0
103	4	5	30	7	1	573.81	0
103	4	5	31	6	0	764.73	0
103	4	5	32	7	1	581.58	0
103	4	5	33	2	1	461.54	0
103	4	5	34	11	1	678.01	0
103	4	5	35	7	1	694.58	0
103	4	5	36	9	1	634.19	0
103	4	5	37	11	1	416.65	0
103	4	5	38	7	1	641.62	0
103	4	5	39	6	0	818.03	0
103	4	5	40	2	0	631.82	0
103	4	5	41	6	0	802.6	0
103	4	5	42	9	1	489.82	0
103	4	5	43	2	1	498.14	0
103	4	5	44	4	0	567.07	0
103	4	5	45	2	0	542.76	0
103	4	5	46	7	1	635.22	0
103	4	5	47	6	1	868.85	0
103	4	5	48	6	0	758.45	0
103	4	5	49	7	1	377.31	0
103	4	5	50	11	1	471.49	0
103	4	5	51	6	1	1061.3	0
103	4	5	52	7	1	419.84	0
103	4	5	53	9	1	362.71	0
103	4	5	54	4	1	434.58	0
103	4	5	55	4	1	514.75	0
103	4	5	56	2	1	676.9	0
103	4	5	57	4	1	390.84	0
103	4	5	58	9	1	652.86	0
103	4	5	59	2	1	414.87	1
103	4	5	60	2	1	377.61	0
103	4	5	61	11	1	429.27	0
103	4	5	62	9	1	743.38	0
103	4	5	63	2	1	393.75	0
103	4	5	64	2	1	468.12	0
103	4	5	65	9	1	396.4	0
103	4	5	66	7	1	593.14	0
103	4	5	67	7	1	423.58	0
103	4	5	68	2	1	434.93	0
103	4	5	69	6	0	1415.6	0
103	4	5	70	11	1	676.38	0
103	4	5	71	7	1	595.53	0
103	4	5	72	7	1	329.81	0
103	4	5	73	11	1	510.36	0
103	4	5	74	2	0	772.23	0
103	4	5	75	2	1	537.69	0
103	4	5	76	11	1	294.79	0
103	4	5	77	2	1	880.38	0
103	4	5	78	2	1	708.54	0
103	4	5	79	7	1	407.83	0
103	4	5	80	6	1	608.51	0
103	4	5	81	11	1	322.68	0
103	4	5	82	7	1	719.86	0
103	4	5	83	11	1	395.76	0
103	4	5	84	4	1	622.47	0
103	4	5	85	4	1	502.56	0
103	4	5	86	2	0	616.09	0
103	4	5	87	9	1	550.24	0
103	4	5	88	4	1	435.61	0
103	4	5	89	9	1	556.35	0
103	4	5	90	9	1	339.88	0
103	4	5	91	11	1	328	0
103	4	5	92	4	1	473.03	0
103	4	5	93	9	1	632.41	0
103	4	5	94	9	1	382.64	0
103	4	5	95	6	1	436.28	0
103	4	5	96	9	1	297.52	0
103	4	5	97	7	1	652.09	0
103	4	5	98	4	1	1080.5	0
103	4	5	99	7	1	502.64	0
103	4	5	100	9	1	564.95	0
103	4	5	101	6	1	714.18	0
103	4	5	102	11	1	514.53	0
103	4	5	103	11	1	581.4	0
103	4	5	104	9	1	374.27	0
103	4	5	105	6	1	510.93	0
103	4	5	106	7	1	359.51	0
103	4	5	107	11	1	450.53	0
103	4	5	108	9	1	434.82	0
103	4	5	109	7	1	571.66	0
103	4	5	110	4	1	468.01	0
103	4	5	111	4	1	890.8	0
103	4	5	112	6	1	664.1	0
103	4	5	113	2	1	499.19	0
103	4	5	114	9	1	344.95	0
103	4	5	115	6	1	909.72	0
103	4	5	116	4	1	549.06	0
103	4	5	117	2	1	531.97	0
103	4	5	118	9	1	333.49	0
103	4	5	119	6	1	600.37	0
103	4	5	120	11	1	818.83	0
103	2	6	1	12	1	503.74	0
103	2	6	2	8	1	541.31	0
103	2	6	3	10	1	345.16	0
103	2	6	4	12	1	563.87	0
103	2	6	5	6	1	815.9	0
103	2	6	6	6	1	408.65	0
103	2	6	7	8	1	549.93	0
103	2	6	8	12	1	557.61	0
103	2	6	9	12	1	445.29	0
103	2	6	10	2	1	550.56	0
103	2	6	11	12	1	438.7	0
103	2	6	12	2	1	368.95	0
103	2	6	13	10	1	540.87	0
103	2	6	14	10	1	350	0
103	2	6	15	2	1	716.97	0
103	2	6	16	10	1	327.91	0
103	2	6	17	2	1	423.45	0
103	2	6	18	2	1	631.8	0
103	2	6	19	8	1	520.64	0
103	2	6	20	4	1	687.04	0
103	2	6	21	8	1	633.58	0
103	2	6	22	6	1	613.38	0
103	2	6	23	10	1	458	0
103	2	6	24	10	1	457.8	0
103	2	6	25	10	1	311.17	0
103	2	6	26	2	1	409.31	0
103	2	6	27	2	1	421.67	0
103	2	6	28	10	1	495.13	0
103	2	6	29	12	1	401.9	0
103	2	6	30	10	1	441.9	0
103	2	6	31	6	1	715.84	0
103	2	6	32	4	1	522.59	0
103	2	6	33	4	1	536.76	0
103	2	6	34	10	1	422.32	0
103	2	6	35	8	1	454.72	0
103	2	6	36	12	1	796.11	0
103	2	6	37	10	1	679.13	0
103	2	6	38	2	1	550.9	0
103	2	6	39	2	1	591.21	0
103	2	6	40	2	1	568.13	0
103	2	6	41	8	1	623.79	0
103	2	6	42	12	1	826.13	0
103	2	6	43	4	1	412.44	0
103	2	6	44	8	1	624.09	0
103	2	6	45	2	1	483.43	0
103	2	6	46	4	1	563.3	0
103	2	6	47	2	0	533.58	0
103	2	6	48	8	1	546.4	0
103	2	6	49	4	1	541.55	0
103	2	6	50	6	0	610.35	0
103	2	6	51	10	1	461.73	0
103	2	6	52	6	1	873.99	0
103	2	6	53	8	0	556.67	0
103	2	6	54	2	1	339.76	0
103	2	6	55	4	1	491.03	0
103	2	6	56	4	1	675.2	0
103	2	6	57	6	1	515.2	0
103	2	6	58	8	1	653.35	0
103	2	6	59	8	1	804.46	0
103	2	6	60	6	1	526.91	0
103	2	6	61	12	1	402.52	0
103	2	6	62	12	1	489.04	0
103	2	6	63	12	1	366.13	0
103	2	6	64	10	1	663.38	0
103	2	6	65	4	1	431.41	0
103	2	6	66	12	1	665.7	0
103	2	6	67	8	1	448.94	0
103	2	6	68	12	1	643.23	0
103	2	6	69	10	1	1111.2	0
103	2	6	70	6	1	478.09	0
103	2	6	71	6	1	607.46	0
103	2	6	72	10	1	532.44	0
103	2	6	73	12	1	376.06	0
103	2	6	74	10	1	464.32	0
103	2	6	75	8	1	1038.2	0
103	2	6	76	12	1	317.99	0
103	2	6	77	4	1	508.54	0
103	2	6	78	6	1	427.03	0
103	2	6	79	10	1	521.13	0
103	2	6	80	8	0	672.44	0
103	2	6	81	2	1	511.22	0
103	2	6	82	8	1	657.67	0
103	2	6	83	6	0	746.77	0
103	2	6	84	2	1	619.44	0
103	2	6	85	6	1	720.07	0
103	2	6	86	2	1	421.94	0
103	2	6	87	4	1	514.96	0
103	2	6	88	12	1	397.44	0
103	2	6	89	6	0	558.79	0
103	2	6	90	12	1	458.66	0
103	2	6	91	6	1	657.58	0
103	2	6	92	10	1	563.24	0
103	2	6	93	2	1	325.29	0
103	2	6	94	2	1	433.73	0
103	2	6	95	2	1	369.75	0
103	2	6	96	12	1	441.59	0
103	2	6	97	12	1	686.73	0
103	2	6	98	4	1	576.84	0
103	2	6	99	4	1	464.19	0
103	2	6	100	2	1	568.49	0
103	2	6	101	8	1	595.34	0
103	2	6	102	8	1	441.84	0
103	2	6	103	6	1	499.27	0
103	2	6	104	10	1	360.29	0
103	2	6	105	4	1	363.87	0
103	2	6	106	6	0	670.09	0
103	2	6	107	10	1	422.37	0
103	2	6	108	8	1	648.13	0
103	2	6	109	4	1	635.97	0
103	2	6	110	8	1	563.81	0
103	2	6	111	4	1	472.12	0
103	2	6	112	6	1	566.05	0
103	2	6	113	8	0	540.44	0
103	2	6	114	4	1	608.17	0
103	2	6	115	6	1	722.35	0
103	2	6	116	4	1	602.91	0
103	2	6	117	4	1	729.14	0
103	2	6	118	6	0	1197.7	0
103	2	6	119	4	1	597.99	0
103	2	6	120	12	1	418.54	0
103	1	6	1	5	1	416.01	0
103	1	6	2	1	1	343.51	0
103	1	6	3	1	1	454.53	0
103	1	6	4	1	1	478.91	0
103	1	6	5	11	1	594.85	0
103	1	6	6	7	1	600.62	0
103	1	6	7	7	1	476.13	0
103	1	6	8	11	1	486.24	0
103	1	6	9	5	1	472.8	0
103	1	6	10	9	1	581.12	0
103	1	6	11	7	0	504.63	0
103	1	6	12	1	1	507.08	0
103	1	6	13	3	1	592.73	0
103	1	6	14	11	1	402.15	0
103	1	6	15	3	1	499.48	0
103	1	6	16	11	1	529.51	0
103	1	6	17	5	1	504.23	0
103	1	6	18	5	1	530.55	0
103	1	6	19	5	1	384.09	0
103	1	6	20	7	0	1103.7	0
103	1	6	21	3	1	677.22	0
103	1	6	22	5	1	476.61	0
103	1	6	23	9	1	408.99	0
103	1	6	24	11	1	600.71	0
103	1	6	25	9	1	681.48	0
103	1	6	26	3	1	682.4	0
103	1	6	27	7	0	766.44	0
103	1	6	28	9	1	754.43	0
103	1	6	29	9	1	553.39	0
103	1	6	30	7	1	630.39	0
103	1	6	31	1	1	421.3	0
103	1	6	32	7	1	557.12	0
103	1	6	33	11	1	600.39	0
103	1	6	34	7	1	539.48	0
103	1	6	35	1	1	356.74	0
103	1	6	36	11	1	351.01	0
103	1	6	37	7	1	666.79	0
103	1	6	38	7	1	404.94	0
103	1	6	39	11	1	506.95	0
103	1	6	40	3	1	634.57	0
103	1	6	41	1	1	370.73	0
103	1	6	42	9	1	783.94	0
103	1	6	43	9	1	537.82	0
103	1	6	44	1	1	414.58	0
103	1	6	45	3	1	622.25	0
103	1	6	46	1	1	649.03	0
103	1	6	47	1	1	540.91	0
103	1	6	48	1	1	367.86	0
103	1	6	49	5	1	592.89	0
103	1	6	50	9	1	447.26	0
103	1	6	51	5	1	600.07	0
103	1	6	52	9	1	608.16	0
103	1	6	53	7	1	655.3	0
103	1	6	54	7	1	470.05	0
103	1	6	55	7	1	623.42	0
103	1	6	56	7	0	624.81	0
103	1	6	57	7	1	620.13	0
103	1	6	58	1	1	502.43	0
103	1	6	59	5	1	470.41	0
103	1	6	60	1	1	407.55	0
103	1	6	61	5	1	408.21	0
103	1	6	62	11	1	428.3	0
103	1	6	63	11	1	744.64	0
103	1	6	64	11	1	425.62	0
103	1	6	65	11	1	429.99	0
103	1	6	66	3	1	406.08	0
103	1	6	67	3	1	531.66	0
103	1	6	68	9	1	503.43	0
103	1	6	69	9	1	493.25	0
103	1	6	70	5	1	597.36	0
103	1	6	71	11	1	688.96	0
103	1	6	72	1	1	356.86	0
103	1	6	73	3	1	685.99	0
103	1	6	74	5	1	634.09	0
103	1	6	75	3	1	1249.7	0
103	1	6	76	9	1	610.04	0
103	1	6	77	11	1	476.96	0
103	1	6	78	9	1	481.27	0
103	1	6	79	3	1	431.07	0
103	1	6	80	1	1	455.5	0
103	1	6	81	9	1	1136.5	0
103	1	6	82	11	1	507.32	0
103	1	6	83	9	1	765.7	0
103	1	6	84	9	1	352.67	0
103	1	6	85	9	1	403.23	0
103	1	6	86	5	1	452.92	0
103	1	6	87	1	1	383.99	0
103	1	6	88	3	1	388.41	0
103	1	6	89	7	0	602.66	0
103	1	6	90	3	1	536.89	1
103	1	6	91	3	1	566.21	0
103	1	6	92	3	1	333.94	0
103	1	6	93	11	1	444.25	0
103	1	6	94	5	1	396.63	0
103	1	6	95	7	0	445.29	0
103	1	6	96	7	1	421.53	0
103	1	6	97	11	1	752.15	0
103	1	6	98	1	1	368.55	0
103	1	6	99	5	1	522.73	0
103	1	6	100	9	1	876.83	0
103	1	6	101	11	1	425.22	0
103	1	6	102	5	1	461.92	0
103	1	6	103	7	0	564.38	0
103	1	6	104	3	1	389.76	0
103	1	6	105	3	1	587	0
103	1	6	106	5	1	1009.4	0
103	1	6	107	9	1	489.43	0
103	1	6	108	11	1	518.77	0
103	1	6	109	1	1	485.68	0
103	1	6	110	11	1	365.39	0
103	1	6	111	3	1	342.62	1
103	1	6	112	9	1	389.2	0
103	1	6	113	7	1	532.09	0
103	1	6	114	3	1	489.69	0
103	1	6	115	3	1	435.25	0
103	1	6	116	1	1	462.98	0
103	1	6	117	5	1	440.01	1
103	1	6	118	1	1	443	0
103	1	6	119	5	1	733.39	0
103	1	6	120	5	1	378.5	0
103	4	6	1	7	1	1037.5	0
103	4	6	2	7	1	720.47	0
103	4	6	3	4	1	474.63	0
103	4	6	4	6	1	2113.9	0
103	4	6	5	6	1	438.32	0
103	4	6	6	6	1	614.62	0
103	4	6	7	9	1	396.57	0
103	4	6	8	11	1	410.69	0
103	4	6	9	6	1	544.65	0
103	4	6	10	9	1	465.97	0
103	4	6	11	9	1	305.12	0
103	4	6	12	11	1	523.96	0
103	4	6	13	6	1	672.44	0
103	4	6	14	4	1	627.13	0
103	4	6	15	9	1	508.49	0
103	4	6	16	7	1	403.85	0
103	4	6	17	6	1	523.6	0
103	4	6	18	9	1	375.33	0
103	4	6	19	7	1	498.72	0
103	4	6	20	4	1	452.76	0
103	4	6	21	2	1	460.81	0
103	4	6	22	6	0	595.41	0
103	4	6	23	7	1	386.41	0
103	4	6	24	9	1	657.79	0
103	4	6	25	6	1	814.72	0
103	4	6	26	6	1	533.26	0
103	4	6	27	4	1	573.55	0
103	4	6	28	4	1	416.12	0
103	4	6	29	7	1	508.67	0
103	4	6	30	4	1	466.18	0
103	4	6	31	4	1	541.04	0
103	4	6	32	11	1	397.04	0
103	4	6	33	4	1	549.35	0
103	4	6	34	6	0	755.07	0
103	4	6	35	6	1	470.38	0
103	4	6	36	2	1	353.21	0
103	4	6	37	4	1	581.36	0
103	4	6	38	2	1	559.04	0
103	4	6	39	11	1	379.08	0
103	4	6	40	11	1	376.26	0
103	4	6	41	2	1	661.69	0
103	4	6	42	9	1	464.33	0
103	4	6	43	2	1	964.92	0
103	4	6	44	4	1	414.01	0
103	4	6	45	9	1	576.31	0
103	4	6	46	9	1	489.83	0
103	4	6	47	9	1	499.14	0
103	4	6	48	2	1	394.14	0
103	4	6	49	2	1	592.46	0
103	4	6	50	7	1	331.22	0
103	4	6	51	11	1	389.32	0
103	4	6	52	7	1	669.95	0
103	4	6	53	6	1	651.26	0
103	4	6	54	9	1	488.9	0
103	4	6	55	4	1	553.17	0
103	4	6	56	4	1	579.59	0
103	4	6	57	2	1	539.12	0
103	4	6	58	9	1	430.45	0
103	4	6	59	4	1	390.98	0
103	4	6	60	9	1	449.04	0
103	4	6	61	7	1	318.6	0
103	4	6	62	6	1	828.2	0
103	4	6	63	11	1	372.71	0
103	4	6	64	7	1	624.22	0
103	4	6	65	11	1	510.04	0
103	4	6	66	2	1	628.75	0
103	4	6	67	7	1	511.06	0
103	4	6	68	2	1	432.58	0
103	4	6	69	11	1	330.32	0
103	4	6	70	2	1	583.47	0
103	4	6	71	7	1	374.49	0
103	4	6	72	6	0	562.78	0
103	4	6	73	11	1	501.93	0
103	4	6	74	2	1	576.21	0
103	4	6	75	7	1	614.29	0
103	4	6	76	2	1	516.28	0
103	4	6	77	11	1	432.1	0
103	4	6	78	9	1	379.98	0
103	4	6	79	11	1	467.31	0
103	4	6	80	7	1	517.92	0
103	4	6	81	7	1	447.75	0
103	4	6	82	7	1	525.79	0
103	4	6	83	9	1	410.36	0
103	4	6	84	7	0	624.87	0
103	4	6	85	11	1	441.08	0
103	4	6	86	11	1	696.36	0
103	4	6	87	2	1	474.18	0
103	4	6	88	11	1	433.79	0
103	4	6	89	6	1	705.08	0
103	4	6	90	4	1	460.87	0
103	4	6	91	6	1	676.84	0
103	4	6	92	9	1	426.44	0
103	4	6	93	4	1	550.99	0
103	4	6	94	4	1	569.71	0
103	4	6	95	9	1	442.57	0
103	4	6	96	2	1	419.21	0
103	4	6	97	7	1	300	0
103	4	6	98	11	1	492.38	0
103	4	6	99	11	1	342.69	0
103	4	6	100	7	1	401.67	0
103	4	6	101	2	1	586.22	0
103	4	6	102	4	1	483.52	0
103	4	6	103	2	1	529.43	1
103	4	6	104	6	0	365.76	0
103	4	6	105	11	1	419.39	0
103	4	6	106	9	1	606.33	0
103	4	6	107	6	1	754.6	0
103	4	6	108	2	1	994.58	0
103	4	6	109	11	1	491.17	0
103	4	6	110	6	1	539.51	0
103	4	6	111	2	1	549.25	0
103	4	6	112	7	1	425.1	0
103	4	6	113	6	1	521.46	0
103	4	6	114	9	1	358.52	0
103	4	6	115	2	1	635.25	0
103	4	6	116	4	1	850.47	0
103	4	6	117	9	1	463.99	0
103	4	6	118	11	1	396.24	0
103	4	6	119	4	1	474.37	0
103	4	6	120	4	1	417.16	0
103	3	6	1	10	1	503.72	0
103	3	6	2	12	1	601.81	0
103	3	6	3	3	1	397.4	0
103	3	6	4	3	1	344.64	0
103	3	6	5	5	1	500.75	1
103	3	6	6	12	1	448.24	0
103	3	6	7	8	1	662.05	0
103	3	6	8	5	1	518.7	0
103	3	6	9	12	1	985.59	0
103	3	6	10	12	1	486.03	0
103	3	6	11	3	0	831.05	0
103	3	6	12	3	1	601.05	0
103	3	6	13	1	1	479.45	0
103	3	6	14	10	1	490.26	0
103	3	6	15	3	1	749.36	0
103	3	6	16	8	1	507.03	0
103	3	6	17	5	1	448	0
103	3	6	18	5	1	478.23	0
103	3	6	19	5	1	707.36	0
103	3	6	20	10	1	602.9	0
103	3	6	21	1	1	353.94	0
103	3	6	22	1	1	424.2	0
103	3	6	23	1	1	422.97	0
103	3	6	24	5	1	1241.4	0
103	3	6	25	8	1	501.45	0
103	3	6	26	12	1	471.66	0
103	3	6	27	8	1	509.31	0
103	3	6	28	8	1	547.23	0
103	3	6	29	10	1	465.11	0
103	3	6	30	1	1	478.38	0
103	3	6	31	1	1	518.2	0
103	3	6	32	8	1	529.36	0
103	3	6	33	5	1	470.47	0
103	3	6	34	12	1	357.24	0
103	3	6	35	12	0	1104	0
103	3	6	36	8	1	456.93	0
103	3	6	37	5	0	1213.9	0
103	3	6	38	3	1	625.41	0
103	3	6	39	5	1	590.44	0
103	3	6	40	12	1	355.75	0
103	3	6	41	5	1	467.86	0
103	3	6	42	3	1	490.64	0
103	3	6	43	10	1	397.82	0
103	3	6	44	1	1	469.14	0
103	3	6	45	1	1	706.23	0
103	3	6	46	10	1	449.2	0
103	3	6	47	12	1	521.43	0
103	3	6	48	10	1	706.75	0
103	3	6	49	3	1	393.02	0
103	3	6	50	8	1	677.67	0
103	3	6	51	12	1	464.17	0
103	3	6	52	1	1	349.37	0
103	3	6	53	3	1	304.98	0
103	3	6	54	10	1	438.68	0
103	3	6	55	3	1	471.08	0
103	3	6	56	5	1	858.7	0
103	3	6	57	5	1	474.9	0
103	3	6	58	10	1	333.61	0
103	3	6	59	5	1	439.7	0
103	3	6	60	12	1	624.86	0
103	3	6	61	1	1	435.07	0
103	3	6	62	3	1	735.59	0
103	3	6	63	10	1	508.03	0
103	3	6	64	8	1	597.69	0
103	3	6	65	5	1	611.6	0
103	3	6	66	1	1	405.17	0
103	3	6	67	12	1	742.12	0
103	3	6	68	8	1	449.26	0
103	3	6	69	1	1	343.64	0
103	3	6	70	1	1	364.12	0
103	3	6	71	3	1	440.62	0
103	3	6	72	5	0	662.61	0
103	3	6	73	10	1	463.32	0
103	3	6	74	3	1	396.09	0
103	3	6	75	12	1	457.6	0
103	3	6	76	8	1	702.52	0
103	3	6	77	3	1	338.28	0
103	3	6	78	8	1	884.63	0
103	3	6	79	5	0	512.65	0
103	3	6	80	8	1	612.2	0
103	3	6	81	10	1	499.72	0
103	3	6	82	3	1	601.02	0
103	3	6	83	10	1	480.73	0
103	3	6	84	3	1	561.39	0
103	3	6	85	3	1	1282.3	0
103	3	6	86	10	1	563.15	0
103	3	6	87	12	1	500.71	0
103	3	6	88	12	1	403.19	0
103	3	6	89	3	1	569.85	0
103	3	6	90	8	1	560	0
103	3	6	91	5	1	631.82	0
103	3	6	92	12	1	614.39	0
103	3	6	93	1	1	458.96	0
103	3	6	94	1	1	391.13	0
103	3	6	95	10	1	565.46	0
103	3	6	96	5	1	470.11	0
103	3	6	97	12	1	484.11	0
103	3	6	98	1	1	348.26	0
103	3	6	99	10	1	601.55	0
103	3	6	100	12	1	353.11	1
103	3	6	101	1	1	481.53	0
103	3	6	102	1	1	466.15	0
103	3	6	103	3	1	460.04	0
103	3	6	104	8	1	822.31	0
103	3	6	105	12	1	701.99	0
103	3	6	106	1	1	535.98	0
103	3	6	107	8	1	535.36	0
103	3	6	108	8	1	497.66	0
103	3	6	109	10	1	359.38	0
103	3	6	110	8	1	929.65	0
103	3	6	111	5	1	476.17	0
103	3	6	112	8	1	502.92	0
103	3	6	113	3	1	500.46	0
103	3	6	114	12	1	366.24	0
103	3	6	115	10	1	515.21	0
103	3	6	116	8	0	481.64	0
103	3	6	117	5	1	554.64	0
103	3	6	118	10	1	787.6	0
103	3	6	119	1	1	581.27	0
103	3	6	120	10	1	725.02	0
103	5	6	1	10	1	606.35	0
103	5	6	2	12	1	529.24	0
103	5	6	3	1	1	669.8	0
103	5	6	4	3	1	642.06	0
103	5	6	5	3	1	375.55	0
103	5	6	6	10	1	376.75	0
103	5	6	7	7	0	844.15	0
103	5	6	8	5	1	618.12	0
103	5	6	9	7	1	358.6	0
103	5	6	10	8	1	689.7	0
103	5	6	11	10	1	556.89	0
103	5	6	12	8	1	679.84	0
103	5	6	13	4	1	503.03	0
103	5	6	14	9	1	407.56	0
103	5	6	15	2	1	487.81	0
103	5	6	16	9	1	589.59	0
103	5	6	17	4	1	614.05	0
103	5	6	18	12	1	339.82	0
103	5	6	19	3	1	531.64	0
103	5	6	20	2	1	612.23	0
103	5	6	21	11	1	965.76	0
103	5	6	22	1	1	288.6	0
103	5	6	23	8	1	545.74	0
103	5	6	24	7	1	765.53	0
103	5	6	25	9	1	873.25	0
103	5	6	26	8	1	561.78	0
103	5	6	27	6	0	920.2	0
103	5	6	28	1	1	388.3	0
103	5	6	29	10	1	481.23	0
103	5	6	30	1	1	592.77	0
103	5	6	31	12	1	377.32	0
103	5	6	32	7	0	578.47	0
103	5	6	33	4	1	414	0
103	5	6	34	9	1	528.01	0
103	5	6	35	12	1	492.79	0
103	5	6	36	6	1	515	0
103	5	6	37	11	1	546.17	0
103	5	6	38	9	0	626.75	0
103	5	6	39	12	0	556.92	0
103	5	6	40	3	1	348	0
103	5	6	41	10	1	410.69	0
103	5	6	42	5	1	678.62	0
103	5	6	43	11	1	337.08	0
103	5	6	44	7	0	714.3	0
103	5	6	45	1	1	470.16	0
103	5	6	46	4	1	456.77	0
103	5	6	47	4	1	456.3	0
103	5	6	48	5	0	533.79	0
103	5	6	49	2	0	772.37	0
103	5	6	50	10	1	533.15	0
103	5	6	51	1	1	462.38	0
103	5	6	52	8	1	526.99	0
103	5	6	53	2	1	514.26	0
103	5	6	54	11	1	310.09	1
103	5	6	55	3	0	666.64	0
103	5	6	56	6	0	649.11	0
103	5	6	57	12	1	359.16	0
103	5	6	58	3	1	462.22	0
103	5	6	59	5	1	809.35	0
103	5	6	60	4	1	513.44	0
103	5	6	61	9	1	581.73	0
103	5	6	62	10	1	437.94	0
103	5	6	63	10	1	645.3	0
103	5	6	64	6	1	532.07	0
103	5	6	65	11	1	552.44	0
103	5	6	66	11	1	579.2	0
103	5	6	67	5	1	379.78	0
103	5	6	68	6	0	669.18	0
103	5	6	69	9	1	688.29	0
103	5	6	70	1	1	596.07	0
103	5	6	71	4	1	648.6	0
103	5	6	72	5	1	634.01	0
103	5	6	73	9	1	453.93	0
103	5	6	74	5	1	550.56	0
103	5	6	75	5	1	546.43	0
103	5	6	76	4	0	498.67	0
103	5	6	77	6	0	528.39	0
103	5	6	78	8	0	674.23	0
103	5	6	79	7	1	410.96	0
103	5	6	80	12	1	424.16	0
103	5	6	81	3	1	502.78	0
103	5	6	82	8	1	576.56	0
103	5	6	83	7	0	685.41	0
103	5	6	84	12	1	571.72	0
103	5	6	85	2	1	654.01	0
103	5	6	86	1	1	576.23	0
103	5	6	87	12	1	426.54	0
103	5	6	88	10	1	652.03	0
103	5	6	89	1	1	565.18	0
103	5	6	90	11	1	269.53	0
103	5	6	91	6	1	484.01	0
103	5	6	92	11	1	461.8	0
103	5	6	93	7	0	514.55	0
103	5	6	94	2	1	587.11	0
103	5	6	95	4	1	984.32	0
103	5	6	96	6	0	617.94	0
103	5	6	97	2	1	504.85	0
103	5	6	98	11	1	396.86	0
103	5	6	99	1	1	604.34	0
103	5	6	100	2	0	971.45	0
103	5	6	101	10	1	457.34	0
103	5	6	102	7	1	803.41	0
103	5	6	103	2	1	487.7	0
103	5	6	104	9	1	644.44	0
103	5	6	105	3	1	375.91	0
103	5	6	106	5	0	646.7	0
103	5	6	107	2	1	461.85	0
103	5	6	108	12	1	361.49	0
103	5	6	109	8	0	540.31	0
103	5	6	110	9	1	605.22	0
103	5	6	111	7	1	663.53	0
103	5	6	112	8	1	522.34	0
103	5	6	113	8	1	746.65	0
103	5	6	114	11	1	304.1	0
103	5	6	115	6	0	606.86	0
103	5	6	116	6	1	621.89	0
103	5	6	117	3	1	877.71	0
103	5	6	118	3	1	367.59	0
103	5	6	119	4	1	454.91	0
103	5	6	120	5	1	599.62	0
103	5	6	1	4	1	486.28	0
103	5	6	2	9	1	520.15	0
103	5	6	3	12	1	571.41	0
103	5	6	4	1	1	588.32	0
103	5	6	5	4	0	748.26	0
103	5	6	6	12	1	488.25	0
103	5	6	7	1	1	505.35	0
103	5	6	8	4	1	690.83	0
103	5	6	9	6	0	510.4	0
103	5	6	10	5	0	1014.3	0
103	5	6	11	11	1	384.42	1
103	5	6	12	8	0	1482.3	0
103	5	6	13	2	1	437.76	0
103	5	6	14	3	1	689.63	0
103	5	6	15	7	1	655.44	0
103	5	6	16	11	1	429.91	0
103	5	6	17	7	1	752.39	0
103	5	6	18	10	0	726.03	0
103	5	6	19	5	1	787.43	0
103	5	6	20	7	1	1078	0
103	5	6	21	2	1	513.97	0
103	5	6	22	11	1	657.51	0
103	5	6	23	3	1	371.3	0
103	5	6	24	10	1	732.67	0
103	5	6	25	1	1	901.13	0
103	5	6	26	12	1	415.65	0
103	5	6	27	6	1	408.14	0
103	5	6	28	10	1	746.64	0
103	5	6	29	2	1	667.12	0
103	5	6	30	9	1	687.84	0
103	5	6	31	4	1	1082.9	0
103	5	6	32	12	1	453.23	0
103	5	6	33	3	1	533.54	0
103	5	6	34	5	1	801.48	0
103	5	6	35	1	1	503.87	0
103	5	6	36	2	1	447.01	0
103	5	6	37	7	1	497.25	0
103	5	6	38	3	1	1554.4	0
103	5	6	39	6	0	612.49	0
103	5	6	40	6	0	758.07	0
103	5	6	41	3	1	1680.2	0
103	5	6	42	12	1	879.24	0
103	5	6	43	6	1	587.62	0
103	5	6	44	6	0	895.55	0
103	5	6	45	9	1	497.78	0
103	5	6	46	10	1	544.58	0
103	5	6	47	12	1	894.22	0
103	5	6	48	5	1	1134.5	0
103	5	6	49	3	1	490	0
103	5	6	50	2	1	483.39	0
103	5	6	51	8	1	497.14	0
103	5	6	52	9	1	491.65	0
103	5	6	53	3	1	479.15	0
103	5	6	54	1	1	703.67	0
103	5	6	55	8	1	519.61	0
103	5	6	56	9	1	589.85	0
103	5	6	57	8	1	487.26	0
103	5	6	58	6	1	706.1	0
103	5	6	59	2	1	383.54	0
103	5	6	60	6	1	1751.4	0
103	5	6	61	2	1	573.47	0
103	5	6	62	11	1	566.7	0
103	5	6	63	7	1	627.93	0
103	5	6	64	7	1	430.28	0
103	5	6	65	8	1	535.79	0
103	5	6	66	7	1	874.36	0
103	5	6	67	6	0	1438.5	0
103	5	6	68	1	1	609.77	0
103	5	6	69	11	1	463.38	0
103	5	6	70	8	0	1102.3	0
103	5	6	71	11	1	558.16	0
103	5	6	72	9	1	917.41	0
103	5	6	73	4	1	693.44	0
103	5	6	74	5	1	619.95	0
103	5	6	75	4	0	589.94	0
103	5	6	76	11	1	386.75	0
103	5	6	77	4	1	477.59	0
103	5	6	78	9	1	644.08	0
103	5	6	79	2	1	485.99	0
103	5	6	80	9	1	654.85	0
103	5	6	81	10	1	978.85	0
103	5	6	82	3	1	585.6	0
103	5	6	83	9	1	694.86	0
103	5	6	84	7	1	777.11	0
103	5	6	85	12	1	533.62	0
103	5	6	86	10	1	570.04	0
103	5	6	87	8	1	666.62	0
103	5	6	88	10	1	519.49	0
103	5	6	89	3	1	628.46	0
103	5	6	90	3	1	466.65	0
103	5	6	91	7	1	432.17	0
103	5	6	92	5	0	739.54	0
103	5	6	93	12	1	381.93	0
103	5	6	94	4	1	669.68	0
103	5	6	95	5	1	740.81	0
103	5	6	96	10	1	479.48	0
103	5	6	97	8	0	1127.5	0
103	5	6	98	12	1	646.6	0
103	5	6	99	10	1	1042.8	0
103	5	6	100	2	1	396.36	0
103	5	6	101	5	0	502.66	0
103	5	6	102	2	1	714	0
103	5	6	103	11	1	385.65	0
103	5	6	104	9	1	689.57	0
103	5	6	105	1	1	342.43	0
103	5	6	106	10	1	464.77	0
103	5	6	107	11	1	724.54	0
103	5	6	108	8	1	550.48	0
103	5	6	109	6	1	675.34	0
103	5	6	110	8	1	396.25	0
103	5	6	111	5	0	598.32	0
103	5	6	112	11	1	526.46	1
103	5	6	113	4	1	404.16	0
103	5	6	114	1	1	627.61	0
103	5	6	115	1	1	373.88	0
103	5	6	116	4	1	416.07	0
103	5	6	117	12	1	336.08	0
103	5	6	118	7	1	1094.6	0
103	5	6	119	1	1	575.05	0
103	5	6	120	5	0	1140.8	0
