3600
203	2	2	1	2	1	567.45	0
203	2	2	2	6	1	675.06	0
203	2	2	3	8	1	1085.3	0
203	2	2	4	10	1	928.13	0
203	2	2	5	6	0	511.93	0
203	2	2	6	6	1	598.94	0
203	2	2	7	12	1	663.98	0
203	2	2	8	8	0	642.56	0
203	2	2	9	8	1	1391.9	0
203	2	2	10	8	0	427.69	0
203	2	2	11	4	0	573.32	0
203	2	2	12	10	1	652.59	0
203	2	2	13	10	1	630.57	0
203	2	2	14	2	1	624.36	0
203	2	2	15	8	1	470.11	0
203	2	2	16	12	1	637.25	0
203	2	2	17	12	1	340.27	0
203	2	2	18	2	1	773.33	0
203	2	2	19	4	1	740.64	0
203	2	2	20	12	0	737.72	0
203	2	2	21	12	1	688.29	0
203	2	2	22	8	0	1111.3	0
203	2	2	23	2	0	532.72	0
203	2	2	24	6	1	582.5	0
203	2	2	25	4	0	480.31	0
203	2	2	26	12	1	958.65	0
203	2	2	27	10	1	628.17	0
203	2	2	28	2	1	741.2	0
203	2	2	29	4	0	557.26	0
203	2	2	30	12	0	602.2	0
203	2	2	31	2	0	701.88	0
203	2	2	32	2	1	655.17	0
203	2	2	33	8	0	521.52	0
203	2	2	34	2	1	794.91	0
203	2	2	35	8	0	1073.7	0
203	2	2	36	10	1	643.48	0
203	2	2	37	10	1	493.01	0
203	2	2	38	6	1	554.33	0
203	2	2	39	10	0	859.71	0
203	2	2	40	10	1	681.44	0
203	2	2	41	4	1	647.73	0
203	2	2	42	12	1	657.02	0
203	2	2	43	6	1	655.07	0
203	2	2	44	6	1	387.24	0
203	2	2	45	4	1	1379.5	0
203	2	2	46	2	0	841.41	0
203	2	2	47	4	0	477.77	0
203	2	2	48	6	1	567.73	0
203	2	2	49	4	1	656.63	0
203	2	2	50	4	1	392.01	0
203	2	2	51	12	1	579.64	0
203	2	2	52	4	1	727.04	0
203	2	2	53	4	1	600.96	0
203	2	2	54	8	1	545.06	0
203	2	2	55	4	0	1157.1	0
203	2	2	56	4	1	580.19	0
203	2	2	57	2	1	558.18	0
203	2	2	58	2	1	517.82	0
203	2	2	59	2	1	613.64	0
203	2	2	60	10	1	535.74	0
203	2	2	61	2	1	764.09	0
203	2	2	62	4	1	609.16	0
203	2	2	63	4	1	750.57	0
203	2	2	64	6	1	476.17	0
203	2	2	65	6	1	575.77	0
203	2	2	66	8	0	496.73	0
203	2	2	67	2	1	638.86	0
203	2	2	68	2	0	532.15	0
203	2	2	69	8	0	723.9	0
203	2	2	70	10	1	495.26	0
203	2	2	71	10	1	1032.7	0
203	2	2	72	8	1	598.59	0
203	2	2	73	12	1	510.17	0
203	2	2	74	8	0	711.26	0
203	2	2	75	10	0	761.73	0
203	2	2	76	6	0	758.04	0
203	2	2	77	6	1	706.98	0
203	2	2	78	6	1	650.06	0
203	2	2	79	2	1	866.05	0
203	2	2	80	10	0	848.63	0
203	2	2	81	8	1	627.78	0
203	2	2	82	6	0	1069.8	0
203	2	2	83	2	0	766.59	0
203	2	2	84	2	1	390.63	0
203	2	2	85	6	0	788.67	0
203	2	2	86	8	1	611.52	0
203	2	2	87	6	0	761.09	0
203	2	2	88	8	0	593.77	0
203	2	2	89	4	0	897.11	0
203	2	2	90	12	0	586.54	0
203	2	2	91	12	1	807.6	0
203	2	2	92	12	1	727.9	0
203	2	2	93	8	0	592.73	0
203	2	2	94	6	0	1084.2	0
203	2	2	95	6	0	979.1	0
203	2	2	96	4	1	827.73	0
203	2	2	97	12	1	873.76	0
203	2	2	98	10	0	553.47	0
203	2	2	99	10	1	464.05	0
203	2	2	100	6	1	731.73	0
203	2	2	101	12	1	943.92	0
203	2	2	102	10	1	2111.5	0
203	2	2	103	4	0	1132.4	0
203	2	2	104	4	0	801.01	0
203	2	2	105	10	1	765.39	0
203	2	2	106	10	1	591.97	0
203	2	2	107	8	1	530.23	0
203	2	2	108	8	1	842.43	0
203	2	2	109	4	1	580.08	0
203	2	2	110	10	0	672.75	0
203	2	2	111	12	1	594.35	0
203	2	2	112	12	1	416.99	0
203	2	2	113	6	1	792	0
203	2	2	114	2	0	837.6	0
203	2	2	115	12	0	803.56	0
203	2	2	116	8	0	492.83	0
203	2	2	117	2	1	628.38	0
203	2	2	118	10	1	768.76	0
203	2	2	119	12	1	610.04	0
203	2	2	120	12	1	525.26	0
203	1	2	1	7	1	742.97	0
203	1	2	2	3	1	746.32	0
203	1	2	3	5	0	693.56	0
203	1	2	4	7	0	646.88	0
203	1	2	5	9	1	593.85	0
203	1	2	6	9	1	447.49	0
203	1	2	7	1	0	651.91	0
203	1	2	8	7	1	933.29	0
203	1	2	9	3	0	586.96	0
203	1	2	10	7	0	611.33	0
203	1	2	11	1	1	701.29	0
203	1	2	12	9	1	572.5	0
203	1	2	13	11	1	709.6	0
203	1	2	14	1	0	779.44	0
203	1	2	15	9	0	444.1	0
203	1	2	16	11	0	619.37	0
203	1	2	17	9	1	636.79	0
203	1	2	18	5	0	629.69	0
203	1	2	19	3	0	616.16	0
203	1	2	20	5	1	722.14	0
203	1	2	21	7	1	479.63	0
203	1	2	22	11	1	661.61	0
203	1	2	23	5	0	740.07	0
203	1	2	24	9	1	399.64	0
203	1	2	25	11	1	528.27	0
203	1	2	26	11	1	563.31	0
203	1	2	27	1	0	497.01	0
203	1	2	28	9	0	599.9	0
203	1	2	29	7	0	710.2	0
203	1	2	30	1	0	420.21	0
203	1	2	31	9	1	589.75	0
203	1	2	32	7	1	1680.9	0
203	1	2	33	11	0	952.41	0
203	1	2	34	11	1	551.47	0
203	1	2	35	9	1	568.04	0
203	1	2	36	1	1	1056.9	0
203	1	2	37	5	1	704.32	0
203	1	2	38	9	0	534.63	0
203	1	2	39	3	0	444.39	0
203	1	2	40	11	1	581.98	0
203	1	2	41	1	1	510.41	0
203	1	2	42	7	1	694.57	0
203	1	2	43	3	1	714.2	0
203	1	2	44	7	1	615.44	0
203	1	2	45	1	1	478.86	0
203	1	2	46	1	1	1039	0
203	1	2	47	3	1	562.08	0
203	1	2	48	1	0	473.4	0
203	1	2	49	5	1	501.86	0
203	1	2	50	11	1	538.04	0
203	1	2	51	3	1	1608.6	0
203	1	2	52	11	0	778.91	0
203	1	2	53	3	0	464.92	0
203	1	2	54	3	1	483.87	0
203	1	2	55	11	0	900.96	0
203	1	2	56	7	0	620.31	0
203	1	2	57	9	1	553.88	0
203	1	2	58	7	0	1242.9	0
203	1	2	59	3	1	546.5	0
203	1	2	60	11	1	770.06	0
203	1	2	61	7	1	875.99	0
203	1	2	62	5	1	801.09	0
203	1	2	63	11	1	821.69	0
203	1	2	64	7	1	638.07	0
203	1	2	65	5	1	912.65	0
203	1	2	66	5	1	488.48	0
203	1	2	67	9	0	828.34	0
203	1	2	68	1	1	509.06	0
203	1	2	69	3	0	1131.7	0
203	1	2	70	5	0	1037.3	0
203	1	2	71	1	1	543.75	0
203	1	2	72	1	1	612.1	0
203	1	2	73	11	1	1157.3	0
203	1	2	74	1	1	783.5	0
203	1	2	75	3	1	969.79	0
203	1	2	76	5	1	886.51	0
203	1	2	77	3	1	567.91	0
203	1	2	78	1	1	586.17	0
203	1	2	79	3	0	707.38	0
203	1	2	80	11	1	708.14	0
203	1	2	81	11	1	934.45	0
203	1	2	82	3	0	664.55	0
203	1	2	83	1	1	406.74	0
203	1	2	84	9	0	628.67	0
203	1	2	85	9	1	453.16	0
203	1	2	86	5	0	618.11	0
203	1	2	87	9	0	699.74	0
203	1	2	88	7	1	622.5	0
203	1	2	89	1	1	568	0
203	1	2	90	7	0	1372.8	0
203	1	2	91	3	1	692.59	0
203	1	2	92	5	1	761.53	0
203	1	2	93	7	0	435.56	0
203	1	2	94	9	1	535.29	0
203	1	2	95	5	1	666.87	0
203	1	2	96	5	1	925.81	0
203	1	2	97	7	0	504.87	0
203	1	2	98	3	0	921.59	0
203	1	2	99	9	1	584.57	0
203	1	2	100	3	1	754.09	0
203	1	2	101	11	0	561.88	0
203	1	2	102	7	0	714.95	0
203	1	2	103	11	1	626.23	0
203	1	2	104	1	0	779.63	0
203	1	2	105	9	1	625.41	0
203	1	2	106	5	1	810.42	0
203	1	2	107	1	0	813.61	0
203	1	2	108	9	1	457.72	0
203	1	2	109	11	1	615.66	0
203	1	2	110	3	1	548.67	0
203	1	2	111	9	0	726.61	0
203	1	2	112	5	1	702.01	0
203	1	2	113	7	1	826.69	0
203	1	2	114	5	1	994.88	0
203	1	2	115	11	1	513.14	0
203	1	2	116	3	0	563.5	0
203	1	2	117	5	1	1214.6	0
203	1	2	118	1	1	667.39	0
203	1	2	119	7	1	674.53	0
203	1	2	120	5	1	751.36	0
203	3	2	1	12	0	592.19	0
203	3	2	2	3	1	607.54	0
203	3	2	3	10	1	921.37	0
203	3	2	4	8	1	499.55	0
203	3	2	5	12	1	426.75	0
203	3	2	6	1	1	794.1	0
203	3	2	7	5	0	1537.2	0
203	3	2	8	12	1	517.91	0
203	3	2	9	3	0	572.07	0
203	3	2	10	12	1	931.9	0
203	3	2	11	1	1	991.59	0
203	3	2	12	5	1	743.67	0
203	3	2	13	3	0	634.5	0
203	3	2	14	5	1	459.28	0
203	3	2	15	10	1	512.81	0
203	3	2	16	12	1	593.49	0
203	3	2	17	8	0	654.42	0
203	3	2	18	1	1	616.58	0
203	3	2	19	5	0	816.16	0
203	3	2	20	10	0	642.36	0
203	3	2	21	8	1	606.9	0
203	3	2	22	3	1	728.27	0
203	3	2	23	3	1	588.66	0
203	3	2	24	8	1	519.78	0
203	3	2	25	5	1	750.4	0
203	3	2	26	10	1	617.89	0
203	3	2	27	10	1	957.2	0
203	3	2	28	8	0	526.1	0
203	3	2	29	10	0	701.78	0
203	3	2	30	8	0	894.97	0
203	3	2	31	3	1	953.39	0
203	3	2	32	12	0	684.95	0
203	3	2	33	8	0	773.82	0
203	3	2	34	12	1	665.46	0
203	3	2	35	1	0	781.97	0
203	3	2	36	3	1	742.4	0
203	3	2	37	5	1	779.82	0
203	3	2	38	5	1	885.5	0
203	3	2	39	10	0	668.54	0
203	3	2	40	1	1	617.02	0
203	3	2	41	1	1	913.02	0
203	3	2	42	5	0	1329.4	0
203	3	2	43	10	1	545.55	0
203	3	2	44	12	1	449.63	0
203	3	2	45	3	0	438.23	0
203	3	2	46	3	1	504.52	0
203	3	2	47	5	0	489.19	0
203	3	2	48	8	0	578.02	0
203	3	2	49	12	0	536.08	0
203	3	2	50	1	1	716.03	0
203	3	2	51	1	1	528.5	0
203	3	2	52	12	1	647.35	0
203	3	2	53	10	1	994.37	0
203	3	2	54	1	1	597.15	0
203	3	2	55	8	0	593.61	0
203	3	2	56	12	0	869.26	0
203	3	2	57	5	0	477.33	0
203	3	2	58	12	0	754.43	0
203	3	2	59	3	1	805.47	0
203	3	2	60	12	1	639.65	0
203	3	2	61	1	1	619.62	0
203	3	2	62	10	1	690.36	0
203	3	2	63	5	0	539.84	0
203	3	2	64	1	1	415.85	0
203	3	2	65	10	1	465.07	0
203	3	2	66	3	0	550.66	0
203	3	2	67	3	1	742.21	0
203	3	2	68	3	1	581.54	0
203	3	2	69	8	0	692.56	0
203	3	2	70	10	1	779.11	0
203	3	2	71	3	1	870.8	0
203	3	2	72	1	1	567.96	0
203	3	2	73	3	1	459.93	0
203	3	2	74	3	1	587.72	0
203	3	2	75	5	0	578.05	0
203	3	2	76	5	0	678.05	0
203	3	2	77	5	1	498.12	0
203	3	2	78	3	1	1232.4	0
203	3	2	79	10	0	607.07	0
203	3	2	80	8	1	801.53	0
203	3	2	81	5	0	955.62	0
203	3	2	82	8	1	469.11	0
203	3	2	83	1	1	454.88	0
203	3	2	84	12	1	491.94	0
203	3	2	85	10	0	511.6	0
203	3	2	86	5	1	772.43	0
203	3	2	87	3	1	459.26	0
203	3	2	88	12	1	727.83	0
203	3	2	89	10	1	811.92	0
203	3	2	90	5	0	813.49	0
203	3	2	91	10	1	605.71	0
203	3	2	92	1	0	622.34	0
203	3	2	93	8	1	575.27	0
203	3	2	94	12	0	553.27	0
203	3	2	95	5	1	535.28	0
203	3	2	96	10	0	677.29	0
203	3	2	97	8	0	662.09	0
203	3	2	98	10	1	499.68	0
203	3	2	99	1	1	577.23	0
203	3	2	100	8	1	788.04	0
203	3	2	101	10	1	410.26	0
203	3	2	102	10	1	450.41	0
203	3	2	103	12	1	752.62	0
203	3	2	104	5	0	498.13	0
203	3	2	105	1	1	442.96	0
203	3	2	106	12	0	785.76	0
203	3	2	107	3	1	988.91	0
203	3	2	108	8	1	619.15	0
203	3	2	109	8	1	429.64	0
203	3	2	110	1	0	752.34	0
203	3	2	111	12	1	556.1	0
203	3	2	112	1	1	452.84	0
203	3	2	113	1	1	494.69	0
203	3	2	114	8	1	508.72	0
203	3	2	115	12	1	727.56	0
203	3	2	116	1	1	702.59	0
203	3	2	117	3	1	418.96	0
203	3	2	118	8	0	664.13	0
203	3	2	119	5	1	751.38	0
203	3	2	120	8	1	626.04	0
203	4	2	1	6	0	1023.4	0
203	4	2	2	4	1	737.21	0
203	4	2	3	2	0	817.12	0
203	4	2	4	9	0	491.67	0
203	4	2	5	2	0	528.6	0
203	4	2	6	9	1	803.66	0
203	4	2	7	6	1	556.41	0
203	4	2	8	7	1	798.98	0
203	4	2	9	2	1	514.63	0
203	4	2	10	2	0	664.93	0
203	4	2	11	2	1	506.54	0
203	4	2	12	2	1	713	0
203	4	2	13	11	1	452.4	0
203	4	2	14	9	1	584.33	0
203	4	2	15	11	1	782.67	0
203	4	2	16	4	1	606.1	0
203	4	2	17	6	0	853.07	0
203	4	2	18	11	1	527.25	0
203	4	2	19	4	0	921.12	0
203	4	2	20	11	1	512.65	0
203	4	2	21	2	1	590.39	0
203	4	2	22	11	1	602.74	0
203	4	2	23	4	1	772.04	0
203	4	2	24	4	1	613.97	0
203	4	2	25	11	1	774.07	0
203	4	2	26	9	1	611.79	0
203	4	2	27	4	1	643.74	0
203	4	2	28	4	1	578.3	0
203	4	2	29	9	0	782.99	0
203	4	2	30	11	0	876.95	0
203	4	2	31	6	1	482.86	0
203	4	2	32	2	1	535.55	0
203	4	2	33	9	1	466.84	0
203	4	2	34	9	1	847.4	0
203	4	2	35	4	1	733.04	0
203	4	2	36	7	1	1302.9	0
203	4	2	37	9	0	407.78	0
203	4	2	38	4	1	615.54	0
203	4	2	39	2	0	704.9	0
203	4	2	40	4	1	763.43	0
203	4	2	41	2	1	1207.3	0
203	4	2	42	2	1	639.16	0
203	4	2	43	7	1	453.37	0
203	4	2	44	2	1	1035.8	0
203	4	2	45	7	1	546.93	0
203	4	2	46	11	1	781.2	0
203	4	2	47	6	0	615.06	0
203	4	2	48	4	1	436.97	0
203	4	2	49	6	0	507.48	0
203	4	2	50	6	1	441.99	0
203	4	2	51	9	1	610.8	0
203	4	2	52	7	1	522.93	0
203	4	2	53	6	1	599.96	0
203	4	2	54	4	1	641.51	0
203	4	2	55	4	1	469.89	0
203	4	2	56	9	1	663.02	0
203	4	2	57	2	0	696.28	0
203	4	2	58	2	1	420.5	0
203	4	2	59	4	1	601.91	0
203	4	2	60	11	0	802.81	0
203	4	2	61	11	1	937.1	0
203	4	2	62	2	0	644.23	0
203	4	2	63	7	1	668.12	0
203	4	2	64	11	1	476.75	0
203	4	2	65	7	1	706.58	0
203	4	2	66	11	1	1026.6	0
203	4	2	67	9	1	606.69	0
203	4	2	68	2	0	651.2	0
203	4	2	69	7	1	566.96	0
203	4	2	70	7	1	507.28	0
203	4	2	71	11	1	954.55	0
203	4	2	72	6	1	462.93	0
203	4	2	73	2	0	894.65	0
203	4	2	74	6	1	697.88	0
203	4	2	75	11	1	891.47	0
203	4	2	76	11	1	511.67	0
203	4	2	77	7	0	665.02	0
203	4	2	78	7	0	722.5	0
203	4	2	79	11	0	873.12	0
203	4	2	80	7	0	567.11	0
203	4	2	81	9	0	697.14	0
203	4	2	82	6	0	676.4	0
203	4	2	83	6	1	502.52	0
203	4	2	84	4	1	454.52	0
203	4	2	85	4	1	444.96	0
203	4	2	86	11	1	819.36	0
203	4	2	87	6	1	545.96	0
203	4	2	88	2	1	389.85	0
203	4	2	89	6	1	647.36	0
203	4	2	90	4	1	701.36	0
203	4	2	91	11	1	503.54	0
203	4	2	92	7	1	1078.6	0
203	4	2	93	9	1	734.78	0
203	4	2	94	9	1	589.79	0
203	4	2	95	4	0	457.77	0
203	4	2	96	7	0	604.11	0
203	4	2	97	2	0	821.49	0
203	4	2	98	7	1	513.87	0
203	4	2	99	7	1	719.36	0
203	4	2	100	7	1	488.78	0
203	4	2	101	9	1	565.06	0
203	4	2	102	7	1	744.08	0
203	4	2	103	9	1	580.84	0
203	4	2	104	7	1	456.7	0
203	4	2	105	7	1	763.88	0
203	4	2	106	9	1	684.49	0
203	4	2	107	6	1	933.3	0
203	4	2	108	9	1	589.05	0
203	4	2	109	6	1	649.17	0
203	4	2	110	6	1	509.14	0
203	4	2	111	11	1	698	0
203	4	2	112	9	1	652.67	0
203	4	2	113	11	1	545.54	0
203	4	2	114	6	0	737.43	0
203	4	2	115	9	1	858.04	0
203	4	2	116	2	1	557.69	0
203	4	2	117	6	0	795.34	0
203	4	2	118	6	1	511.92	0
203	4	2	119	4	0	998.75	0
203	4	2	120	4	1	738.63	0
203	5	2	1	4	0	772.38	0
203	5	2	2	2	1	563.06	0
203	5	2	3	10	1	720.02	0
203	5	2	4	11	0	447.29	0
203	5	2	5	1	1	548.5	0
203	5	2	6	9	1	429.39	0
203	5	2	7	12	0	558.59	0
203	5	2	8	12	0	590.7	0
203	5	2	9	7	1	698.93	0
203	5	2	10	6	1	811.57	0
203	5	2	11	6	1	604.24	0
203	5	2	12	3	1	746.88	0
203	5	2	13	10	1	570.12	0
203	5	2	14	2	0	633.45	0
203	5	2	15	9	1	561.43	0
203	5	2	16	5	1	804.71	0
203	5	2	17	7	1	586.45	0
203	5	2	18	11	1	522.76	0
203	5	2	19	5	1	533.93	0
203	5	2	20	10	1	577.76	0
203	5	2	21	12	0	1176	0
203	5	2	22	12	1	771.64	0
203	5	2	23	8	0	813.88	0
203	5	2	24	6	0	761.91	0
203	5	2	25	9	1	841.65	0
203	5	2	26	8	1	749.64	0
203	5	2	27	1	1	494.24	0
203	5	2	28	3	0	682.67	0
203	5	2	29	3	1	611.68	0
203	5	2	30	1	0	907.96	0
203	5	2	31	9	0	668.42	0
203	5	2	32	4	1	772.63	0
203	5	2	33	11	1	653.66	0
203	5	2	34	7	1	792.99	0
203	5	2	35	5	1	609.68	0
203	5	2	36	3	1	523.17	0
203	5	2	37	2	1	897.52	0
203	5	2	38	6	0	696.24	0
203	5	2	39	11	1	706.88	0
203	5	2	40	9	1	604.58	0
203	5	2	41	7	1	837.62	0
203	5	2	42	4	1	689.66	0
203	5	2	43	2	0	922.59	0
203	5	2	44	6	1	697.61	0
203	5	2	45	11	1	377.67	0
203	5	2	46	12	1	1153.8	0
203	5	2	47	10	1	1123.1	0
203	5	2	48	4	1	905.86	0
203	5	2	49	1	0	918.51	0
203	5	2	50	5	0	703.2	0
203	5	2	51	4	1	456.12	0
203	5	2	52	7	0	490.84	0
203	5	2	53	3	1	2261.2	0
203	5	2	54	11	1	484.66	0
203	5	2	55	1	1	666.48	0
203	5	2	56	2	0	676.9	0
203	5	2	57	11	1	700.5	0
203	5	2	58	7	1	652.87	0
203	5	2	59	8	0	768.88	0
203	5	2	60	7	1	681.22	0
203	5	2	61	2	1	484.69	0
203	5	2	62	5	0	641.66	0
203	5	2	63	5	1	461.04	0
203	5	2	64	8	1	731.34	0
203	5	2	65	8	1	496.1	0
203	5	2	66	7	1	661.06	0
203	5	2	67	9	0	492.57	0
203	5	2	68	8	0	707.09	0
203	5	2	69	5	1	464.18	0
203	5	2	70	1	1	522.06	0
203	5	2	71	4	1	540.71	0
203	5	2	72	3	1	613.87	0
203	5	2	73	7	0	1224.6	0
203	5	2	74	4	1	484.31	0
203	5	2	75	9	1	536.78	0
203	5	2	76	1	0	585.89	0
203	5	2	77	8	1	575	0
203	5	2	78	12	0	842.71	0
203	5	2	79	6	1	845.92	0
203	5	2	80	11	1	715.59	0
203	5	2	81	6	0	856.39	0
203	5	2	82	4	1	564.17	0
203	5	2	83	5	1	420.14	0
203	5	2	84	12	1	1037	0
203	5	2	85	3	0	565.98	0
203	5	2	86	4	0	759.16	0
203	5	2	87	3	1	492.06	0
203	5	2	88	10	1	638.52	0
203	5	2	89	10	1	603.36	0
203	5	2	90	12	0	959.73	0
203	5	2	91	8	1	602.8	0
203	5	2	92	12	1	523.76	0
203	5	2	93	12	1	435.15	0
203	5	2	94	3	1	912.93	0
203	5	2	95	1	0	571.01	0
203	5	2	96	1	1	412.27	0
203	5	2	97	6	1	881.27	0
203	5	2	98	5	0	833.79	0
203	5	2	99	4	1	561.9	0
203	5	2	100	10	1	575.61	0
203	5	2	101	10	1	660.8	0
203	5	2	102	10	1	718.4	0
203	5	2	103	2	0	1210.4	0
203	5	2	104	2	1	858.29	0
203	5	2	105	8	1	1000.9	0
203	5	2	106	9	0	758.07	0
203	5	2	107	1	1	688.27	0
203	5	2	108	3	0	868.42	0
203	5	2	109	6	0	437.01	0
203	5	2	110	7	0	622.9	0
203	5	2	111	6	1	2495.9	0
203	5	2	112	2	0	1029.6	0
203	5	2	113	2	1	436.79	0
203	5	2	114	11	1	747.81	0
203	5	2	115	11	0	1304.7	0
203	5	2	116	9	0	774.45	0
203	5	2	117	8	0	674.37	0
203	5	2	118	9	1	881.49	0
203	5	2	119	10	1	739.34	0
203	5	2	120	5	1	688.76	0
203	5	2	1	8	1	662.81	0
203	5	2	2	8	0	687.27	0
203	5	2	3	2	1	601.41	0
203	5	2	4	1	0	600.67	0
203	5	2	5	12	1	629.47	0
203	5	2	6	12	0	690.77	0
203	5	2	7	4	1	710.62	0
203	5	2	8	3	0	915.62	0
203	5	2	9	10	1	516.08	0
203	5	2	10	6	1	647.51	0
203	5	2	11	12	1	611.67	0
203	5	2	12	11	0	635.71	0
203	5	2	13	6	0	3009.9	1
203	5	2	14	6	1	736.73	0
203	5	2	15	8	1	898.84	0
203	5	2	16	9	0	489.32	0
203	5	2	17	1	1	544.05	0
203	5	2	18	11	0	889.06	0
203	5	2	19	8	1	572.72	0
203	5	2	20	11	0	525.22	0
203	5	2	21	1	1	533.43	0
203	5	2	22	10	1	562.24	0
203	5	2	23	7	1	724.33	0
203	5	2	24	1	1	446.87	0
203	5	2	25	2	0	521.61	0
203	5	2	26	4	0	628.02	0
203	5	2	27	11	1	691.75	0
203	5	2	28	7	0	818.67	0
203	5	2	29	9	1	552.1	0
203	5	2	30	10	0	968.51	0
203	5	2	31	5	1	554.23	0
203	5	2	32	1	1	518.87	0
203	5	2	33	4	1	489.15	0
203	5	2	34	6	0	746	0
203	5	2	35	1	1	527.06	0
203	5	2	36	4	1	700.56	0
203	5	2	37	3	1	655.48	0
203	5	2	38	12	1	530.26	0
203	5	2	39	4	1	821.53	0
203	5	2	40	6	1	574.99	0
203	5	2	41	9	1	382.93	0
203	5	2	42	6	0	502.94	0
203	5	2	43	2	0	892.49	0
203	5	2	44	3	0	893.38	0
203	5	2	45	4	0	559.28	0
203	5	2	46	5	1	596.89	0
203	5	2	47	9	0	700.26	0
203	5	2	48	9	1	604.17	0
203	5	2	49	2	1	557.72	0
203	5	2	50	5	1	749.75	0
203	5	2	51	8	0	867.36	0
203	5	2	52	12	1	1388.7	0
203	5	2	53	7	0	698.1	0
203	5	2	54	9	0	596.12	0
203	5	2	55	7	1	564.87	0
203	5	2	56	7	1	492.6	0
203	5	2	57	2	0	444.21	0
203	5	2	58	1	1	917.82	0
203	5	2	59	5	0	449.89	0
203	5	2	60	3	1	928.37	0
203	5	2	61	11	1	447.95	0
203	5	2	62	3	0	924.6	0
203	5	2	63	11	1	620.54	0
203	5	2	64	1	1	666.83	0
203	5	2	65	7	0	855.73	0
203	5	2	66	4	1	538.83	0
203	5	2	67	11	0	1030	0
203	5	2	68	9	1	1989.9	0
203	5	2	69	8	0	876.17	0
203	5	2	70	3	0	904.09	0
203	5	2	71	5	0	559.81	0
203	5	2	72	8	1	709.99	0
203	5	2	73	10	1	1056.2	0
203	5	2	74	6	1	637.21	0
203	5	2	75	5	1	614.9	0
203	5	2	76	2	1	909.8	0
203	5	2	77	7	1	554.48	0
203	5	2	78	10	0	756.59	0
203	5	2	79	10	1	651.53	0
203	5	2	80	4	0	545.5	0
203	5	2	81	2	0	644.16	0
203	5	2	82	3	0	659.24	0
203	5	2	83	11	1	530.25	0
203	5	2	84	8	1	830.88	0
203	5	2	85	10	0	574.88	0
203	5	2	86	6	0	1078.7	0
203	5	2	87	11	1	592.68	0
203	5	2	88	2	1	526.36	0
203	5	2	89	5	0	571.4	0
203	5	2	90	12	1	523.34	0
203	5	2	91	8	1	503.31	0
203	5	2	92	12	0	847.52	0
203	5	2	93	8	0	858.44	0
203	5	2	94	4	1	1372	0
203	5	2	95	7	0	792.53	0
203	5	2	96	12	1	608.73	0
203	5	2	97	11	0	554.73	0
203	5	2	98	4	1	698.13	0
203	5	2	99	10	1	425.47	0
203	5	2	100	2	1	402.8	0
203	5	2	101	9	1	712.46	0
203	5	2	102	10	1	691.24	0
203	5	2	103	3	1	679.18	0
203	5	2	104	3	1	1523.6	0
203	5	2	105	6	0	655.16	0
203	5	2	106	12	1	487.49	0
203	5	2	107	3	1	716.86	0
203	5	2	108	7	1	533.16	0
203	5	2	109	5	0	1234.5	0
203	5	2	110	12	1	934.79	0
203	5	2	111	9	0	469.57	0
203	5	2	112	10	0	1002.4	0
203	5	2	113	1	1	566.91	0
203	5	2	114	1	1	466.86	0
203	5	2	115	7	0	657.96	0
203	5	2	116	5	1	641.68	0
203	5	2	117	5	0	776.51	0
203	5	2	118	9	1	662.88	0
203	5	2	119	6	0	885.77	0
203	5	2	120	2	1	885.22	0
203	2	3	1	8	0	1851.1	0
203	2	3	2	12	1	763.14	0
203	2	3	3	12	1	540.95	0
203	2	3	4	4	1	748.82	0
203	2	3	5	10	1	662.39	0
203	2	3	6	2	1	887.3	0
203	2	3	7	4	0	603.43	0
203	2	3	8	8	0	728.42	0
203	2	3	9	2	0	1238.8	0
203	2	3	10	2	1	587.62	0
203	2	3	11	6	0	514.05	0
203	2	3	12	2	1	936.86	0
203	2	3	13	10	0	728.27	0
203	2	3	14	4	0	656.41	0
203	2	3	15	8	1	711.36	0
203	2	3	16	12	1	517.01	0
203	2	3	17	8	1	920.61	0
203	2	3	18	2	0	803.73	0
203	2	3	19	10	0	635.36	0
203	2	3	20	6	1	639.63	0
203	2	3	21	2	1	587.28	0
203	2	3	22	6	0	564.97	0
203	2	3	23	6	0	675.08	0
203	2	3	24	4	1	596.42	0
203	2	3	25	6	0	652.43	0
203	2	3	26	6	1	722.95	0
203	2	3	27	8	0	713.49	0
203	2	3	28	10	1	844.79	0
203	2	3	29	8	1	449.32	0
203	2	3	30	12	1	642.12	0
203	2	3	31	2	0	678.79	0
203	2	3	32	6	0	575.83	0
203	2	3	33	2	0	509.55	0
203	2	3	34	10	1	625.52	0
203	2	3	35	2	1	1164.4	0
203	2	3	36	4	0	552.61	0
203	2	3	37	2	0	753.26	0
203	2	3	38	8	0	692.52	0
203	2	3	39	12	1	579.33	0
203	2	3	40	12	1	494.51	0
203	2	3	41	12	1	476.57	0
203	2	3	42	4	0	637.94	0
203	2	3	43	8	0	573.76	0
203	2	3	44	8	1	902.99	0
203	2	3	45	4	0	489.78	0
203	2	3	46	10	1	502.41	0
203	2	3	47	8	1	663.42	0
203	2	3	48	4	0	1009.4	0
203	2	3	49	4	1	351.87	0
203	2	3	50	6	1	530.11	0
203	2	3	51	2	1	755.57	0
203	2	3	52	10	1	561.3	0
203	2	3	53	6	0	937.49	0
203	2	3	54	8	1	660.81	0
203	2	3	55	6	0	634.98	0
203	2	3	56	12	1	521.44	0
203	2	3	57	10	0	712.29	0
203	2	3	58	8	1	562.15	0
203	2	3	59	10	0	634.31	0
203	2	3	60	12	1	451.86	0
203	2	3	61	10	0	573.78	0
203	2	3	62	10	1	603.41	0
203	2	3	63	12	1	744.53	0
203	2	3	64	6	0	547.5	0
203	2	3	65	2	1	1045.6	0
203	2	3	66	12	1	599.25	0
203	2	3	67	6	1	570.43	0
203	2	3	68	12	0	578.31	0
203	2	3	69	10	0	433.79	0
203	2	3	70	4	1	756.81	0
203	2	3	71	10	1	536.86	0
203	2	3	72	4	1	536.06	0
203	2	3	73	12	1	616.33	0
203	2	3	74	10	0	513.41	0
203	2	3	75	12	0	566.72	0
203	2	3	76	4	1	640.14	0
203	2	3	77	6	1	530.12	0
203	2	3	78	8	0	703.69	0
203	2	3	79	4	1	751.48	0
203	2	3	80	4	1	648.77	0
203	2	3	81	2	1	650.3	0
203	2	3	82	10	1	777.27	0
203	2	3	83	10	1	866.33	0
203	2	3	84	2	1	747.92	0
203	2	3	85	8	1	781.64	0
203	2	3	86	8	0	935.94	0
203	2	3	87	4	1	726.89	0
203	2	3	88	6	0	1617.9	0
203	2	3	89	4	0	780.03	0
203	2	3	90	6	0	688.87	0
203	2	3	91	12	1	591.86	0
203	2	3	92	6	0	461.8	0
203	2	3	93	6	1	992.71	0
203	2	3	94	8	1	721.81	0
203	2	3	95	2	1	623.05	0
203	2	3	96	2	1	676.05	0
203	2	3	97	10	1	433.4	0
203	2	3	98	8	1	577.15	0
203	2	3	99	6	0	486.09	0
203	2	3	100	6	1	1054.5	0
203	2	3	101	12	0	575.77	0
203	2	3	102	10	1	370.63	0
203	2	3	103	12	1	896.83	0
203	2	3	104	4	1	639.7	0
203	2	3	105	8	0	646.54	0
203	2	3	106	12	1	697.81	0
203	2	3	107	12	1	585.4	0
203	2	3	108	2	0	615.04	0
203	2	3	109	6	0	473.9	0
203	2	3	110	4	1	583.1	0
203	2	3	111	4	1	721.02	0
203	2	3	112	2	1	540.46	0
203	2	3	113	10	0	624.57	0
203	2	3	114	8	0	782.54	0
203	2	3	115	10	1	693.27	0
203	2	3	116	4	1	559.73	0
203	2	3	117	8	0	475.93	0
203	2	3	118	2	0	579.6	0
203	2	3	119	2	1	1048.9	0
203	2	3	120	12	0	659.08	0
203	1	3	1	3	0	749.35	0
203	1	3	2	11	1	770.28	0
203	1	3	3	11	1	689.16	0
203	1	3	4	1	1	692.53	0
203	1	3	5	3	1	1113.3	0
203	1	3	6	5	1	594.43	0
203	1	3	7	1	1	873.53	0
203	1	3	8	7	0	504.11	0
203	1	3	9	5	1	562.92	0
203	1	3	10	7	1	635.51	0
203	1	3	11	1	1	468.16	0
203	1	3	12	11	1	486.05	0
203	1	3	13	9	1	586.97	0
203	1	3	14	7	0	614.52	0
203	1	3	15	5	1	521.45	0
203	1	3	16	3	1	1003.2	0
203	1	3	17	5	1	1087.4	0
203	1	3	18	5	1	620.64	0
203	1	3	19	11	0	637.94	0
203	1	3	20	7	0	1175.6	0
203	1	3	21	11	0	768.32	0
203	1	3	22	9	1	615.56	0
203	1	3	23	11	1	564.4	0
203	1	3	24	7	0	727.96	0
203	1	3	25	7	1	578.96	0
203	1	3	26	11	0	585.47	0
203	1	3	27	9	0	545.08	0
203	1	3	28	5	1	729.56	0
203	1	3	29	11	0	879.25	0
203	1	3	30	3	0	692.92	0
203	1	3	31	9	1	689.81	0
203	1	3	32	9	1	681.9	0
203	1	3	33	7	1	533.86	0
203	1	3	34	3	1	417.36	0
203	1	3	35	9	0	808.64	0
203	1	3	36	9	1	550.87	0
203	1	3	37	7	1	829.21	0
203	1	3	38	3	0	1609.6	0
203	1	3	39	3	1	599.55	0
203	1	3	40	5	0	731.46	0
203	1	3	41	5	1	715.25	0
203	1	3	42	1	0	1338.3	0
203	1	3	43	5	0	627.68	0
203	1	3	44	9	0	627.32	0
203	1	3	45	7	0	590.94	0
203	1	3	46	11	1	501.31	0
203	1	3	47	5	1	969.64	0
203	1	3	48	9	1	493.88	0
203	1	3	49	5	0	519.94	0
203	1	3	50	11	1	459.3	0
203	1	3	51	1	1	476.68	0
203	1	3	52	1	1	656.64	0
203	1	3	53	7	1	430.83	0
203	1	3	54	1	1	603.18	0
203	1	3	55	3	1	538.27	0
203	1	3	56	11	1	1025.6	0
203	1	3	57	3	0	1191.1	0
203	1	3	58	11	0	1400.7	0
203	1	3	59	9	1	595.64	0
203	1	3	60	3	0	701.45	0
203	1	3	61	7	0	1125.6	0
203	1	3	62	11	0	1117.2	0
203	1	3	63	11	1	937.92	0
203	1	3	64	5	1	876.56	0
203	1	3	65	7	0	1171.1	0
203	1	3	66	9	1	596.57	0
203	1	3	67	5	0	1069.9	0
203	1	3	68	9	1	673.2	0
203	1	3	69	1	1	738.16	0
203	1	3	70	5	1	711.41	0
203	1	3	71	3	1	626.28	0
203	1	3	72	1	1	825.36	0
203	1	3	73	1	1	534.08	0
203	1	3	74	1	0	609.37	0
203	1	3	75	11	0	597.79	0
203	1	3	76	7	0	780.27	0
203	1	3	77	7	1	671.59	0
203	1	3	78	3	0	1708.7	0
203	1	3	79	9	1	421.86	0
203	1	3	80	1	1	433.17	0
203	1	3	81	1	1	538.77	0
203	1	3	82	5	0	780.54	0
203	1	3	83	3	1	484	0
203	1	3	84	3	1	522.24	0
203	1	3	85	7	1	523.16	0
203	1	3	86	9	1	546.91	0
203	1	3	87	3	0	801.38	0
203	1	3	88	3	1	612.37	0
203	1	3	89	7	1	773.27	0
203	1	3	90	1	1	629.66	0
203	1	3	91	1	0	804.43	0
203	1	3	92	7	0	729.56	0
203	1	3	93	3	0	773.54	0
203	1	3	94	5	1	719.07	0
203	1	3	95	7	0	680.81	0
203	1	3	96	5	1	587.16	0
203	1	3	97	5	1	691.03	0
203	1	3	98	9	0	868.81	0
203	1	3	99	1	1	625.98	0
203	1	3	100	9	1	621.28	0
203	1	3	101	3	0	1119.4	0
203	1	3	102	1	1	896.32	0
203	1	3	103	5	1	556.63	0
203	1	3	104	11	0	774.89	0
203	1	3	105	9	1	458.94	0
203	1	3	106	5	1	901.21	0
203	1	3	107	9	0	674.58	0
203	1	3	108	11	1	769.4	0
203	1	3	109	9	0	709.87	0
203	1	3	110	1	0	543.35	0
203	1	3	111	7	1	607.75	0
203	1	3	112	11	1	749.41	0
203	1	3	113	1	1	593.61	0
203	1	3	114	7	1	621.84	0
203	1	3	115	1	1	643.87	0
203	1	3	116	9	1	744.02	0
203	1	3	117	3	1	740.74	0
203	1	3	118	3	1	923	0
203	1	3	119	11	1	946.1	0
203	1	3	120	11	1	586.64	0
203	5	3	1	9	1	873.02	0
203	5	3	2	10	1	1055.5	0
203	5	3	3	12	1	736.63	0
203	5	3	4	9	0	629.26	0
203	5	3	5	8	1	781.24	0
203	5	3	6	5	1	640.75	0
203	5	3	7	7	1	525.64	0
203	5	3	8	11	0	699.18	0
203	5	3	9	7	0	648.75	0
203	5	3	10	6	1	716.3	0
203	5	3	11	12	1	450.6	0
203	5	3	12	7	1	868.12	0
203	5	3	13	5	0	617.98	0
203	5	3	14	12	1	613	0
203	5	3	15	7	0	661.94	0
203	5	3	16	5	1	685.1	0
203	5	3	17	3	1	707.67	0
203	5	3	18	7	1	1615.9	0
203	5	3	19	2	1	938.42	0
203	5	3	20	4	0	615.05	0
203	5	3	21	10	1	813.9	0
203	5	3	22	8	0	778.83	0
203	5	3	23	3	0	1151.8	0
203	5	3	24	2	1	759.28	0
203	5	3	25	10	1	917.96	0
203	5	3	26	4	0	493.23	0
203	5	3	27	4	1	704.55	0
203	5	3	28	6	1	884.49	0
203	5	3	29	12	0	453.54	0
203	5	3	30	1	1	593.14	0
203	5	3	31	5	0	1125.8	0
203	5	3	32	6	0	784.62	0
203	5	3	33	11	0	916.65	0
203	5	3	34	9	0	615.05	0
203	5	3	35	8	0	672.92	0
203	5	3	36	12	0	620.54	0
203	5	3	37	4	0	525.71	0
203	5	3	38	2	0	385.31	0
203	5	3	39	4	1	703.6	0
203	5	3	40	4	1	760.34	0
203	5	3	41	3	0	734.4	0
203	5	3	42	5	0	923.05	0
203	5	3	43	10	1	504.77	0
203	5	3	44	10	1	822.19	0
203	5	3	45	12	1	783.35	0
203	5	3	46	9	1	457.76	0
203	5	3	47	6	1	662.02	0
203	5	3	48	2	1	651.92	0
203	5	3	49	6	0	866.77	0
203	5	3	50	5	0	584.41	0
203	5	3	51	10	1	443.89	0
203	5	3	52	10	1	757.45	0
203	5	3	53	6	1	1064	0
203	5	3	54	2	0	739.81	0
203	5	3	55	10	1	1864.1	0
203	5	3	56	11	1	597.25	0
203	5	3	57	3	0	478.22	0
203	5	3	58	12	1	631.55	0
203	5	3	59	8	0	743.96	0
203	5	3	60	9	1	926.45	0
203	5	3	61	4	1	471.66	0
203	5	3	62	3	1	420.26	0
203	5	3	63	12	1	859.66	0
203	5	3	64	2	1	764.57	0
203	5	3	65	5	0	637.2	0
203	5	3	66	3	1	640.25	0
203	5	3	67	10	1	517.41	0
203	5	3	68	8	1	678.02	0
203	5	3	69	1	1	474.54	0
203	5	3	70	9	0	667.6	0
203	5	3	71	2	0	716.39	0
203	5	3	72	1	0	703.89	0
203	5	3	73	8	1	904.18	0
203	5	3	74	9	0	536.44	0
203	5	3	75	10	0	604.38	0
203	5	3	76	9	1	825.68	0
203	5	3	77	3	0	544.67	0
203	5	3	78	6	0	766.11	0
203	5	3	79	2	1	534.94	0
203	5	3	80	11	1	478.34	0
203	5	3	81	3	1	665.38	0
203	5	3	82	4	1	672.83	0
203	5	3	83	1	1	617.9	0
203	5	3	84	12	1	575.75	0
203	5	3	85	8	0	515.29	0
203	5	3	86	12	0	612.49	0
203	5	3	87	9	1	528.07	0
203	5	3	88	3	1	1120.3	0
203	5	3	89	11	0	443.42	0
203	5	3	90	5	0	591.14	0
203	5	3	91	1	0	792.4	0
203	5	3	92	11	1	891.07	0
203	5	3	93	11	1	541.12	0
203	5	3	94	2	1	598.24	0
203	5	3	95	9	1	580.23	0
203	5	3	96	11	1	763.78	0
203	5	3	97	8	1	661.36	0
203	5	3	98	1	1	823.3	0
203	5	3	99	6	1	493.25	0
203	5	3	100	1	1	708.75	0
203	5	3	101	7	1	600.09	0
203	5	3	102	7	1	498.29	0
203	5	3	103	2	1	527.5	0
203	5	3	104	7	0	502.8	0
203	5	3	105	1	1	864.52	0
203	5	3	106	6	1	478.71	0
203	5	3	107	8	1	642.26	0
203	5	3	108	11	0	497.2	0
203	5	3	109	5	1	1170.9	0
203	5	3	110	1	1	582.68	0
203	5	3	111	4	1	889.58	0
203	5	3	112	4	1	586.78	0
203	5	3	113	3	1	573.13	0
203	5	3	114	8	1	949.28	0
203	5	3	115	5	1	973.24	0
203	5	3	116	7	1	630.65	0
203	5	3	117	1	1	581.25	0
203	5	3	118	11	1	937.69	0
203	5	3	119	7	0	664.53	0
203	5	3	120	6	0	849.33	0
203	5	3	1	4	1	704.96	0
203	5	3	2	6	0	856.03	0
203	5	3	3	8	1	692.56	0
203	5	3	4	9	0	506.72	0
203	5	3	5	3	0	482.18	0
203	5	3	6	10	1	514.09	0
203	5	3	7	11	0	730.46	0
203	5	3	8	7	0	454.28	0
203	5	3	9	5	1	639.61	0
203	5	3	10	12	1	492.68	0
203	5	3	11	8	0	460.92	0
203	5	3	12	10	1	650.2	0
203	5	3	13	6	0	1059.6	0
203	5	3	14	5	1	911.64	0
203	5	3	15	7	0	482.95	0
203	5	3	16	3	1	622.11	0
203	5	3	17	2	1	668.84	0
203	5	3	18	7	1	1460.5	0
203	5	3	19	1	1	632.51	0
203	5	3	20	12	0	510.68	0
203	5	3	21	6	1	620.13	0
203	5	3	22	7	1	767.93	0
203	5	3	23	4	0	789.65	0
203	5	3	24	8	0	688.71	0
203	5	3	25	6	1	631.34	0
203	5	3	26	8	0	674.21	0
203	5	3	27	2	1	1070.2	0
203	5	3	28	8	0	729.6	0
203	5	3	29	2	1	968.74	0
203	5	3	30	2	1	458.77	0
203	5	3	31	8	1	871.95	0
203	5	3	32	10	1	924.98	0
203	5	3	33	12	0	617.69	0
203	5	3	34	10	0	648.85	0
203	5	3	35	11	1	858.92	0
203	5	3	36	5	1	751.75	0
203	5	3	37	2	1	936.72	0
203	5	3	38	11	1	714.06	0
203	5	3	39	3	1	747.55	0
203	5	3	40	6	0	506.44	0
203	5	3	41	4	1	847.85	0
203	5	3	42	1	1	571.21	0
203	5	3	43	12	0	470.53	0
203	5	3	44	9	0	1120.2	0
203	5	3	45	2	1	945.81	0
203	5	3	46	5	1	876.46	0
203	5	3	47	10	1	508.1	0
203	5	3	48	6	1	699.7	0
203	5	3	49	9	1	756.52	0
203	5	3	50	9	0	1400.1	0
203	5	3	51	11	0	588.79	0
203	5	3	52	4	1	578.67	0
203	5	3	53	5	1	658.99	0
203	5	3	54	9	0	746.48	0
203	5	3	55	1	1	426.97	0
203	5	3	56	4	0	1003.9	0
203	5	3	57	7	1	457.47	0
203	5	3	58	12	0	583.57	0
203	5	3	59	11	0	566.67	0
203	5	3	60	12	0	1022.1	0
203	5	3	61	8	0	769.14	0
203	5	3	62	9	1	623.34	0
203	5	3	63	4	1	698.74	0
203	5	3	64	1	1	595.11	0
203	5	3	65	3	1	630.39	0
203	5	3	66	7	1	511.3	0
203	5	3	67	5	1	739.46	0
203	5	3	68	12	0	2489.4	0
203	5	3	69	6	1	583.22	0
203	5	3	70	10	1	480.23	0
203	5	3	71	3	1	611.37	0
203	5	3	72	1	0	465.87	0
203	5	3	73	1	1	646.96	0
203	5	3	74	1	1	539.73	0
203	5	3	75	2	1	510.77	0
203	5	3	76	1	0	443.79	0
203	5	3	77	10	1	473.44	0
203	5	3	78	11	1	807.7	0
203	5	3	79	11	1	647.2	0
203	5	3	80	3	1	612.42	0
203	5	3	81	1	0	719.07	0
203	5	3	82	2	0	689.01	0
203	5	3	83	6	0	814.76	0
203	5	3	84	3	0	847.03	0
203	5	3	85	3	0	529.91	0
203	5	3	86	5	1	745.44	0
203	5	3	87	3	0	548.75	0
203	5	3	88	5	1	826.44	0
203	5	3	89	10	1	647.18	0
203	5	3	90	10	1	818.49	0
203	5	3	91	4	1	809.61	0
203	5	3	92	4	1	605.35	0
203	5	3	93	1	1	683.5	0
203	5	3	94	8	0	815.8	0
203	5	3	95	8	1	651.69	0
203	5	3	96	11	0	1321.3	0
203	5	3	97	7	0	665.25	0
203	5	3	98	4	1	630.79	0
203	5	3	99	11	1	535.38	0
203	5	3	100	2	1	495.07	0
203	5	3	101	12	0	927.93	0
203	5	3	102	3	0	638.22	0
203	5	3	103	9	1	561.72	0
203	5	3	104	11	1	686.68	0
203	5	3	105	6	0	606.77	0
203	5	3	106	4	1	607.23	0
203	5	3	107	7	1	718.2	0
203	5	3	108	7	1	612.9	0
203	5	3	109	12	1	747.48	0
203	5	3	110	10	0	460.42	0
203	5	3	111	2	1	754.27	0
203	5	3	112	12	0	1829.6	0
203	5	3	113	9	1	780.49	0
203	5	3	114	5	1	845.27	0
203	5	3	115	9	1	406.81	0
203	5	3	116	5	1	658.55	0
203	5	3	117	7	0	1006.9	0
203	5	3	118	6	1	443.26	0
203	5	3	119	9	0	558.88	0
203	5	3	120	8	0	454.69	0
203	3	3	1	10	1	445.37	0
203	3	3	2	3	1	588.68	0
203	3	3	3	10	1	759.16	0
203	3	3	4	1	1	561.77	0
203	3	3	5	1	1	468.63	0
203	3	3	6	8	0	448.45	0
203	3	3	7	10	1	539.71	0
203	3	3	8	3	0	635.18	0
203	3	3	9	5	0	946.51	0
203	3	3	10	5	1	1000.2	0
203	3	3	11	12	0	508.34	0
203	3	3	12	8	0	827.8	0
203	3	3	13	8	1	583.2	0
203	3	3	14	1	1	720.19	0
203	3	3	15	5	1	363.53	0
203	3	3	16	10	0	593.67	0
203	3	3	17	5	0	666.55	0
203	3	3	18	12	0	508.83	0
203	3	3	19	8	1	591.05	0
203	3	3	20	10	1	907.57	0
203	3	3	21	3	1	659.59	0
203	3	3	22	12	1	552.41	0
203	3	3	23	8	0	526.36	0
203	3	3	24	1	0	453.91	0
203	3	3	25	8	0	752.87	0
203	3	3	26	3	1	491.39	0
203	3	3	27	8	1	392.41	0
203	3	3	28	10	0	1368.4	0
203	3	3	29	3	1	840.07	0
203	3	3	30	5	1	407.84	0
203	3	3	31	8	0	700.51	0
203	3	3	32	8	1	675.85	0
203	3	3	33	3	1	814.04	0
203	3	3	34	8	1	593.27	0
203	3	3	35	1	1	563.66	0
203	3	3	36	5	1	563.33	0
203	3	3	37	10	0	726.32	0
203	3	3	38	5	0	565.82	0
203	3	3	39	5	1	571.9	0
203	3	3	40	12	1	750.82	0
203	3	3	41	5	1	571.47	0
203	3	3	42	1	1	679.43	0
203	3	3	43	1	1	565.26	0
203	3	3	44	3	1	917.59	0
203	3	3	45	12	1	569.61	0
203	3	3	46	10	0	785.32	0
203	3	3	47	1	0	852.91	0
203	3	3	48	12	1	737.82	0
203	3	3	49	10	1	698.81	0
203	3	3	50	5	1	528.62	0
203	3	3	51	1	1	650.45	0
203	3	3	52	5	0	724.03	0
203	3	3	53	12	0	706.92	0
203	3	3	54	10	0	644.54	0
203	3	3	55	8	0	478.36	0
203	3	3	56	12	0	1022.2	0
203	3	3	57	5	0	616.2	0
203	3	3	58	12	1	934.69	0
203	3	3	59	8	1	527.59	0
203	3	3	60	12	1	617.79	0
203	3	3	61	8	1	627.6	0
203	3	3	62	10	0	535.58	0
203	3	3	63	8	1	804.01	0
203	3	3	64	10	1	1028	0
203	3	3	65	10	1	642.33	0
203	3	3	66	1	1	872.86	0
203	3	3	67	3	1	532.62	0
203	3	3	68	8	1	623.21	0
203	3	3	69	3	1	625.29	0
203	3	3	70	3	1	601.71	0
203	3	3	71	3	1	534.4	0
203	3	3	72	1	1	579.89	0
203	3	3	73	12	1	567.85	0
203	3	3	74	12	1	556.49	0
203	3	3	75	5	0	569.23	0
203	3	3	76	5	1	496.92	0
203	3	3	77	10	1	1147.4	0
203	3	3	78	3	0	613.4	0
203	3	3	79	3	0	1317.8	0
203	3	3	80	8	0	551.49	0
203	3	3	81	12	1	634.73	0
203	3	3	82	12	1	625.28	0
203	3	3	83	5	1	545.32	0
203	3	3	84	8	1	495.46	0
203	3	3	85	12	0	522.08	0
203	3	3	86	3	1	1102.5	0
203	3	3	87	12	1	582.06	0
203	3	3	88	5	1	539.54	0
203	3	3	89	10	1	738.39	0
203	3	3	90	12	1	746.88	0
203	3	3	91	3	0	698.45	0
203	3	3	92	5	0	445.28	0
203	3	3	93	5	1	953.6	0
203	3	3	94	12	1	539.78	0
203	3	3	95	1	0	421.01	0
203	3	3	96	3	0	960.39	0
203	3	3	97	3	1	571.85	0
203	3	3	98	3	1	694.89	0
203	3	3	99	10	0	900.13	0
203	3	3	100	8	1	470.54	0
203	3	3	101	3	1	630.37	0
203	3	3	102	12	0	711.4	0
203	3	3	103	1	0	691.31	0
203	3	3	104	3	1	640.91	0
203	3	3	105	5	0	766.43	0
203	3	3	106	5	1	497.29	0
203	3	3	107	1	1	1071.4	0
203	3	3	108	12	0	535.91	0
203	3	3	109	10	1	502.63	0
203	3	3	110	1	1	640.1	0
203	3	3	111	8	1	716.96	0
203	3	3	112	8	1	641.32	0
203	3	3	113	1	1	571.88	0
203	3	3	114	10	1	1014.4	0
203	3	3	115	1	0	635.8	0
203	3	3	116	1	1	457.55	0
203	3	3	117	1	1	499.97	0
203	3	3	118	1	1	777.38	0
203	3	3	119	10	1	643.9	0
203	3	3	120	10	1	1597.6	0
203	4	3	1	4	1	702.65	0
203	4	3	2	9	1	576.02	0
203	4	3	3	4	1	648.38	0
203	4	3	4	11	0	514.15	0
203	4	3	5	6	0	464.3	0
203	4	3	6	11	1	652.7	0
203	4	3	7	6	1	526.96	0
203	4	3	8	9	1	572.82	0
203	4	3	9	7	1	653.24	0
203	4	3	10	9	0	649.27	0
203	4	3	11	11	1	527.54	0
203	4	3	12	6	0	562.2	0
203	4	3	13	6	1	749.19	0
203	4	3	14	11	0	1035.3	0
203	4	3	15	2	0	845.6	0
203	4	3	16	7	1	863.7	0
203	4	3	17	9	0	675.37	0
203	4	3	18	11	0	1602.1	0
203	4	3	19	7	1	636.16	0
203	4	3	20	11	1	1071.3	0
203	4	3	21	11	1	812.82	0
203	4	3	22	6	1	447.89	0
203	4	3	23	4	1	482.58	0
203	4	3	24	7	0	547.87	0
203	4	3	25	7	1	647.07	0
203	4	3	26	9	1	725.38	0
203	4	3	27	6	1	538.47	0
203	4	3	28	7	1	500.68	0
203	4	3	29	11	0	568.43	0
203	4	3	30	2	0	549.19	0
203	4	3	31	6	0	855.12	0
203	4	3	32	9	0	569.79	0
203	4	3	33	4	1	470.22	0
203	4	3	34	7	0	630.74	0
203	4	3	35	4	1	754.49	0
203	4	3	36	9	1	551.81	0
203	4	3	37	11	1	730.33	0
203	4	3	38	9	1	562.85	0
203	4	3	39	2	1	616.38	0
203	4	3	40	7	1	549.03	0
203	4	3	41	7	1	927.78	0
203	4	3	42	2	0	950.82	0
203	4	3	43	7	1	862.3	0
203	4	3	44	6	0	503.83	0
203	4	3	45	9	1	592.5	0
203	4	3	46	9	0	718.04	0
203	4	3	47	6	0	562.45	0
203	4	3	48	11	0	802.43	0
203	4	3	49	7	1	603.75	0
203	4	3	50	2	0	599.86	0
203	4	3	51	2	1	1060.1	0
203	4	3	52	2	1	665.73	0
203	4	3	53	6	0	1116	0
203	4	3	54	11	1	624.72	0
203	4	3	55	4	1	642.43	0
203	4	3	56	2	0	693.73	0
203	4	3	57	6	1	684.77	0
203	4	3	58	4	0	893.62	0
203	4	3	59	2	1	778.61	0
203	4	3	60	11	0	506.35	0
203	4	3	61	9	0	776.62	0
203	4	3	62	7	1	1052	0
203	4	3	63	4	1	785.01	0
203	4	3	64	7	0	693.82	0
203	4	3	65	4	0	866.54	0
203	4	3	66	7	1	861.84	0
203	4	3	67	7	1	426.04	0
203	4	3	68	9	1	775.72	0
203	4	3	69	2	1	582.37	0
203	4	3	70	6	1	646.29	0
203	4	3	71	11	1	542.68	0
203	4	3	72	11	1	473.57	0
203	4	3	73	2	0	514.56	0
203	4	3	74	4	1	626.47	0
203	4	3	75	11	1	729.51	0
203	4	3	76	4	1	594.02	0
203	4	3	77	7	1	607.62	0
203	4	3	78	9	0	1211.4	0
203	4	3	79	2	1	604.45	0
203	4	3	80	2	0	854.69	0
203	4	3	81	4	0	517.56	0
203	4	3	82	4	1	593.47	0
203	4	3	83	2	0	575.97	0
203	4	3	84	6	1	552.8	0
203	4	3	85	6	0	889.38	0
203	4	3	86	9	0	751.76	0
203	4	3	87	2	1	504.05	0
203	4	3	88	7	1	639.35	0
203	4	3	89	11	1	567.71	0
203	4	3	90	9	1	854.66	0
203	4	3	91	9	1	493.71	0
203	4	3	92	11	1	616.49	0
203	4	3	93	6	1	542.55	0
203	4	3	94	4	1	1119.6	0
203	4	3	95	4	0	940.59	0
203	4	3	96	9	1	489.51	0
203	4	3	97	2	1	585.7	0
203	4	3	98	6	1	571.14	0
203	4	3	99	6	1	659.62	0
203	4	3	100	6	1	484.76	0
203	4	3	101	2	1	704.05	0
203	4	3	102	9	1	583.76	0
203	4	3	103	4	0	709.37	0
203	4	3	104	2	0	712.76	0
203	4	3	105	9	0	1168.7	0
203	4	3	106	2	0	549.03	0
203	4	3	107	6	0	661.5	0
203	4	3	108	11	1	807.67	0
203	4	3	109	7	1	566.15	0
203	4	3	110	11	1	502.73	0
203	4	3	111	11	1	674.21	0
203	4	3	112	7	0	1143.6	0
203	4	3	113	4	0	567.99	0
203	4	3	114	2	0	692.44	0
203	4	3	115	4	1	557.3	0
203	4	3	116	6	1	679.57	0
203	4	3	117	9	1	645.77	0
203	4	3	118	4	0	963.13	0
203	4	3	119	4	1	600.28	0
203	4	3	120	7	1	490.03	0
203	2	4	1	12	1	439.87	0
203	2	4	2	4	0	450.62	0
203	2	4	3	8	1	465.68	0
203	2	4	4	6	0	1117	0
203	2	4	5	6	1	733.92	0
203	2	4	6	12	1	852.14	0
203	2	4	7	6	0	798.58	0
203	2	4	8	10	0	759.88	0
203	2	4	9	8	1	1112.9	0
203	2	4	10	4	0	985.78	0
203	2	4	11	12	1	1037.8	0
203	2	4	12	12	1	703.37	0
203	2	4	13	8	1	1018.7	0
203	2	4	14	8	1	777.19	0
203	2	4	15	10	1	484.37	0
203	2	4	16	2	1	473.34	0
203	2	4	17	6	1	651.09	0
203	2	4	18	10	1	665.27	0
203	2	4	19	2	1	668.75	0
203	2	4	20	10	1	599.18	0
203	2	4	21	6	0	687.21	0
203	2	4	22	2	1	689.98	0
203	2	4	23	12	1	988.62	0
203	2	4	24	4	1	531.19	0
203	2	4	25	2	1	646.14	0
203	2	4	26	8	1	647.79	0
203	2	4	27	12	0	857.39	0
203	2	4	28	12	1	595.23	0
203	2	4	29	4	1	392.96	0
203	2	4	30	6	0	738.43	0
203	2	4	31	8	1	637.78	0
203	2	4	32	10	1	665.62	0
203	2	4	33	12	0	753	0
203	2	4	34	6	1	501.92	0
203	2	4	35	4	1	574.9	0
203	2	4	36	12	1	675.95	0
203	2	4	37	12	1	479.81	0
203	2	4	38	4	1	550.41	0
203	2	4	39	10	0	632.1	0
203	2	4	40	4	0	900.59	0
203	2	4	41	10	1	744.65	0
203	2	4	42	10	1	676.01	0
203	2	4	43	8	0	704.07	0
203	2	4	44	4	1	520.56	0
203	2	4	45	12	1	701.01	0
203	2	4	46	6	1	964.92	0
203	2	4	47	8	1	723.82	0
203	2	4	48	6	0	843.35	0
203	2	4	49	10	1	759.61	0
203	2	4	50	10	1	516.08	0
203	2	4	51	2	1	1062.9	0
203	2	4	52	2	0	604.68	0
203	2	4	53	8	1	632.81	0
203	2	4	54	12	1	737.35	0
203	2	4	55	2	0	676.63	0
203	2	4	56	4	1	689.11	0
203	2	4	57	8	0	893.5	0
203	2	4	58	2	0	746.33	0
203	2	4	59	4	0	610.55	0
203	2	4	60	8	1	625.86	0
203	2	4	61	6	0	715.54	0
203	2	4	62	10	0	896.96	0
203	2	4	63	12	1	632.94	0
203	2	4	64	8	1	603.11	0
203	2	4	65	10	0	671.86	0
203	2	4	66	4	1	574.32	0
203	2	4	67	10	1	426.37	0
203	2	4	68	6	1	1136.8	0
203	2	4	69	4	1	856.57	0
203	2	4	70	10	0	554.22	0
203	2	4	71	12	0	613.32	0
203	2	4	72	2	1	474.48	0
203	2	4	73	2	1	533.93	0
203	2	4	74	2	1	399.5	0
203	2	4	75	8	1	1051	0
203	2	4	76	8	1	487.82	0
203	2	4	77	8	1	678.56	0
203	2	4	78	2	1	696.81	0
203	2	4	79	4	1	736.5	0
203	2	4	80	10	0	598.14	0
203	2	4	81	2	1	636.07	0
203	2	4	82	12	1	572.1	0
203	2	4	83	10	1	599.88	0
203	2	4	84	6	0	697.72	0
203	2	4	85	10	1	633.37	0
203	2	4	86	4	0	746.3	0
203	2	4	87	12	0	572.78	0
203	2	4	88	4	1	725.27	0
203	2	4	89	4	1	399.07	0
203	2	4	90	8	0	530.31	0
203	2	4	91	8	1	767.36	0
203	2	4	92	6	1	566.59	0
203	2	4	93	2	1	605.26	0
203	2	4	94	6	0	889.75	0
203	2	4	95	12	1	647.92	0
203	2	4	96	2	0	713.87	0
203	2	4	97	2	1	606.19	0
203	2	4	98	2	1	1200.8	0
203	2	4	99	4	1	455.71	0
203	2	4	100	6	1	569.47	0
203	2	4	101	6	1	621.44	0
203	2	4	102	6	1	539.38	0
203	2	4	103	8	0	573.99	0
203	2	4	104	2	0	1257.1	0
203	2	4	105	10	1	466.4	0
203	2	4	106	10	1	645.65	0
203	2	4	107	6	1	746.25	0
203	2	4	108	12	1	451.68	0
203	2	4	109	6	1	669.71	0
203	2	4	110	8	1	860.9	0
203	2	4	111	2	1	536.06	0
203	2	4	112	2	1	486.31	0
203	2	4	113	12	1	446.56	0
203	2	4	114	4	0	501.65	0
203	2	4	115	4	1	644.72	0
203	2	4	116	12	1	521.92	0
203	2	4	117	4	0	641.23	0
203	2	4	118	8	1	816.42	0
203	2	4	119	10	1	651.38	0
203	2	4	120	6	0	634.25	0
203	1	4	1	5	1	698.45	0
203	1	4	2	5	1	839.63	0
203	1	4	3	7	1	637.62	0
203	1	4	4	7	1	729.9	0
203	1	4	5	3	1	605.25	0
203	1	4	6	3	1	445.41	0
203	1	4	7	7	1	647.21	0
203	1	4	8	3	0	584.63	0
203	1	4	9	7	0	708.45	0
203	1	4	10	1	1	492.36	0
203	1	4	11	1	1	551.02	0
203	1	4	12	7	1	611.02	0
203	1	4	13	5	0	671.3	0
203	1	4	14	7	0	566.54	0
203	1	4	15	7	1	435.78	0
203	1	4	16	11	1	510.98	0
203	1	4	17	11	1	645.47	0
203	1	4	18	7	1	1029.4	0
203	1	4	19	3	1	570.01	0
203	1	4	20	11	1	737.43	0
203	1	4	21	11	0	709.62	0
203	1	4	22	9	1	650.7	0
203	1	4	23	1	0	648.58	0
203	1	4	24	1	1	563.58	0
203	1	4	25	5	1	750.19	0
203	1	4	26	1	0	719.46	0
203	1	4	27	5	1	722.51	0
203	1	4	28	1	1	512.28	0
203	1	4	29	5	1	662.57	0
203	1	4	30	3	1	487.91	0
203	1	4	31	1	1	579.28	0
203	1	4	32	9	1	519.63	0
203	1	4	33	11	1	1147.6	0
203	1	4	34	11	1	580.92	0
203	1	4	35	3	1	843.3	0
203	1	4	36	7	1	859.66	0
203	1	4	37	9	0	1467.1	0
203	1	4	38	3	0	587.52	0
203	1	4	39	7	0	905.8	0
203	1	4	40	7	1	749.2	0
203	1	4	41	9	1	475.56	0
203	1	4	42	1	0	948.42	0
203	1	4	43	7	1	728.92	0
203	1	4	44	3	1	667.36	0
203	1	4	45	11	0	817.2	0
203	1	4	46	11	1	564.31	0
203	1	4	47	9	1	1218.5	0
203	1	4	48	3	0	498.38	0
203	1	4	49	7	1	570.99	0
203	1	4	50	9	1	740.18	0
203	1	4	51	9	1	621.3	0
203	1	4	52	5	1	610.03	0
203	1	4	53	11	1	823.65	0
203	1	4	54	1	1	724.42	0
203	1	4	55	5	1	583.95	0
203	1	4	56	11	1	593.63	0
203	1	4	57	3	1	738.47	0
203	1	4	58	5	1	462.24	0
203	1	4	59	9	1	411.45	0
203	1	4	60	3	1	688.8	0
203	1	4	61	7	1	612.03	0
203	1	4	62	9	0	662.42	0
203	1	4	63	3	0	635.8	0
203	1	4	64	9	0	565.95	0
203	1	4	65	9	1	1384.9	0
203	1	4	66	3	0	792.99	0
203	1	4	67	1	1	657.19	0
203	1	4	68	11	1	594.33	0
203	1	4	69	5	1	666.7	0
203	1	4	70	5	1	1045	0
203	1	4	71	3	1	487.34	0
203	1	4	72	3	1	894.79	0
203	1	4	73	7	1	989.24	0
203	1	4	74	1	0	596.15	0
203	1	4	75	1	1	1077.6	0
203	1	4	76	1	0	737.41	0
203	1	4	77	11	1	500.02	0
203	1	4	78	5	1	649.22	0
203	1	4	79	11	1	1197.4	0
203	1	4	80	5	0	500.13	0
203	1	4	81	7	1	1991.4	0
203	1	4	82	9	1	463.11	0
203	1	4	83	1	0	734.48	0
203	1	4	84	5	0	773.93	0
203	1	4	85	9	0	695.38	0
203	1	4	86	11	1	845.62	0
203	1	4	87	7	0	652.32	0
203	1	4	88	1	1	588.98	0
203	1	4	89	7	0	778.44	0
203	1	4	90	9	1	575.24	0
203	1	4	91	7	1	703.58	0
203	1	4	92	11	1	390.83	0
203	1	4	93	11	1	533.44	0
203	1	4	94	3	1	504.89	0
203	1	4	95	1	1	461.97	0
203	1	4	96	5	0	536.67	0
203	1	4	97	1	1	874.66	0
203	1	4	98	11	1	651.49	0
203	1	4	99	3	1	554.89	0
203	1	4	100	11	1	728.09	0
203	1	4	101	7	0	796.78	0
203	1	4	102	1	0	634	0
203	1	4	103	11	1	472.52	0
203	1	4	104	9	0	908.66	0
203	1	4	105	9	1	746.44	0
203	1	4	106	5	1	428.2	0
203	1	4	107	5	1	633.08	0
203	1	4	108	3	0	688.31	0
203	1	4	109	3	1	1473.7	0
203	1	4	110	9	0	577.35	0
203	1	4	111	9	1	420.85	0
203	1	4	112	9	1	629.55	0
203	1	4	113	9	0	899.71	0
203	1	4	114	11	1	1170.3	0
203	1	4	115	3	1	677.24	0
203	1	4	116	5	1	487.87	0
203	1	4	117	1	0	745.19	0
203	1	4	118	1	1	716.62	0
203	1	4	119	5	0	474.72	0
203	1	4	120	5	1	573.65	0
203	5	4	1	4	1	473.39	0
203	5	4	2	8	1	676.29	0
203	5	4	3	8	1	680.19	0
203	5	4	4	2	1	567.34	0
203	5	4	5	5	0	708.21	0
203	5	4	6	2	0	475.62	0
203	5	4	7	11	1	640.46	0
203	5	4	8	3	1	587.01	0
203	5	4	9	5	1	488.57	0
203	5	4	10	11	1	529.89	0
203	5	4	11	12	0	462.69	0
203	5	4	12	3	0	975.78	0
203	5	4	13	2	1	432.73	0
203	5	4	14	6	1	834.55	0
203	5	4	15	9	1	662.69	0
203	5	4	16	11	0	770.76	0
203	5	4	17	4	1	497.14	0
203	5	4	18	9	1	770.89	0
203	5	4	19	2	0	583.6	0
203	5	4	20	12	1	703.5	0
203	5	4	21	9	1	883.49	0
203	5	4	22	3	0	684.4	0
203	5	4	23	2	1	1767.7	0
203	5	4	24	7	0	695.48	0
203	5	4	25	8	1	536.08	0
203	5	4	26	7	1	1074	0
203	5	4	27	8	0	641.96	0
203	5	4	28	2	1	523.16	0
203	5	4	29	1	0	550.97	0
203	5	4	30	10	0	760.52	0
203	5	4	31	5	1	807.86	0
203	5	4	32	5	1	678.12	0
203	5	4	33	7	1	741.9	0
203	5	4	34	1	1	575.26	0
203	5	4	35	8	0	577.86	0
203	5	4	36	8	0	824.07	0
203	5	4	37	7	0	1324.6	0
203	5	4	38	7	1	584.05	0
203	5	4	39	11	1	872.47	0
203	5	4	40	6	1	657.1	0
203	5	4	41	7	1	533.93	0
203	5	4	42	12	1	1029.1	0
203	5	4	43	1	1	950.58	0
203	5	4	44	1	1	827.37	0
203	5	4	45	7	1	1099	0
203	5	4	46	10	1	466.85	0
203	5	4	47	8	1	855.77	0
203	5	4	48	10	1	632.92	0
203	5	4	49	6	1	528.36	0
203	5	4	50	1	0	515.96	0
203	5	4	51	3	0	696.09	0
203	5	4	52	7	1	1053.1	0
203	5	4	53	2	1	503.49	0
203	5	4	54	7	0	933.23	0
203	5	4	55	3	1	674.29	0
203	5	4	56	6	0	665.04	0
203	5	4	57	8	1	817.64	0
203	5	4	58	6	0	811.84	0
203	5	4	59	11	0	616.86	0
203	5	4	60	3	0	597.03	0
203	5	4	61	9	0	1001.4	0
203	5	4	62	11	0	567.51	0
203	5	4	63	4	1	558.79	0
203	5	4	64	10	1	579.7	0
203	5	4	65	5	0	558.29	0
203	5	4	66	12	0	1163.4	0
203	5	4	67	4	1	487.68	0
203	5	4	68	9	1	623.64	0
203	5	4	69	3	1	787.97	0
203	5	4	70	10	1	451.01	0
203	5	4	71	9	1	595.81	0
203	5	4	72	2	0	1121.5	0
203	5	4	73	12	1	858.09	0
203	5	4	74	1	1	684.69	0
203	5	4	75	10	1	757.88	0
203	5	4	76	11	1	724.8	0
203	5	4	77	6	0	621.61	0
203	5	4	78	3	1	602.45	0
203	5	4	79	9	1	568.36	0
203	5	4	80	2	1	516.16	0
203	5	4	81	1	1	698.53	0
203	5	4	82	3	1	612.85	0
203	5	4	83	9	1	683.32	0
203	5	4	84	11	1	484.77	0
203	5	4	85	1	0	573.07	0
203	5	4	86	10	0	1092.7	0
203	5	4	87	5	0	478.74	0
203	5	4	88	12	1	522.83	0
203	5	4	89	8	1	578.57	0
203	5	4	90	2	1	464.85	0
203	5	4	91	11	1	624.27	0
203	5	4	92	5	1	691.63	0
203	5	4	93	10	1	610.29	0
203	5	4	94	5	1	644.03	0
203	5	4	95	1	1	529.2	0
203	5	4	96	6	0	652.61	0
203	5	4	97	5	0	692.1	0
203	5	4	98	6	0	654.41	0
203	5	4	99	4	0	728.53	0
203	5	4	100	9	1	529.35	0
203	5	4	101	12	0	667.08	0
203	5	4	102	4	1	635.02	0
203	5	4	103	4	1	1072.9	0
203	5	4	104	4	1	856.73	0
203	5	4	105	8	1	415.08	0
203	5	4	106	9	0	1117.9	0
203	5	4	107	11	1	699.87	0
203	5	4	108	1	1	749.26	0
203	5	4	109	10	0	792.3	0
203	5	4	110	4	1	690.01	0
203	5	4	111	12	1	653.84	0
203	5	4	112	10	0	622.08	0
203	5	4	113	4	0	1054.9	0
203	5	4	114	6	1	599.12	0
203	5	4	115	3	1	460.16	0
203	5	4	116	5	1	945.3	0
203	5	4	117	12	1	859.48	0
203	5	4	118	12	1	595.7	0
203	5	4	119	6	1	580.45	0
203	5	4	120	7	1	563.33	0
203	5	4	1	5	1	514.7	0
203	5	4	2	6	0	811.32	0
203	5	4	3	10	1	675.35	0
203	5	4	4	9	1	887.04	0
203	5	4	5	6	0	725.92	0
203	5	4	6	11	0	927.14	0
203	5	4	7	6	1	620.49	0
203	5	4	8	3	0	639.31	0
203	5	4	9	11	1	459.41	0
203	5	4	10	1	1	600.6	0
203	5	4	11	6	0	619.34	0
203	5	4	12	1	1	603.19	0
203	5	4	13	5	0	671.13	0
203	5	4	14	1	0	733.2	0
203	5	4	15	5	0	653.44	0
203	5	4	16	1	0	630.7	0
203	5	4	17	11	0	668.85	0
203	5	4	18	10	1	757	0
203	5	4	19	12	0	942.66	0
203	5	4	20	2	0	671.19	0
203	5	4	21	9	1	635.09	0
203	5	4	22	3	1	566	0
203	5	4	23	2	0	526.46	0
203	5	4	24	3	0	625.28	0
203	5	4	25	6	0	462.18	0
203	5	4	26	12	1	914.78	0
203	5	4	27	12	1	645.48	0
203	5	4	28	1	0	620.81	0
203	5	4	29	7	1	537.66	0
203	5	4	30	5	1	672.94	0
203	5	4	31	8	0	671.8	0
203	5	4	32	8	1	867.85	0
203	5	4	33	10	0	592.79	0
203	5	4	34	8	1	565.11	0
203	5	4	35	12	0	563.5	0
203	5	4	36	10	1	646.6	0
203	5	4	37	5	0	647.38	0
203	5	4	38	7	0	538.13	0
203	5	4	39	10	0	537.55	0
203	5	4	40	4	1	873.33	0
203	5	4	41	12	1	908.08	0
203	5	4	42	6	0	1073.1	0
203	5	4	43	3	1	583.89	0
203	5	4	44	11	1	415.94	0
203	5	4	45	12	0	639.87	0
203	5	4	46	8	0	600.35	0
203	5	4	47	1	1	666.81	0
203	5	4	48	9	1	529.94	0
203	5	4	49	8	0	570.48	0
203	5	4	50	10	0	638.99	0
203	5	4	51	11	1	604.44	0
203	5	4	52	7	0	887.11	0
203	5	4	53	4	1	621.49	0
203	5	4	54	5	0	551.17	0
203	5	4	55	6	0	811.08	0
203	5	4	56	11	0	570.64	0
203	5	4	57	3	1	777.18	0
203	5	4	58	10	1	976.09	0
203	5	4	59	8	1	1166.8	0
203	5	4	60	3	1	683.68	0
203	5	4	61	4	1	489.65	0
203	5	4	62	4	1	730.4	0
203	5	4	63	11	1	623.06	0
203	5	4	64	10	1	634.39	0
203	5	4	65	2	1	462.05	0
203	5	4	66	2	1	441.15	0
203	5	4	67	7	0	705.17	0
203	5	4	68	7	0	637.98	0
203	5	4	69	12	1	1115.8	0
203	5	4	70	2	1	719.18	0
203	5	4	71	4	0	636.87	0
203	5	4	72	7	0	587.39	0
203	5	4	73	2	0	567.08	0
203	5	4	74	8	1	488.36	0
203	5	4	75	11	1	575.95	0
203	5	4	76	4	1	528.99	0
203	5	4	77	8	1	622.92	0
203	5	4	78	5	1	741.32	0
203	5	4	79	6	1	590.86	0
203	5	4	80	12	1	556.26	0
203	5	4	81	5	1	665	0
203	5	4	82	1	0	663.19	0
203	5	4	83	9	1	631.04	0
203	5	4	84	2	0	637.53	0
203	5	4	85	11	1	692.12	0
203	5	4	86	7	0	679.92	0
203	5	4	87	8	0	645.03	0
203	5	4	88	7	0	653.22	0
203	5	4	89	5	0	556.73	0
203	5	4	90	2	1	853.55	0
203	5	4	91	1	0	628.11	0
203	5	4	92	3	0	682.76	0
203	5	4	93	1	0	931.26	0
203	5	4	94	12	1	696.49	0
203	5	4	95	7	0	506.32	0
203	5	4	96	9	1	621.41	0
203	5	4	97	11	1	2079.7	0
203	5	4	98	9	0	467.18	0
203	5	4	99	6	0	870.17	0
203	5	4	100	8	0	583.12	0
203	5	4	101	9	1	586.94	0
203	5	4	102	6	1	575.81	0
203	5	4	103	9	1	528.13	0
203	5	4	104	2	1	721.47	0
203	5	4	105	4	1	755.45	0
203	5	4	106	2	0	1332	0
203	5	4	107	9	1	691.42	0
203	5	4	108	10	1	561.88	0
203	5	4	109	3	0	643.58	0
203	5	4	110	1	0	781.66	0
203	5	4	111	4	0	530.22	0
203	5	4	112	3	1	1044.9	0
203	5	4	113	9	1	434.72	0
203	5	4	114	3	1	664.76	0
203	5	4	115	12	0	511.74	0
203	5	4	116	7	0	459.99	0
203	5	4	117	4	0	897.72	0
203	5	4	118	4	1	1727.7	0
203	5	4	119	10	1	662.68	0
203	5	4	120	5	1	629.59	0
203	4	4	1	4	0	714.64	0
203	4	4	2	9	1	511.55	0
203	4	4	3	9	1	809.79	0
203	4	4	4	11	1	591.76	0
203	4	4	5	9	1	565.21	0
203	4	4	6	11	1	809.06	0
203	4	4	7	6	1	802.67	0
203	4	4	8	6	1	570.39	0
203	4	4	9	2	0	614.03	0
203	4	4	10	2	1	408.16	0
203	4	4	11	11	0	463.68	0
203	4	4	12	2	0	471.99	0
203	4	4	13	11	0	575.81	0
203	4	4	14	4	0	560.95	0
203	4	4	15	6	1	646.32	0
203	4	4	16	6	1	443.63	0
203	4	4	17	11	0	771.21	0
203	4	4	18	6	0	553.3	0
203	4	4	19	6	1	872.04	0
203	4	4	20	11	1	422.34	0
203	4	4	21	11	1	684.08	0
203	4	4	22	2	1	2222.3	0
203	4	4	23	9	1	1006.4	0
203	4	4	24	9	1	686.23	0
203	4	4	25	4	1	489.72	0
203	4	4	26	9	1	537.88	0
203	4	4	27	11	1	761.88	0
203	4	4	28	2	1	529.12	0
203	4	4	29	7	1	905.54	0
203	4	4	30	6	0	733.27	0
203	4	4	31	6	1	496.93	0
203	4	4	32	9	1	564.91	0
203	4	4	33	2	1	850.29	0
203	4	4	34	4	1	1006.3	0
203	4	4	35	11	1	475.5	0
203	4	4	36	7	0	1158.9	0
203	4	4	37	4	1	622.16	0
203	4	4	38	4	1	614.2	0
203	4	4	39	4	1	666.93	0
203	4	4	40	2	1	574.21	0
203	4	4	41	7	0	860.59	0
203	4	4	42	2	1	787.42	0
203	4	4	43	11	0	853.24	0
203	4	4	44	9	0	557.52	0
203	4	4	45	9	1	563.4	0
203	4	4	46	6	1	800.86	0
203	4	4	47	11	1	495.14	0
203	4	4	48	2	0	760.09	0
203	4	4	49	7	1	485.94	0
203	4	4	50	11	1	745.07	0
203	4	4	51	9	1	480.41	0
203	4	4	52	4	1	1094	0
203	4	4	53	7	1	676.35	0
203	4	4	54	4	1	493.35	0
203	4	4	55	4	1	670.82	0
203	4	4	56	9	1	670.63	0
203	4	4	57	7	1	718.99	0
203	4	4	58	9	1	485.19	0
203	4	4	59	9	1	494.21	0
203	4	4	60	4	1	562.45	0
203	4	4	61	2	1	524.39	0
203	4	4	62	9	1	413.98	0
203	4	4	63	11	1	786.22	0
203	4	4	64	6	1	562.17	0
203	4	4	65	2	0	730.92	0
203	4	4	66	7	1	715.85	0
203	4	4	67	6	1	642.69	0
203	4	4	68	9	1	607.39	0
203	4	4	69	11	1	762.02	0
203	4	4	70	9	1	534.91	0
203	4	4	71	4	0	621.95	0
203	4	4	72	2	1	565.03	0
203	4	4	73	6	1	570.52	0
203	4	4	74	4	1	734.83	0
203	4	4	75	2	1	703.49	0
203	4	4	76	6	1	682.4	0
203	4	4	77	7	0	732.99	0
203	4	4	78	7	1	492.95	0
203	4	4	79	11	1	792.33	0
203	4	4	80	11	1	554.81	0
203	4	4	81	9	1	693.82	0
203	4	4	82	6	0	695.05	0
203	4	4	83	9	1	625.88	0
203	4	4	84	11	1	626.98	0
203	4	4	85	7	0	676.67	0
203	4	4	86	7	1	820.25	0
203	4	4	87	4	1	406.76	0
203	4	4	88	7	1	601.54	0
203	4	4	89	4	1	535.45	0
203	4	4	90	4	1	484.72	0
203	4	4	91	7	1	520.15	0
203	4	4	92	7	1	492.84	0
203	4	4	93	4	1	537.9	0
203	4	4	94	6	0	660.67	0
203	4	4	95	7	1	617.6	0
203	4	4	96	4	1	667.7	0
203	4	4	97	7	1	715.47	0
203	4	4	98	2	0	637.99	0
203	4	4	99	6	1	695.52	0
203	4	4	100	2	1	664.59	0
203	4	4	101	9	1	603.47	0
203	4	4	102	6	0	1122.7	0
203	4	4	103	11	1	652.04	0
203	4	4	104	2	0	687	0
203	4	4	105	11	0	604.35	0
203	4	4	106	2	1	659.77	0
203	4	4	107	6	0	673.79	0
203	4	4	108	4	1	569.89	0
203	4	4	109	6	1	1010	0
203	4	4	110	7	0	690.75	0
203	4	4	111	4	1	481.14	0
203	4	4	112	7	0	676.42	0
203	4	4	113	2	0	728.91	0
203	4	4	114	6	1	479.85	0
203	4	4	115	9	1	447.06	0
203	4	4	116	2	0	614.64	0
203	4	4	117	7	1	845.04	0
203	4	4	118	2	1	403.03	0
203	4	4	119	7	0	579.97	0
203	4	4	120	11	1	446.61	0
203	3	4	1	12	1	512.01	0
203	3	4	2	10	0	978.26	0
203	3	4	3	10	1	497.36	0
203	3	4	4	1	1	658.52	0
203	3	4	5	5	1	458.08	0
203	3	4	6	10	0	462.96	0
203	3	4	7	3	1	497.61	0
203	3	4	8	1	1	410.41	0
203	3	4	9	12	0	811.9	0
203	3	4	10	8	0	646.28	0
203	3	4	11	3	1	665.11	0
203	3	4	12	3	1	523.27	0
203	3	4	13	10	1	526.34	0
203	3	4	14	8	1	626.48	0
203	3	4	15	12	1	689.72	0
203	3	4	16	8	1	642.19	0
203	3	4	17	5	1	848.9	0
203	3	4	18	8	0	891.91	0
203	3	4	19	1	1	588.8	0
203	3	4	20	12	0	825.53	0
203	3	4	21	1	1	633.64	0
203	3	4	22	10	1	593.03	0
203	3	4	23	5	1	625.68	0
203	3	4	24	12	0	549.4	0
203	3	4	25	12	1	693.47	0
203	3	4	26	5	0	623.8	0
203	3	4	27	1	0	564.09	0
203	3	4	28	1	1	503.07	0
203	3	4	29	5	1	537.44	0
203	3	4	30	10	1	645.27	0
203	3	4	31	3	1	690.88	0
203	3	4	32	10	1	804.8	0
203	3	4	33	10	1	786.68	0
203	3	4	34	5	1	510.84	0
203	3	4	35	3	0	759.37	0
203	3	4	36	12	0	496.99	0
203	3	4	37	3	1	441.36	0
203	3	4	38	1	1	467.12	0
203	3	4	39	12	1	424.39	0
203	3	4	40	12	1	450.83	0
203	3	4	41	8	1	518.7	0
203	3	4	42	3	1	846.77	0
203	3	4	43	5	0	497.49	0
203	3	4	44	1	0	1047.8	0
203	3	4	45	1	0	814.75	0
203	3	4	46	8	0	681.9	0
203	3	4	47	5	0	761.54	0
203	3	4	48	1	0	544.43	0
203	3	4	49	5	0	581.94	0
203	3	4	50	1	0	833.3	0
203	3	4	51	3	0	453.99	0
203	3	4	52	8	1	947.77	0
203	3	4	53	3	0	570.26	0
203	3	4	54	1	1	578.22	0
203	3	4	55	8	0	569.13	0
203	3	4	56	1	1	543.26	0
203	3	4	57	5	0	759.11	0
203	3	4	58	8	0	768.43	0
203	3	4	59	8	0	564.4	0
203	3	4	60	12	1	498.55	0
203	3	4	61	12	1	471.89	0
203	3	4	62	12	1	518.3	0
203	3	4	63	12	1	538.41	0
203	3	4	64	8	0	621.94	0
203	3	4	65	3	0	459.02	0
203	3	4	66	5	1	700.56	0
203	3	4	67	3	0	530.65	0
203	3	4	68	10	1	617.04	0
203	3	4	69	12	1	889.58	0
203	3	4	70	3	1	676.37	0
203	3	4	71	8	1	432.8	0
203	3	4	72	10	1	451.28	0
203	3	4	73	5	1	578.27	0
203	3	4	74	1	1	666.41	0
203	3	4	75	12	0	826.34	0
203	3	4	76	8	0	694.82	0
203	3	4	77	10	0	475.04	0
203	3	4	78	3	1	811.38	0
203	3	4	79	8	1	649.01	0
203	3	4	80	10	0	1542.8	0
203	3	4	81	8	1	461.39	0
203	3	4	82	1	1	499.47	0
203	3	4	83	5	1	649.6	0
203	3	4	84	10	1	612.99	0
203	3	4	85	3	0	554.78	0
203	3	4	86	12	0	714.81	0
203	3	4	87	5	1	667.8	0
203	3	4	88	10	0	560.59	0
203	3	4	89	1	1	563.47	0
203	3	4	90	5	0	607.19	0
203	3	4	91	3	0	624.73	0
203	3	4	92	10	1	880.03	0
203	3	4	93	5	1	646	0
203	3	4	94	5	1	622.72	0
203	3	4	95	12	0	591.65	0
203	3	4	96	3	1	570.29	0
203	3	4	97	12	1	582.6	0
203	3	4	98	1	0	694.75	0
203	3	4	99	10	1	606.8	0
203	3	4	100	8	1	370.5	0
203	3	4	101	10	1	449.1	0
203	3	4	102	5	0	723.17	0
203	3	4	103	3	1	822.81	0
203	3	4	104	10	0	711.24	0
203	3	4	105	8	0	590.62	0
203	3	4	106	5	1	1064.6	0
203	3	4	107	8	0	604.86	0
203	3	4	108	10	1	399.78	0
203	3	4	109	3	1	540.5	0
203	3	4	110	5	0	913.04	0
203	3	4	111	8	0	668.69	0
203	3	4	112	12	0	496.68	0
203	3	4	113	12	0	914.39	0
203	3	4	114	3	1	585.66	0
203	3	4	115	1	1	443.35	0
203	3	4	116	1	0	598.72	0
203	3	4	117	10	0	584.04	0
203	3	4	118	3	0	635.8	0
203	3	4	119	8	1	672.93	0
203	3	4	120	1	1	510.43	0
203	4	5	1	11	0	635.65	0
203	4	5	2	11	1	594.42	0
203	4	5	3	2	0	909.86	0
203	4	5	4	6	0	668.27	0
203	4	5	5	7	1	595.27	0
203	4	5	6	9	0	528.18	0
203	4	5	7	9	1	661.84	0
203	4	5	8	6	0	541.56	0
203	4	5	9	2	0	462.81	0
203	4	5	10	9	1	594.85	0
203	4	5	11	4	1	1203.7	0
203	4	5	12	9	1	1124.9	0
203	4	5	13	7	1	461.6	0
203	4	5	14	11	1	731.96	0
203	4	5	15	6	1	475.25	0
203	4	5	16	4	1	428.17	0
203	4	5	17	11	0	512.37	0
203	4	5	18	6	1	495.04	0
203	4	5	19	11	1	456.19	0
203	4	5	20	2	1	476.94	0
203	4	5	21	11	0	525.75	0
203	4	5	22	2	1	430.44	0
203	4	5	23	4	1	507.57	0
203	4	5	24	7	1	544.6	0
203	4	5	25	9	1	646.11	0
203	4	5	26	6	1	643.86	0
203	4	5	27	2	0	877.31	0
203	4	5	28	6	0	592.47	0
203	4	5	29	9	1	742.46	0
203	4	5	30	9	1	677.2	0
203	4	5	31	4	1	931.9	0
203	4	5	32	11	1	519.93	0
203	4	5	33	7	1	487.7	0
203	4	5	34	6	0	696.45	0
203	4	5	35	6	1	970.68	0
203	4	5	36	6	1	528.31	0
203	4	5	37	6	1	457.76	0
203	4	5	38	9	1	589.36	0
203	4	5	39	7	0	1074.7	0
203	4	5	40	6	1	438.86	0
203	4	5	41	11	1	657.75	0
203	4	5	42	11	1	918.59	0
203	4	5	43	9	1	1136.9	0
203	4	5	44	2	1	441.24	0
203	4	5	45	4	1	586.5	0
203	4	5	46	9	1	725.54	0
203	4	5	47	2	1	494.29	0
203	4	5	48	6	1	667.07	0
203	4	5	49	7	0	838.83	0
203	4	5	50	6	1	630.22	0
203	4	5	51	2	1	509.67	0
203	4	5	52	11	1	523.74	0
203	4	5	53	4	1	783.63	0
203	4	5	54	4	1	543.97	0
203	4	5	55	11	1	715.8	0
203	4	5	56	4	1	461.66	0
203	4	5	57	2	1	670.25	0
203	4	5	58	4	1	668.23	0
203	4	5	59	11	1	718.22	0
203	4	5	60	2	1	857.3	0
203	4	5	61	6	1	589.62	0
203	4	5	62	9	0	599.97	0
203	4	5	63	9	1	633.63	0
203	4	5	64	7	1	634.73	0
203	4	5	65	2	1	587.54	0
203	4	5	66	9	1	522.07	0
203	4	5	67	4	1	699.53	0
203	4	5	68	2	1	626.87	0
203	4	5	69	7	0	693.72	0
203	4	5	70	7	1	622.51	0
203	4	5	71	7	1	812.86	0
203	4	5	72	11	1	759.35	0
203	4	5	73	11	1	482.11	0
203	4	5	74	7	1	940.95	0
203	4	5	75	11	0	603.21	0
203	4	5	76	2	0	700.86	0
203	4	5	77	9	1	633.43	0
203	4	5	78	6	0	538.74	0
203	4	5	79	9	1	615.07	0
203	4	5	80	7	0	817.96	0
203	4	5	81	4	1	563.7	0
203	4	5	82	7	1	781.86	0
203	4	5	83	11	1	644.48	0
203	4	5	84	4	1	468.89	0
203	4	5	85	7	0	651.78	0
203	4	5	86	4	0	669.64	0
203	4	5	87	11	1	495.82	0
203	4	5	88	6	1	739.47	0
203	4	5	89	2	1	514.67	0
203	4	5	90	4	1	431.32	0
203	4	5	91	7	0	869.78	0
203	4	5	92	4	0	752.94	0
203	4	5	93	9	1	1806.6	0
203	4	5	94	4	1	922.03	0
203	4	5	95	4	1	612.17	0
203	4	5	96	7	1	814.2	0
203	4	5	97	9	0	842.33	0
203	4	5	98	9	1	785.79	0
203	4	5	99	11	1	586.06	0
203	4	5	100	11	1	716.69	0
203	4	5	101	6	0	1058.9	0
203	4	5	102	2	0	630.76	0
203	4	5	103	9	1	488.13	0
203	4	5	104	4	0	1009.1	0
203	4	5	105	7	1	679.95	0
203	4	5	106	2	1	539.21	0
203	4	5	107	2	1	876.04	0
203	4	5	108	11	1	686.45	0
203	4	5	109	2	1	1721	0
203	4	5	110	7	1	686.93	0
203	4	5	111	7	1	416	0
203	4	5	112	6	1	449.32	0
203	4	5	113	6	1	547.16	0
203	4	5	114	2	1	559.78	0
203	4	5	115	4	0	470.73	0
203	4	5	116	2	1	450.59	0
203	4	5	117	4	0	507.43	0
203	4	5	118	9	1	867.71	0
203	4	5	119	7	1	1397.4	0
203	4	5	120	6	1	883.98	0
203	3	5	1	12	1	599.52	0
203	3	5	2	10	1	428.02	0
203	3	5	3	8	1	940.82	0
203	3	5	4	5	1	890.54	0
203	3	5	5	10	1	779.8	0
203	3	5	6	3	0	671.99	0
203	3	5	7	8	0	998.9	0
203	3	5	8	8	1	397.93	0
203	3	5	9	1	0	411.76	0
203	3	5	10	3	0	537.81	0
203	3	5	11	1	1	675.48	0
203	3	5	12	12	1	808.5	0
203	3	5	13	3	1	726.27	0
203	3	5	14	8	0	544.29	0
203	3	5	15	12	0	642.88	0
203	3	5	16	10	1	645.72	0
203	3	5	17	12	0	679.97	0
203	3	5	18	3	1	1074.1	0
203	3	5	19	10	0	675.64	0
203	3	5	20	5	1	957.23	0
203	3	5	21	1	1	839.21	0
203	3	5	22	3	1	756.68	0
203	3	5	23	1	0	584.43	0
203	3	5	24	1	1	402.11	0
203	3	5	25	1	1	754.76	0
203	3	5	26	8	0	565.47	0
203	3	5	27	10	1	858.2	0
203	3	5	28	1	0	587.74	0
203	3	5	29	8	1	473.81	0
203	3	5	30	12	1	448.14	0
203	3	5	31	12	1	332.74	0
203	3	5	32	12	1	421.91	0
203	3	5	33	1	0	808.78	0
203	3	5	34	3	1	886.21	0
203	3	5	35	10	0	802.18	0
203	3	5	36	10	0	765.38	0
203	3	5	37	3	1	478.05	0
203	3	5	38	5	0	446.28	0
203	3	5	39	1	1	614.73	0
203	3	5	40	3	1	422.06	0
203	3	5	41	8	0	926.45	0
203	3	5	42	12	1	596.97	0
203	3	5	43	1	1	862.59	0
203	3	5	44	5	0	690.89	0
203	3	5	45	5	0	684.6	0
203	3	5	46	8	0	605.66	0
203	3	5	47	3	1	887.48	0
203	3	5	48	5	0	575.55	0
203	3	5	49	10	1	604.8	0
203	3	5	50	3	1	1088	0
203	3	5	51	1	1	650.61	0
203	3	5	52	1	1	550.06	0
203	3	5	53	1	1	467.91	0
203	3	5	54	10	0	532.5	0
203	3	5	55	12	0	672.7	0
203	3	5	56	5	1	454.82	0
203	3	5	57	5	1	644.4	0
203	3	5	58	1	0	1251.7	0
203	3	5	59	1	1	738.31	0
203	3	5	60	5	0	545.61	0
203	3	5	61	10	1	761.79	0
203	3	5	62	12	0	610.37	0
203	3	5	63	8	0	872.79	0
203	3	5	64	1	1	968.39	0
203	3	5	65	10	1	712.73	0
203	3	5	66	12	1	585.22	0
203	3	5	67	10	1	746.2	0
203	3	5	68	8	0	782.82	0
203	3	5	69	5	1	480.3	0
203	3	5	70	5	1	810.26	0
203	3	5	71	12	1	561.76	0
203	3	5	72	8	1	498.28	0
203	3	5	73	8	1	642.01	0
203	3	5	74	12	0	726.79	0
203	3	5	75	3	1	871.03	0
203	3	5	76	12	1	544.16	0
203	3	5	77	5	0	804.6	0
203	3	5	78	10	1	630.21	0
203	3	5	79	3	1	619.67	0
203	3	5	80	5	0	511.1	0
203	3	5	81	10	1	539.44	0
203	3	5	82	8	1	894.05	0
203	3	5	83	3	1	689.04	0
203	3	5	84	5	0	836.13	0
203	3	5	85	3	1	1190.6	0
203	3	5	86	1	0	634.89	0
203	3	5	87	12	0	856.39	0
203	3	5	88	10	1	570.54	0
203	3	5	89	8	0	712.46	0
203	3	5	90	3	0	536.22	0
203	3	5	91	5	0	915.48	0
203	3	5	92	5	1	471.4	0
203	3	5	93	3	0	852.62	0
203	3	5	94	10	0	685.22	0
203	3	5	95	8	1	669.08	0
203	3	5	96	8	1	653.17	0
203	3	5	97	1	0	858.82	0
203	3	5	98	8	1	657.45	0
203	3	5	99	8	1	548.09	0
203	3	5	100	5	1	526.29	0
203	3	5	101	12	1	589.86	0
203	3	5	102	1	1	936.23	0
203	3	5	103	10	1	652.24	0
203	3	5	104	5	0	738.04	0
203	3	5	105	5	1	702.51	0
203	3	5	106	8	1	788.83	0
203	3	5	107	12	1	626.83	0
203	3	5	108	3	0	686.17	0
203	3	5	109	3	1	495.13	0
203	3	5	110	8	1	614.17	0
203	3	5	111	12	1	453.17	0
203	3	5	112	10	1	586.83	0
203	3	5	113	10	1	734.78	0
203	3	5	114	12	0	610.58	0
203	3	5	115	3	0	659.58	0
203	3	5	116	1	0	472.94	0
203	3	5	117	3	0	564.37	0
203	3	5	118	5	1	553.14	0
203	3	5	119	12	1	629.02	0
203	3	5	120	10	1	646.6	0
203	2	5	1	2	1	503.18	0
203	2	5	2	6	1	524	0
203	2	5	3	4	0	412.74	0
203	2	5	4	2	1	563.43	0
203	2	5	5	4	1	607.79	0
203	2	5	6	12	1	1076.7	0
203	2	5	7	12	1	529.42	0
203	2	5	8	6	0	960.41	0
203	2	5	9	10	1	936.07	0
203	2	5	10	2	1	507.49	0
203	2	5	11	2	1	525.59	0
203	2	5	12	6	1	553.96	0
203	2	5	13	8	1	648.98	0
203	2	5	14	12	1	606.85	0
203	2	5	15	10	1	526.8	0
203	2	5	16	12	0	716.34	0
203	2	5	17	10	1	682.47	0
203	2	5	18	10	1	1010.3	0
203	2	5	19	6	1	580.44	0
203	2	5	20	10	1	542.07	0
203	2	5	21	6	0	914.1	0
203	2	5	22	10	1	675.65	0
203	2	5	23	12	1	456.45	0
203	2	5	24	4	1	529.53	0
203	2	5	25	4	1	487.76	0
203	2	5	26	8	1	585.45	0
203	2	5	27	6	0	691.39	0
203	2	5	28	4	1	465.31	0
203	2	5	29	6	0	595.38	0
203	2	5	30	12	0	628.8	0
203	2	5	31	4	1	795.29	0
203	2	5	32	6	1	909.43	0
203	2	5	33	8	0	616.54	0
203	2	5	34	10	1	692.15	0
203	2	5	35	4	0	735.41	0
203	2	5	36	6	1	707.76	0
203	2	5	37	6	1	584.71	0
203	2	5	38	10	1	719.74	0
203	2	5	39	2	1	683.64	0
203	2	5	40	10	1	552.44	0
203	2	5	41	12	0	412.62	0
203	2	5	42	10	1	528.64	0
203	2	5	43	6	1	713.04	0
203	2	5	44	2	1	718.04	0
203	2	5	45	12	1	464.54	0
203	2	5	46	8	1	711.29	0
203	2	5	47	4	0	616.8	0
203	2	5	48	8	1	569.69	0
203	2	5	49	12	1	706.53	0
203	2	5	50	12	1	535.76	0
203	2	5	51	10	1	781.43	0
203	2	5	52	8	0	579.17	0
203	2	5	53	6	1	569.79	0
203	2	5	54	2	1	603.59	0
203	2	5	55	2	1	429	0
203	2	5	56	12	1	495.25	0
203	2	5	57	12	0	657.15	0
203	2	5	58	8	0	997.16	0
203	2	5	59	12	0	549.79	0
203	2	5	60	2	1	677.68	0
203	2	5	61	8	1	666.3	0
203	2	5	62	4	0	613.94	0
203	2	5	63	10	1	733.31	0
203	2	5	64	6	1	437.18	0
203	2	5	65	2	1	513.55	0
203	2	5	66	10	1	736.55	0
203	2	5	67	8	1	578.57	0
203	2	5	68	4	1	1143.9	0
203	2	5	69	6	1	738.32	0
203	2	5	70	4	0	669.35	0
203	2	5	71	12	1	697.23	0
203	2	5	72	4	0	510.32	0
203	2	5	73	8	0	560.58	0
203	2	5	74	2	0	524.47	0
203	2	5	75	2	1	424.4	0
203	2	5	76	4	1	547.02	0
203	2	5	77	10	1	745.62	0
203	2	5	78	10	0	1003.9	0
203	2	5	79	2	1	1025.6	0
203	2	5	80	6	1	907.62	0
203	2	5	81	8	1	467.18	0
203	2	5	82	4	0	695.13	0
203	2	5	83	2	1	642.05	0
203	2	5	84	6	1	449.6	0
203	2	5	85	8	1	549.41	0
203	2	5	86	6	1	705.32	0
203	2	5	87	10	1	845.32	0
203	2	5	88	2	1	564	0
203	2	5	89	2	0	704.02	0
203	2	5	90	8	1	497.13	0
203	2	5	91	8	1	615.44	0
203	2	5	92	6	1	608.85	0
203	2	5	93	6	1	437.91	0
203	2	5	94	8	1	550.45	0
203	2	5	95	2	1	925.84	0
203	2	5	96	8	1	1225.8	0
203	2	5	97	4	0	737.41	0
203	2	5	98	10	1	564.65	0
203	2	5	99	8	1	713.96	0
203	2	5	100	8	1	547.35	0
203	2	5	101	10	1	646.84	0
203	2	5	102	2	1	571.79	0
203	2	5	103	8	1	432.11	0
203	2	5	104	12	1	1033.6	0
203	2	5	105	12	0	677.92	0
203	2	5	106	10	1	641.17	0
203	2	5	107	2	1	575.23	0
203	2	5	108	12	1	675.16	0
203	2	5	109	4	0	556.89	0
203	2	5	110	12	1	648.26	0
203	2	5	111	10	1	502.31	0
203	2	5	112	12	1	978.79	0
203	2	5	113	6	0	783.02	0
203	2	5	114	4	1	529.46	0
203	2	5	115	4	1	850.59	0
203	2	5	116	4	1	627.14	0
203	2	5	117	2	0	945.65	0
203	2	5	118	8	0	642.49	0
203	2	5	119	12	0	707.1	0
203	2	5	120	4	1	479.83	0
203	1	5	1	11	1	368.34	0
203	1	5	2	7	0	829.26	0
203	1	5	3	5	1	624.6	0
203	1	5	4	7	0	738.63	0
203	1	5	5	3	1	544.8	0
203	1	5	6	3	1	611.76	0
203	1	5	7	7	1	737.93	0
203	1	5	8	7	1	674.31	0
203	1	5	9	5	1	729.2	0
203	1	5	10	1	1	525.08	0
203	1	5	11	11	1	574.91	0
203	1	5	12	5	0	456.89	0
203	1	5	13	11	1	865.48	0
203	1	5	14	7	0	596.62	0
203	1	5	15	5	0	596.64	0
203	1	5	16	1	1	816.86	0
203	1	5	17	7	0	820.95	0
203	1	5	18	3	1	571.75	0
203	1	5	19	1	1	810.39	0
203	1	5	20	3	0	628.02	0
203	1	5	21	5	1	524.5	0
203	1	5	22	3	1	730.95	0
203	1	5	23	11	1	473.47	0
203	1	5	24	5	1	458.5	0
203	1	5	25	7	0	1259.5	0
203	1	5	26	1	0	965.56	0
203	1	5	27	9	0	620.89	0
203	1	5	28	3	1	1155.8	0
203	1	5	29	3	1	640.95	0
203	1	5	30	11	1	585.22	0
203	1	5	31	9	1	779.31	0
203	1	5	32	7	0	761.57	0
203	1	5	33	1	1	870.13	0
203	1	5	34	9	1	489.49	0
203	1	5	35	1	1	851.34	0
203	1	5	36	11	1	536.26	0
203	1	5	37	9	1	568.74	0
203	1	5	38	9	1	501.14	0
203	1	5	39	9	1	740.9	0
203	1	5	40	3	1	729.26	0
203	1	5	41	1	0	424.26	0
203	1	5	42	5	0	690.13	0
203	1	5	43	1	1	741.55	0
203	1	5	44	1	1	501.97	0
203	1	5	45	11	1	1052.2	0
203	1	5	46	11	1	469.88	0
203	1	5	47	3	1	901.76	0
203	1	5	48	11	0	979.64	0
203	1	5	49	1	1	1113.7	0
203	1	5	50	9	1	675.16	0
203	1	5	51	7	1	975.55	0
203	1	5	52	11	1	676.11	0
203	1	5	53	11	1	554.22	0
203	1	5	54	1	1	481.12	0
203	1	5	55	1	1	741.69	0
203	1	5	56	11	1	521.27	0
203	1	5	57	11	1	798.44	0
203	1	5	58	3	1	678.46	0
203	1	5	59	11	1	804.87	0
203	1	5	60	1	1	552.72	0
203	1	5	61	7	0	507.13	0
203	1	5	62	3	1	815.19	0
203	1	5	63	11	0	619.54	0
203	1	5	64	3	0	549.74	0
203	1	5	65	3	1	653.49	0
203	1	5	66	7	1	476.41	0
203	1	5	67	3	1	772.93	0
203	1	5	68	5	0	1518.3	0
203	1	5	69	9	0	761.07	0
203	1	5	70	1	1	658.29	0
203	1	5	71	1	1	539.14	0
203	1	5	72	5	0	634.16	0
203	1	5	73	5	1	416.87	0
203	1	5	74	3	0	469.9	0
203	1	5	75	7	1	1243	0
203	1	5	76	7	0	506.45	0
203	1	5	77	3	1	439.36	0
203	1	5	78	7	1	798.49	0
203	1	5	79	9	1	552.42	0
203	1	5	80	9	0	566.31	0
203	1	5	81	3	1	832.9	0
203	1	5	82	3	1	570.27	0
203	1	5	83	7	1	549.98	0
203	1	5	84	9	0	823.94	0
203	1	5	85	5	0	509.18	0
203	1	5	86	11	0	685.29	0
203	1	5	87	7	0	1128.8	0
203	1	5	88	7	1	634.86	0
203	1	5	89	7	1	594.62	0
203	1	5	90	5	0	653.89	0
203	1	5	91	1	0	512.81	0
203	1	5	92	5	0	621.58	0
203	1	5	93	9	0	571.06	0
203	1	5	94	11	1	496.67	0
203	1	5	95	11	1	530.61	0
203	1	5	96	9	1	654.08	0
203	1	5	97	1	0	570.75	0
203	1	5	98	11	1	541.24	0
203	1	5	99	9	1	768.82	0
203	1	5	100	5	1	556.62	0
203	1	5	101	9	0	562.53	0
203	1	5	102	5	0	689.27	0
203	1	5	103	1	1	659.77	0
203	1	5	104	9	1	811.97	0
203	1	5	105	3	0	705.86	0
203	1	5	106	5	1	696.31	0
203	1	5	107	9	1	853	0
203	1	5	108	9	1	658.98	0
203	1	5	109	9	1	830.03	0
203	1	5	110	5	1	745.94	0
203	1	5	111	11	1	634.38	0
203	1	5	112	3	1	540.37	0
203	1	5	113	7	1	628.12	0
203	1	5	114	5	0	830.95	0
203	1	5	115	9	0	754.87	0
203	1	5	116	5	0	1049.4	0
203	1	5	117	1	1	604.71	0
203	1	5	118	1	0	791.32	0
203	1	5	119	7	0	796.26	0
203	1	5	120	5	0	616.01	0
203	5	5	1	4	1	487.58	0
203	5	5	2	4	1	674.73	0
203	5	5	3	3	0	684.92	0
203	5	5	4	7	1	547.58	0
203	5	5	5	6	1	402.08	0
203	5	5	6	7	1	943.38	0
203	5	5	7	2	1	494.1	0
203	5	5	8	6	1	670.16	0
203	5	5	9	3	1	1008.7	0
203	5	5	10	11	1	458	0
203	5	5	11	5	1	490.5	0
203	5	5	12	2	0	887.06	0
203	5	5	13	5	0	438.17	0
203	5	5	14	11	1	592.3	0
203	5	5	15	9	1	475.26	0
203	5	5	16	4	1	576.43	0
203	5	5	17	1	1	776.49	0
203	5	5	18	9	1	847.62	0
203	5	5	19	10	1	503.07	0
203	5	5	20	5	1	741.53	0
203	5	5	21	11	0	905.98	0
203	5	5	22	2	1	431.18	0
203	5	5	23	2	0	640.1	0
203	5	5	24	1	0	520.36	0
203	5	5	25	8	1	517.64	0
203	5	5	26	1	1	703.02	0
203	5	5	27	6	0	439.44	0
203	5	5	28	6	1	1228.8	0
203	5	5	29	7	1	628.99	0
203	5	5	30	8	1	497.04	0
203	5	5	31	3	1	1112	0
203	5	5	32	12	1	966.39	0
203	5	5	33	5	1	722.03	0
203	5	5	34	6	0	601.85	0
203	5	5	35	5	1	796.45	0
203	5	5	36	9	1	771.82	0
203	5	5	37	9	0	825.13	0
203	5	5	38	1	1	763.8	0
203	5	5	39	1	1	413.68	0
203	5	5	40	2	1	626.94	0
203	5	5	41	8	1	568.94	0
203	5	5	42	6	0	835.46	0
203	5	5	43	8	0	1116.2	0
203	5	5	44	6	0	796.87	0
203	5	5	45	12	0	543.36	0
203	5	5	46	6	0	478.57	0
203	5	5	47	3	0	584.77	0
203	5	5	48	7	1	1096.5	0
203	5	5	49	2	1	488.7	0
203	5	5	50	3	0	422.96	0
203	5	5	51	5	0	608.68	0
203	5	5	52	5	1	734.1	0
203	5	5	53	12	0	1018.1	0
203	5	5	54	2	0	651.35	0
203	5	5	55	1	1	448.23	0
203	5	5	56	5	0	536.63	0
203	5	5	57	7	0	568.79	0
203	5	5	58	5	0	608.73	0
203	5	5	59	2	0	571.73	0
203	5	5	60	3	1	503.36	0
203	5	5	61	7	0	546.42	0
203	5	5	62	12	0	622.98	0
203	5	5	63	4	1	599.36	0
203	5	5	64	10	1	557.75	0
203	5	5	65	9	0	1881	0
203	5	5	66	9	1	680.33	0
203	5	5	67	6	1	643.56	0
203	5	5	68	5	1	520.15	0
203	5	5	69	12	1	652.93	0
203	5	5	70	11	0	581.56	0
203	5	5	71	7	1	650.32	0
203	5	5	72	12	0	482.11	0
203	5	5	73	4	0	854.64	0
203	5	5	74	10	0	477.98	0
203	5	5	75	11	0	833.69	0
203	5	5	76	2	1	668.39	0
203	5	5	77	4	0	489.98	0
203	5	5	78	9	0	616.49	0
203	5	5	79	10	0	572.61	0
203	5	5	80	10	1	721.99	0
203	5	5	81	12	1	1069.4	0
203	5	5	82	3	0	722	0
203	5	5	83	10	1	602.45	0
203	5	5	84	9	1	1173.4	0
203	5	5	85	3	1	589.72	0
203	5	5	86	9	1	554.52	0
203	5	5	87	11	1	738.42	0
203	5	5	88	7	1	648.82	0
203	5	5	89	1	0	759.16	0
203	5	5	90	12	0	849.08	0
203	5	5	91	1	1	626.72	0
203	5	5	92	4	0	400.79	0
203	5	5	93	8	1	1131.8	0
203	5	5	94	1	1	573.25	0
203	5	5	95	1	1	725.62	0
203	5	5	96	11	0	750.95	0
203	5	5	97	2	1	588.44	0
203	5	5	98	11	1	984.74	0
203	5	5	99	3	1	592.12	0
203	5	5	100	10	0	745	0
203	5	5	101	12	0	823.32	0
203	5	5	102	7	0	1347.9	0
203	5	5	103	12	0	444.29	0
203	5	5	104	6	1	669.84	0
203	5	5	105	8	0	494.41	0
203	5	5	106	10	0	1360.4	0
203	5	5	107	4	1	474.84	0
203	5	5	108	11	1	784.24	0
203	5	5	109	8	1	648.92	0
203	5	5	110	9	1	550.43	0
203	5	5	111	8	1	564.82	0
203	5	5	112	4	1	1409.5	0
203	5	5	113	10	0	659.25	0
203	5	5	114	10	0	719.45	0
203	5	5	115	7	1	659.81	0
203	5	5	116	4	1	444.19	0
203	5	5	117	3	0	570.12	0
203	5	5	118	11	1	454.91	0
203	5	5	119	8	0	663.15	0
203	5	5	120	8	1	513.77	0
203	5	5	1	7	1	643.11	0
203	5	5	2	1	1	1002.8	0
203	5	5	3	9	1	627.16	0
203	5	5	4	11	1	685.16	0
203	5	5	5	11	1	704.94	0
203	5	5	6	1	1	660.31	0
203	5	5	7	3	0	559.42	0
203	5	5	8	7	1	1308.1	0
203	5	5	9	3	0	760.62	0
203	5	5	10	8	0	672.17	0
203	5	5	11	7	0	637.51	0
203	5	5	12	12	1	439.3	0
203	5	5	13	2	1	532.17	0
203	5	5	14	7	1	627.44	0
203	5	5	15	1	1	663.3	0
203	5	5	16	1	0	713.61	0
203	5	5	17	1	0	726.03	0
203	5	5	18	5	1	857.88	0
203	5	5	19	11	1	644	0
203	5	5	20	3	0	564.3	0
203	5	5	21	9	1	668.27	0
203	5	5	22	11	0	621.04	0
203	5	5	23	1	1	482.2	0
203	5	5	24	7	1	724.24	0
203	5	5	25	2	1	564	0
203	5	5	26	2	1	985.1	0
203	5	5	27	9	1	484.25	0
203	5	5	28	5	1	513.53	0
203	5	5	29	4	0	738.51	0
203	5	5	30	2	1	702.83	0
203	5	5	31	5	0	495.16	0
203	5	5	32	6	1	633.42	0
203	5	5	33	4	1	539.23	0
203	5	5	34	5	1	675.13	0
203	5	5	35	4	0	696.34	0
203	5	5	36	9	1	780.9	0
203	5	5	37	8	1	642.3	0
203	5	5	38	10	1	892.1	0
203	5	5	39	5	1	512.36	0
203	5	5	40	1	1	975.21	0
203	5	5	41	6	1	710.52	0
203	5	5	42	2	0	678.77	0
203	5	5	43	3	1	424.92	0
203	5	5	44	9	1	745.66	0
203	5	5	45	5	0	548.55	0
203	5	5	46	8	0	1241.5	0
203	5	5	47	5	1	496.88	0
203	5	5	48	7	1	979.35	0
203	5	5	49	11	1	418.53	0
203	5	5	50	7	0	740.62	0
203	5	5	51	11	0	2012	0
203	5	5	52	1	1	588.17	0
203	5	5	53	9	1	659.45	0
203	5	5	54	9	1	507.83	0
203	5	5	55	10	1	488.96	0
203	5	5	56	12	1	522.31	0
203	5	5	57	4	1	537.99	0
203	5	5	58	10	1	521.8	0
203	5	5	59	6	1	900.52	0
203	5	5	60	6	0	590.91	0
203	5	5	61	12	1	800.19	0
203	5	5	62	9	1	512.78	0
203	5	5	63	2	1	841.77	0
203	5	5	64	10	1	505.7	0
203	5	5	65	9	1	553.76	0
203	5	5	66	10	0	578.06	0
203	5	5	67	4	1	690.76	0
203	5	5	68	6	1	464.22	0
203	5	5	69	3	0	840.35	0
203	5	5	70	11	0	523.29	0
203	5	5	71	12	1	753.43	0
203	5	5	72	10	1	443.94	0
203	5	5	73	2	1	658.26	0
203	5	5	74	6	1	560.33	0
203	5	5	75	7	1	844.41	0
203	5	5	76	10	1	727	0
203	5	5	77	11	1	629.22	0
203	5	5	78	8	1	973.32	0
203	5	5	79	12	1	497.97	0
203	5	5	80	9	0	672.06	0
203	5	5	81	3	1	833.06	0
203	5	5	82	3	1	762.76	0
203	5	5	83	10	1	493.15	0
203	5	5	84	4	1	869.37	0
203	5	5	85	5	0	596.26	0
203	5	5	86	12	1	794.28	0
203	5	5	87	3	0	480.45	0
203	5	5	88	1	0	401.35	0
203	5	5	89	5	0	2646.7	0
203	5	5	90	8	0	547.64	0
203	5	5	91	12	0	707.03	0
203	5	5	92	6	1	518.49	0
203	5	5	93	6	1	412.12	0
203	5	5	94	5	1	890.71	0
203	5	5	95	8	1	645.8	0
203	5	5	96	11	1	903.12	0
203	5	5	97	2	0	1035.2	0
203	5	5	98	3	0	544.26	0
203	5	5	99	12	1	815.93	0
203	5	5	100	4	1	894.14	0
203	5	5	101	1	0	561.76	0
203	5	5	102	10	1	652.43	0
203	5	5	103	12	0	597	0
203	5	5	104	2	1	615.37	0
203	5	5	105	8	1	484.99	0
203	5	5	106	7	0	668.48	0
203	5	5	107	3	1	501.25	0
203	5	5	108	2	1	522.98	0
203	5	5	109	7	1	610.53	0
203	5	5	110	4	1	486.37	0
203	5	5	111	8	1	460.42	0
203	5	5	112	4	0	862.57	0
203	5	5	113	4	1	700.16	0
203	5	5	114	8	1	693.72	0
203	5	5	115	6	0	934.11	0
203	5	5	116	12	1	459.41	0
203	5	5	117	6	1	805.62	0
203	5	5	118	11	1	520.61	0
203	5	5	119	8	0	1302.6	0
203	5	5	120	10	1	850.79	0
203	4	6	1	6	1	748.12	0
203	4	6	2	2	0	710.27	0
203	4	6	3	4	1	579.39	0
203	4	6	4	9	1	1636.7	0
203	4	6	5	9	1	409.5	0
203	4	6	6	7	0	997.89	0
203	4	6	7	11	0	640.35	0
203	4	6	8	11	1	436.77	0
203	4	6	9	7	0	917.02	0
203	4	6	10	6	1	446.5	0
203	4	6	11	11	1	487.5	0
203	4	6	12	11	1	722.14	0
203	4	6	13	2	0	788.26	0
203	4	6	14	2	1	455.84	0
203	4	6	15	11	1	483.96	0
203	4	6	16	4	1	579.28	0
203	4	6	17	4	1	609.62	0
203	4	6	18	6	1	522.71	0
203	4	6	19	11	0	459.92	0
203	4	6	20	7	1	584.83	0
203	4	6	21	6	1	886.09	0
203	4	6	22	7	1	951.85	0
203	4	6	23	6	1	517.59	0
203	4	6	24	4	0	467.18	0
203	4	6	25	7	1	457.16	0
203	4	6	26	7	1	715.06	0
203	4	6	27	9	1	1132	0
203	4	6	28	2	1	676.74	0
203	4	6	29	11	1	812.86	0
203	4	6	30	7	0	773.69	0
203	4	6	31	2	1	558.85	0
203	4	6	32	4	1	1406.6	0
203	4	6	33	9	0	558.51	0
203	4	6	34	6	1	453.56	0
203	4	6	35	4	0	692.07	0
203	4	6	36	7	1	670.31	0
203	4	6	37	11	0	591.09	0
203	4	6	38	4	0	862.3	0
203	4	6	39	6	1	613.36	0
203	4	6	40	2	1	712.38	0
203	4	6	41	6	1	813.31	0
203	4	6	42	2	0	732.28	0
203	4	6	43	4	1	695.14	0
203	4	6	44	2	1	676.34	0
203	4	6	45	7	1	516.76	0
203	4	6	46	4	0	543.35	0
203	4	6	47	6	1	485.39	0
203	4	6	48	6	1	526.67	0
203	4	6	49	2	1	722.07	0
203	4	6	50	9	1	590.29	0
203	4	6	51	9	0	816.56	0
203	4	6	52	9	1	1571.8	0
203	4	6	53	9	0	1205.8	0
203	4	6	54	4	0	451.06	0
203	4	6	55	2	1	609.14	0
203	4	6	56	11	0	859.93	0
203	4	6	57	4	1	668.24	0
203	4	6	58	11	1	401.69	0
203	4	6	59	4	1	601.16	0
203	4	6	60	11	1	731.61	0
203	4	6	61	9	0	668.11	0
203	4	6	62	4	0	665.19	0
203	4	6	63	7	1	738.99	0
203	4	6	64	11	1	582.91	0
203	4	6	65	11	1	604.89	0
203	4	6	66	11	1	648.56	0
203	4	6	67	6	1	494.42	0
203	4	6	68	11	1	571.35	0
203	4	6	69	4	1	625.11	0
203	4	6	70	9	0	1200.6	0
203	4	6	71	2	1	818.02	0
203	4	6	72	4	1	858.29	0
203	4	6	73	2	1	570.12	0
203	4	6	74	6	1	640.59	0
203	4	6	75	2	0	771.03	0
203	4	6	76	9	1	478.39	0
203	4	6	77	6	1	586.64	0
203	4	6	78	4	0	742.17	0
203	4	6	79	11	0	1187.9	0
203	4	6	80	7	0	656.14	0
203	4	6	81	6	1	496.88	0
203	4	6	82	9	1	534.43	0
203	4	6	83	7	1	716.44	0
203	4	6	84	9	1	1026.8	0
203	4	6	85	7	1	532.92	0
203	4	6	86	7	1	684.42	0
203	4	6	87	7	1	616.02	0
203	4	6	88	2	0	634.18	0
203	4	6	89	11	1	736.29	0
203	4	6	90	7	1	566.68	0
203	4	6	91	9	1	624.58	0
203	4	6	92	2	1	597.81	0
203	4	6	93	9	1	638.83	0
203	4	6	94	6	0	732.36	0
203	4	6	95	2	1	571.63	0
203	4	6	96	9	1	583.44	0
203	4	6	97	7	1	578.26	0
203	4	6	98	4	1	1235.1	0
203	4	6	99	2	1	782.37	0
203	4	6	100	9	1	470.35	0
203	4	6	101	11	1	755.74	0
203	4	6	102	6	1	546.63	0
203	4	6	103	4	0	742.78	0
203	4	6	104	7	0	958.63	0
203	4	6	105	6	0	536.84	0
203	4	6	106	2	1	498.92	0
203	4	6	107	2	1	534.78	0
203	4	6	108	7	0	1095.9	0
203	4	6	109	9	1	820.19	0
203	4	6	110	7	0	783.99	0
203	4	6	111	4	0	547.7	0
203	4	6	112	6	1	665.98	0
203	4	6	113	9	0	601.36	0
203	4	6	114	9	0	684.33	0
203	4	6	115	4	0	599.63	0
203	4	6	116	11	0	547.36	0
203	4	6	117	6	1	844.25	0
203	4	6	118	2	1	969.53	0
203	4	6	119	6	0	518.78	0
203	4	6	120	11	1	534.75	0
203	3	6	1	12	0	730.47	0
203	3	6	2	3	1	511.34	0
203	3	6	3	5	0	613.13	0
203	3	6	4	12	1	688.93	0
203	3	6	5	5	0	589.01	0
203	3	6	6	12	0	644.74	0
203	3	6	7	3	1	459.65	0
203	3	6	8	10	1	660.9	0
203	3	6	9	5	0	752.14	0
203	3	6	10	1	0	575.77	0
203	3	6	11	1	1	512.68	0
203	3	6	12	12	1	450.26	0
203	3	6	13	8	1	1515.7	0
203	3	6	14	12	1	575.44	0
203	3	6	15	5	1	745.44	0
203	3	6	16	10	1	563.56	0
203	3	6	17	10	1	425.11	0
203	3	6	18	5	0	614.61	0
203	3	6	19	5	1	1025	0
203	3	6	20	1	1	997.51	0
203	3	6	21	5	0	899.16	0
203	3	6	22	12	1	720.5	0
203	3	6	23	8	0	579.2	0
203	3	6	24	8	1	625.48	0
203	3	6	25	8	1	527.48	0
203	3	6	26	5	1	628.94	0
203	3	6	27	1	1	799.51	0
203	3	6	28	1	1	767.56	0
203	3	6	29	3	1	542.37	0
203	3	6	30	1	1	1003.7	0
203	3	6	31	3	1	438.49	0
203	3	6	32	8	1	540.45	0
203	3	6	33	12	1	718.21	0
203	3	6	34	12	1	664.32	0
203	3	6	35	3	1	801.93	0
203	3	6	36	5	1	871.22	0
203	3	6	37	1	1	692.07	0
203	3	6	38	12	1	1140.5	0
203	3	6	39	12	0	716.91	0
203	3	6	40	10	1	655.58	0
203	3	6	41	3	0	659.67	0
203	3	6	42	3	1	468.66	0
203	3	6	43	5	1	567.54	0
203	3	6	44	8	0	608.62	0
203	3	6	45	3	1	614.23	0
203	3	6	46	8	0	843.06	0
203	3	6	47	12	1	569	0
203	3	6	48	8	1	703.35	0
203	3	6	49	10	0	491.52	0
203	3	6	50	5	1	578.57	0
203	3	6	51	3	1	407.52	0
203	3	6	52	12	1	604.06	0
203	3	6	53	5	1	962.91	0
203	3	6	54	10	1	566.93	0
203	3	6	55	8	1	461.69	0
203	3	6	56	10	0	1457.1	0
203	3	6	57	10	1	614.23	0
203	3	6	58	5	1	1068.8	0
203	3	6	59	3	1	483.61	0
203	3	6	60	3	1	484.17	0
203	3	6	61	8	0	630.25	0
203	3	6	62	1	1	788.7	0
203	3	6	63	1	1	780.34	0
203	3	6	64	1	1	724.67	0
203	3	6	65	8	1	1013.7	0
203	3	6	66	10	0	479.67	0
203	3	6	67	1	0	580.43	0
203	3	6	68	8	1	950.65	0
203	3	6	69	1	1	535.57	0
203	3	6	70	10	1	1387.3	0
203	3	6	71	1	1	510.39	0
203	3	6	72	10	1	578.1	0
203	3	6	73	1	1	471.6	0
203	3	6	74	10	1	603.78	0
203	3	6	75	12	0	732.12	0
203	3	6	76	3	1	474.06	0
203	3	6	77	3	0	740.85	0
203	3	6	78	5	0	803.84	0
203	3	6	79	12	1	633.63	0
203	3	6	80	10	0	780.02	0
203	3	6	81	10	1	738.56	0
203	3	6	82	5	0	1087.5	0
203	3	6	83	8	0	672.62	0
203	3	6	84	3	1	646.74	0
203	3	6	85	10	1	534.64	0
203	3	6	86	10	1	697.23	0
203	3	6	87	12	0	628.45	0
203	3	6	88	5	1	659.31	0
203	3	6	89	1	0	653.93	0
203	3	6	90	8	1	923.88	0
203	3	6	91	3	1	817.1	0
203	3	6	92	1	1	615.9	0
203	3	6	93	3	1	870.72	0
203	3	6	94	3	1	535.12	0
203	3	6	95	12	1	541.8	0
203	3	6	96	5	0	696.31	0
203	3	6	97	8	1	666.34	0
203	3	6	98	10	1	729.99	0
203	3	6	99	5	1	515.69	0
203	3	6	100	10	0	1123.4	0
203	3	6	101	8	1	477.5	0
203	3	6	102	3	1	714.03	0
203	3	6	103	10	1	491.01	0
203	3	6	104	8	0	707.92	0
203	3	6	105	5	1	637.95	0
203	3	6	106	10	1	590.3	0
203	3	6	107	1	1	805.26	0
203	3	6	108	5	1	793.47	0
203	3	6	109	3	1	554.86	0
203	3	6	110	3	1	830.2	0
203	3	6	111	8	1	1097.7	0
203	3	6	112	12	1	667.73	0
203	3	6	113	1	1	960.08	0
203	3	6	114	1	1	437.22	0
203	3	6	115	8	1	561.44	0
203	3	6	116	12	1	710.92	0
203	3	6	117	1	1	748.44	0
203	3	6	118	12	1	770.28	0
203	3	6	119	8	1	560.74	0
203	3	6	120	12	1	511.19	0
203	1	6	1	3	0	422.6	0
203	1	6	2	11	1	819.1	0
203	1	6	3	11	1	401.37	0
203	1	6	4	3	0	805.28	0
203	1	6	5	1	1	492.24	0
203	1	6	6	7	0	609.03	0
203	1	6	7	11	0	787.42	0
203	1	6	8	9	0	546.76	0
203	1	6	9	7	1	775.54	0
203	1	6	10	5	1	639.92	0
203	1	6	11	11	1	474.8	0
203	1	6	12	11	1	553.39	0
203	1	6	13	3	1	847.97	0
203	1	6	14	1	1	600.34	0
203	1	6	15	9	0	691.01	0
203	1	6	16	1	1	567.78	0
203	1	6	17	9	1	421.41	0
203	1	6	18	5	0	1257.3	0
203	1	6	19	1	0	747.09	0
203	1	6	20	3	1	538.14	0
203	1	6	21	5	1	612.24	0
203	1	6	22	5	1	604.01	0
203	1	6	23	11	0	798.52	0
203	1	6	24	3	1	486.35	0
203	1	6	25	3	1	599.1	0
203	1	6	26	5	1	599.55	0
203	1	6	27	11	0	956.23	0
203	1	6	28	11	1	690.77	0
203	1	6	29	9	0	614.03	0
203	1	6	30	3	0	677.68	0
203	1	6	31	9	1	495.56	0
203	1	6	32	11	1	651.36	0
203	1	6	33	9	1	1183.3	0
203	1	6	34	3	1	1071.5	0
203	1	6	35	5	1	437.56	0
203	1	6	36	1	0	716.39	0
203	1	6	37	7	1	522.77	0
203	1	6	38	3	0	521.58	0
203	1	6	39	3	1	806.06	0
203	1	6	40	9	0	664.93	0
203	1	6	41	5	0	829.45	0
203	1	6	42	3	0	796.96	0
203	1	6	43	7	0	782.45	0
203	1	6	44	11	0	534.91	0
203	1	6	45	7	1	531.9	0
203	1	6	46	7	1	612.99	0
203	1	6	47	1	1	399	0
203	1	6	48	3	1	1071.8	0
203	1	6	49	7	0	730.3	0
203	1	6	50	7	1	610.75	0
203	1	6	51	5	0	742.99	0
203	1	6	52	3	1	819.58	0
203	1	6	53	7	0	675.82	0
203	1	6	54	5	1	754.05	0
203	1	6	55	5	1	576.13	0
203	1	6	56	5	1	649.95	0
203	1	6	57	11	0	752.33	0
203	1	6	58	9	1	694.53	0
203	1	6	59	1	1	738.26	0
203	1	6	60	1	0	1296	0
203	1	6	61	5	1	526.01	0
203	1	6	62	1	0	606.97	0
203	1	6	63	9	1	609.25	0
203	1	6	64	3	1	773.17	0
203	1	6	65	5	1	600.53	0
203	1	6	66	3	1	622.52	0
203	1	6	67	1	0	938.86	0
203	1	6	68	1	1	574.06	0
203	1	6	69	5	0	627.14	0
203	1	6	70	5	1	783.59	0
203	1	6	71	11	1	659.31	0
203	1	6	72	9	1	1107.4	0
203	1	6	73	1	1	625.47	0
203	1	6	74	1	1	477.39	0
203	1	6	75	3	1	574.66	0
203	1	6	76	11	1	649.62	0
203	1	6	77	1	0	629.91	0
203	1	6	78	7	0	616.78	0
203	1	6	79	7	1	714.7	0
203	1	6	80	7	1	526.35	0
203	1	6	81	7	0	732.2	0
203	1	6	82	1	0	578.5	0
203	1	6	83	3	1	625.72	0
203	1	6	84	1	1	799.44	0
203	1	6	85	9	0	654.34	0
203	1	6	86	5	1	726.18	0
203	1	6	87	5	1	566.65	0
203	1	6	88	3	1	464.73	0
203	1	6	89	1	1	507.21	0
203	1	6	90	9	1	663.39	0
203	1	6	91	9	1	654.66	0
203	1	6	92	7	1	532.97	0
203	1	6	93	7	1	516.01	0
203	1	6	94	11	0	422.67	0
203	1	6	95	11	1	539.28	0
203	1	6	96	7	0	418.15	0
203	1	6	97	11	0	752.38	0
203	1	6	98	1	0	671.73	0
203	1	6	99	7	0	617.41	0
203	1	6	100	5	0	598.9	0
203	1	6	101	5	1	1009.7	0
203	1	6	102	11	0	974.49	0
203	1	6	103	9	1	404.98	0
203	1	6	104	1	1	594.59	0
203	1	6	105	7	0	503.16	0
203	1	6	106	3	1	784.85	0
203	1	6	107	5	0	923.28	0
203	1	6	108	11	1	724.64	0
203	1	6	109	9	0	579.16	0
203	1	6	110	9	1	534.64	0
203	1	6	111	7	1	665.62	0
203	1	6	112	7	1	484.95	0
203	1	6	113	9	1	983.49	0
203	1	6	114	11	1	696.19	0
203	1	6	115	9	1	644.67	0
203	1	6	116	9	1	577.57	0
203	1	6	117	11	1	1107.5	0
203	1	6	118	3	1	489.26	0
203	1	6	119	9	1	681.36	0
203	1	6	120	1	1	466.83	0
203	2	6	1	2	1	564.44	0
203	2	6	2	8	0	621.45	0
203	2	6	3	2	1	776.7	0
203	2	6	4	8	1	580.75	0
203	2	6	5	8	1	727.46	0
203	2	6	6	4	0	590.76	0
203	2	6	7	4	1	498.75	0
203	2	6	8	10	0	627.13	0
203	2	6	9	6	1	486.52	0
203	2	6	10	10	1	732.92	0
203	2	6	11	2	0	639.77	0
203	2	6	12	2	1	461.97	0
203	2	6	13	10	1	783.75	0
203	2	6	14	12	1	705.98	0
203	2	6	15	2	1	548.51	0
203	2	6	16	10	1	712.94	0
203	2	6	17	6	0	1170	0
203	2	6	18	4	0	814.74	0
203	2	6	19	4	0	589.58	0
203	2	6	20	6	1	510.62	0
203	2	6	21	2	1	615.85	0
203	2	6	22	10	1	779.32	0
203	2	6	23	12	0	756.33	0
203	2	6	24	8	0	528.8	0
203	2	6	25	10	1	657.35	0
203	2	6	26	12	1	565.9	0
203	2	6	27	8	1	714.9	0
203	2	6	28	4	1	577.37	0
203	2	6	29	4	1	859.3	0
203	2	6	30	6	1	593.32	0
203	2	6	31	8	1	489.56	0
203	2	6	32	10	0	748.46	0
203	2	6	33	6	1	905.24	0
203	2	6	34	12	0	544.48	0
203	2	6	35	10	1	611.49	0
203	2	6	36	10	1	759.24	0
203	2	6	37	8	1	534.24	0
203	2	6	38	10	0	650.92	0
203	2	6	39	4	1	539.12	0
203	2	6	40	4	1	402.54	0
203	2	6	41	4	0	649.44	0
203	2	6	42	8	1	498.41	0
203	2	6	43	12	0	928.68	0
203	2	6	44	2	0	953.43	0
203	2	6	45	12	1	720.7	0
203	2	6	46	4	1	515.74	0
203	2	6	47	2	1	622.51	0
203	2	6	48	6	1	869.6	0
203	2	6	49	10	1	521.5	0
203	2	6	50	6	0	659.07	0
203	2	6	51	8	1	938.96	0
203	2	6	52	2	1	702.86	0
203	2	6	53	12	0	813.38	0
203	2	6	54	6	1	523.6	0
203	2	6	55	10	0	563.52	0
203	2	6	56	12	1	521.86	0
203	2	6	57	8	0	809.53	0
203	2	6	58	6	0	833.47	0
203	2	6	59	4	1	547.05	0
203	2	6	60	2	1	683.5	0
203	2	6	61	2	1	851.39	0
203	2	6	62	8	0	411.62	0
203	2	6	63	8	1	658.38	0
203	2	6	64	2	1	495.01	0
203	2	6	65	4	1	490.1	0
203	2	6	66	8	0	915.86	0
203	2	6	67	4	1	558.64	0
203	2	6	68	8	0	683.15	0
203	2	6	69	8	1	673.22	0
203	2	6	70	6	0	543.37	0
203	2	6	71	12	1	891.05	0
203	2	6	72	10	1	465.45	0
203	2	6	73	12	1	370.94	0
203	2	6	74	6	1	721.23	0
203	2	6	75	12	1	859.67	0
203	2	6	76	2	1	561.29	0
203	2	6	77	8	1	725.06	0
203	2	6	78	12	0	548.54	0
203	2	6	79	6	1	1670.8	0
203	2	6	80	4	1	496.78	0
203	2	6	81	6	0	426.97	0
203	2	6	82	6	0	1340	0
203	2	6	83	8	0	840.59	0
203	2	6	84	4	0	688.09	0
203	2	6	85	10	1	724.22	0
203	2	6	86	4	1	487.65	0
203	2	6	87	10	1	617.75	0
203	2	6	88	2	0	571.58	0
203	2	6	89	2	1	379.59	0
203	2	6	90	8	0	682.84	0
203	2	6	91	12	0	714.11	0
203	2	6	92	10	1	701.25	0
203	2	6	93	6	0	912.63	0
203	2	6	94	2	1	519.79	0
203	2	6	95	4	1	651.76	0
203	2	6	96	12	0	487.87	0
203	2	6	97	10	1	598.93	0
203	2	6	98	12	1	464.63	0
203	2	6	99	12	1	781.25	0
203	2	6	100	6	0	671.47	0
203	2	6	101	2	1	401.46	0
203	2	6	102	6	0	507.09	0
203	2	6	103	2	1	628.9	0
203	2	6	104	2	1	508	0
203	2	6	105	10	0	979.58	0
203	2	6	106	6	1	575.9	0
203	2	6	107	8	1	556.79	0
203	2	6	108	4	1	764.48	0
203	2	6	109	10	0	530.98	0
203	2	6	110	12	1	531.71	0
203	2	6	111	8	1	529.94	0
203	2	6	112	12	1	544.35	0
203	2	6	113	10	1	804.93	0
203	2	6	114	2	1	1086.7	0
203	2	6	115	4	1	538.68	0
203	2	6	116	6	1	662.29	0
203	2	6	117	12	1	654.61	0
203	2	6	118	6	0	654.56	0
203	2	6	119	12	1	633.24	0
203	2	6	120	4	1	470.92	0
203	5	6	1	6	1	700.68	0
203	5	6	2	3	1	901.15	0
203	5	6	3	4	0	606.06	0
203	5	6	4	3	0	615.07	0
203	5	6	5	1	1	584.04	0
203	5	6	6	2	0	623.79	0
203	5	6	7	6	0	681	0
203	5	6	8	12	0	547.67	0
203	5	6	9	10	0	622.49	0
203	5	6	10	5	1	1128.2	0
203	5	6	11	3	0	507.88	0
203	5	6	12	5	0	532.56	0
203	5	6	13	10	1	512.64	0
203	5	6	14	8	0	595.74	0
203	5	6	15	4	1	659.32	0
203	5	6	16	9	1	690.32	0
203	5	6	17	10	0	678	0
203	5	6	18	6	1	635.87	0
203	5	6	19	8	0	502	0
203	5	6	20	2	1	505.65	0
203	5	6	21	9	1	470.44	0
203	5	6	22	3	1	905.25	0
203	5	6	23	8	0	676.2	0
203	5	6	24	12	0	602.93	0
203	5	6	25	12	1	986.52	0
203	5	6	26	5	0	628.92	0
203	5	6	27	11	1	758.64	0
203	5	6	28	6	0	830.64	0
203	5	6	29	6	1	579.52	0
203	5	6	30	9	1	519.55	0
203	5	6	31	12	0	654.05	0
203	5	6	32	11	1	598.64	0
203	5	6	33	9	1	488.13	0
203	5	6	34	11	1	509.07	0
203	5	6	35	7	1	562.1	0
203	5	6	36	1	1	464.19	0
203	5	6	37	9	1	653.41	0
203	5	6	38	9	1	551.71	0
203	5	6	39	8	0	763.86	0
203	5	6	40	10	0	680.1	0
203	5	6	41	7	1	430.59	0
203	5	6	42	2	1	670.59	0
203	5	6	43	4	0	1040.2	0
203	5	6	44	2	1	664.66	0
203	5	6	45	10	1	593.73	0
203	5	6	46	6	1	723.52	0
203	5	6	47	11	0	698.53	0
203	5	6	48	11	1	576.25	0
203	5	6	49	4	1	653.67	0
203	5	6	50	7	0	882.81	0
203	5	6	51	5	1	681.96	0
203	5	6	52	1	0	895.82	0
203	5	6	53	12	1	741.54	0
203	5	6	54	2	1	632.32	0
203	5	6	55	1	0	516.91	0
203	5	6	56	6	0	434.47	0
203	5	6	57	8	1	795.61	0
203	5	6	58	10	0	624.58	0
203	5	6	59	1	1	493.28	0
203	5	6	60	1	1	711.07	0
203	5	6	61	2	1	542.3	0
203	5	6	62	9	1	651.82	0
203	5	6	63	4	0	785.4	0
203	5	6	64	12	0	748.95	0
203	5	6	65	10	0	1319	0
203	5	6	66	3	0	587.5	0
203	5	6	67	3	1	641.75	0
203	5	6	68	6	1	658.7	0
203	5	6	69	3	1	1031	0
203	5	6	70	1	1	608.21	0
203	5	6	71	5	1	740.61	0
203	5	6	72	11	1	505.17	0
203	5	6	73	1	1	828.38	0
203	5	6	74	10	0	519.44	0
203	5	6	75	3	0	812.76	0
203	5	6	76	5	0	582.07	0
203	5	6	77	1	0	891.34	0
203	5	6	78	4	0	530.67	0
203	5	6	79	12	1	727.38	0
203	5	6	80	4	1	632.96	0
203	5	6	81	2	0	748.69	0
203	5	6	82	4	0	702.28	0
203	5	6	83	7	1	552.37	0
203	5	6	84	6	0	613.17	0
203	5	6	85	7	1	588.5	0
203	5	6	86	1	1	498.77	0
203	5	6	87	10	1	622.4	0
203	5	6	88	4	0	889.62	0
203	5	6	89	11	1	605.4	0
203	5	6	90	2	1	490.05	0
203	5	6	91	12	1	972.68	0
203	5	6	92	5	1	512.33	0
203	5	6	93	7	1	705.31	0
203	5	6	94	2	1	683.46	0
203	5	6	95	10	0	535.79	0
203	5	6	96	5	1	917.48	0
203	5	6	97	7	1	861.51	0
203	5	6	98	12	1	886.13	0
203	5	6	99	2	1	645.25	0
203	5	6	100	12	1	928.77	0
203	5	6	101	5	1	679.01	0
203	5	6	102	8	1	437.01	0
203	5	6	103	7	1	660.04	0
203	5	6	104	8	0	437.42	0
203	5	6	105	8	0	563.65	0
203	5	6	106	3	1	842.07	0
203	5	6	107	3	1	765.84	0
203	5	6	108	11	1	645.39	0
203	5	6	109	7	0	746.28	0
203	5	6	110	11	0	886.68	0
203	5	6	111	9	1	511.19	0
203	5	6	112	5	1	561.04	0
203	5	6	113	7	1	687.49	0
203	5	6	114	9	0	476.67	0
203	5	6	115	11	1	547.82	0
203	5	6	116	9	1	628.65	0
203	5	6	117	8	1	786.4	0
203	5	6	118	4	0	718.44	0
203	5	6	119	6	1	727.41	0
203	5	6	120	8	1	613.31	0
203	5	6	1	5	1	720.74	0
203	5	6	2	2	0	542.29	0
203	5	6	3	1	1	815.48	0
203	5	6	4	9	1	499.48	0
203	5	6	5	10	0	509.7	0
203	5	6	6	9	1	569.64	0
203	5	6	7	6	0	757.85	0
203	5	6	8	5	0	545.12	0
203	5	6	9	8	1	428.73	0
203	5	6	10	3	0	885.41	0
203	5	6	11	7	0	692.72	0
203	5	6	12	12	0	451.73	0
203	5	6	13	9	1	1091.9	0
203	5	6	14	1	1	576.5	0
203	5	6	15	2	1	707.05	0
203	5	6	16	4	1	575.98	0
203	5	6	17	1	1	499.71	0
203	5	6	18	10	1	720.09	0
203	5	6	19	7	0	730.1	0
203	5	6	20	1	0	846.71	0
203	5	6	21	11	1	720.76	0
203	5	6	22	11	0	970.89	0
203	5	6	23	2	1	714.58	0
203	5	6	24	2	1	596.8	0
203	5	6	25	4	1	1668.1	0
203	5	6	26	2	0	563.3	0
203	5	6	27	9	1	789.06	0
203	5	6	28	3	1	374.44	0
203	5	6	29	7	1	466.83	0
203	5	6	30	3	1	669.79	0
203	5	6	31	11	0	1170.8	0
203	5	6	32	8	1	647.16	0
203	5	6	33	5	1	646.02	0
203	5	6	34	7	0	673.09	0
203	5	6	35	4	0	571.06	0
203	5	6	36	2	0	568.84	0
203	5	6	37	10	1	463.38	0
203	5	6	38	12	1	441.35	0
203	5	6	39	6	0	786.81	0
203	5	6	40	11	1	632.25	0
203	5	6	41	9	0	479.99	0
203	5	6	42	12	1	613.45	0
203	5	6	43	1	1	932.06	0
203	5	6	44	8	1	419.7	0
203	5	6	45	5	0	534.32	0
203	5	6	46	3	0	494.5	0
203	5	6	47	6	1	644.73	0
203	5	6	48	8	1	741.28	0
203	5	6	49	4	1	445.72	0
203	5	6	50	1	1	554.75	0
203	5	6	51	4	1	772.2	0
203	5	6	52	11	0	784.13	0
203	5	6	53	8	0	658.85	0
203	5	6	54	7	0	468.68	0
203	5	6	55	12	0	611.59	0
203	5	6	56	3	0	462.91	0
203	5	6	57	2	1	740.99	0
203	5	6	58	11	1	610.32	0
203	5	6	59	2	1	919.42	0
203	5	6	60	5	1	732.99	0
203	5	6	61	6	0	525.78	0
203	5	6	62	3	1	506.13	0
203	5	6	63	1	1	566.29	0
203	5	6	64	3	1	3094.6	1
203	5	6	65	4	1	655.62	0
203	5	6	66	4	0	645.59	0
203	5	6	67	6	1	529.29	0
203	5	6	68	5	0	406.01	0
203	5	6	69	12	1	722.24	0
203	5	6	70	8	0	1112	0
203	5	6	71	11	0	554.33	0
203	5	6	72	7	1	530.2	0
203	5	6	73	5	1	654.64	0
203	5	6	74	6	1	635.14	0
203	5	6	75	6	1	432.23	0
203	5	6	76	12	1	804.31	0
203	5	6	77	12	1	608.27	0
203	5	6	78	1	1	933.96	0
203	5	6	79	4	0	549.61	0
203	5	6	80	5	0	680.77	0
203	5	6	81	10	0	1556.6	0
203	5	6	82	1	1	795.64	0
203	5	6	83	4	0	711.44	0
203	5	6	84	10	1	778.8	0
203	5	6	85	7	0	941.59	0
203	5	6	86	11	1	727.54	0
203	5	6	87	7	1	646.76	0
203	5	6	88	7	1	442.05	0
203	5	6	89	8	1	816.91	0
203	5	6	90	6	0	874.03	0
203	5	6	91	5	1	512.75	0
203	5	6	92	11	1	653.78	0
203	5	6	93	8	0	523.13	0
203	5	6	94	3	1	604.1	0
203	5	6	95	10	1	569.82	0
203	5	6	96	10	1	741.01	0
203	5	6	97	12	1	560.48	0
203	5	6	98	8	1	705.61	0
203	5	6	99	12	0	612.7	0
203	5	6	100	6	1	707.79	0
203	5	6	101	5	0	615.97	0
203	5	6	102	4	0	553.73	0
203	5	6	103	12	1	458.46	0
203	5	6	104	9	0	593.41	0
203	5	6	105	6	0	699.69	0
203	5	6	106	2	0	669.1	0
203	5	6	107	2	1	444.92	0
203	5	6	108	10	1	759.17	0
203	5	6	109	9	1	572.39	0
203	5	6	110	8	1	413.2	0
203	5	6	111	10	0	572.65	0
203	5	6	112	9	1	924.95	0
203	5	6	113	7	1	807.08	0
203	5	6	114	9	0	519.02	0
203	5	6	115	1	1	865.46	0
203	5	6	116	9	1	630.84	0
203	5	6	117	10	1	408.21	0
203	5	6	118	11	0	1007.6	0
203	5	6	119	3	0	562.14	0
203	5	6	120	3	1	562.61	0
