3600
104	3	2	1	1	1	702.4	0
104	3	2	2	12	1	514.43	0
104	3	2	3	1	1	368.59	0
104	3	2	4	5	1	601.49	0
104	3	2	5	8	0	678.42	0
104	3	2	6	1	1	313.4	1
104	3	2	7	1	1	438.1	1
104	3	2	8	3	1	750.87	0
104	3	2	9	3	1	448.32	0
104	3	2	10	1	1	959.09	1
104	3	2	11	3	1	543.02	0
104	3	2	12	5	1	483.75	0
104	3	2	13	12	1	647.91	0
104	3	2	14	3	1	606.88	0
104	3	2	15	5	1	681.56	0
104	3	2	16	5	1	532.05	0
104	3	2	17	8	1	423	0
104	3	2	18	10	1	873.26	0
104	3	2	19	8	0	675.13	0
104	3	2	20	10	1	522.2	0
104	3	2	21	5	1	393.5	0
104	3	2	22	5	1	745.97	0
104	3	2	23	12	1	601.38	0
104	3	2	24	3	1	606.68	0
104	3	2	25	1	1	541.59	0
104	3	2	26	12	1	446.88	0
104	3	2	27	5	1	569.18	0
104	3	2	28	3	1	585.92	0
104	3	2	29	12	1	368.27	0
104	3	2	30	1	1	474.7	0
104	3	2	31	5	1	1172.7	0
104	3	2	32	12	1	389.6	0
104	3	2	33	8	1	953.28	0
104	3	2	34	10	1	874.75	0
104	3	2	35	3	1	577.83	0
104	3	2	36	8	1	501.66	0
104	3	2	37	5	1	401.7	0
104	3	2	38	3	1	494.27	0
104	3	2	39	5	1	595.69	0
104	3	2	40	10	1	680.31	0
104	3	2	41	12	1	370.79	0
104	3	2	42	1	1	500.56	0
104	3	2	43	3	1	557.64	0
104	3	2	44	8	1	478.08	0
104	3	2	45	8	1	531.17	0
104	3	2	46	10	1	432.95	0
104	3	2	47	8	1	677.71	0
104	3	2	48	10	1	567.15	0
104	3	2	49	8	1	616.09	0
104	3	2	50	10	1	500.04	0
104	3	2	51	5	1	435.59	0
104	3	2	52	8	1	674.56	0
104	3	2	53	1	1	510.64	0
104	3	2	54	8	1	477.9	0
104	3	2	55	10	1	497.57	0
104	3	2	56	12	1	465.53	0
104	3	2	57	1	1	1167.3	0
104	3	2	58	10	1	498.66	0
104	3	2	59	1	1	444.34	0
104	3	2	60	5	1	455.21	0
104	3	2	61	1	1	366.44	0
104	3	2	62	5	1	648.1	0
104	3	2	63	5	1	529.87	0
104	3	2	64	5	1	576.76	0
104	3	2	65	1	1	699.07	0
104	3	2	66	12	1	521.37	0
104	3	2	67	8	1	489.34	0
104	3	2	68	12	1	388.04	0
104	3	2	69	10	1	636.93	0
104	3	2	70	12	1	692.83	0
104	3	2	71	1	1	551.13	0
104	3	2	72	8	1	687.49	0
104	3	2	73	3	1	349.05	0
104	3	2	74	8	1	410.13	0
104	3	2	75	12	1	484.11	0
104	3	2	76	12	1	440.87	0
104	3	2	77	10	1	390.71	0
104	3	2	78	12	1	697.99	0
104	3	2	79	3	1	394.32	0
104	3	2	80	12	1	476.93	0
104	3	2	81	10	1	571.93	0
104	3	2	82	5	1	606.15	0
104	3	2	83	5	1	435.45	0
104	3	2	84	8	1	1377.6	0
104	3	2	85	12	1	796.06	0
104	3	2	86	10	1	958.21	0
104	3	2	87	1	1	730.32	0
104	3	2	88	10	1	726.95	0
104	3	2	89	3	1	885.97	0
104	3	2	90	10	1	391.15	0
104	3	2	91	3	1	407.77	0
104	3	2	92	10	1	370.69	0
104	3	2	93	3	1	528	0
104	3	2	94	1	1	539.19	0
104	3	2	95	8	1	550.09	0
104	3	2	96	5	1	888.4	0
104	3	2	97	8	0	685.94	0
104	3	2	98	8	1	543.48	0
104	3	2	99	1	1	321.14	0
104	3	2	100	10	1	363.2	0
104	3	2	101	3	1	501.64	0
104	3	2	102	8	1	636.97	0
104	3	2	103	3	1	481.55	0
104	3	2	104	10	1	349.63	0
104	3	2	105	12	1	607.47	0
104	3	2	106	12	1	518.2	0
104	3	2	107	5	1	538.12	0
104	3	2	108	3	1	657.07	0
104	3	2	109	10	1	444.57	0
104	3	2	110	1	1	522.96	0
104	3	2	111	12	1	592.29	0
104	3	2	112	10	1	494.56	0
104	3	2	113	1	1	377.01	0
104	3	2	114	3	1	551.27	0
104	3	2	115	1	1	443.99	0
104	3	2	116	5	1	700.47	0
104	3	2	117	12	1	744.6	0
104	3	2	118	3	1	682.69	0
104	3	2	119	3	1	514.38	0
104	3	2	120	8	1	578.05	0
104	4	2	1	9	1	605.95	1
104	4	2	2	7	1	491.19	0
104	4	2	3	9	1	431.18	0
104	4	2	4	4	1	399.89	1
104	4	2	5	2	1	619.73	0
104	4	2	6	11	1	319.78	0
104	4	2	7	4	1	502.51	0
104	4	2	8	4	1	449.16	0
104	4	2	9	2	1	393.49	0
104	4	2	10	2	1	685.68	0
104	4	2	11	2	1	866.16	0
104	4	2	12	7	1	640.35	0
104	4	2	13	4	1	465.18	0
104	4	2	14	7	1	664.75	0
104	4	2	15	11	1	503.56	0
104	4	2	16	6	1	504.22	0
104	4	2	17	6	1	560.7	0
104	4	2	18	11	1	400.5	0
104	4	2	19	11	1	435.73	0
104	4	2	20	11	1	614.03	0
104	4	2	21	9	1	343.79	0
104	4	2	22	9	1	584.66	0
104	4	2	23	11	1	925.05	0
104	4	2	24	2	1	395.82	0
104	4	2	25	7	1	454.11	0
104	4	2	26	7	1	406.07	0
104	4	2	27	4	1	403.67	0
104	4	2	28	9	1	345.28	0
104	4	2	29	4	1	512.15	0
104	4	2	30	11	1	316.27	0
104	4	2	31	6	1	494.01	0
104	4	2	32	11	1	384.94	0
104	4	2	33	9	1	459.29	0
104	4	2	34	11	1	528.58	0
104	4	2	35	9	1	475.06	0
104	4	2	36	7	1	466.83	1
104	4	2	37	4	1	886.98	0
104	4	2	38	6	0	678.43	0
104	4	2	39	7	1	627.62	0
104	4	2	40	6	1	706.18	0
104	4	2	41	4	1	357.36	0
104	4	2	42	9	1	396.21	0
104	4	2	43	4	1	594.36	0
104	4	2	44	2	1	434.57	0
104	4	2	45	7	1	601.41	0
104	4	2	46	7	1	389.15	0
104	4	2	47	2	1	382.74	0
104	4	2	48	11	1	777.15	0
104	4	2	49	7	1	623.52	0
104	4	2	50	4	1	546.92	0
104	4	2	51	2	1	539.57	0
104	4	2	52	7	1	597.9	0
104	4	2	53	9	1	446.79	0
104	4	2	54	7	1	568.39	0
104	4	2	55	7	1	768.32	0
104	4	2	56	9	1	307.7	0
104	4	2	57	6	1	501.17	0
104	4	2	58	4	1	608.01	0
104	4	2	59	2	1	676.73	0
104	4	2	60	2	1	522.73	0
104	4	2	61	4	1	951.81	0
104	4	2	62	7	1	559.33	0
104	4	2	63	4	1	476.73	0
104	4	2	64	4	1	434.34	0
104	4	2	65	7	1	451.91	0
104	4	2	66	6	1	980.65	0
104	4	2	67	11	1	355.14	0
104	4	2	68	9	1	499.65	0
104	4	2	69	6	0	1047.6	0
104	4	2	70	2	1	494.54	0
104	4	2	71	2	1	371.12	0
104	4	2	72	11	1	395.73	0
104	4	2	73	2	1	420.34	0
104	4	2	74	11	1	458.88	0
104	4	2	75	4	1	619.37	0
104	4	2	76	7	1	374.25	0
104	4	2	77	11	1	736.21	0
104	4	2	78	4	1	445.16	0
104	4	2	79	11	1	620.62	0
104	4	2	80	4	1	515.61	0
104	4	2	81	9	1	437.07	0
104	4	2	82	4	1	408.37	0
104	4	2	83	9	1	433.97	0
104	4	2	84	9	1	442.79	0
104	4	2	85	6	1	526	0
104	4	2	86	9	1	493.33	0
104	4	2	87	6	1	652.53	0
104	4	2	88	9	1	409.19	0
104	4	2	89	9	1	377.6	0
104	4	2	90	2	1	671.58	0
104	4	2	91	11	1	370.65	0
104	4	2	92	4	1	457.62	0
104	4	2	93	6	1	541	0
104	4	2	94	6	1	1001	0
104	4	2	95	9	1	535.15	0
104	4	2	96	2	1	378.97	0
104	4	2	97	6	1	441.43	0
104	4	2	98	2	1	495.1	0
104	4	2	99	6	1	492.12	0
104	4	2	100	7	1	592.01	0
104	4	2	101	6	1	755.59	0
104	4	2	102	7	1	713.63	0
104	4	2	103	6	1	587.94	0
104	4	2	104	2	1	901.04	0
104	4	2	105	6	0	569.32	0
104	4	2	106	2	1	655.94	0
104	4	2	107	6	0	738.77	0
104	4	2	108	11	1	470.98	0
104	4	2	109	2	1	549.43	0
104	4	2	110	11	1	1215.7	0
104	4	2	111	7	1	557.63	0
104	4	2	112	11	1	800.42	0
104	4	2	113	9	1	592.29	0
104	4	2	114	4	1	500.75	0
104	4	2	115	7	1	983.83	0
104	4	2	116	6	1	618.92	0
104	4	2	117	11	1	545.78	0
104	4	2	118	9	1	442.36	0
104	4	2	119	6	1	905.57	0
104	4	2	120	2	1	734.31	0
104	5	2	1	2	1	398.43	1
104	5	2	2	3	1	659.1	0
104	5	2	3	1	1	503.98	0
104	5	2	4	4	1	764.97	0
104	5	2	5	12	1	295.24	0
104	5	2	6	1	1	1055.3	0
104	5	2	7	5	1	613.53	0
104	5	2	8	12	1	639.45	0
104	5	2	9	12	1	574.27	0
104	5	2	10	8	1	720.62	0
104	5	2	11	10	1	521.95	0
104	5	2	12	1	1	645.8	0
104	5	2	13	11	1	373.91	1
104	5	2	14	10	1	534.72	0
104	5	2	15	6	1	384.37	0
104	5	2	16	10	1	502.01	0
104	5	2	17	7	1	726.95	0
104	5	2	18	12	1	411.51	0
104	5	2	19	9	1	550.77	0
104	5	2	20	12	1	443.62	0
104	5	2	21	12	1	537	0
104	5	2	22	6	0	1002.5	0
104	5	2	23	7	1	545.11	1
104	5	2	24	3	1	1083.7	0
104	5	2	25	9	1	538.2	0
104	5	2	26	4	1	819.63	0
104	5	2	27	6	1	1153.3	0
104	5	2	28	4	1	483.9	0
104	5	2	29	2	1	575.32	0
104	5	2	30	11	1	522.37	0
104	5	2	31	2	1	536.09	0
104	5	2	32	10	1	516.77	0
104	5	2	33	4	1	421.27	0
104	5	2	34	3	0	650.42	0
104	5	2	35	8	1	762.98	0
104	5	2	36	11	0	620.65	0
104	5	2	37	8	1	529.4	0
104	5	2	38	9	1	679.4	0
104	5	2	39	3	1	923.74	0
104	5	2	40	5	1	706.3	0
104	5	2	41	11	1	518.79	0
104	5	2	42	7	1	741.04	0
104	5	2	43	7	1	607.76	0
104	5	2	44	8	0	789.59	0
104	5	2	45	5	1	662.53	0
104	5	2	46	3	1	489.79	0
104	5	2	47	7	1	547.34	0
104	5	2	48	1	1	467.13	0
104	5	2	49	9	1	840.44	0
104	5	2	50	8	1	899.86	0
104	5	2	51	12	1	515.54	0
104	5	2	52	10	1	503.38	0
104	5	2	53	12	1	952.07	0
104	5	2	54	6	1	526.2	0
104	5	2	55	8	1	1130.7	0
104	5	2	56	10	1	783.07	1
104	5	2	57	5	1	813.38	0
104	5	2	58	5	1	449.15	0
104	5	2	59	9	1	395.68	0
104	5	2	60	5	1	656.35	0
104	5	2	61	2	1	571.17	0
104	5	2	62	5	0	564.04	0
104	5	2	63	2	1	552.45	0
104	5	2	64	1	1	759.2	0
104	5	2	65	12	1	457.12	0
104	5	2	66	4	1	445.69	0
104	5	2	67	11	1	694.76	0
104	5	2	68	6	1	816.34	0
104	5	2	69	6	1	856.44	0
104	5	2	70	10	1	598.67	0
104	5	2	71	2	1	647.54	0
104	5	2	72	2	1	573.17	0
104	5	2	73	10	1	425.4	0
104	5	2	74	9	1	667.52	0
104	5	2	75	6	1	882.64	0
104	5	2	76	1	1	767.56	0
104	5	2	77	9	1	561.21	0
104	5	2	78	1	1	378.93	0
104	5	2	79	2	1	582.36	0
104	5	2	80	11	1	520.98	0
104	5	2	81	3	1	452.85	0
104	5	2	82	11	1	531.74	0
104	5	2	83	4	1	418.76	0
104	5	2	84	9	1	618.47	0
104	5	2	85	8	0	527.63	0
104	5	2	86	3	0	731.53	0
104	5	2	87	11	1	292.59	0
104	5	2	88	2	1	523.59	0
104	5	2	89	6	0	458.45	0
104	5	2	90	1	1	671.94	0
104	5	2	91	8	0	556.9	0
104	5	2	92	5	1	659.53	0
104	5	2	93	3	0	1316.4	0
104	5	2	94	1	1	743.67	0
104	5	2	95	7	1	445.67	0
104	5	2	96	8	1	554.35	0
104	5	2	97	5	1	487.28	0
104	5	2	98	6	1	515.54	0
104	5	2	99	4	1	483.15	0
104	5	2	100	4	1	895.74	0
104	5	2	101	11	1	505.69	0
104	5	2	102	3	1	516.51	0
104	5	2	103	8	1	1032.5	0
104	5	2	104	3	1	477.23	0
104	5	2	105	7	1	611.52	0
104	5	2	106	4	1	664.06	0
104	5	2	107	7	1	553.22	0
104	5	2	108	6	1	582.93	0
104	5	2	109	7	0	586.11	0
104	5	2	110	7	1	571.89	0
104	5	2	111	10	1	676.59	0
104	5	2	112	2	1	444.23	0
104	5	2	113	11	1	474.67	0
104	5	2	114	10	1	572.32	0
104	5	2	115	5	1	368.79	0
104	5	2	116	9	1	703.58	0
104	5	2	117	4	1	639.82	0
104	5	2	118	1	1	517.77	0
104	5	2	119	9	1	709.65	0
104	5	2	120	12	0	658.48	1
104	5	2	1	1	1	448.63	0
104	5	2	2	3	1	876.95	0
104	5	2	3	4	0	657.08	0
104	5	2	4	3	0	529.5	0
104	5	2	5	1	1	1009.7	0
104	5	2	6	7	1	766.91	0
104	5	2	7	5	0	520.01	0
104	5	2	8	6	1	581.74	0
104	5	2	9	10	1	606.2	0
104	5	2	10	3	1	764.28	0
104	5	2	11	6	1	578.78	0
104	5	2	12	8	1	950.59	0
104	5	2	13	8	1	726.44	0
104	5	2	14	4	1	374.24	0
104	5	2	15	4	1	551.54	0
104	5	2	16	12	1	490.46	0
104	5	2	17	6	1	480.18	0
104	5	2	18	3	1	466.62	0
104	5	2	19	11	1	504.38	0
104	5	2	20	6	1	424.38	0
104	5	2	21	9	1	674.33	0
104	5	2	22	9	1	774.13	0
104	5	2	23	1	1	432.46	0
104	5	2	24	4	1	509.65	0
104	5	2	25	12	1	486.04	0
104	5	2	26	8	0	741.18	0
104	5	2	27	3	1	464.28	0
104	5	2	28	5	0	625.72	0
104	5	2	29	7	1	685.23	0
104	5	2	30	6	1	713.42	0
104	5	2	31	8	1	608.59	0
104	5	2	32	11	1	433.5	0
104	5	2	33	10	0	644.45	0
104	5	2	34	9	1	535.98	1
104	5	2	35	2	1	436.29	0
104	5	2	36	2	1	532.61	0
104	5	2	37	11	1	459.87	0
104	5	2	38	1	1	610.8	0
104	5	2	39	7	0	1497.6	0
104	5	2	40	3	0	750.93	0
104	5	2	41	2	1	552.26	0
104	5	2	42	4	1	1036.5	0
104	5	2	43	4	1	1085.4	0
104	5	2	44	9	1	589.65	0
104	5	2	45	6	1	558.67	0
104	5	2	46	11	1	375.65	0
104	5	2	47	9	0	900.96	0
104	5	2	48	5	1	578.68	0
104	5	2	49	2	1	512.5	0
104	5	2	50	4	1	674.89	0
104	5	2	51	8	1	498.14	0
104	5	2	52	1	1	514.99	0
104	5	2	53	12	1	521.97	0
104	5	2	54	11	1	574.61	0
104	5	2	55	5	1	397.64	0
104	5	2	56	5	1	841.42	0
104	5	2	57	11	1	741.07	0
104	5	2	58	8	1	943.61	0
104	5	2	59	5	1	1144.4	0
104	5	2	60	1	1	674.84	0
104	5	2	61	4	1	825.89	0
104	5	2	62	12	1	591.47	1
104	5	2	63	11	1	500.75	0
104	5	2	64	12	1	666.22	0
104	5	2	65	12	1	1069.3	0
104	5	2	66	4	1	584.46	0
104	5	2	67	12	1	509.87	0
104	5	2	68	2	1	520.16	0
104	5	2	69	3	0	535.75	0
104	5	2	70	11	1	413.52	0
104	5	2	71	12	1	446.3	0
104	5	2	72	7	0	921.79	0
104	5	2	73	10	1	634.5	0
104	5	2	74	1	1	356.46	0
104	5	2	75	5	0	610.83	0
104	5	2	76	12	1	370.24	0
104	5	2	77	5	1	536.52	0
104	5	2	78	6	0	362.18	0
104	5	2	79	11	1	668.13	0
104	5	2	80	8	1	1367.2	0
104	5	2	81	9	1	590.23	0
104	5	2	82	11	1	588.08	0
104	5	2	83	2	1	366.03	0
104	5	2	84	2	1	648.69	0
104	5	2	85	10	1	519.22	0
104	5	2	86	8	1	532.74	0
104	5	2	87	9	1	636.98	0
104	5	2	88	6	1	601.62	0
104	5	2	89	9	1	278.99	0
104	5	2	90	7	1	577.02	0
104	5	2	91	1	1	556.13	0
104	5	2	92	7	1	585.47	0
104	5	2	93	9	1	431.72	0
104	5	2	94	7	0	546.42	0
104	5	2	95	10	1	492.26	0
104	5	2	96	2	1	484.69	0
104	5	2	97	7	1	511.56	0
104	5	2	98	2	1	369.37	0
104	5	2	99	2	1	452.97	0
104	5	2	100	6	0	1219.3	0
104	5	2	101	1	1	530.95	0
104	5	2	102	3	0	957.71	0
104	5	2	103	7	1	571.35	0
104	5	2	104	7	1	540.7	0
104	5	2	105	6	1	917.06	0
104	5	2	106	5	0	810.21	0
104	5	2	107	5	1	518.11	0
104	5	2	108	10	1	566.73	0
104	5	2	109	4	0	878.31	0
104	5	2	110	3	0	712.59	0
104	5	2	111	10	1	772	0
104	5	2	112	8	0	1202.2	0
104	5	2	113	9	0	926.28	0
104	5	2	114	12	1	403.73	0
104	5	2	115	8	0	561.32	0
104	5	2	116	10	0	632.47	0
104	5	2	117	10	1	711.13	0
104	5	2	118	10	1	1095.2	0
104	5	2	119	1	0	634.49	0
104	5	2	120	3	1	551.43	0
104	1	2	1	9	1	479.82	0
104	1	2	2	1	1	521.26	0
104	1	2	3	11	1	463.92	0
104	1	2	4	9	1	690.68	1
104	1	2	5	3	1	472.32	0
104	1	2	6	9	1	760.51	0
104	1	2	7	7	0	814.92	0
104	1	2	8	11	1	579.56	0
104	1	2	9	3	1	470.08	0
104	1	2	10	1	1	547.4	0
104	1	2	11	1	1	553.61	0
104	1	2	12	9	1	513.72	0
104	1	2	13	3	1	464.04	0
104	1	2	14	1	1	617.39	0
104	1	2	15	3	1	552.7	0
104	1	2	16	3	1	479.45	0
104	1	2	17	3	1	483.39	0
104	1	2	18	1	1	856.43	0
104	1	2	19	11	1	628.69	0
104	1	2	20	7	1	459.88	0
104	1	2	21	7	1	829.85	0
104	1	2	22	11	1	952.22	0
104	1	2	23	7	1	639.05	0
104	1	2	24	11	1	648.23	0
104	1	2	25	7	0	1071.7	0
104	1	2	26	5	1	473.24	0
104	1	2	27	7	1	495.44	0
104	1	2	28	9	1	714.74	0
104	1	2	29	5	1	429.33	0
104	1	2	30	5	1	590.28	0
104	1	2	31	7	1	481.28	0
104	1	2	32	5	0	604.27	0
104	1	2	33	1	1	590.43	0
104	1	2	34	3	0	694.59	0
104	1	2	35	9	0	922.65	0
104	1	2	36	5	1	816.23	0
104	1	2	37	3	1	398.18	0
104	1	2	38	7	0	599.28	0
104	1	2	39	3	1	492.53	0
104	1	2	40	5	1	495.08	0
104	1	2	41	11	1	607.66	0
104	1	2	42	9	1	371.85	0
104	1	2	43	5	1	866.06	0
104	1	2	44	9	1	878.86	0
104	1	2	45	9	1	372.55	0
104	1	2	46	3	1	603.11	0
104	1	2	47	5	1	583.8	0
104	1	2	48	11	1	418.9	0
104	1	2	49	3	1	550.83	0
104	1	2	50	5	1	458.69	1
104	1	2	51	11	1	538.83	0
104	1	2	52	1	1	750.95	0
104	1	2	53	1	1	475.15	0
104	1	2	54	5	1	784.62	0
104	1	2	55	7	1	655.54	0
104	1	2	56	11	1	538.68	0
104	1	2	57	3	1	388.18	0
104	1	2	58	3	1	462.56	0
104	1	2	59	11	1	511.07	0
104	1	2	60	5	1	688.63	1
104	1	2	61	7	1	528.82	0
104	1	2	62	11	1	2120.4	0
104	1	2	63	11	1	536.5	0
104	1	2	64	3	1	371.76	0
104	1	2	65	11	1	1148.7	0
104	1	2	66	7	0	672.34	0
104	1	2	67	7	1	796.61	0
104	1	2	68	11	1	571.04	0
104	1	2	69	11	1	448.43	0
104	1	2	70	1	1	440.03	0
104	1	2	71	5	0	1182.3	0
104	1	2	72	7	0	709.81	0
104	1	2	73	5	1	709.75	0
104	1	2	74	9	1	1012.6	0
104	1	2	75	1	1	429.47	0
104	1	2	76	1	1	488.13	1
104	1	2	77	5	0	486.83	0
104	1	2	78	11	1	557.16	0
104	1	2	79	9	1	405.36	0
104	1	2	80	11	1	576.14	0
104	1	2	81	9	1	417.59	0
104	1	2	82	9	1	604.01	0
104	1	2	83	9	0	520.05	0
104	1	2	84	7	1	493.54	0
104	1	2	85	5	1	368.92	0
104	1	2	86	11	1	345.61	0
104	1	2	87	1	1	479.88	0
104	1	2	88	1	1	369.58	0
104	1	2	89	5	1	497.15	0
104	1	2	90	9	1	675.76	0
104	1	2	91	9	1	514.81	0
104	1	2	92	7	1	477.89	0
104	1	2	93	7	1	421.27	0
104	1	2	94	1	1	361.23	0
104	1	2	95	11	1	455.33	0
104	1	2	96	9	1	440.68	0
104	1	2	97	7	1	614.15	0
104	1	2	98	1	1	442.76	0
104	1	2	99	7	0	712.92	0
104	1	2	100	9	1	605.8	1
104	1	2	101	7	1	376.8	0
104	1	2	102	5	0	556.2	0
104	1	2	103	3	1	603.21	0
104	1	2	104	3	1	546.06	0
104	1	2	105	1	1	398.43	0
104	1	2	106	3	1	423.47	0
104	1	2	107	9	1	452.21	0
104	1	2	108	3	1	407.55	0
104	1	2	109	5	1	820.21	0
104	1	2	110	1	1	663.19	0
104	1	2	111	5	1	651.09	0
104	1	2	112	3	1	498.58	0
104	1	2	113	7	1	429.86	0
104	1	2	114	1	1	679.56	0
104	1	2	115	5	1	517.06	0
104	1	2	116	9	1	473.51	0
104	1	2	117	11	1	472.77	0
104	1	2	118	1	1	367.71	0
104	1	2	119	3	1	388.16	1
104	1	2	120	1	1	369.48	0
104	2	2	1	10	1	802.03	0
104	2	2	2	10	1	374.92	0
104	2	2	3	8	1	503.87	0
104	2	2	4	6	1	875.69	0
104	2	2	5	4	1	558.46	0
104	2	2	6	6	1	602.9	0
104	2	2	7	8	1	600.78	0
104	2	2	8	10	1	650.47	0
104	2	2	9	12	1	527.53	0
104	2	2	10	2	1	450	0
104	2	2	11	8	1	503.55	0
104	2	2	12	12	1	657.77	0
104	2	2	13	4	1	358.65	0
104	2	2	14	2	1	403.89	0
104	2	2	15	6	1	462.77	0
104	2	2	16	6	1	401.95	0
104	2	2	17	8	1	679.37	0
104	2	2	18	2	1	528.26	0
104	2	2	19	10	1	395.61	0
104	2	2	20	12	1	516.62	0
104	2	2	21	12	1	598.61	0
104	2	2	22	6	1	638.91	0
104	2	2	23	10	1	768.77	0
104	2	2	24	2	1	444.54	0
104	2	2	25	10	1	352.9	0
104	2	2	26	6	1	518.17	0
104	2	2	27	8	1	533.92	0
104	2	2	28	2	1	469.82	0
104	2	2	29	10	1	308.81	0
104	2	2	30	4	1	413.59	0
104	2	2	31	8	1	549.74	0
104	2	2	32	10	1	699.37	0
104	2	2	33	4	1	362.79	0
104	2	2	34	12	1	566.16	0
104	2	2	35	12	1	471.09	0
104	2	2	36	6	1	625.79	0
104	2	2	37	10	1	460.73	0
104	2	2	38	4	1	557.53	0
104	2	2	39	8	1	553.76	0
104	2	2	40	6	1	650.98	0
104	2	2	41	4	1	514.79	0
104	2	2	42	2	1	490.14	0
104	2	2	43	10	1	707.27	1
104	2	2	44	8	0	939.7	0
104	2	2	45	4	1	493.66	0
104	2	2	46	2	1	506.05	0
104	2	2	47	12	1	395.4	0
104	2	2	48	4	1	484.51	0
104	2	2	49	4	1	457.66	0
104	2	2	50	2	1	340.5	0
104	2	2	51	8	1	394.89	0
104	2	2	52	10	1	555.65	0
104	2	2	53	6	1	533.69	0
104	2	2	54	8	1	660.18	0
104	2	2	55	4	1	536.29	0
104	2	2	56	12	1	609.63	0
104	2	2	57	8	1	701.02	0
104	2	2	58	12	1	563.08	0
104	2	2	59	2	1	320.58	0
104	2	2	60	12	1	389.76	0
104	2	2	61	6	1	952.54	0
104	2	2	62	2	1	558.26	0
104	2	2	63	12	1	482.73	0
104	2	2	64	8	0	579.06	0
104	2	2	65	2	1	527.51	0
104	2	2	66	2	1	557.68	0
104	2	2	67	2	1	502.12	0
104	2	2	68	2	1	469.63	0
104	2	2	69	6	1	744.17	0
104	2	2	70	10	1	410.79	0
104	2	2	71	4	1	567.1	0
104	2	2	72	4	1	459	0
104	2	2	73	6	0	589.84	0
104	2	2	74	10	1	422.04	0
104	2	2	75	2	1	378.28	0
104	2	2	76	12	1	546.03	0
104	2	2	77	6	1	552.99	0
104	2	2	78	8	1	513.41	0
104	2	2	79	6	1	686.07	0
104	2	2	80	2	1	397.71	0
104	2	2	81	2	1	404.06	0
104	2	2	82	4	1	705.96	0
104	2	2	83	4	1	733.56	0
104	2	2	84	6	1	467.05	0
104	2	2	85	8	1	872.85	0
104	2	2	86	8	1	458.5	0
104	2	2	87	4	1	623.84	0
104	2	2	88	8	0	694.77	0
104	2	2	89	8	1	848.6	0
104	2	2	90	12	1	365.34	0
104	2	2	91	8	0	661.57	0
104	2	2	92	2	1	640.37	0
104	2	2	93	10	1	432.81	0
104	2	2	94	10	1	847.23	0
104	2	2	95	10	1	509.45	0
104	2	2	96	12	1	340.14	0
104	2	2	97	6	0	653.94	0
104	2	2	98	4	1	796.32	0
104	2	2	99	10	1	432.99	0
104	2	2	100	4	1	523.92	0
104	2	2	101	6	1	805.46	0
104	2	2	102	12	1	445.18	0
104	2	2	103	2	1	438.45	0
104	2	2	104	10	1	463.98	0
104	2	2	105	4	1	388.74	0
104	2	2	106	8	1	490.89	0
104	2	2	107	6	1	733.91	0
104	2	2	108	12	1	443.68	0
104	2	2	109	4	1	611.7	0
104	2	2	110	6	1	560.87	0
104	2	2	111	2	1	466.7	0
104	2	2	112	10	1	563.5	0
104	2	2	113	10	1	432.29	0
104	2	2	114	12	1	460.89	0
104	2	2	115	8	1	606.12	0
104	2	2	116	6	0	518.99	0
104	2	2	117	12	1	525.8	0
104	2	2	118	12	1	476.68	0
104	2	2	119	12	1	462	0
104	2	2	120	4	1	333.68	0
104	3	3	1	12	1	392.48	0
104	3	3	2	12	1	465.13	0
104	3	3	3	1	1	427.83	0
104	3	3	4	10	1	452.68	0
104	3	3	5	10	1	461.84	0
104	3	3	6	10	1	360.87	0
104	3	3	7	8	0	1320.7	0
104	3	3	8	12	1	466.12	0
104	3	3	9	5	1	702.39	0
104	3	3	10	5	1	657.92	0
104	3	3	11	3	1	491.09	0
104	3	3	12	10	1	344.02	0
104	3	3	13	8	1	411.66	0
104	3	3	14	1	1	367.6	0
104	3	3	15	1	1	354.7	0
104	3	3	16	10	0	735.04	0
104	3	3	17	3	1	407.97	0
104	3	3	18	8	1	467.07	0
104	3	3	19	1	1	496.64	0
104	3	3	20	8	1	869.81	0
104	3	3	21	5	1	601.99	0
104	3	3	22	5	1	554.61	0
104	3	3	23	10	1	509.38	0
104	3	3	24	10	1	593.54	0
104	3	3	25	5	1	647.64	0
104	3	3	26	3	1	662.77	0
104	3	3	27	10	1	438.67	0
104	3	3	28	10	1	493.57	0
104	3	3	29	10	1	410.57	0
104	3	3	30	3	1	563.34	0
104	3	3	31	10	1	460.74	0
104	3	3	32	8	1	604.01	0
104	3	3	33	3	1	573.48	0
104	3	3	34	12	1	467.97	0
104	3	3	35	8	1	413.64	0
104	3	3	36	1	1	676.17	0
104	3	3	37	5	1	635.09	0
104	3	3	38	8	1	587.16	0
104	3	3	39	5	1	434.67	0
104	3	3	40	5	1	603.7	0
104	3	3	41	12	1	512.78	0
104	3	3	42	8	1	760.67	0
104	3	3	43	8	1	447.63	0
104	3	3	44	10	1	712.45	0
104	3	3	45	1	1	424.47	0
104	3	3	46	12	1	406.98	0
104	3	3	47	12	1	467.47	0
104	3	3	48	5	1	934.21	0
104	3	3	49	12	1	485.66	0
104	3	3	50	3	1	460.56	0
104	3	3	51	10	1	415	0
104	3	3	52	12	1	442.46	0
104	3	3	53	3	1	394.28	0
104	3	3	54	12	1	345.72	0
104	3	3	55	8	1	518.97	0
104	3	3	56	3	1	359.86	0
104	3	3	57	10	1	400.59	0
104	3	3	58	10	1	452.66	0
104	3	3	59	10	1	388.11	0
104	3	3	60	1	1	406.34	0
104	3	3	61	1	1	637.09	0
104	3	3	62	3	1	581.17	0
104	3	3	63	10	1	932.22	0
104	3	3	64	5	1	934.12	0
104	3	3	65	5	1	407.12	0
104	3	3	66	1	1	507.01	0
104	3	3	67	1	1	693.83	0
104	3	3	68	3	1	380.36	0
104	3	3	69	1	1	493.88	0
104	3	3	70	5	0	863.29	0
104	3	3	71	1	1	557.03	0
104	3	3	72	8	1	503.75	0
104	3	3	73	5	0	646.44	0
104	3	3	74	3	1	585.27	0
104	3	3	75	12	1	594.78	0
104	3	3	76	3	1	334.11	0
104	3	3	77	1	1	1017.9	0
104	3	3	78	8	1	602.64	0
104	3	3	79	1	1	468.65	0
104	3	3	80	1	1	451.22	0
104	3	3	81	12	1	441.48	0
104	3	3	82	3	1	520.93	0
104	3	3	83	8	1	485.98	0
104	3	3	84	3	1	401.54	0
104	3	3	85	8	1	497.09	0
104	3	3	86	1	1	475.76	0
104	3	3	87	8	1	674.96	0
104	3	3	88	3	1	651.26	0
104	3	3	89	8	1	800.69	0
104	3	3	90	12	1	456	0
104	3	3	91	10	1	541.26	0
104	3	3	92	8	0	456.06	0
104	3	3	93	5	1	404.13	0
104	3	3	94	8	1	837.15	0
104	3	3	95	1	1	450.45	0
104	3	3	96	12	1	484.76	0
104	3	3	97	12	1	541.44	0
104	3	3	98	12	1	335.69	0
104	3	3	99	3	1	523.92	0
104	3	3	100	5	1	544.49	1
104	3	3	101	12	1	481	0
104	3	3	102	12	1	376.46	0
104	3	3	103	1	1	339.69	0
104	3	3	104	8	1	549.9	0
104	3	3	105	5	1	769.34	0
104	3	3	106	3	1	1138.8	0
104	3	3	107	10	1	492.02	0
104	3	3	108	10	1	542.18	0
104	3	3	109	8	1	687.35	0
104	3	3	110	5	1	452.92	0
104	3	3	111	3	1	478.97	0
104	3	3	112	12	1	295.72	0
104	3	3	113	5	1	658.27	0
104	3	3	114	1	1	555.65	0
104	3	3	115	1	1	575.56	0
104	3	3	116	3	1	334.33	0
104	3	3	117	5	1	505.06	0
104	3	3	118	5	1	434.6	0
104	3	3	119	3	1	561.45	0
104	3	3	120	12	1	609.81	0
104	4	3	1	2	1	420.26	0
104	4	3	2	11	1	346.25	0
104	4	3	3	9	1	403.73	0
104	4	3	4	11	1	448.53	0
104	4	3	5	6	1	666.07	1
104	4	3	6	2	1	778.42	1
104	4	3	7	9	1	413.94	0
104	4	3	8	2	1	460.4	0
104	4	3	9	7	1	553.77	1
104	4	3	10	6	1	563.13	0
104	4	3	11	7	1	522.41	0
104	4	3	12	7	1	466.52	0
104	4	3	13	2	1	380.63	0
104	4	3	14	9	1	402.41	0
104	4	3	15	4	1	422.18	0
104	4	3	16	4	1	535.54	0
104	4	3	17	2	1	700.37	0
104	4	3	18	11	1	354.96	0
104	4	3	19	4	1	546.34	0
104	4	3	20	9	1	390.75	0
104	4	3	21	11	1	609.66	0
104	4	3	22	7	1	555.56	0
104	4	3	23	4	1	455.8	0
104	4	3	24	9	1	492.04	0
104	4	3	25	4	1	928.26	0
104	4	3	26	7	1	354.93	0
104	4	3	27	7	1	768.79	0
104	4	3	28	2	1	498.66	0
104	4	3	29	2	1	497.31	0
104	4	3	30	11	1	395.34	0
104	4	3	31	11	1	500.84	0
104	4	3	32	9	1	481.1	0
104	4	3	33	11	1	788.6	0
104	4	3	34	6	1	519.26	0
104	4	3	35	11	1	480.72	0
104	4	3	36	6	1	575.99	0
104	4	3	37	7	1	437.12	0
104	4	3	38	7	1	823.31	0
104	4	3	39	11	1	464.67	0
104	4	3	40	6	1	459.2	0
104	4	3	41	4	1	438.48	0
104	4	3	42	4	1	525.14	0
104	4	3	43	6	1	324.98	0
104	4	3	44	4	1	680.94	0
104	4	3	45	9	1	389.15	0
104	4	3	46	4	1	553.58	0
104	4	3	47	6	1	643.71	0
104	4	3	48	2	1	576.76	0
104	4	3	49	2	1	345.24	0
104	4	3	50	6	1	919.44	0
104	4	3	51	2	1	413.93	0
104	4	3	52	7	1	465.69	0
104	4	3	53	2	1	321.88	0
104	4	3	54	9	1	458.69	0
104	4	3	55	6	1	1272.2	0
104	4	3	56	7	1	740.57	0
104	4	3	57	6	1	490.79	0
104	4	3	58	6	1	579.74	0
104	4	3	59	7	1	511.88	0
104	4	3	60	6	1	581.68	0
104	4	3	61	11	1	581.57	0
104	4	3	62	9	1	402.45	0
104	4	3	63	9	1	440.57	0
104	4	3	64	2	1	567.05	0
104	4	3	65	4	1	640.92	0
104	4	3	66	6	1	653.28	0
104	4	3	67	2	1	597.43	0
104	4	3	68	6	1	874.57	0
104	4	3	69	9	1	636.66	0
104	4	3	70	4	1	446.74	0
104	4	3	71	11	1	572.93	0
104	4	3	72	7	1	713.01	0
104	4	3	73	2	1	400.95	0
104	4	3	74	7	1	626.55	0
104	4	3	75	2	1	517.85	0
104	4	3	76	9	1	298.92	0
104	4	3	77	7	1	470.43	0
104	4	3	78	6	1	572.58	0
104	4	3	79	9	1	501.37	0
104	4	3	80	11	1	568.97	0
104	4	3	81	9	1	380.65	0
104	4	3	82	7	1	1138	0
104	4	3	83	7	1	384.03	0
104	4	3	84	2	1	472.94	0
104	4	3	85	6	0	396.76	0
104	4	3	86	9	1	513.22	0
104	4	3	87	4	1	464.8	0
104	4	3	88	4	1	599.63	0
104	4	3	89	4	1	489.09	0
104	4	3	90	2	1	519.6	0
104	4	3	91	4	1	429.55	0
104	4	3	92	7	1	970.51	0
104	4	3	93	2	1	446.84	0
104	4	3	94	11	1	545.31	0
104	4	3	95	11	1	416.3	0
104	4	3	96	6	1	510.76	0
104	4	3	97	4	1	843.66	0
104	4	3	98	4	1	678.64	0
104	4	3	99	4	1	632.35	0
104	4	3	100	9	1	706.33	0
104	4	3	101	9	1	414.61	0
104	4	3	102	11	1	410.86	0
104	4	3	103	11	1	375.65	0
104	4	3	104	11	1	452.62	0
104	4	3	105	4	1	441.01	0
104	4	3	106	7	1	510.01	0
104	4	3	107	4	1	613.86	0
104	4	3	108	9	1	374.04	0
104	4	3	109	11	1	537.53	0
104	4	3	110	7	1	497.55	0
104	4	3	111	2	1	705	0
104	4	3	112	2	1	515.93	0
104	4	3	113	6	1	680.62	0
104	4	3	114	6	1	653.53	0
104	4	3	115	11	1	298.33	0
104	4	3	116	6	1	749.99	0
104	4	3	117	7	1	540.61	0
104	4	3	118	11	1	849.19	1
104	4	3	119	9	1	440	0
104	4	3	120	9	1	322.96	1
104	1	3	1	9	1	482.15	0
104	1	3	2	1	1	554.79	0
104	1	3	3	9	1	475.42	0
104	1	3	4	7	0	645.33	0
104	1	3	5	11	1	555.21	0
104	1	3	6	7	1	685.07	0
104	1	3	7	5	1	1205.1	0
104	1	3	8	1	1	399.42	0
104	1	3	9	7	0	667.47	0
104	1	3	10	5	1	546.97	0
104	1	3	11	7	0	605.33	0
104	1	3	12	11	1	456.03	0
104	1	3	13	5	0	666.72	0
104	1	3	14	5	1	402	0
104	1	3	15	3	1	646.59	0
104	1	3	16	3	1	673.85	0
104	1	3	17	1	1	415.78	0
104	1	3	18	9	1	533.5	0
104	1	3	19	3	1	410.8	0
104	1	3	20	11	1	778.55	0
104	1	3	21	11	1	469.66	0
104	1	3	22	5	1	1374.2	0
104	1	3	23	11	1	1006.5	0
104	1	3	24	7	0	884.66	0
104	1	3	25	9	0	504.24	0
104	1	3	26	9	1	445.1	0
104	1	3	27	7	1	1220.1	0
104	1	3	28	3	1	733.02	0
104	1	3	29	1	1	500.89	0
104	1	3	30	1	1	369.92	0
104	1	3	31	1	1	458.51	0
104	1	3	32	11	1	334.55	0
104	1	3	33	3	1	524.7	0
104	1	3	34	9	1	515.23	0
104	1	3	35	1	1	457.51	0
104	1	3	36	7	1	564.5	0
104	1	3	37	9	1	481.15	0
104	1	3	38	1	1	603.55	0
104	1	3	39	3	1	625.06	0
104	1	3	40	1	1	712.98	0
104	1	3	41	11	1	305.7	0
104	1	3	42	1	1	635.45	0
104	1	3	43	7	0	597.22	0
104	1	3	44	1	1	737.36	0
104	1	3	45	9	0	686.35	0
104	1	3	46	11	0	705.56	0
104	1	3	47	5	1	644.57	0
104	1	3	48	9	1	495.61	0
104	1	3	49	9	1	696.05	0
104	1	3	50	7	0	886.38	0
104	1	3	51	3	1	456.09	0
104	1	3	52	7	1	610.04	0
104	1	3	53	7	1	452.21	0
104	1	3	54	7	1	469.19	0
104	1	3	55	1	1	420.21	0
104	1	3	56	3	1	431.21	0
104	1	3	57	7	1	597.69	0
104	1	3	58	7	1	549.76	0
104	1	3	59	3	1	576.95	0
104	1	3	60	5	1	537.19	0
104	1	3	61	9	1	425.42	0
104	1	3	62	9	1	431.78	0
104	1	3	63	3	1	405.15	0
104	1	3	64	3	1	529.67	0
104	1	3	65	5	1	624.31	0
104	1	3	66	5	1	1305.2	0
104	1	3	67	3	1	435.96	0
104	1	3	68	5	0	551.63	0
104	1	3	69	5	1	668.87	0
104	1	3	70	7	0	717.07	0
104	1	3	71	11	1	499.2	0
104	1	3	72	11	1	492.43	0
104	1	3	73	9	1	549.39	1
104	1	3	74	3	1	366.05	0
104	1	3	75	1	1	562.29	0
104	1	3	76	11	1	477.61	0
104	1	3	77	5	1	720.18	0
104	1	3	78	1	1	1094.6	0
104	1	3	79	3	1	437.73	0
104	1	3	80	5	1	554.8	0
104	1	3	81	9	1	479.59	0
104	1	3	82	1	1	352.4	0
104	1	3	83	5	1	737.52	0
104	1	3	84	3	1	401.76	0
104	1	3	85	5	1	505.17	0
104	1	3	86	11	1	632.34	0
104	1	3	87	3	1	481.47	0
104	1	3	88	11	1	494.15	0
104	1	3	89	11	1	720.97	0
104	1	3	90	7	1	551.72	0
104	1	3	91	5	1	514.09	0
104	1	3	92	1	1	481.15	0
104	1	3	93	1	1	390.8	0
104	1	3	94	3	1	419.49	0
104	1	3	95	11	1	481.48	0
104	1	3	96	11	1	670.32	0
104	1	3	97	9	1	477.25	0
104	1	3	98	9	1	506.54	0
104	1	3	99	9	1	537.75	0
104	1	3	100	11	1	576.97	0
104	1	3	101	5	1	629.34	1
104	1	3	102	7	0	779.33	0
104	1	3	103	1	1	466.48	0
104	1	3	104	1	1	512.41	0
104	1	3	105	11	1	363.72	0
104	1	3	106	11	1	680.07	0
104	1	3	107	3	1	761.4	0
104	1	3	108	5	1	956.78	0
104	1	3	109	9	1	653.48	0
104	1	3	110	7	0	492.42	0
104	1	3	111	3	1	677.62	0
104	1	3	112	9	1	557.92	0
104	1	3	113	7	1	794.98	0
104	1	3	114	9	1	444.52	0
104	1	3	115	11	1	498.84	0
104	1	3	116	5	1	516.03	0
104	1	3	117	7	1	652.81	0
104	1	3	118	1	1	882.93	0
104	1	3	119	3	1	468.52	0
104	1	3	120	5	1	450.24	0
104	2	3	1	12	1	529.46	0
104	2	3	2	2	1	450.38	0
104	2	3	3	12	1	401.54	0
104	2	3	4	10	1	436.25	0
104	2	3	5	4	1	539.24	0
104	2	3	6	2	1	420.71	0
104	2	3	7	8	1	570.8	0
104	2	3	8	12	1	452.02	0
104	2	3	9	4	1	898.5	0
104	2	3	10	8	0	797.32	0
104	2	3	11	12	1	469.49	0
104	2	3	12	8	0	1205	1
104	2	3	13	6	1	524.42	0
104	2	3	14	2	1	406	0
104	2	3	15	2	1	549.27	0
104	2	3	16	12	1	298.42	0
104	2	3	17	2	1	656.02	0
104	2	3	18	2	1	438.7	0
104	2	3	19	12	1	504.53	0
104	2	3	20	10	1	397.53	1
104	2	3	21	10	1	447.25	0
104	2	3	22	6	0	486.88	0
104	2	3	23	8	1	622.93	0
104	2	3	24	4	1	401.1	0
104	2	3	25	10	1	349.9	0
104	2	3	26	4	1	1037.2	0
104	2	3	27	10	1	492.74	0
104	2	3	28	10	1	514.87	0
104	2	3	29	4	1	581.69	0
104	2	3	30	6	1	483.38	0
104	2	3	31	10	0	532.42	0
104	2	3	32	12	1	415.87	0
104	2	3	33	10	0	1276.2	0
104	2	3	34	12	1	466.27	0
104	2	3	35	12	1	370.68	0
104	2	3	36	8	0	546.49	0
104	2	3	37	8	0	644.56	0
104	2	3	38	2	1	436.85	0
104	2	3	39	6	1	736.31	0
104	2	3	40	8	1	663.99	1
104	2	3	41	12	1	891.89	0
104	2	3	42	6	1	430.44	0
104	2	3	43	2	1	504.92	0
104	2	3	44	8	1	478.15	0
104	2	3	45	10	1	589.22	0
104	2	3	46	6	1	792.14	0
104	2	3	47	8	1	567.21	0
104	2	3	48	2	1	397.82	0
104	2	3	49	10	1	380.16	0
104	2	3	50	6	1	513.84	0
104	2	3	51	8	1	423.96	0
104	2	3	52	2	1	605.09	0
104	2	3	53	4	0	381.72	0
104	2	3	54	2	1	394.49	0
104	2	3	55	4	1	612.19	0
104	2	3	56	6	1	702.54	0
104	2	3	57	6	1	371.53	0
104	2	3	58	6	1	414.16	0
104	2	3	59	4	1	734.16	0
104	2	3	60	12	1	424.1	0
104	2	3	61	4	1	457.06	0
104	2	3	62	2	1	571.03	0
104	2	3	63	8	1	329.82	0
104	2	3	64	2	1	306.84	0
104	2	3	65	4	1	536.81	1
104	2	3	66	10	1	562.6	0
104	2	3	67	6	1	519.44	0
104	2	3	68	10	1	422.56	0
104	2	3	69	6	1	502.7	0
104	2	3	70	2	1	362.85	0
104	2	3	71	8	1	1188.2	0
104	2	3	72	2	1	2451.9	0
104	2	3	73	12	1	401.6	0
104	2	3	74	10	1	938.38	0
104	2	3	75	4	1	616.54	0
104	2	3	76	8	1	468.27	0
104	2	3	77	4	1	538.35	0
104	2	3	78	6	1	809.8	0
104	2	3	79	8	0	1476.1	0
104	2	3	80	12	1	483.8	0
104	2	3	81	10	1	787.43	0
104	2	3	82	10	1	471.52	0
104	2	3	83	12	1	496.13	0
104	2	3	84	8	1	634.61	0
104	2	3	85	2	1	460.97	0
104	2	3	86	2	1	561.32	0
104	2	3	87	8	1	396.76	0
104	2	3	88	4	1	478.24	0
104	2	3	89	10	1	603.06	0
104	2	3	90	12	1	567.46	0
104	2	3	91	4	1	545.17	0
104	2	3	92	10	1	490.17	0
104	2	3	93	2	1	318.07	0
104	2	3	94	12	1	433.6	0
104	2	3	95	4	1	462.38	0
104	2	3	96	2	1	646.47	0
104	2	3	97	6	1	529.84	1
104	2	3	98	6	1	477.82	0
104	2	3	99	6	1	735.38	0
104	2	3	100	4	1	425.1	0
104	2	3	101	6	0	617.41	0
104	2	3	102	12	1	492.92	0
104	2	3	103	8	1	706.48	0
104	2	3	104	8	1	467.61	0
104	2	3	105	4	1	577.95	0
104	2	3	106	12	1	389.68	0
104	2	3	107	12	1	505.54	1
104	2	3	108	10	1	419.58	1
104	2	3	109	8	1	428.33	0
104	2	3	110	10	1	412.37	0
104	2	3	111	6	1	481.92	0
104	2	3	112	4	0	627.14	1
104	2	3	113	10	1	701.28	0
104	2	3	114	4	1	534.22	0
104	2	3	115	4	1	598.67	0
104	2	3	116	12	1	415.92	0
104	2	3	117	6	1	809.72	0
104	2	3	118	6	1	744.73	0
104	2	3	119	2	1	368.89	0
104	2	3	120	8	1	476.4	0
104	5	3	1	12	1	666.93	0
104	5	3	2	10	1	778.1	0
104	5	3	3	9	1	372.82	0
104	5	3	4	10	1	729.68	0
104	5	3	5	6	1	597.92	0
104	5	3	6	11	1	549.39	0
104	5	3	7	6	1	465.11	0
104	5	3	8	8	1	518.41	0
104	5	3	9	4	1	381.93	0
104	5	3	10	12	1	581.41	0
104	5	3	11	2	1	429.76	0
104	5	3	12	6	0	669.55	0
104	5	3	13	11	1	362.02	0
104	5	3	14	6	1	573.41	0
104	5	3	15	7	1	582.62	0
104	5	3	16	10	1	638.12	0
104	5	3	17	4	1	467.49	0
104	5	3	18	7	1	712.96	0
104	5	3	19	1	1	647.21	0
104	5	3	20	12	1	333.78	0
104	5	3	21	11	1	677.26	0
104	5	3	22	5	0	582.89	0
104	5	3	23	7	1	496.31	0
104	5	3	24	3	1	516.12	0
104	5	3	25	1	1	498.24	0
104	5	3	26	4	1	638.46	0
104	5	3	27	3	1	663.05	0
104	5	3	28	12	1	640.93	0
104	5	3	29	8	0	677.24	0
104	5	3	30	2	1	471.07	0
104	5	3	31	11	1	430.66	0
104	5	3	32	1	1	642.56	0
104	5	3	33	5	1	585.23	0
104	5	3	34	7	1	576.69	0
104	5	3	35	6	1	718.19	0
104	5	3	36	4	1	621.69	0
104	5	3	37	9	1	385.83	1
104	5	3	38	2	1	401.93	0
104	5	3	39	11	1	384.98	0
104	5	3	40	1	1	451.3	0
104	5	3	41	4	1	681.85	0
104	5	3	42	11	1	343.23	0
104	5	3	43	12	1	605.85	0
104	5	3	44	5	0	624.89	0
104	5	3	45	6	0	680.63	0
104	5	3	46	12	1	442.54	0
104	5	3	47	8	1	475.41	0
104	5	3	48	5	1	468.49	0
104	5	3	49	8	0	508.59	0
104	5	3	50	8	1	549.01	0
104	5	3	51	9	1	731.73	0
104	5	3	52	3	1	702.96	0
104	5	3	53	10	1	446.1	0
104	5	3	54	9	1	534.04	0
104	5	3	55	8	1	514.64	0
104	5	3	56	12	1	420.78	0
104	5	3	57	7	0	864.22	0
104	5	3	58	4	1	371.48	0
104	5	3	59	3	1	618.08	0
104	5	3	60	10	1	503.51	0
104	5	3	61	10	1	829.78	0
104	5	3	62	5	1	461.31	0
104	5	3	63	11	1	399.08	0
104	5	3	64	6	1	659.27	0
104	5	3	65	9	1	652.13	0
104	5	3	66	10	1	696.1	0
104	5	3	67	8	0	483.46	0
104	5	3	68	2	1	569.78	0
104	5	3	69	4	1	542.35	0
104	5	3	70	12	1	388.82	0
104	5	3	71	8	0	415.97	0
104	5	3	72	8	1	483.84	0
104	5	3	73	7	0	1344.9	0
104	5	3	74	9	1	480.16	0
104	5	3	75	11	1	429.25	0
104	5	3	76	5	0	1209.8	0
104	5	3	77	6	0	653.55	0
104	5	3	78	9	1	378.92	0
104	5	3	79	10	1	485.4	0
104	5	3	80	9	1	541.21	0
104	5	3	81	7	1	1187.8	0
104	5	3	82	3	1	533.4	0
104	5	3	83	5	1	486.71	0
104	5	3	84	1	1	610.39	0
104	5	3	85	9	1	345.54	0
104	5	3	86	2	1	685.63	0
104	5	3	87	1	1	1078.1	0
104	5	3	88	5	0	547.41	1
104	5	3	89	1	1	509.64	0
104	5	3	90	2	1	520.03	0
104	5	3	91	10	1	668.87	0
104	5	3	92	11	1	406.59	0
104	5	3	93	1	1	425.29	0
104	5	3	94	3	0	856.52	0
104	5	3	95	10	1	450.69	0
104	5	3	96	2	1	643.17	0
104	5	3	97	3	1	672.52	0
104	5	3	98	4	1	544	0
104	5	3	99	7	0	545.14	0
104	5	3	100	8	0	788.6	0
104	5	3	101	1	1	339.63	0
104	5	3	102	4	1	480.23	0
104	5	3	103	11	1	467.32	0
104	5	3	104	3	1	814.19	0
104	5	3	105	12	1	442.84	0
104	5	3	106	5	1	765.34	0
104	5	3	107	1	1	554.5	0
104	5	3	108	4	0	674.41	0
104	5	3	109	9	1	454.38	0
104	5	3	110	2	1	369.88	0
104	5	3	111	7	1	777.17	0
104	5	3	112	2	1	658.97	0
104	5	3	113	6	1	533.67	0
104	5	3	114	7	1	467.72	0
104	5	3	115	12	1	403.18	0
104	5	3	116	2	1	441.69	0
104	5	3	117	6	0	641.7	0
104	5	3	118	5	0	380.67	0
104	5	3	119	3	1	537.19	0
104	5	3	120	3	1	447.75	0
104	5	3	1	6	0	664.16	0
104	5	3	2	11	1	397.15	0
104	5	3	3	10	1	521.69	0
104	5	3	4	12	1	392.7	0
104	5	3	5	6	1	478.24	0
104	5	3	6	6	1	622.64	0
104	5	3	7	3	1	541.44	0
104	5	3	8	4	1	642.98	0
104	5	3	9	10	1	456.51	0
104	5	3	10	4	1	635.66	0
104	5	3	11	2	0	851.94	0
104	5	3	12	12	1	522.56	1
104	5	3	13	5	1	473.15	0
104	5	3	14	10	1	365.65	0
104	5	3	15	12	1	529.27	0
104	5	3	16	7	1	405.97	0
104	5	3	17	10	0	961.63	0
104	5	3	18	8	1	495.39	0
104	5	3	19	5	1	578.8	0
104	5	3	20	11	1	425.72	0
104	5	3	21	11	1	624.34	0
104	5	3	22	2	1	338.73	0
104	5	3	23	5	0	506.66	0
104	5	3	24	10	1	499.5	0
104	5	3	25	1	1	587.82	0
104	5	3	26	1	1	419.01	0
104	5	3	27	5	0	685.6	0
104	5	3	28	11	1	489.69	0
104	5	3	29	10	1	502.05	0
104	5	3	30	9	1	651.64	0
104	5	3	31	3	1	457.55	0
104	5	3	32	7	1	1082.2	0
104	5	3	33	10	1	481.22	0
104	5	3	34	3	1	470.34	0
104	5	3	35	7	1	444.9	0
104	5	3	36	8	1	533.68	0
104	5	3	37	8	1	888.4	0
104	5	3	38	2	1	439.06	0
104	5	3	39	7	1	596.01	0
104	5	3	40	2	1	437.91	0
104	5	3	41	4	1	481.6	0
104	5	3	42	1	1	731.83	1
104	5	3	43	5	0	650.88	0
104	5	3	44	2	1	868.74	0
104	5	3	45	3	0	627.2	0
104	5	3	46	9	1	503.37	0
104	5	3	47	8	1	1509.3	0
104	5	3	48	5	1	601.09	0
104	5	3	49	1	1	604.26	0
104	5	3	50	12	1	465.97	0
104	5	3	51	10	1	525.42	0
104	5	3	52	11	1	600.73	0
104	5	3	53	12	1	1192.6	0
104	5	3	54	8	0	757.97	0
104	5	3	55	3	0	682.07	0
104	5	3	56	6	0	537.78	0
104	5	3	57	3	1	667.08	0
104	5	3	58	3	1	534.1	0
104	5	3	59	2	1	414.84	0
104	5	3	60	12	1	541.62	0
104	5	3	61	5	1	441.03	0
104	5	3	62	9	1	739.6	0
104	5	3	63	7	0	758.09	0
104	5	3	64	4	1	456.33	0
104	5	3	65	6	0	862.54	0
104	5	3	66	10	1	486.9	0
104	5	3	67	7	0	639.4	0
104	5	3	68	6	1	448.52	0
104	5	3	69	9	1	453.39	0
104	5	3	70	11	1	328.82	0
104	5	3	71	12	0	777.45	1
104	5	3	72	11	1	630.2	0
104	5	3	73	6	0	816.25	0
104	5	3	74	9	1	389.71	0
104	5	3	75	7	1	941.87	1
104	5	3	76	6	1	607.87	0
104	5	3	77	6	0	1162.3	0
104	5	3	78	6	1	451.53	0
104	5	3	79	4	1	504.59	0
104	5	3	80	9	1	493.41	0
104	5	3	81	8	1	558.18	0
104	5	3	82	2	1	458.72	0
104	5	3	83	5	1	658.39	0
104	5	3	84	4	0	654.39	0
104	5	3	85	3	1	375.06	1
104	5	3	86	1	0	952.24	0
104	5	3	87	1	1	626.39	0
104	5	3	88	1	0	1082.6	0
104	5	3	89	1	1	474.2	0
104	5	3	90	10	1	523.9	0
104	5	3	91	1	1	450.73	0
104	5	3	92	12	1	710	0
104	5	3	93	2	1	483.71	0
104	5	3	94	7	1	571.02	0
104	5	3	95	3	1	709.24	0
104	5	3	96	5	1	612.93	0
104	5	3	97	11	1	455.44	0
104	5	3	98	4	0	649.59	0
104	5	3	99	7	1	517.67	0
104	5	3	100	8	1	455.55	0
104	5	3	101	12	1	466.33	0
104	5	3	102	1	1	937.93	0
104	5	3	103	11	1	568.69	0
104	5	3	104	12	1	657.36	0
104	5	3	105	4	1	458.47	0
104	5	3	106	3	1	490.44	0
104	5	3	107	9	1	466.79	0
104	5	3	108	2	1	418.66	0
104	5	3	109	9	1	599.2	0
104	5	3	110	4	1	480.14	0
104	5	3	111	5	1	597.05	0
104	5	3	112	8	1	524.34	0
104	5	3	113	7	1	640.97	0
104	5	3	114	9	1	450.92	0
104	5	3	115	8	1	563.19	0
104	5	3	116	8	0	539.04	0
104	5	3	117	9	1	614.21	0
104	5	3	118	11	1	615.69	0
104	5	3	119	4	1	743.74	0
104	5	3	120	2	1	496.08	0
104	1	4	1	3	1	423.23	0
104	1	4	2	5	1	484.29	0
104	1	4	3	1	1	422.71	0
104	1	4	4	1	1	458.82	0
104	1	4	5	1	1	547.56	0
104	1	4	6	11	1	621.03	0
104	1	4	7	5	1	451.84	0
104	1	4	8	1	1	466.5	0
104	1	4	9	9	1	764.82	0
104	1	4	10	7	1	1441.9	0
104	1	4	11	11	1	441.19	0
104	1	4	12	5	1	591.72	0
104	1	4	13	11	1	494.02	0
104	1	4	14	9	1	505.97	0
104	1	4	15	1	1	637.31	0
104	1	4	16	1	1	448.86	0
104	1	4	17	11	1	412.05	0
104	1	4	18	11	1	476.02	0
104	1	4	19	1	1	497.26	0
104	1	4	20	9	1	331.89	0
104	1	4	21	5	1	598.4	0
104	1	4	22	7	1	542.64	0
104	1	4	23	7	1	607.78	0
104	1	4	24	5	1	433.62	0
104	1	4	25	3	1	588.18	0
104	1	4	26	11	1	549.21	0
104	1	4	27	1	1	312.98	0
104	1	4	28	5	1	810.03	0
104	1	4	29	5	1	512.1	0
104	1	4	30	9	1	558.15	0
104	1	4	31	5	1	665.17	0
104	1	4	32	3	1	456.32	0
104	1	4	33	7	1	669.92	0
104	1	4	34	5	1	571.79	0
104	1	4	35	3	1	536.6	0
104	1	4	36	9	1	618.25	0
104	1	4	37	1	1	563.58	0
104	1	4	38	3	1	514.27	0
104	1	4	39	7	1	431.4	0
104	1	4	40	7	1	504.29	0
104	1	4	41	9	1	737.68	0
104	1	4	42	11	1	448.22	0
104	1	4	43	11	1	437.23	0
104	1	4	44	1	1	410.27	0
104	1	4	45	11	1	475.59	0
104	1	4	46	9	1	488.37	0
104	1	4	47	1	1	433.15	0
104	1	4	48	9	1	519.98	0
104	1	4	49	3	1	399.7	0
104	1	4	50	7	1	1049.1	0
104	1	4	51	7	1	604.72	0
104	1	4	52	9	0	785.03	0
104	1	4	53	7	1	638.94	0
104	1	4	54	5	1	573.04	0
104	1	4	55	7	0	524.37	0
104	1	4	56	11	1	356.93	0
104	1	4	57	1	1	539.79	0
104	1	4	58	1	1	624.11	0
104	1	4	59	1	1	477.01	0
104	1	4	60	7	1	620.75	0
104	1	4	61	9	1	724.31	0
104	1	4	62	7	1	751.09	0
104	1	4	63	11	1	659.49	0
104	1	4	64	5	1	372.01	0
104	1	4	65	3	1	451.56	0
104	1	4	66	11	1	750.42	0
104	1	4	67	7	1	939.97	0
104	1	4	68	9	1	515.63	0
104	1	4	69	3	1	529.77	0
104	1	4	70	5	1	483.12	0
104	1	4	71	11	1	452.25	0
104	1	4	72	11	1	459.73	0
104	1	4	73	9	1	577.59	0
104	1	4	74	7	1	501.56	0
104	1	4	75	11	1	906.22	0
104	1	4	76	9	1	717.33	0
104	1	4	77	1	1	621.82	0
104	1	4	78	5	1	434.37	0
104	1	4	79	3	1	567.78	0
104	1	4	80	3	1	365.16	0
104	1	4	81	3	1	544.67	0
104	1	4	82	5	1	1008.1	0
104	1	4	83	7	1	569.66	0
104	1	4	84	11	1	594.29	0
104	1	4	85	3	1	706.4	0
104	1	4	86	7	1	502.14	0
104	1	4	87	5	1	536.57	0
104	1	4	88	9	1	455.19	0
104	1	4	89	7	0	690.45	0
104	1	4	90	11	1	806.32	0
104	1	4	91	7	0	822.64	0
104	1	4	92	3	1	343.96	0
104	1	4	93	5	1	976.8	0
104	1	4	94	9	1	432.08	0
104	1	4	95	3	1	432.57	0
104	1	4	96	7	1	486.69	0
104	1	4	97	1	1	426.03	0
104	1	4	98	9	1	590.9	0
104	1	4	99	3	1	387.2	0
104	1	4	100	3	1	449.52	0
104	1	4	101	11	1	664.92	0
104	1	4	102	5	1	515.54	0
104	1	4	103	5	1	518.21	0
104	1	4	104	1	1	653.16	0
104	1	4	105	7	1	852.49	0
104	1	4	106	9	1	643.04	0
104	1	4	107	11	1	456.08	0
104	1	4	108	9	1	573.35	0
104	1	4	109	5	0	470.54	0
104	1	4	110	1	1	519.88	0
104	1	4	111	3	1	362.32	0
104	1	4	112	1	1	352.66	0
104	1	4	113	9	1	527.85	0
104	1	4	114	3	1	433.61	0
104	1	4	115	1	1	515.79	0
104	1	4	116	9	1	556.36	0
104	1	4	117	5	1	879.1	1
104	1	4	118	11	1	334.41	0
104	1	4	119	3	1	612.57	0
104	1	4	120	3	1	765.77	0
104	2	4	1	4	1	595.77	0
104	2	4	2	6	1	687.76	0
104	2	4	3	8	0	939.94	0
104	2	4	4	12	1	460.68	0
104	2	4	5	4	1	448.17	0
104	2	4	6	2	1	792.14	0
104	2	4	7	12	1	440.23	0
104	2	4	8	12	1	1013.7	0
104	2	4	9	2	1	446.28	0
104	2	4	10	2	1	431.41	0
104	2	4	11	2	1	378.55	0
104	2	4	12	8	1	446.86	0
104	2	4	13	2	1	678.57	0
104	2	4	14	2	1	385.65	0
104	2	4	15	4	1	444.44	0
104	2	4	16	6	1	584.76	0
104	2	4	17	8	1	921.55	0
104	2	4	18	4	1	443.29	0
104	2	4	19	4	1	618.69	0
104	2	4	20	12	1	463.25	0
104	2	4	21	2	1	605.81	0
104	2	4	22	8	1	566.16	0
104	2	4	23	12	1	381.59	0
104	2	4	24	4	1	541.08	0
104	2	4	25	12	1	459.68	0
104	2	4	26	10	1	515.89	0
104	2	4	27	10	1	384.41	0
104	2	4	28	4	1	380.81	0
104	2	4	29	10	1	404.98	1
104	2	4	30	4	1	533.05	0
104	2	4	31	8	1	679.87	0
104	2	4	32	8	1	421.13	0
104	2	4	33	2	1	319.67	0
104	2	4	34	6	1	769.12	0
104	2	4	35	10	1	514.89	0
104	2	4	36	10	1	498.64	0
104	2	4	37	2	1	490.54	0
104	2	4	38	12	1	412.24	0
104	2	4	39	2	1	692.33	0
104	2	4	40	4	1	715.87	0
104	2	4	41	8	1	404.89	0
104	2	4	42	2	1	340.18	0
104	2	4	43	10	1	348.68	0
104	2	4	44	6	1	502.1	0
104	2	4	45	10	1	500.09	0
104	2	4	46	2	1	436.89	0
104	2	4	47	8	1	752.12	0
104	2	4	48	12	1	458.18	0
104	2	4	49	6	1	974.75	0
104	2	4	50	4	1	923.7	0
104	2	4	51	4	1	416.63	0
104	2	4	52	12	1	436.34	0
104	2	4	53	12	1	494.51	0
104	2	4	54	12	1	456.52	0
104	2	4	55	8	0	862.79	0
104	2	4	56	10	1	554.48	0
104	2	4	57	10	1	434.95	0
104	2	4	58	12	1	439.15	0
104	2	4	59	4	1	475.39	0
104	2	4	60	4	1	384.02	0
104	2	4	61	8	1	425.41	0
104	2	4	62	4	1	469.59	0
104	2	4	63	8	1	725.38	0
104	2	4	64	4	1	338.77	0
104	2	4	65	10	1	457.83	0
104	2	4	66	6	1	436.03	0
104	2	4	67	8	0	1318.2	0
104	2	4	68	2	1	456.59	0
104	2	4	69	10	1	508.46	0
104	2	4	70	4	1	373.92	0
104	2	4	71	8	1	468.82	0
104	2	4	72	6	1	419.7	0
104	2	4	73	6	1	545.47	0
104	2	4	74	10	1	487.85	0
104	2	4	75	10	1	597.82	0
104	2	4	76	12	1	872.06	0
104	2	4	77	10	1	1213	0
104	2	4	78	2	1	335.81	0
104	2	4	79	10	1	467.3	0
104	2	4	80	6	1	512.87	0
104	2	4	81	6	1	1230.7	0
104	2	4	82	6	1	767.65	0
104	2	4	83	2	1	552.29	0
104	2	4	84	8	1	660.31	0
104	2	4	85	4	1	600.63	0
104	2	4	86	12	1	490.24	0
104	2	4	87	8	1	467.85	0
104	2	4	88	6	0	436.88	0
104	2	4	89	6	1	669.14	0
104	2	4	90	8	0	577.72	0
104	2	4	91	8	1	554.48	0
104	2	4	92	12	1	499.65	0
104	2	4	93	10	1	424.29	0
104	2	4	94	6	1	461.52	0
104	2	4	95	4	1	530.28	0
104	2	4	96	6	1	449.04	0
104	2	4	97	10	1	471.71	0
104	2	4	98	10	1	424.18	0
104	2	4	99	2	1	679.25	0
104	2	4	100	12	1	378.18	0
104	2	4	101	2	1	484.09	0
104	2	4	102	8	1	466.56	0
104	2	4	103	2	1	393.82	0
104	2	4	104	2	1	371.81	0
104	2	4	105	6	1	704.55	0
104	2	4	106	8	0	884.23	0
104	2	4	107	4	1	451	0
104	2	4	108	12	1	372.44	0
104	2	4	109	10	1	508.23	0
104	2	4	110	6	0	720.63	0
104	2	4	111	6	1	540.5	0
104	2	4	112	12	1	383.37	0
104	2	4	113	6	1	444.84	0
104	2	4	114	12	1	452.95	0
104	2	4	115	12	1	451.57	0
104	2	4	116	2	1	486.53	0
104	2	4	117	6	1	871.42	0
104	2	4	118	10	1	462.14	0
104	2	4	119	8	1	704.29	0
104	2	4	120	4	1	531.35	0
104	5	4	1	9	1	397.79	0
104	5	4	2	8	0	572.87	0
104	5	4	3	11	1	629.45	0
104	5	4	4	9	0	1085.7	0
104	5	4	5	5	0	790.05	0
104	5	4	6	11	1	398.09	0
104	5	4	7	5	1	621.71	0
104	5	4	8	3	1	471.99	0
104	5	4	9	6	1	620.46	0
104	5	4	10	11	1	357.4	0
104	5	4	11	10	0	735.2	0
104	5	4	12	5	1	638.34	0
104	5	4	13	12	1	524.22	0
104	5	4	14	11	1	614.98	0
104	5	4	15	10	1	517.92	0
104	5	4	16	7	1	685.19	0
104	5	4	17	5	1	458.94	0
104	5	4	18	9	1	331.55	0
104	5	4	19	6	1	539.27	0
104	5	4	20	3	1	1152.9	0
104	5	4	21	7	1	470.62	0
104	5	4	22	9	1	754.89	0
104	5	4	23	3	1	578.05	0
104	5	4	24	6	1	592.92	0
104	5	4	25	12	1	373.24	0
104	5	4	26	10	1	744.56	0
104	5	4	27	4	1	955.65	0
104	5	4	28	4	1	825.74	0
104	5	4	29	8	1	631.12	0
104	5	4	30	7	1	638.25	0
104	5	4	31	10	1	931.33	0
104	5	4	32	7	1	907.79	0
104	5	4	33	10	1	549.6	0
104	5	4	34	3	1	468.46	0
104	5	4	35	1	1	637.64	0
104	5	4	36	4	1	608.83	0
104	5	4	37	6	1	508.26	0
104	5	4	38	1	1	665.19	0
104	5	4	39	9	1	349.5	0
104	5	4	40	3	1	744.22	0
104	5	4	41	8	1	467.63	0
104	5	4	42	8	1	596.15	0
104	5	4	43	4	1	529.22	0
104	5	4	44	2	1	513.76	0
104	5	4	45	9	1	462.16	0
104	5	4	46	11	0	842.93	0
104	5	4	47	8	1	643.08	0
104	5	4	48	3	1	1001.7	0
104	5	4	49	9	1	455.87	0
104	5	4	50	3	1	325.99	0
104	5	4	51	4	1	531.59	0
104	5	4	52	9	1	612.74	0
104	5	4	53	3	1	440.93	0
104	5	4	54	6	1	534.17	0
104	5	4	55	12	1	464.71	0
104	5	4	56	12	1	377.2	0
104	5	4	57	10	1	693.06	0
104	5	4	58	4	1	406.13	0
104	5	4	59	2	0	570.07	0
104	5	4	60	2	1	424.93	0
104	5	4	61	1	1	568.96	0
104	5	4	62	12	1	559.93	0
104	5	4	63	1	1	347.83	0
104	5	4	64	12	1	378.12	0
104	5	4	65	5	1	377.24	0
104	5	4	66	2	0	488.85	0
104	5	4	67	8	1	566.48	1
104	5	4	68	10	0	808.07	0
104	5	4	69	9	1	642.73	0
104	5	4	70	6	0	724.58	0
104	5	4	71	5	1	550.42	0
104	5	4	72	11	1	821.16	0
104	5	4	73	1	1	382.55	0
104	5	4	74	10	0	900.41	0
104	5	4	75	8	0	1000.1	0
104	5	4	76	1	1	734.06	0
104	5	4	77	5	0	369.74	0
104	5	4	78	7	1	531.02	0
104	5	4	79	7	1	581.28	0
104	5	4	80	7	1	637.11	0
104	5	4	81	1	1	572.92	0
104	5	4	82	6	1	951.29	0
104	5	4	83	3	0	953.6	0
104	5	4	84	7	1	646.77	0
104	5	4	85	1	1	499.44	0
104	5	4	86	8	0	686.69	0
104	5	4	87	1	1	569.4	0
104	5	4	88	11	1	468.74	0
104	5	4	89	10	1	536.03	0
104	5	4	90	4	1	467.46	1
104	5	4	91	5	0	658.23	0
104	5	4	92	8	1	797.54	0
104	5	4	93	3	1	447.99	0
104	5	4	94	6	0	492.94	0
104	5	4	95	5	0	706.65	0
104	5	4	96	10	1	540.52	0
104	5	4	97	2	1	474.34	0
104	5	4	98	12	1	474.43	0
104	5	4	99	6	1	679.17	0
104	5	4	100	12	1	433.12	0
104	5	4	101	9	1	508.33	0
104	5	4	102	11	1	403.99	0
104	5	4	103	7	1	532.24	0
104	5	4	104	4	0	891.84	0
104	5	4	105	5	1	475.72	0
104	5	4	106	2	1	686.88	0
104	5	4	107	2	1	1486.6	0
104	5	4	108	1	1	437.3	0
104	5	4	109	12	1	520.46	0
104	5	4	110	2	1	505.37	0
104	5	4	111	8	1	494.33	0
104	5	4	112	11	1	841.53	0
104	5	4	113	2	1	388.56	0
104	5	4	114	6	0	567.82	1
104	5	4	115	2	1	407.51	0
104	5	4	116	7	1	606.81	0
104	5	4	117	4	1	522.32	0
104	5	4	118	12	1	418.26	0
104	5	4	119	4	1	968.56	0
104	5	4	120	11	1	449.25	0
104	5	4	1	4	1	471.51	0
104	5	4	2	7	1	720.59	0
104	5	4	3	2	1	327.27	0
104	5	4	4	5	1	834.12	0
104	5	4	5	12	1	647.3	0
104	5	4	6	3	1	554.11	0
104	5	4	7	11	1	590.83	0
104	5	4	8	1	1	331.49	0
104	5	4	9	10	1	541.32	0
104	5	4	10	8	1	609.43	0
104	5	4	11	9	1	421.96	0
104	5	4	12	3	1	784.32	0
104	5	4	13	9	1	457.24	0
104	5	4	14	8	1	411.87	0
104	5	4	15	1	1	360.08	0
104	5	4	16	6	1	613.76	1
104	5	4	17	4	1	588.6	0
104	5	4	18	2	1	958.06	0
104	5	4	19	10	1	550.55	0
104	5	4	20	6	1	649.59	0
104	5	4	21	12	1	675.94	0
104	5	4	22	9	1	464.62	0
104	5	4	23	11	1	486.27	0
104	5	4	24	8	1	1167.4	0
104	5	4	25	7	0	1764.1	0
104	5	4	26	12	1	531.07	0
104	5	4	27	8	1	667.6	0
104	5	4	28	7	1	798.08	0
104	5	4	29	3	1	494.41	0
104	5	4	30	4	1	579.8	0
104	5	4	31	10	1	637.67	0
104	5	4	32	2	1	416.45	0
104	5	4	33	8	1	513.46	0
104	5	4	34	12	1	730.88	0
104	5	4	35	10	1	446.7	0
104	5	4	36	6	1	624.06	0
104	5	4	37	5	1	870.52	0
104	5	4	38	1	1	481.06	0
104	5	4	39	3	1	578.57	0
104	5	4	40	1	1	754.61	0
104	5	4	41	12	1	520.57	0
104	5	4	42	1	1	519.04	0
104	5	4	43	5	0	804.19	0
104	5	4	44	1	0	729.66	0
104	5	4	45	6	1	689.42	0
104	5	4	46	12	1	655.22	0
104	5	4	47	10	1	643.9	0
104	5	4	48	5	1	649.95	0
104	5	4	49	4	1	444.24	0
104	5	4	50	4	1	629.66	0
104	5	4	51	5	0	666.21	0
104	5	4	52	1	1	1412.6	0
104	5	4	53	6	0	658.42	0
104	5	4	54	5	0	552.42	0
104	5	4	55	10	1	790.96	0
104	5	4	56	11	1	536.17	0
104	5	4	57	12	1	659.75	0
104	5	4	58	10	1	555.95	0
104	5	4	59	11	1	514.74	0
104	5	4	60	2	1	446	0
104	5	4	61	7	1	513.11	0
104	5	4	62	8	1	758.21	0
104	5	4	63	9	1	431.96	0
104	5	4	64	12	1	692.21	0
104	5	4	65	12	1	481.18	0
104	5	4	66	8	0	611.87	0
104	5	4	67	10	1	389.92	0
104	5	4	68	6	1	446	0
104	5	4	69	2	1	483.75	0
104	5	4	70	9	1	368.06	0
104	5	4	71	9	1	530.82	0
104	5	4	72	7	0	708.97	1
104	5	4	73	2	1	560.94	0
104	5	4	74	9	1	433.38	0
104	5	4	75	9	1	672.65	0
104	5	4	76	7	1	420.65	0
104	5	4	77	4	1	559.54	0
104	5	4	78	10	1	403.89	0
104	5	4	79	2	0	953.43	0
104	5	4	80	7	1	478.19	0
104	5	4	81	11	1	440.21	0
104	5	4	82	11	1	468.29	0
104	5	4	83	6	0	606.58	0
104	5	4	84	11	1	750.58	0
104	5	4	85	10	1	788.23	0
104	5	4	86	11	1	530.03	0
104	5	4	87	3	1	820.74	0
104	5	4	88	3	1	757.17	0
104	5	4	89	8	1	501.1	0
104	5	4	90	8	1	527.24	0
104	5	4	91	2	1	873.89	0
104	5	4	92	7	1	540.25	0
104	5	4	93	4	1	632.47	0
104	5	4	94	9	1	442.03	0
104	5	4	95	1	1	531.5	0
104	5	4	96	6	1	628.11	0
104	5	4	97	2	1	415.1	0
104	5	4	98	7	1	405.08	0
104	5	4	99	4	1	578.28	0
104	5	4	100	6	1	535.35	0
104	5	4	101	5	0	440.78	0
104	5	4	102	3	1	519.14	0
104	5	4	103	3	1	501.57	0
104	5	4	104	1	1	566.86	0
104	5	4	105	5	0	878.64	0
104	5	4	106	11	1	828.58	0
104	5	4	107	12	1	523.23	0
104	5	4	108	5	0	926.96	0
104	5	4	109	4	1	482.24	0
104	5	4	110	11	1	427.75	0
104	5	4	111	8	1	1437.1	0
104	5	4	112	3	0	630.59	0
104	5	4	113	3	1	764.96	0
104	5	4	114	7	1	1059.3	0
104	5	4	115	4	1	484.74	0
104	5	4	116	2	1	467.14	0
104	5	4	117	5	0	414.22	0
104	5	4	118	1	1	569.09	0
104	5	4	119	6	0	754.23	0
104	5	4	120	9	1	527.61	0
104	4	4	1	11	1	525.91	0
104	4	4	2	2	1	455.96	0
104	4	4	3	4	0	419.97	0
104	4	4	4	4	1	574.36	0
104	4	4	5	9	1	505.12	0
104	4	4	6	11	1	307.44	0
104	4	4	7	2	1	380.66	0
104	4	4	8	11	1	532.93	0
104	4	4	9	7	1	371.5	0
104	4	4	10	2	1	388.47	0
104	4	4	11	4	1	442.11	0
104	4	4	12	11	1	442.19	0
104	4	4	13	4	1	567.62	0
104	4	4	14	7	1	680.08	0
104	4	4	15	11	1	462.92	0
104	4	4	16	6	1	651.68	0
104	4	4	17	4	0	564.1	0
104	4	4	18	4	1	510.83	1
104	4	4	19	2	1	513.51	0
104	4	4	20	9	1	418.54	0
104	4	4	21	11	1	837.04	0
104	4	4	22	4	1	516.08	0
104	4	4	23	11	1	468.92	0
104	4	4	24	11	1	536.9	0
104	4	4	25	2	1	362.14	0
104	4	4	26	7	1	478.18	0
104	4	4	27	4	1	456.87	0
104	4	4	28	7	1	384.43	0
104	4	4	29	6	1	533.34	0
104	4	4	30	4	1	922.95	0
104	4	4	31	11	1	425.7	0
104	4	4	32	7	1	468.06	0
104	4	4	33	7	1	524.81	0
104	4	4	34	11	1	1206.7	0
104	4	4	35	2	1	370.22	0
104	4	4	36	4	0	569.45	0
104	4	4	37	2	1	482.38	0
104	4	4	38	2	1	496.32	0
104	4	4	39	9	1	507.28	0
104	4	4	40	6	0	683.63	1
104	4	4	41	11	1	565.18	0
104	4	4	42	7	0	2266.5	0
104	4	4	43	7	1	490.52	0
104	4	4	44	7	1	620.31	0
104	4	4	45	9	1	399.63	0
104	4	4	46	2	1	545.76	0
104	4	4	47	11	1	400	0
104	4	4	48	7	1	619.9	0
104	4	4	49	2	1	526.22	0
104	4	4	50	9	1	580.31	0
104	4	4	51	9	1	308.73	0
104	4	4	52	6	1	389.21	0
104	4	4	53	6	1	843.69	0
104	4	4	54	9	1	360.38	0
104	4	4	55	2	1	509.15	0
104	4	4	56	9	1	435.31	0
104	4	4	57	2	1	472.35	0
104	4	4	58	2	1	414.05	0
104	4	4	59	4	1	819.47	0
104	4	4	60	11	1	386.75	1
104	4	4	61	9	1	432.59	0
104	4	4	62	2	1	434.77	0
104	4	4	63	2	1	507.28	0
104	4	4	64	6	0	548.7	0
104	4	4	65	2	1	572.19	0
104	4	4	66	9	1	453.04	0
104	4	4	67	7	1	752.28	0
104	4	4	68	7	1	965.61	0
104	4	4	69	9	1	708.36	1
104	4	4	70	11	1	351.7	0
104	4	4	71	9	1	548.22	0
104	4	4	72	4	1	438.43	0
104	4	4	73	4	1	530.53	0
104	4	4	74	11	1	618.39	0
104	4	4	75	6	1	735.39	0
104	4	4	76	6	1	1521.6	0
104	4	4	77	7	1	500.82	0
104	4	4	78	4	1	500.7	0
104	4	4	79	4	1	346.3	0
104	4	4	80	6	1	553.95	0
104	4	4	81	9	1	426.99	0
104	4	4	82	6	1	700.2	0
104	4	4	83	7	1	958.4	0
104	4	4	84	4	1	636.51	0
104	4	4	85	2	1	1245.1	0
104	4	4	86	7	1	476.24	0
104	4	4	87	4	0	823.04	0
104	4	4	88	6	0	504.18	0
104	4	4	89	11	1	412.94	0
104	4	4	90	6	1	577.62	0
104	4	4	91	9	1	394.28	0
104	4	4	92	9	1	498.52	0
104	4	4	93	7	1	669.15	0
104	4	4	94	6	1	612.34	0
104	4	4	95	4	0	444.75	0
104	4	4	96	4	1	579.69	0
104	4	4	97	2	1	490.4	0
104	4	4	98	2	1	415.57	0
104	4	4	99	11	1	357.57	0
104	4	4	100	6	1	650.26	0
104	4	4	101	6	1	750.12	1
104	4	4	102	11	1	359.8	0
104	4	4	103	7	1	864.43	0
104	4	4	104	9	1	482.01	0
104	4	4	105	11	1	420.81	0
104	4	4	106	4	1	396.79	0
104	4	4	107	9	1	473.87	0
104	4	4	108	9	1	620.8	0
104	4	4	109	7	1	595.43	0
104	4	4	110	7	1	484.14	0
104	4	4	111	9	1	423.68	0
104	4	4	112	6	1	705.32	0
104	4	4	113	11	1	400.43	0
104	4	4	114	6	1	422.12	0
104	4	4	115	6	1	696.68	0
104	4	4	116	2	1	519.45	0
104	4	4	117	6	1	768.81	0
104	4	4	118	6	0	499.02	0
104	4	4	119	7	1	606.47	0
104	4	4	120	9	1	481.13	0
104	3	4	1	10	1	612.23	0
104	3	4	2	5	1	483.45	0
104	3	4	3	10	1	382.42	0
104	3	4	4	3	1	401.07	0
104	3	4	5	1	1	358.75	0
104	3	4	6	1	1	425.8	0
104	3	4	7	10	1	438.44	0
104	3	4	8	10	1	507.72	0
104	3	4	9	3	1	478.11	0
104	3	4	10	12	1	1041	0
104	3	4	11	5	1	386.14	0
104	3	4	12	12	1	819.95	0
104	3	4	13	1	1	493.96	0
104	3	4	14	10	1	347.95	0
104	3	4	15	3	1	511.5	0
104	3	4	16	10	1	392.44	0
104	3	4	17	1	1	446.29	0
104	3	4	18	5	1	556.04	0
104	3	4	19	12	1	408.4	0
104	3	4	20	1	1	421.77	0
104	3	4	21	1	1	461.72	0
104	3	4	22	5	1	578.54	1
104	3	4	23	5	1	335.4	0
104	3	4	24	1	1	502.39	0
104	3	4	25	12	1	782.22	0
104	3	4	26	3	1	515.4	0
104	3	4	27	3	1	382.21	0
104	3	4	28	5	1	821.32	0
104	3	4	29	12	1	382.49	0
104	3	4	30	5	1	498.24	0
104	3	4	31	8	1	751.32	0
104	3	4	32	10	1	960.33	0
104	3	4	33	3	1	457.1	0
104	3	4	34	5	0	1442.8	0
104	3	4	35	5	1	635.95	0
104	3	4	36	3	1	728.15	0
104	3	4	37	12	1	501.84	0
104	3	4	38	12	1	432.38	0
104	3	4	39	1	1	429.73	0
104	3	4	40	10	1	379.03	0
104	3	4	41	10	1	517.11	0
104	3	4	42	5	1	453.94	0
104	3	4	43	12	1	392.58	0
104	3	4	44	12	1	398.62	0
104	3	4	45	1	1	492.67	0
104	3	4	46	3	1	452.78	0
104	3	4	47	12	1	356	0
104	3	4	48	1	1	372.26	0
104	3	4	49	1	1	488.43	0
104	3	4	50	8	1	465.84	0
104	3	4	51	10	1	592.74	0
104	3	4	52	5	1	420.67	0
104	3	4	53	3	1	447.18	0
104	3	4	54	10	1	560.49	0
104	3	4	55	3	1	436.25	0
104	3	4	56	8	1	432.47	0
104	3	4	57	5	1	713.39	0
104	3	4	58	1	1	428.38	0
104	3	4	59	3	1	456.19	0
104	3	4	60	12	1	707.21	0
104	3	4	61	12	1	434.1	0
104	3	4	62	10	1	305.64	0
104	3	4	63	12	1	497.27	0
104	3	4	64	8	1	900.3	0
104	3	4	65	12	1	551.5	0
104	3	4	66	10	1	755.51	0
104	3	4	67	5	1	882.13	0
104	3	4	68	3	1	467.66	0
104	3	4	69	1	1	335.59	0
104	3	4	70	8	1	576.35	0
104	3	4	71	3	1	684.37	0
104	3	4	72	1	1	399.21	0
104	3	4	73	12	1	555.3	0
104	3	4	74	5	1	698.71	0
104	3	4	75	10	1	641.1	0
104	3	4	76	8	1	619.57	0
104	3	4	77	3	1	435.5	0
104	3	4	78	8	1	453.24	0
104	3	4	79	1	1	375.58	0
104	3	4	80	3	1	589.09	0
104	3	4	81	8	1	470.62	0
104	3	4	82	10	1	486.41	0
104	3	4	83	12	1	569.38	0
104	3	4	84	5	1	498.06	0
104	3	4	85	8	1	614.83	0
104	3	4	86	12	1	477.9	0
104	3	4	87	8	0	721.62	0
104	3	4	88	3	1	470.14	0
104	3	4	89	3	1	350.74	1
104	3	4	90	1	0	598.74	0
104	3	4	91	5	1	532.82	0
104	3	4	92	5	1	395.99	0
104	3	4	93	1	1	422.54	0
104	3	4	94	10	1	465.55	0
104	3	4	95	8	1	639.27	0
104	3	4	96	8	1	403.77	0
104	3	4	97	8	1	817.87	0
104	3	4	98	12	1	456.6	0
104	3	4	99	1	1	575.88	1
104	3	4	100	3	1	660.48	0
104	3	4	101	8	1	474.99	0
104	3	4	102	8	1	520.01	0
104	3	4	103	8	1	491.05	0
104	3	4	104	5	1	1024	0
104	3	4	105	8	1	610.62	0
104	3	4	106	1	1	423.32	0
104	3	4	107	8	0	853.63	0
104	3	4	108	8	1	628.56	0
104	3	4	109	3	1	424.59	0
104	3	4	110	12	1	387.83	0
104	3	4	111	10	1	527.3	0
104	3	4	112	5	1	616.29	0
104	3	4	113	10	1	482.44	0
104	3	4	114	1	1	592.81	0
104	3	4	115	12	1	441.63	0
104	3	4	116	10	1	385.64	0
104	3	4	117	3	1	264.9	0
104	3	4	118	5	1	471.56	0
104	3	4	119	10	1	506.39	0
104	3	4	120	8	1	679.69	0
104	5	5	1	1	1	382.08	0
104	5	5	2	2	1	487.82	0
104	5	5	3	7	1	879.7	0
104	5	5	4	9	1	326.51	1
104	5	5	5	8	1	775.05	0
104	5	5	6	7	0	742.7	0
104	5	5	7	6	1	1538.6	0
104	5	5	8	4	1	730.46	0
104	5	5	9	6	0	767.54	0
104	5	5	10	7	0	662.09	0
104	5	5	11	10	1	444.79	0
104	5	5	12	10	1	535.1	0
104	5	5	13	8	1	747.87	0
104	5	5	14	2	1	582.35	0
104	5	5	15	2	1	545.17	0
104	5	5	16	9	1	409.64	0
104	5	5	17	1	1	472	0
104	5	5	18	11	1	512.51	0
104	5	5	19	12	1	619.56	0
104	5	5	20	1	1	541.71	0
104	5	5	21	2	1	584.57	0
104	5	5	22	8	0	510.57	0
104	5	5	23	6	0	749.4	0
104	5	5	24	12	1	482.57	0
104	5	5	25	12	1	526.7	0
104	5	5	26	5	1	693.81	0
104	5	5	27	8	1	591.05	0
104	5	5	28	11	1	536.12	0
104	5	5	29	5	1	544.18	0
104	5	5	30	3	1	709.52	0
104	5	5	31	4	1	933.01	0
104	5	5	32	5	0	751.98	0
104	5	5	33	4	1	661.82	0
104	5	5	34	6	1	400.12	0
104	5	5	35	3	1	459.2	0
104	5	5	36	10	1	490.94	0
104	5	5	37	7	0	645.3	0
104	5	5	38	11	1	417.91	0
104	5	5	39	6	1	741.23	0
104	5	5	40	1	1	499.95	0
104	5	5	41	3	1	596.38	0
104	5	5	42	8	1	540.35	0
104	5	5	43	8	0	785.68	0
104	5	5	44	10	1	558.09	0
104	5	5	45	10	0	474.33	0
104	5	5	46	9	1	623.61	0
104	5	5	47	7	1	463.78	0
104	5	5	48	12	1	395.45	0
104	5	5	49	3	1	445.94	0
104	5	5	50	2	1	618.16	0
104	5	5	51	1	1	675.24	0
104	5	5	52	5	1	650.77	0
104	5	5	53	9	1	860.69	0
104	5	5	54	3	1	1180.5	0
104	5	5	55	11	1	365.04	0
104	5	5	56	7	1	811.4	0
104	5	5	57	12	0	613.33	0
104	5	5	58	9	1	355.37	0
104	5	5	59	3	1	451.3	0
104	5	5	60	11	1	502.02	0
104	5	5	61	12	1	507.32	0
104	5	5	62	9	1	552.86	0
104	5	5	63	10	1	673.39	0
104	5	5	64	6	1	566.46	0
104	5	5	65	1	1	715.92	0
104	5	5	66	5	1	816.16	0
104	5	5	67	11	1	625.37	0
104	5	5	68	2	1	737.28	0
104	5	5	69	3	1	426.03	0
104	5	5	70	4	1	500.81	0
104	5	5	71	3	1	502.07	0
104	5	5	72	4	1	752.18	0
104	5	5	73	5	1	838.04	0
104	5	5	74	3	1	489.06	0
104	5	5	75	9	1	494.1	0
104	5	5	76	4	1	420.21	0
104	5	5	77	9	1	513.49	0
104	5	5	78	6	1	629.31	0
104	5	5	79	12	1	766.57	0
104	5	5	80	10	1	841.56	0
104	5	5	81	8	1	628.42	0
104	5	5	82	9	1	510.54	0
104	5	5	83	1	1	414.02	0
104	5	5	84	7	1	500.01	0
104	5	5	85	5	0	471.4	0
104	5	5	86	4	0	713.76	0
104	5	5	87	9	1	467.47	0
104	5	5	88	5	1	547.71	0
104	5	5	89	12	1	493.26	0
104	5	5	90	10	1	625.19	0
104	5	5	91	12	1	442.68	0
104	5	5	92	4	1	497.82	0
104	5	5	93	1	1	571.32	0
104	5	5	94	2	1	818.94	0
104	5	5	95	6	0	642.81	0
104	5	5	96	11	1	396.69	0
104	5	5	97	8	1	575.77	0
104	5	5	98	4	1	459.69	0
104	5	5	99	11	1	459.7	0
104	5	5	100	3	1	543.32	0
104	5	5	101	11	1	413.35	0
104	5	5	102	12	1	682.36	0
104	5	5	103	2	0	509.76	0
104	5	5	104	2	1	490.24	0
104	5	5	105	5	0	566.54	0
104	5	5	106	6	0	519.87	0
104	5	5	107	7	1	492.28	0
104	5	5	108	10	1	541.64	0
104	5	5	109	6	1	456.23	0
104	5	5	110	1	1	653.82	0
104	5	5	111	5	0	608.66	0
104	5	5	112	11	1	571.96	0
104	5	5	113	7	0	507.92	0
104	5	5	114	7	1	572.01	0
104	5	5	115	1	1	514.03	0
104	5	5	116	8	1	464.32	0
104	5	5	117	2	1	461.39	0
104	5	5	118	10	1	742.7	0
104	5	5	119	4	1	529.63	0
104	5	5	120	8	1	480.64	0
104	5	5	1	1	1	828.28	0
104	5	5	2	2	0	503.71	0
104	5	5	3	3	1	509.62	0
104	5	5	4	9	1	466.93	0
104	5	5	5	12	1	534.45	0
104	5	5	6	5	1	454.71	0
104	5	5	7	9	1	587.41	0
104	5	5	8	7	0	733.14	0
104	5	5	9	12	1	519.59	0
104	5	5	10	4	1	996.76	0
104	5	5	11	7	1	386.33	0
104	5	5	12	8	1	638.61	0
104	5	5	13	5	1	646.4	0
104	5	5	14	4	1	550.31	0
104	5	5	15	12	1	480.47	0
104	5	5	16	10	0	616.25	0
104	5	5	17	9	1	688.03	0
104	5	5	18	3	1	330.97	0
104	5	5	19	11	1	572.07	0
104	5	5	20	10	1	697.58	0
104	5	5	21	10	1	498.87	0
104	5	5	22	10	1	451.26	0
104	5	5	23	11	1	482.28	0
104	5	5	24	7	1	781.87	0
104	5	5	25	3	1	622.75	0
104	5	5	26	9	1	455.83	0
104	5	5	27	11	1	583.5	0
104	5	5	28	7	0	778.76	0
104	5	5	29	5	0	919.6	0
104	5	5	30	5	0	666.87	0
104	5	5	31	10	1	458.35	0
104	5	5	32	8	1	626.31	0
104	5	5	33	4	1	522.4	0
104	5	5	34	2	0	694.63	0
104	5	5	35	6	0	526.67	0
104	5	5	36	2	1	572.89	0
104	5	5	37	7	1	635.77	0
104	5	5	38	8	1	740.98	0
104	5	5	39	11	1	729.89	0
104	5	5	40	10	1	528.73	0
104	5	5	41	4	1	606.4	0
104	5	5	42	1	1	575.76	0
104	5	5	43	3	0	588.78	0
104	5	5	44	6	0	732.06	0
104	5	5	45	11	1	443.94	0
104	5	5	46	3	1	593.2	0
104	5	5	47	5	0	397.49	0
104	5	5	48	12	1	371.87	0
104	5	5	49	5	1	447.3	0
104	5	5	50	6	0	487.49	0
104	5	5	51	9	1	628.59	0
104	5	5	52	11	1	760.27	0
104	5	5	53	8	1	629.82	0
104	5	5	54	12	1	576.85	0
104	5	5	55	3	1	1339.8	0
104	5	5	56	2	1	1029.4	0
104	5	5	57	6	0	567.94	0
104	5	5	58	7	1	663.61	0
104	5	5	59	7	1	698.85	0
104	5	5	60	9	1	431.93	0
104	5	5	61	3	1	644	0
104	5	5	62	11	1	445.94	0
104	5	5	63	7	0	547.84	0
104	5	5	64	8	1	711.29	0
104	5	5	65	3	1	560.08	0
104	5	5	66	2	1	501.67	0
104	5	5	67	12	1	593.63	0
104	5	5	68	5	1	520.05	0
104	5	5	69	1	1	980.06	0
104	5	5	70	11	1	505.38	0
104	5	5	71	8	1	571.81	0
104	5	5	72	5	1	803.76	0
104	5	5	73	10	1	701.82	0
104	5	5	74	9	1	525.55	0
104	5	5	75	1	1	440.35	0
104	5	5	76	10	1	473.53	0
104	5	5	77	8	1	810.29	0
104	5	5	78	1	0	464.53	0
104	5	5	79	6	0	707.84	0
104	5	5	80	12	1	707.37	0
104	5	5	81	8	0	617.81	0
104	5	5	82	5	1	406.74	1
104	5	5	83	4	1	1350.5	1
104	5	5	84	11	1	566.91	0
104	5	5	85	8	0	520.63	0
104	5	5	86	1	1	528.23	0
104	5	5	87	12	1	449.26	0
104	5	5	88	2	1	530.07	0
104	5	5	89	8	1	498.08	0
104	5	5	90	2	1	447.26	0
104	5	5	91	2	1	470.6	0
104	5	5	92	1	0	570.05	0
104	5	5	93	1	1	488.13	0
104	5	5	94	2	0	733.65	0
104	5	5	95	5	1	543.05	0
104	5	5	96	6	0	881.29	0
104	5	5	97	4	0	963.58	0
104	5	5	98	1	1	629.98	0
104	5	5	99	12	1	714.93	0
104	5	5	100	10	1	493.92	0
104	5	5	101	4	1	875.53	0
104	5	5	102	2	1	411.24	0
104	5	5	103	4	1	615.05	0
104	5	5	104	3	1	644.45	0
104	5	5	105	10	1	437.15	0
104	5	5	106	4	1	459.79	0
104	5	5	107	3	1	390.17	1
104	5	5	108	6	0	611.02	0
104	5	5	109	9	1	431.02	0
104	5	5	110	7	1	641.43	0
104	5	5	111	7	0	1205.3	0
104	5	5	112	12	1	346.21	0
104	5	5	113	11	1	604.77	0
104	5	5	114	1	1	634.15	0
104	5	5	115	6	0	639.1	0
104	5	5	116	9	1	468.35	0
104	5	5	117	6	1	1309.6	0
104	5	5	118	4	1	525.72	0
104	5	5	119	6	1	658.94	0
104	5	5	120	9	1	588.72	0
104	2	5	1	10	1	462.05	0
104	2	5	2	8	1	433.4	0
104	2	5	3	8	1	425.18	0
104	2	5	4	10	1	395.78	0
104	2	5	5	10	1	550.32	0
104	2	5	6	8	0	1147.6	0
104	2	5	7	6	0	619.36	0
104	2	5	8	6	0	1346	0
104	2	5	9	6	1	404.5	0
104	2	5	10	4	1	468.31	0
104	2	5	11	8	1	569.52	0
104	2	5	12	6	0	538.54	0
104	2	5	13	10	1	464.44	0
104	2	5	14	12	1	664.4	0
104	2	5	15	8	1	886.67	0
104	2	5	16	4	1	451.07	0
104	2	5	17	10	1	498.88	0
104	2	5	18	6	1	547.93	0
104	2	5	19	2	1	677.05	0
104	2	5	20	2	1	660.08	0
104	2	5	21	2	1	450.65	0
104	2	5	22	4	1	673.05	0
104	2	5	23	8	1	462.38	0
104	2	5	24	8	1	662.19	0
104	2	5	25	6	1	433.57	0
104	2	5	26	12	1	601.93	0
104	2	5	27	8	1	605.6	0
104	2	5	28	12	1	438.36	0
104	2	5	29	12	1	395.67	0
104	2	5	30	10	0	842.88	0
104	2	5	31	4	1	817.65	0
104	2	5	32	12	1	500.68	0
104	2	5	33	4	1	699.18	0
104	2	5	34	2	1	587.62	0
104	2	5	35	8	1	495.73	0
104	2	5	36	10	1	606.15	0
104	2	5	37	4	1	546.85	0
104	2	5	38	2	1	378.01	0
104	2	5	39	10	1	399.83	0
104	2	5	40	6	1	419.99	0
104	2	5	41	12	1	479.07	0
104	2	5	42	12	1	567.69	0
104	2	5	43	12	1	499.57	0
104	2	5	44	6	1	576.47	0
104	2	5	45	6	1	446.54	0
104	2	5	46	4	1	449.89	0
104	2	5	47	10	1	456.17	0
104	2	5	48	4	1	565.48	0
104	2	5	49	12	1	509.88	0
104	2	5	50	6	1	548.35	0
104	2	5	51	12	1	484.97	0
104	2	5	52	10	1	541.16	0
104	2	5	53	2	1	448.6	0
104	2	5	54	2	1	427.23	0
104	2	5	55	8	1	591.67	0
104	2	5	56	8	1	411.29	0
104	2	5	57	12	1	518.42	0
104	2	5	58	12	1	382.35	0
104	2	5	59	8	1	780.23	0
104	2	5	60	2	1	514.69	0
104	2	5	61	10	1	537.22	0
104	2	5	62	6	1	384.74	0
104	2	5	63	12	1	740.82	0
104	2	5	64	8	1	502.44	0
104	2	5	65	4	1	481.83	0
104	2	5	66	2	1	622.61	0
104	2	5	67	6	0	474.45	0
104	2	5	68	10	1	437.98	0
104	2	5	69	12	1	421.07	0
104	2	5	70	12	1	398.87	0
104	2	5	71	2	1	595.21	0
104	2	5	72	4	1	413.17	0
104	2	5	73	2	1	409.4	0
104	2	5	74	4	1	738.22	0
104	2	5	75	12	1	423.73	0
104	2	5	76	10	1	548.38	0
104	2	5	77	4	1	423.15	0
104	2	5	78	6	1	692.37	0
104	2	5	79	2	1	663.64	0
104	2	5	80	6	0	630.23	0
104	2	5	81	8	1	613.74	0
104	2	5	82	12	1	500.08	0
104	2	5	83	12	1	427.75	0
104	2	5	84	12	1	345.34	0
104	2	5	85	2	1	407.77	0
104	2	5	86	2	1	467.86	0
104	2	5	87	8	1	802.23	0
104	2	5	88	4	1	557.91	0
104	2	5	89	10	1	423.13	0
104	2	5	90	8	1	616.95	0
104	2	5	91	4	1	430.67	0
104	2	5	92	4	1	513.4	0
104	2	5	93	4	1	471.15	0
104	2	5	94	8	1	425.35	0
104	2	5	95	10	1	831.63	0
104	2	5	96	2	1	492.09	0
104	2	5	97	10	1	448.15	0
104	2	5	98	6	1	416.74	0
104	2	5	99	12	1	550.76	0
104	2	5	100	2	1	287.39	0
104	2	5	101	6	1	869.71	0
104	2	5	102	8	1	399.66	0
104	2	5	103	6	1	626.75	0
104	2	5	104	6	1	524.75	0
104	2	5	105	2	1	473.38	0
104	2	5	106	10	1	884.6	0
104	2	5	107	4	1	493.32	0
104	2	5	108	6	1	528.18	0
104	2	5	109	2	1	412.14	0
104	2	5	110	8	1	1196.1	0
104	2	5	111	8	0	837.21	0
104	2	5	112	4	1	617.69	0
104	2	5	113	2	1	1045.7	1
104	2	5	114	4	1	537.02	0
104	2	5	115	10	1	414.95	0
104	2	5	116	10	1	542.73	0
104	2	5	117	2	1	482.67	0
104	2	5	118	4	1	440.53	0
104	2	5	119	6	0	617.44	0
104	2	5	120	10	1	403.91	0
104	1	5	1	5	1	468.24	0
104	1	5	2	3	1	428.54	0
104	1	5	3	11	1	541.43	0
104	1	5	4	9	1	730.23	0
104	1	5	5	5	1	395.8	0
104	1	5	6	3	1	498.97	0
104	1	5	7	7	1	410.75	0
104	1	5	8	7	1	565.46	0
104	1	5	9	7	1	435.51	0
104	1	5	10	3	1	423.41	0
104	1	5	11	1	1	441.06	0
104	1	5	12	5	1	895.52	0
104	1	5	13	11	1	378.43	0
104	1	5	14	9	1	535.86	0
104	1	5	15	7	1	636.42	0
104	1	5	16	3	1	570.78	0
104	1	5	17	11	1	369.37	0
104	1	5	18	11	1	733.59	0
104	1	5	19	1	1	581.67	0
104	1	5	20	3	1	464.96	0
104	1	5	21	3	1	421.42	0
104	1	5	22	11	1	371.14	0
104	1	5	23	9	1	585.66	0
104	1	5	24	1	1	501.98	0
104	1	5	25	9	1	442	0
104	1	5	26	9	1	486.42	0
104	1	5	27	11	1	445.25	0
104	1	5	28	1	1	475.71	0
104	1	5	29	5	0	543.79	0
104	1	5	30	9	1	414.13	0
104	1	5	31	5	0	534.63	0
104	1	5	32	11	1	390.53	0
104	1	5	33	5	1	495.21	0
104	1	5	34	7	0	963.36	0
104	1	5	35	7	1	667.59	0
104	1	5	36	9	1	600.35	0
104	1	5	37	5	1	460.35	0
104	1	5	38	1	1	324.58	0
104	1	5	39	3	1	475.67	0
104	1	5	40	3	1	358.38	0
104	1	5	41	3	1	551.21	0
104	1	5	42	3	1	414.19	0
104	1	5	43	11	1	372.08	0
104	1	5	44	3	1	399.33	0
104	1	5	45	3	1	443.84	0
104	1	5	46	7	0	672.88	0
104	1	5	47	5	1	459.85	0
104	1	5	48	3	1	557.37	0
104	1	5	49	5	0	597.79	0
104	1	5	50	3	1	511.02	0
104	1	5	51	5	1	1614.5	0
104	1	5	52	1	1	789.6	0
104	1	5	53	3	1	996.05	0
104	1	5	54	9	1	500.26	0
104	1	5	55	3	1	567.52	0
104	1	5	56	5	1	560.91	0
104	1	5	57	5	1	641.47	0
104	1	5	58	9	1	390.67	0
104	1	5	59	1	1	348.98	0
104	1	5	60	1	1	325.52	0
104	1	5	61	1	1	493.85	0
104	1	5	62	1	1	360.94	0
104	1	5	63	1	1	481.31	0
104	1	5	64	11	1	437.66	0
104	1	5	65	11	1	402.25	0
104	1	5	66	1	1	493.7	0
104	1	5	67	9	1	850.23	0
104	1	5	68	9	1	531.53	0
104	1	5	69	7	1	588.67	0
104	1	5	70	7	0	716.24	0
104	1	5	71	3	1	453.41	0
104	1	5	72	7	1	700.99	0
104	1	5	73	1	1	688.46	0
104	1	5	74	5	1	1043	0
104	1	5	75	5	1	746.63	0
104	1	5	76	11	1	505.67	0
104	1	5	77	7	1	637.92	0
104	1	5	78	11	1	434.45	0
104	1	5	79	11	1	391.66	0
104	1	5	80	11	1	444.55	0
104	1	5	81	7	0	650.55	0
104	1	5	82	5	1	519.77	0
104	1	5	83	7	0	1105.2	0
104	1	5	84	7	1	571.91	0
104	1	5	85	7	1	570.4	0
104	1	5	86	9	1	531.64	0
104	1	5	87	9	1	1127.4	0
104	1	5	88	7	1	674.85	0
104	1	5	89	3	1	470.43	0
104	1	5	90	9	1	737.26	0
104	1	5	91	9	1	381.23	0
104	1	5	92	5	1	397.42	0
104	1	5	93	7	1	2472.9	0
104	1	5	94	9	1	581.98	0
104	1	5	95	1	1	425.36	0
104	1	5	96	9	1	520.26	0
104	1	5	97	7	0	555.21	0
104	1	5	98	3	1	631.28	0
104	1	5	99	9	1	461.64	1
104	1	5	100	5	1	514.22	0
104	1	5	101	5	1	652.99	0
104	1	5	102	7	1	542.14	0
104	1	5	103	11	1	422.33	0
104	1	5	104	11	0	517.66	0
104	1	5	105	11	1	398.16	0
104	1	5	106	9	1	496.6	0
104	1	5	107	7	0	562.65	0
104	1	5	108	11	1	482.47	0
104	1	5	109	5	1	744.94	0
104	1	5	110	9	1	572.15	0
104	1	5	111	1	1	374.18	0
104	1	5	112	5	1	485.23	0
104	1	5	113	1	1	516.4	0
104	1	5	114	1	1	368.04	0
104	1	5	115	11	1	751.83	0
104	1	5	116	1	1	413.12	0
104	1	5	117	1	1	354.82	0
104	1	5	118	3	1	983.24	0
104	1	5	119	11	1	531.34	0
104	1	5	120	1	1	430.97	0
104	3	5	1	8	1	562.72	0
104	3	5	2	10	1	562.83	0
104	3	5	3	5	1	470.46	0
104	3	5	4	1	1	635.18	0
104	3	5	5	5	1	662.61	0
104	3	5	6	3	1	494.56	0
104	3	5	7	12	1	472.23	0
104	3	5	8	8	1	513.71	0
104	3	5	9	12	1	635.56	0
104	3	5	10	12	1	438.63	0
104	3	5	11	12	1	771.62	0
104	3	5	12	10	1	590.22	1
104	3	5	13	12	1	664.18	0
104	3	5	14	8	1	549.08	1
104	3	5	15	8	1	548.41	0
104	3	5	16	1	1	887.75	0
104	3	5	17	10	1	506	0
104	3	5	18	12	1	791.19	0
104	3	5	19	3	1	462.27	0
104	3	5	20	3	1	410.59	0
104	3	5	21	1	1	445.77	0
104	3	5	22	1	1	774.43	0
104	3	5	23	10	1	881.4	0
104	3	5	24	3	1	541.22	0
104	3	5	25	12	1	548.98	0
104	3	5	26	12	1	449.23	0
104	3	5	27	8	0	856.35	0
104	3	5	28	12	1	439.34	0
104	3	5	29	1	1	577.79	0
104	3	5	30	3	1	439.81	0
104	3	5	31	10	1	487.55	0
104	3	5	32	5	1	704.49	0
104	3	5	33	1	1	584.82	0
104	3	5	34	12	1	465.53	0
104	3	5	35	8	1	576.85	1
104	3	5	36	8	1	474.59	0
104	3	5	37	5	1	516.63	0
104	3	5	38	5	1	1127.7	0
104	3	5	39	12	1	768.77	0
104	3	5	40	10	1	453.5	1
104	3	5	41	10	1	586.52	0
104	3	5	42	8	1	1028.3	0
104	3	5	43	12	1	586.46	0
104	3	5	44	1	1	495.01	0
104	3	5	45	5	1	604.41	0
104	3	5	46	3	1	783.24	0
104	3	5	47	5	1	478.02	0
104	3	5	48	5	0	632.57	0
104	3	5	49	1	1	400.89	0
104	3	5	50	10	1	473.41	0
104	3	5	51	5	1	667.41	0
104	3	5	52	5	1	473.14	0
104	3	5	53	5	0	744.01	0
104	3	5	54	1	1	408.07	0
104	3	5	55	3	1	408.65	0
104	3	5	56	3	1	443.64	0
104	3	5	57	5	0	580.48	0
104	3	5	58	8	1	438.47	0
104	3	5	59	3	1	450.68	0
104	3	5	60	12	0	612.67	0
104	3	5	61	1	1	419.81	0
104	3	5	62	10	1	463.68	0
104	3	5	63	3	1	523.89	0
104	3	5	64	10	1	476	0
104	3	5	65	3	1	470.08	0
104	3	5	66	3	1	367.38	0
104	3	5	67	10	1	479.18	0
104	3	5	68	3	1	388.59	0
104	3	5	69	12	1	484.67	0
104	3	5	70	1	1	398.2	0
104	3	5	71	5	1	539.31	0
104	3	5	72	3	1	549.12	0
104	3	5	73	3	1	426.29	0
104	3	5	74	10	1	991.33	0
104	3	5	75	10	1	426.36	0
104	3	5	76	5	1	502.36	0
104	3	5	77	1	1	475.65	0
104	3	5	78	10	1	546.06	0
104	3	5	79	8	1	534.5	0
104	3	5	80	12	1	438.75	0
104	3	5	81	12	1	400.22	0
104	3	5	82	1	1	567.31	0
104	3	5	83	5	1	398.48	0
104	3	5	84	3	1	636.25	0
104	3	5	85	10	1	648.98	0
104	3	5	86	5	1	591.45	0
104	3	5	87	8	1	558.45	0
104	3	5	88	8	1	497.31	0
104	3	5	89	10	1	429.45	0
104	3	5	90	3	1	416.24	0
104	3	5	91	5	1	398.26	0
104	3	5	92	1	1	689.29	0
104	3	5	93	12	1	707.04	0
104	3	5	94	1	1	637.69	0
104	3	5	95	8	1	559.29	0
104	3	5	96	8	1	517.7	0
104	3	5	97	8	1	441.77	0
104	3	5	98	1	1	910.09	0
104	3	5	99	5	1	726.25	0
104	3	5	100	8	1	482.8	0
104	3	5	101	10	1	535.14	0
104	3	5	102	8	1	1005.2	0
104	3	5	103	3	1	420.39	0
104	3	5	104	12	1	619.1	0
104	3	5	105	12	1	465.45	0
104	3	5	106	1	1	465.93	0
104	3	5	107	5	1	350.11	0
104	3	5	108	10	0	666.85	0
104	3	5	109	3	1	414.35	0
104	3	5	110	1	1	459.47	0
104	3	5	111	1	1	414.63	0
104	3	5	112	10	1	443.54	0
104	3	5	113	5	1	565.43	0
104	3	5	114	8	1	684.41	0
104	3	5	115	8	1	561.47	0
104	3	5	116	1	1	510.66	0
104	3	5	117	12	1	448.04	0
104	3	5	118	3	1	2182.8	0
104	3	5	119	10	1	1088.7	0
104	3	5	120	8	1	597.4	0
104	4	5	1	11	1	387.88	0
104	4	5	2	11	1	497.87	0
104	4	5	3	2	1	672.18	0
104	4	5	4	11	1	509.19	0
104	4	5	5	2	1	522.76	0
104	4	5	6	4	1	322.39	0
104	4	5	7	2	1	701.34	0
104	4	5	8	6	1	1123.2	0
104	4	5	9	4	1	400.03	0
104	4	5	10	6	1	465.26	0
104	4	5	11	6	1	642.84	0
104	4	5	12	11	1	454.91	0
104	4	5	13	6	1	469.91	0
104	4	5	14	9	1	542.62	0
104	4	5	15	9	1	421.35	0
104	4	5	16	4	1	687.65	0
104	4	5	17	9	1	458.57	0
104	4	5	18	4	1	502.16	0
104	4	5	19	4	1	709.67	0
104	4	5	20	6	1	1911.3	0
104	4	5	21	6	0	771.11	0
104	4	5	22	4	1	651.81	0
104	4	5	23	11	1	484.32	0
104	4	5	24	11	1	666.06	0
104	4	5	25	4	1	344.72	0
104	4	5	26	4	1	619.46	0
104	4	5	27	7	1	359.43	0
104	4	5	28	7	1	478.95	0
104	4	5	29	7	1	506.21	0
104	4	5	30	7	1	465.87	0
104	4	5	31	6	0	672.55	0
104	4	5	32	7	1	692.21	0
104	4	5	33	2	1	535.5	0
104	4	5	34	11	1	477.89	0
104	4	5	35	7	0	670.05	0
104	4	5	36	9	1	441.07	0
104	4	5	37	11	1	503.67	0
104	4	5	38	7	1	630	0
104	4	5	39	6	1	428.44	0
104	4	5	40	2	1	383.6	0
104	4	5	41	6	1	757.88	0
104	4	5	42	9	1	455.41	0
104	4	5	43	2	1	539.97	0
104	4	5	44	4	1	548.05	0
104	4	5	45	2	1	431.21	0
104	4	5	46	7	1	372.26	0
104	4	5	47	6	0	600.31	0
104	4	5	48	6	1	373.28	0
104	4	5	49	7	1	470.03	0
104	4	5	50	11	1	389.68	0
104	4	5	51	6	1	473.07	0
104	4	5	52	7	1	445.33	0
104	4	5	53	9	1	693.21	0
104	4	5	54	4	1	514.61	0
104	4	5	55	4	1	417.4	0
104	4	5	56	2	1	388.21	0
104	4	5	57	4	1	687.32	0
104	4	5	58	9	1	354.12	0
104	4	5	59	2	1	330.82	1
104	4	5	60	2	1	434.11	0
104	4	5	61	11	1	437.7	0
104	4	5	62	9	1	353.52	0
104	4	5	63	2	1	426.12	0
104	4	5	64	2	1	556.1	0
104	4	5	65	9	1	410.79	0
104	4	5	66	7	1	537.51	0
104	4	5	67	7	1	444.13	0
104	4	5	68	2	1	426.81	0
104	4	5	69	6	1	903.59	0
104	4	5	70	11	1	383.36	0
104	4	5	71	7	0	635.9	0
104	4	5	72	7	1	366.33	0
104	4	5	73	11	1	425.66	0
104	4	5	74	2	1	570.69	0
104	4	5	75	2	1	590.93	0
104	4	5	76	11	1	352.45	0
104	4	5	77	2	1	409.87	0
104	4	5	78	2	1	449.65	0
104	4	5	79	7	1	455.79	0
104	4	5	80	6	0	948.12	0
104	4	5	81	11	1	334.33	0
104	4	5	82	7	1	563.12	0
104	4	5	83	11	1	388.62	0
104	4	5	84	4	1	664.29	0
104	4	5	85	4	1	553.95	0
104	4	5	86	2	1	463.22	0
104	4	5	87	9	1	599.51	0
104	4	5	88	4	1	723.84	0
104	4	5	89	9	1	471.4	0
104	4	5	90	9	1	486.05	0
104	4	5	91	11	1	615.05	0
104	4	5	92	4	1	496.97	0
104	4	5	93	9	1	460.07	0
104	4	5	94	9	1	511.47	0
104	4	5	95	6	0	648.98	0
104	4	5	96	9	1	419.68	0
104	4	5	97	7	1	444.33	0
104	4	5	98	4	1	434.51	0
104	4	5	99	7	1	433.86	0
104	4	5	100	9	1	537.41	0
104	4	5	101	6	1	703.58	0
104	4	5	102	11	1	408.63	0
104	4	5	103	11	1	411.04	0
104	4	5	104	9	1	673.14	0
104	4	5	105	6	0	678.99	0
104	4	5	106	7	1	558.88	0
104	4	5	107	11	1	469.3	0
104	4	5	108	9	1	450.73	0
104	4	5	109	7	1	586.38	0
104	4	5	110	4	1	514.12	0
104	4	5	111	4	1	539.58	0
104	4	5	112	6	0	503.53	0
104	4	5	113	2	1	883.37	0
104	4	5	114	9	1	430.25	0
104	4	5	115	6	0	535.31	0
104	4	5	116	4	1	615.39	0
104	4	5	117	2	1	668.56	0
104	4	5	118	9	1	585.91	0
104	4	5	119	6	1	612.69	0
104	4	5	120	11	1	542.21	0
104	2	6	1	12	1	508.71	0
104	2	6	2	8	0	649.42	0
104	2	6	3	10	1	560.28	0
104	2	6	4	12	1	456.01	0
104	2	6	5	6	1	546.14	0
104	2	6	6	6	1	715.79	0
104	2	6	7	8	1	669.7	0
104	2	6	8	12	1	542.82	0
104	2	6	9	12	1	468.88	0
104	2	6	10	2	1	497.63	0
104	2	6	11	12	1	516.37	0
104	2	6	12	2	1	421.81	0
104	2	6	13	10	1	530.3	0
104	2	6	14	10	1	437.97	0
104	2	6	15	2	1	376.99	0
104	2	6	16	10	1	674	0
104	2	6	17	2	1	336.31	0
104	2	6	18	2	1	443.32	0
104	2	6	19	8	1	706.46	0
104	2	6	20	4	1	525.79	0
104	2	6	21	8	1	549.12	0
104	2	6	22	6	0	1057.4	0
104	2	6	23	10	1	425.13	0
104	2	6	24	10	1	513.59	0
104	2	6	25	10	1	553.17	0
104	2	6	26	2	1	388.25	0
104	2	6	27	2	1	371.75	0
104	2	6	28	10	1	415.85	0
104	2	6	29	12	1	574.41	0
104	2	6	30	10	1	840.32	0
104	2	6	31	6	1	499.46	0
104	2	6	32	4	1	463.61	0
104	2	6	33	4	1	449.45	0
104	2	6	34	10	1	481.23	0
104	2	6	35	8	1	618.86	0
104	2	6	36	12	1	565.93	0
104	2	6	37	10	1	565.1	0
104	2	6	38	2	1	678.33	0
104	2	6	39	2	1	581.43	0
104	2	6	40	2	1	678.2	0
104	2	6	41	8	1	622.71	0
104	2	6	42	12	1	518.47	0
104	2	6	43	4	1	345.48	0
104	2	6	44	8	1	503.22	0
104	2	6	45	2	1	385.9	0
104	2	6	46	4	1	467.05	0
104	2	6	47	2	1	600.53	0
104	2	6	48	8	1	574.54	0
104	2	6	49	4	1	474.75	0
104	2	6	50	6	1	515.25	0
104	2	6	51	10	1	590.24	0
104	2	6	52	6	1	644.58	0
104	2	6	53	8	1	401.58	0
104	2	6	54	2	1	448.81	0
104	2	6	55	4	1	596.62	0
104	2	6	56	4	1	569.68	0
104	2	6	57	6	1	627.93	0
104	2	6	58	8	0	732	0
104	2	6	59	8	1	596.36	0
104	2	6	60	6	1	578.42	0
104	2	6	61	12	1	387.54	0
104	2	6	62	12	1	478.86	0
104	2	6	63	12	1	359.54	0
104	2	6	64	10	1	888.82	0
104	2	6	65	4	1	430.37	0
104	2	6	66	12	1	391.37	0
104	2	6	67	8	0	739.24	0
104	2	6	68	12	1	462.72	0
104	2	6	69	10	1	648.61	0
104	2	6	70	6	1	521.3	0
104	2	6	71	6	1	500.33	0
104	2	6	72	10	1	424.59	0
104	2	6	73	12	1	460.08	0
104	2	6	74	10	1	443.46	0
104	2	6	75	8	1	569.33	0
104	2	6	76	12	1	431.29	0
104	2	6	77	4	1	394.56	0
104	2	6	78	6	1	501.42	0
104	2	6	79	10	1	494.82	0
104	2	6	80	8	1	628.8	0
104	2	6	81	2	1	406.75	0
104	2	6	82	8	1	454.5	0
104	2	6	83	6	1	339.88	0
104	2	6	84	2	1	588.88	0
104	2	6	85	6	1	750.16	0
104	2	6	86	2	1	415.1	0
104	2	6	87	4	1	451.47	0
104	2	6	88	12	1	342.74	0
104	2	6	89	6	1	492.36	0
104	2	6	90	12	1	995.7	0
104	2	6	91	6	1	494.21	0
104	2	6	92	10	1	543.11	0
104	2	6	93	2	1	638.94	0
104	2	6	94	2	1	350.24	0
104	2	6	95	2	1	492.81	0
104	2	6	96	12	1	899.09	0
104	2	6	97	12	1	536.24	0
104	2	6	98	4	1	440.8	0
104	2	6	99	4	1	534.15	0
104	2	6	100	2	1	588.41	0
104	2	6	101	8	1	557.85	0
104	2	6	102	8	0	613.77	0
104	2	6	103	6	1	526.68	0
104	2	6	104	10	1	501.55	0
104	2	6	105	4	1	561.92	0
104	2	6	106	6	0	526.38	0
104	2	6	107	10	1	521.28	0
104	2	6	108	8	1	1002.3	0
104	2	6	109	4	1	480.32	0
104	2	6	110	8	1	426.91	0
104	2	6	111	4	1	407.64	0
104	2	6	112	6	1	512.34	0
104	2	6	113	8	1	1142.3	0
104	2	6	114	4	1	442.37	0
104	2	6	115	6	0	796.92	0
104	2	6	116	4	0	987.2	0
104	2	6	117	4	1	533.59	0
104	2	6	118	6	1	1014.3	0
104	2	6	119	4	1	668.44	0
104	2	6	120	12	1	386.81	0
104	1	6	1	5	1	527.22	0
104	1	6	2	1	1	444.59	0
104	1	6	3	1	1	365.55	0
104	1	6	4	1	1	385.9	0
104	1	6	5	11	1	510.01	0
104	1	6	6	7	1	815.56	0
104	1	6	7	7	1	657.88	0
104	1	6	8	11	1	518.25	0
104	1	6	9	5	1	550.95	0
104	1	6	10	9	1	647.48	0
104	1	6	11	7	1	694.67	0
104	1	6	12	1	1	458.75	0
104	1	6	13	3	1	474.23	0
104	1	6	14	11	1	595.71	0
104	1	6	15	3	1	525.64	0
104	1	6	16	11	1	336.35	0
104	1	6	17	5	1	436.13	0
104	1	6	18	5	1	773.2	0
104	1	6	19	5	1	476.45	0
104	1	6	20	7	1	804.83	0
104	1	6	21	3	1	302.98	0
104	1	6	22	5	0	501.21	0
104	1	6	23	9	1	466.37	0
104	1	6	24	11	1	551.05	0
104	1	6	25	9	1	481.26	0
104	1	6	26	3	1	491.19	0
104	1	6	27	7	0	758.08	0
104	1	6	28	9	1	787.07	0
104	1	6	29	9	1	486.36	0
104	1	6	30	7	1	727.9	0
104	1	6	31	1	1	501.66	0
104	1	6	32	7	1	601.68	0
104	1	6	33	11	1	719.58	0
104	1	6	34	7	0	651.89	0
104	1	6	35	1	1	347.88	0
104	1	6	36	11	1	332.41	0
104	1	6	37	7	1	665.21	0
104	1	6	38	7	1	754.58	0
104	1	6	39	11	1	467.28	0
104	1	6	40	3	1	653.41	0
104	1	6	41	1	1	540.36	0
104	1	6	42	9	1	438.61	0
104	1	6	43	9	1	298.29	0
104	1	6	44	1	1	422.93	0
104	1	6	45	3	1	461.66	0
104	1	6	46	1	1	1070.6	0
104	1	6	47	1	1	402.05	0
104	1	6	48	1	1	573.46	0
104	1	6	49	5	1	1098.8	0
104	1	6	50	9	1	623.64	0
104	1	6	51	5	1	451.61	0
104	1	6	52	9	1	410.12	0
104	1	6	53	7	1	661.69	0
104	1	6	54	7	1	744.86	0
104	1	6	55	7	1	497.22	0
104	1	6	56	7	1	718.48	0
104	1	6	57	7	1	648.45	0
104	1	6	58	1	1	515.02	0
104	1	6	59	5	0	624.95	0
104	1	6	60	1	1	355.08	0
104	1	6	61	5	1	951.53	0
104	1	6	62	11	1	515.22	0
104	1	6	63	11	1	349.22	0
104	1	6	64	11	1	594.85	0
104	1	6	65	11	1	461.1	0
104	1	6	66	3	1	472.17	0
104	1	6	67	3	1	500.13	0
104	1	6	68	9	1	436.72	0
104	1	6	69	9	1	479.66	0
104	1	6	70	5	1	908.47	0
104	1	6	71	11	1	542.23	0
104	1	6	72	1	1	393.96	0
104	1	6	73	3	1	474.52	0
104	1	6	74	5	1	484.38	0
104	1	6	75	3	1	524.44	0
104	1	6	76	9	1	575.43	0
104	1	6	77	11	1	620.26	0
104	1	6	78	9	1	842.74	0
104	1	6	79	3	1	398.93	0
104	1	6	80	1	1	632.52	0
104	1	6	81	9	1	426.03	0
104	1	6	82	11	1	656.96	0
104	1	6	83	9	1	479.36	0
104	1	6	84	9	1	960.92	0
104	1	6	85	9	1	609.84	0
104	1	6	86	5	1	473.21	0
104	1	6	87	1	1	359.11	0
104	1	6	88	3	1	334.68	0
104	1	6	89	7	1	655.69	0
104	1	6	90	3	1	516.83	1
104	1	6	91	3	1	501.86	0
104	1	6	92	3	1	475.35	0
104	1	6	93	11	1	589.22	0
104	1	6	94	5	1	574.39	0
104	1	6	95	7	1	400.78	0
104	1	6	96	7	1	1017.9	0
104	1	6	97	11	1	416.34	0
104	1	6	98	1	1	409.64	0
104	1	6	99	5	1	492.24	0
104	1	6	100	9	1	409.84	0
104	1	6	101	11	1	506.32	0
104	1	6	102	5	1	502.75	0
104	1	6	103	7	0	921.67	0
104	1	6	104	3	1	350.41	0
104	1	6	105	3	1	413.74	0
104	1	6	106	5	1	923.63	0
104	1	6	107	9	1	472.6	0
104	1	6	108	11	0	1064	0
104	1	6	109	1	1	703.72	0
104	1	6	110	11	1	386.06	0
104	1	6	111	3	1	550.71	1
104	1	6	112	9	1	420.2	0
104	1	6	113	7	0	468.52	0
104	1	6	114	3	1	459.23	0
104	1	6	115	3	1	450.23	0
104	1	6	116	1	1	400.05	0
104	1	6	117	5	1	469.71	1
104	1	6	118	1	1	391.23	0
104	1	6	119	5	1	432.98	0
104	1	6	120	5	0	631.46	0
104	4	6	1	7	1	596.74	0
104	4	6	2	7	1	677.87	0
104	4	6	3	4	1	539.91	0
104	4	6	4	6	1	620.03	0
104	4	6	5	6	1	609.06	0
104	4	6	6	6	1	732.88	0
104	4	6	7	9	1	411.71	0
104	4	6	8	11	1	498.76	0
104	4	6	9	6	1	442.51	0
104	4	6	10	9	1	291.23	0
104	4	6	11	9	1	496.02	0
104	4	6	12	11	1	438.58	0
104	4	6	13	6	1	461.41	0
104	4	6	14	4	1	701.44	0
104	4	6	15	9	1	460.92	0
104	4	6	16	7	1	512.18	0
104	4	6	17	6	1	682	0
104	4	6	18	9	1	381.81	0
104	4	6	19	7	1	411.81	0
104	4	6	20	4	1	550.05	0
104	4	6	21	2	1	422.29	0
104	4	6	22	6	0	700.67	0
104	4	6	23	7	1	412.05	0
104	4	6	24	9	1	466.01	0
104	4	6	25	6	1	612.1	0
104	4	6	26	6	1	618.63	0
104	4	6	27	4	1	485.03	0
104	4	6	28	4	1	638.65	0
104	4	6	29	7	1	536.19	0
104	4	6	30	4	1	475.85	0
104	4	6	31	4	1	379.75	0
104	4	6	32	11	1	354.48	0
104	4	6	33	4	1	494.17	0
104	4	6	34	6	0	754.86	0
104	4	6	35	6	1	583.55	0
104	4	6	36	2	1	451.8	0
104	4	6	37	4	1	693.18	0
104	4	6	38	2	1	508.1	0
104	4	6	39	11	1	615.16	0
104	4	6	40	11	1	439.99	0
104	4	6	41	2	1	574.05	0
104	4	6	42	9	1	695	0
104	4	6	43	2	1	366.77	0
104	4	6	44	4	1	387.17	0
104	4	6	45	9	1	389.54	0
104	4	6	46	9	1	297.14	0
104	4	6	47	9	1	495.02	0
104	4	6	48	2	1	546.09	0
104	4	6	49	2	1	589.51	0
104	4	6	50	7	1	422.86	0
104	4	6	51	11	1	630.8	0
104	4	6	52	7	1	494.62	0
104	4	6	53	6	1	501.61	0
104	4	6	54	9	1	442.19	0
104	4	6	55	4	1	544.03	0
104	4	6	56	4	1	403.65	0
104	4	6	57	2	1	563.21	0
104	4	6	58	9	1	464.92	0
104	4	6	59	4	1	505.13	0
104	4	6	60	9	1	663.28	0
104	4	6	61	7	1	357.84	0
104	4	6	62	6	0	797.87	0
104	4	6	63	11	1	429.64	0
104	4	6	64	7	1	492.62	0
104	4	6	65	11	1	500.01	0
104	4	6	66	2	1	459.4	0
104	4	6	67	7	1	586.64	0
104	4	6	68	2	1	431.65	0
104	4	6	69	11	1	359.42	0
104	4	6	70	2	1	481.81	0
104	4	6	71	7	1	461.59	0
104	4	6	72	6	1	435.59	0
104	4	6	73	11	1	502.13	0
104	4	6	74	2	1	425.17	0
104	4	6	75	7	1	524.23	0
104	4	6	76	2	1	449.75	0
104	4	6	77	11	1	394.88	0
104	4	6	78	9	1	804.29	0
104	4	6	79	11	1	425.99	0
104	4	6	80	7	1	680.61	0
104	4	6	81	7	1	493.73	0
104	4	6	82	7	1	371.26	0
104	4	6	83	9	0	770.36	0
104	4	6	84	7	1	520.34	0
104	4	6	85	11	1	669.43	0
104	4	6	86	11	1	381.62	0
104	4	6	87	2	1	624.91	0
104	4	6	88	11	1	340.9	0
104	4	6	89	6	1	615.55	0
104	4	6	90	4	1	927.57	0
104	4	6	91	6	1	628.76	0
104	4	6	92	9	1	345.49	0
104	4	6	93	4	1	480.3	0
104	4	6	94	4	1	607.93	0
104	4	6	95	9	1	369.72	0
104	4	6	96	2	1	415.17	0
104	4	6	97	7	1	842.47	0
104	4	6	98	11	1	550.24	0
104	4	6	99	11	1	353.32	0
104	4	6	100	7	1	646.48	0
104	4	6	101	2	1	422.91	0
104	4	6	102	4	1	623.39	0
104	4	6	103	2	1	520.02	1
104	4	6	104	6	0	573.63	0
104	4	6	105	11	1	447.71	0
104	4	6	106	9	1	362.57	0
104	4	6	107	6	0	735.47	0
104	4	6	108	2	1	592.45	0
104	4	6	109	11	1	495.13	0
104	4	6	110	6	1	620.22	0
104	4	6	111	2	1	447.73	0
104	4	6	112	7	1	440.05	0
104	4	6	113	6	0	893.25	0
104	4	6	114	9	1	569.74	0
104	4	6	115	2	1	670.94	0
104	4	6	116	4	1	354.99	0
104	4	6	117	9	1	699.37	0
104	4	6	118	11	1	593.11	0
104	4	6	119	4	1	534.3	0
104	4	6	120	4	0	845.67	0
104	3	6	1	10	1	530.61	0
104	3	6	2	12	1	399.23	0
104	3	6	3	3	1	349.15	0
104	3	6	4	3	1	598.34	0
104	3	6	5	5	1	606.7	1
104	3	6	6	12	1	370.7	0
104	3	6	7	8	1	644.94	0
104	3	6	8	5	1	483.41	0
104	3	6	9	12	1	401.2	0
104	3	6	10	12	1	455.43	0
104	3	6	11	3	1	325.4	0
104	3	6	12	3	1	459.25	0
104	3	6	13	1	1	559.96	0
104	3	6	14	10	1	582.81	0
104	3	6	15	3	1	571.24	0
104	3	6	16	8	1	776.13	0
104	3	6	17	5	1	428.33	0
104	3	6	18	5	1	453.65	0
104	3	6	19	5	1	606.44	0
104	3	6	20	10	1	533.35	0
104	3	6	21	1	1	584.43	0
104	3	6	22	1	1	383.84	0
104	3	6	23	1	1	520.78	0
104	3	6	24	5	1	607.98	0
104	3	6	25	8	1	471.07	0
104	3	6	26	12	1	1274.8	0
104	3	6	27	8	0	660.19	0
104	3	6	28	8	1	904.09	0
104	3	6	29	10	1	522.83	0
104	3	6	30	1	1	417.79	0
104	3	6	31	1	1	672.59	0
104	3	6	32	8	1	742.65	0
104	3	6	33	5	1	388.96	0
104	3	6	34	12	1	492.86	0
104	3	6	35	12	1	459.84	0
104	3	6	36	8	1	879.02	0
104	3	6	37	5	1	490.58	0
104	3	6	38	3	1	485.8	0
104	3	6	39	5	1	445.72	0
104	3	6	40	12	1	496.69	0
104	3	6	41	5	1	535.85	0
104	3	6	42	3	1	623.39	0
104	3	6	43	10	1	573.41	0
104	3	6	44	1	1	411.02	0
104	3	6	45	1	1	493.29	0
104	3	6	46	10	1	346.51	0
104	3	6	47	12	1	508.45	0
104	3	6	48	10	1	370.94	0
104	3	6	49	3	1	456.12	0
104	3	6	50	8	1	550.43	0
104	3	6	51	12	1	368.1	0
104	3	6	52	1	1	360.53	0
104	3	6	53	3	1	559.15	0
104	3	6	54	10	1	652.18	0
104	3	6	55	3	1	524.25	0
104	3	6	56	5	1	965.14	0
104	3	6	57	5	1	470.6	0
104	3	6	58	10	1	679.95	0
104	3	6	59	5	1	362.13	0
104	3	6	60	12	1	553.57	0
104	3	6	61	1	1	396.09	0
104	3	6	62	3	1	355.46	0
104	3	6	63	10	1	641.13	0
104	3	6	64	8	1	439.74	0
104	3	6	65	5	1	453.21	0
104	3	6	66	1	1	434.44	0
104	3	6	67	12	1	511.15	0
104	3	6	68	8	1	592.05	0
104	3	6	69	1	1	439.89	0
104	3	6	70	1	1	476.84	0
104	3	6	71	3	1	738.92	0
104	3	6	72	5	1	605.92	0
104	3	6	73	10	1	600.29	0
104	3	6	74	3	1	741.85	0
104	3	6	75	12	1	462.41	0
104	3	6	76	8	1	595.33	0
104	3	6	77	3	1	448.42	0
104	3	6	78	8	1	1095.7	0
104	3	6	79	5	1	384.93	0
104	3	6	80	8	1	559.72	0
104	3	6	81	10	1	443.3	0
104	3	6	82	3	1	445.59	0
104	3	6	83	10	1	389.87	0
104	3	6	84	3	1	465.97	0
104	3	6	85	3	1	533.35	0
104	3	6	86	10	1	487.83	0
104	3	6	87	12	1	594.33	0
104	3	6	88	12	1	413.23	0
104	3	6	89	3	1	519.64	0
104	3	6	90	8	1	613.9	0
104	3	6	91	5	1	547.43	0
104	3	6	92	12	1	419.58	0
104	3	6	93	1	1	402.97	0
104	3	6	94	1	1	572.59	0
104	3	6	95	10	1	398.25	0
104	3	6	96	5	1	501.76	0
104	3	6	97	12	1	562.82	0
104	3	6	98	1	1	408.93	0
104	3	6	99	10	1	345.19	0
104	3	6	100	12	1	601.46	1
104	3	6	101	1	1	432.57	0
104	3	6	102	1	1	380.34	0
104	3	6	103	3	1	418.24	0
104	3	6	104	8	1	724.96	0
104	3	6	105	12	1	443	0
104	3	6	106	1	1	373.1	0
104	3	6	107	8	1	754.51	0
104	3	6	108	8	1	628.78	0
104	3	6	109	10	1	741.81	0
104	3	6	110	8	1	1062.4	0
104	3	6	111	5	1	668.42	0
104	3	6	112	8	1	517.44	0
104	3	6	113	3	1	742.32	0
104	3	6	114	12	1	562.23	0
104	3	6	115	10	0	919.37	0
104	3	6	116	8	1	643.78	0
104	3	6	117	5	1	550.74	0
104	3	6	118	10	1	620.17	0
104	3	6	119	1	1	426.89	0
104	3	6	120	10	1	461.94	0
104	5	6	1	10	1	606.88	0
104	5	6	2	12	1	613.56	0
104	5	6	3	1	1	515.29	0
104	5	6	4	3	1	955.8	0
104	5	6	5	3	1	785.92	0
104	5	6	6	10	1	413.82	0
104	5	6	7	7	1	692.31	0
104	5	6	8	5	0	706.1	0
104	5	6	9	7	1	537.02	0
104	5	6	10	8	0	461.07	0
104	5	6	11	10	1	580.08	0
104	5	6	12	8	0	806.75	0
104	5	6	13	4	1	516.82	0
104	5	6	14	9	1	525.03	0
104	5	6	15	2	1	387.07	0
104	5	6	16	9	1	538.91	0
104	5	6	17	4	1	614	0
104	5	6	18	12	1	368.4	0
104	5	6	19	3	1	328.17	0
104	5	6	20	2	1	467.61	0
104	5	6	21	11	1	662.73	0
104	5	6	22	1	1	574.57	0
104	5	6	23	8	1	554.7	0
104	5	6	24	7	1	518.32	0
104	5	6	25	9	1	727.28	0
104	5	6	26	8	1	620.59	0
104	5	6	27	6	0	632.73	0
104	5	6	28	1	1	533.5	0
104	5	6	29	10	1	414.16	0
104	5	6	30	1	1	460.4	0
104	5	6	31	12	1	534.96	0
104	5	6	32	7	1	726.58	0
104	5	6	33	4	1	533.12	0
104	5	6	34	9	1	370.96	0
104	5	6	35	12	1	716.33	0
104	5	6	36	6	1	1652	0
104	5	6	37	11	1	548.67	0
104	5	6	38	9	1	421.92	0
104	5	6	39	12	1	378.6	0
104	5	6	40	3	1	681.21	0
104	5	6	41	10	1	644.54	0
104	5	6	42	5	1	613.29	0
104	5	6	43	11	1	459.92	0
104	5	6	44	7	1	484.36	0
104	5	6	45	1	1	479.69	0
104	5	6	46	4	1	599.66	0
104	5	6	47	4	1	611.52	0
104	5	6	48	5	0	764.27	0
104	5	6	49	2	1	611.94	0
104	5	6	50	10	1	536.96	0
104	5	6	51	1	1	475.71	0
104	5	6	52	8	0	1383.5	0
104	5	6	53	2	1	378.47	0
104	5	6	54	11	1	580.96	1
104	5	6	55	3	1	467.43	0
104	5	6	56	6	0	647.47	0
104	5	6	57	12	1	370.71	0
104	5	6	58	3	1	445.42	0
104	5	6	59	5	0	733.03	0
104	5	6	60	4	1	843.97	0
104	5	6	61	9	1	415.5	0
104	5	6	62	10	0	467.35	0
104	5	6	63	10	1	534.54	0
104	5	6	64	6	1	1259.5	0
104	5	6	65	11	1	510.91	0
104	5	6	66	11	1	454.22	0
104	5	6	67	5	1	526.75	0
104	5	6	68	6	0	882.57	0
104	5	6	69	9	1	495.96	0
104	5	6	70	1	1	472.99	0
104	5	6	71	4	1	550.95	0
104	5	6	72	5	0	892.91	0
104	5	6	73	9	1	1233.4	0
104	5	6	74	5	1	534.6	0
104	5	6	75	5	0	723.73	0
104	5	6	76	4	1	537.55	0
104	5	6	77	6	1	563.27	0
104	5	6	78	8	1	972.6	0
104	5	6	79	7	0	525.62	0
104	5	6	80	12	1	371.8	0
104	5	6	81	3	1	790.22	0
104	5	6	82	8	1	616.87	0
104	5	6	83	7	1	777.45	0
104	5	6	84	12	0	561.71	0
104	5	6	85	2	1	430.86	0
104	5	6	86	1	1	455.07	0
104	5	6	87	12	1	434.37	0
104	5	6	88	10	1	498.58	0
104	5	6	89	1	1	634.39	0
104	5	6	90	11	1	361.03	0
104	5	6	91	6	0	710.71	0
104	5	6	92	11	1	321.91	0
104	5	6	93	7	1	791.74	0
104	5	6	94	2	1	539.92	0
104	5	6	95	4	1	418.01	0
104	5	6	96	6	1	549.1	0
104	5	6	97	2	1	555.89	0
104	5	6	98	11	1	425.87	0
104	5	6	99	1	1	503.77	0
104	5	6	100	2	0	722.22	0
104	5	6	101	10	1	438.61	0
104	5	6	102	7	1	608.67	0
104	5	6	103	2	1	365.41	0
104	5	6	104	9	1	430.24	0
104	5	6	105	3	1	768.02	0
104	5	6	106	5	0	402.32	0
104	5	6	107	2	0	657.44	0
104	5	6	108	12	1	688.54	0
104	5	6	109	8	1	904.83	0
104	5	6	110	9	1	552.12	0
104	5	6	111	7	1	664.43	0
104	5	6	112	8	0	849.14	0
104	5	6	113	8	1	624.72	0
104	5	6	114	11	1	646.13	0
104	5	6	115	6	1	610.35	0
104	5	6	116	6	1	1163.3	0
104	5	6	117	3	0	710.09	0
104	5	6	118	3	1	638.93	0
104	5	6	119	4	1	476.23	0
104	5	6	120	5	1	577.3	0
104	5	6	1	4	1	644.62	0
104	5	6	2	9	1	465.46	0
104	5	6	3	12	1	606.93	0
104	5	6	4	1	1	341.69	0
104	5	6	5	4	1	1035.9	0
104	5	6	6	12	1	464.12	0
104	5	6	7	1	1	694.54	0
104	5	6	8	4	1	660.37	0
104	5	6	9	6	1	623.55	0
104	5	6	10	5	1	581.65	0
104	5	6	11	11	1	535.02	1
104	5	6	12	8	0	597.22	0
104	5	6	13	2	1	708.98	0
104	5	6	14	3	0	468.04	0
104	5	6	15	7	1	1370.4	0
104	5	6	16	11	0	682.93	0
104	5	6	17	7	0	619.87	0
104	5	6	18	10	1	968.54	0
104	5	6	19	5	0	481.7	0
104	5	6	20	7	1	692.04	0
104	5	6	21	2	1	593.21	0
104	5	6	22	11	1	506.15	0
104	5	6	23	3	1	360.88	0
104	5	6	24	10	1	318.48	0
104	5	6	25	1	1	432.48	0
104	5	6	26	12	1	666.25	0
104	5	6	27	6	1	392.28	0
104	5	6	28	10	1	545.14	0
104	5	6	29	2	1	693.35	0
104	5	6	30	9	1	346.78	0
104	5	6	31	4	1	701.44	0
104	5	6	32	12	1	448.4	0
104	5	6	33	3	1	581.25	0
104	5	6	34	5	0	703.77	0
104	5	6	35	1	1	785.48	0
104	5	6	36	2	1	522.32	0
104	5	6	37	7	1	548.67	0
104	5	6	38	3	1	874.09	0
104	5	6	39	6	0	823.16	0
104	5	6	40	6	1	546.68	0
104	5	6	41	3	1	820.89	0
104	5	6	42	12	1	363.12	0
104	5	6	43	6	1	717.51	0
104	5	6	44	6	1	562.8	0
104	5	6	45	9	1	414.29	0
104	5	6	46	10	1	588.42	0
104	5	6	47	12	1	551.98	0
104	5	6	48	5	1	461.47	0
104	5	6	49	3	1	669.16	0
104	5	6	50	2	1	623.25	0
104	5	6	51	8	1	1703.5	0
104	5	6	52	9	0	945.55	0
104	5	6	53	3	1	509.82	0
104	5	6	54	1	1	753.33	0
104	5	6	55	8	1	587.79	0
104	5	6	56	9	1	877.5	0
104	5	6	57	8	0	713.26	0
104	5	6	58	6	1	663.75	0
104	5	6	59	2	1	512.84	0
104	5	6	60	6	1	761.59	0
104	5	6	61	2	1	458.6	0
104	5	6	62	11	1	448.4	0
104	5	6	63	7	1	593.45	0
104	5	6	64	7	1	632.71	0
104	5	6	65	8	1	594.53	0
104	5	6	66	7	0	615.27	0
104	5	6	67	6	1	954.34	0
104	5	6	68	1	1	661.75	0
104	5	6	69	11	1	485.78	0
104	5	6	70	8	0	705.32	0
104	5	6	71	11	1	403.44	0
104	5	6	72	9	1	419.84	0
104	5	6	73	4	1	387.73	0
104	5	6	74	5	1	670.44	0
104	5	6	75	4	1	933.67	0
104	5	6	76	11	1	477.84	0
104	5	6	77	4	1	402.04	0
104	5	6	78	9	1	356.89	0
104	5	6	79	2	1	504.89	0
104	5	6	80	9	1	294.1	0
104	5	6	81	10	1	477.36	0
104	5	6	82	3	1	412.35	0
104	5	6	83	9	1	526.72	0
104	5	6	84	7	1	868.28	0
104	5	6	85	12	1	584.87	0
104	5	6	86	10	1	458.78	0
104	5	6	87	8	0	592.41	0
104	5	6	88	10	1	471.16	0
104	5	6	89	3	1	503	0
104	5	6	90	3	0	790.49	0
104	5	6	91	7	1	603.71	0
104	5	6	92	5	1	535.85	0
104	5	6	93	12	1	567.91	0
104	5	6	94	4	1	698.07	0
104	5	6	95	5	0	1174.3	0
104	5	6	96	10	1	383.05	0
104	5	6	97	8	0	644.11	0
104	5	6	98	12	1	376.07	0
104	5	6	99	10	1	796.19	0
104	5	6	100	2	1	456.62	0
104	5	6	101	5	0	926.27	0
104	5	6	102	2	1	632.75	0
104	5	6	103	11	1	416.67	0
104	5	6	104	9	0	609.79	0
104	5	6	105	1	1	516.34	0
104	5	6	106	10	1	617.67	0
104	5	6	107	11	1	677.33	0
104	5	6	108	8	0	659.85	0
104	5	6	109	6	0	771.29	0
104	5	6	110	8	0	566.34	0
104	5	6	111	5	0	1145	0
104	5	6	112	11	1	732.12	1
104	5	6	113	4	1	550.63	0
104	5	6	114	1	1	575	0
104	5	6	115	1	1	533.94	0
104	5	6	116	4	1	567.22	0
104	5	6	117	12	1	523.97	0
104	5	6	118	7	0	784.95	0
104	5	6	119	1	1	604.94	0
104	5	6	120	5	1	788.68	0
