203,2,0,3,1,1,1,3,6,6,5,4,1,1,1,2.2519
203,2,0,3,1,1,2,9,6,12,5,4,2,2,1,2.3656
203,2,0,3,1,1,3,5,6,8,5,4,1,2,0,1.0503
203,2,0,3,1,1,4,3,6,6,5,4,1,1,1,0.80163
203,2,0,3,1,1,5,9,6,12,5,4,2,2,1,0.38228
203,2,0,3,1,1,6,9,6,12,5,4,2,2,1,0.48252
203,2,0,3,1,1,7,5,6,8,5,4,1,1,1,0.80107
203,2,0,3,1,1,8,3,6,6,5,4,1,1,1,0.61695
203,2,0,3,1,1,9,5,6,8,5,4,1,1,1,0.47114
203,2,0,3,1,1,10,11,6,14,5,4,2,2,1,0.42894
203,2,0,3,1,1,11,1,6,4,5,4,1,1,1,0.49649
203,2,0,3,1,1,12,1,6,4,5,4,1,1,1,0.38853
203,2,0,3,1,1,13,11,6,14,5,4,2,2,1,0.37371
203,2,0,3,1,1,14,7,6,10,5,4,2,1,0,0.58615
203,2,0,3,1,1,15,5,6,8,5,4,1,1,1,1.1271
203,2,0,3,1,1,16,11,6,14,5,4,2,2,1,0.4733
203,2,0,3,1,1,17,7,6,10,5,4,2,1,0,0.92892
203,2,0,3,1,1,18,11,6,14,5,4,2,2,1,0.51768
203,2,0,3,1,1,19,7,6,10,5,4,2,2,1,0.94931
203,2,0,3,1,1,20,1,6,4,5,4,1,1,1,0.55238
203,2,0,3,1,1,21,3,6,6,5,4,1,1,1,0.53018
203,2,0,3,1,1,22,9,6,12,5,4,2,2,1,0.98151
203,2,0,3,1,1,23,1,6,4,5,4,1,1,1,0.58756
203,2,0,3,1,1,24,7,6,10,5,4,2,2,1,2.3252
203,2,0,3,1,0,1,3,6,6,5,4,1,1,1,0.72557
203,2,0,3,1,0,2,5,6,8,5,4,1,1,1,1.5625
203,2,0,3,1,0,3,9,6,12,5,4,2,2,1,0.34757
203,2,0,3,1,0,4,11,6,14,5,4,2,2,1,0.57689
203,2,0,3,1,0,5,9,6,12,5,4,2,2,1,0.80014
203,2,0,3,1,0,6,9,6,12,5,4,2,2,1,0.4375
203,2,0,3,1,0,7,3,6,6,5,4,1,1,1,0.59175
203,2,0,3,1,0,8,5,6,8,5,4,1,1,1,0.51929
203,2,0,3,1,0,9,3,6,6,5,4,1,1,1,0.42549
203,2,0,3,1,0,10,5,6,8,5,4,1,1,1,0.54612
203,2,0,3,1,0,11,7,6,10,5,4,2,2,1,4.3931
203,2,0,3,1,0,12,7,6,10,5,4,2,2,1,0.35651
203,2,0,3,1,0,13,9,6,12,5,4,2,2,1,0.56276
203,2,0,3,1,0,14,7,6,10,5,4,2,2,1,0.45229
203,2,0,3,1,0,15,3,6,6,5,4,1,1,1,0.56489
203,2,0,3,1,0,16,7,6,10,5,4,2,2,1,0.76006
203,2,0,3,1,0,17,11,6,14,5,4,2,2,1,0.59106
203,2,0,3,1,0,18,1,6,4,5,4,1,1,1,0.6697
203,2,0,3,1,0,19,5,6,8,5,4,1,1,1,0.57072
203,2,0,3,1,0,20,1,6,4,5,4,1,1,1,0.50109
203,2,0,3,1,0,21,9,6,12,5,4,2,2,1,0.49062
203,2,0,3,1,0,22,5,6,8,5,4,1,1,1,1.7512
203,2,0,3,1,0,23,11,6,14,5,4,2,2,1,0.37216
203,2,0,3,1,0,24,3,6,6,5,4,1,1,1,0.64306
203,2,0,3,1,0,25,9,6,12,5,4,2,2,1,0.64239
203,2,0,3,1,0,26,3,6,6,5,4,1,1,1,0.71145
203,2,0,3,1,0,27,1,6,4,5,4,1,1,1,0.44328
203,2,0,3,1,0,28,1,6,4,5,4,1,1,1,0.40703
203,2,0,3,1,0,29,7,6,10,5,4,2,2,1,1.0368
203,2,0,3,1,0,30,1,6,4,5,4,1,1,1,0.4421
203,2,0,3,1,0,31,9,6,12,5,4,2,2,1,0.48122
203,2,0,3,1,0,32,1,6,4,5,4,1,1,1,0.49197
203,2,0,3,1,0,33,5,6,8,5,4,1,1,1,0.62576
203,2,0,3,1,0,34,5,6,8,5,4,1,1,1,1.5485
203,2,0,3,1,0,35,3,6,6,5,4,1,1,1,0.4932
203,2,0,3,1,0,36,5,6,8,5,4,1,1,1,0.42545
203,2,0,3,1,0,37,11,6,14,5,4,2,2,1,0.53148
203,2,0,3,1,0,38,1,6,4,5,4,1,1,1,0.48528
203,2,0,3,1,0,39,11,6,14,5,4,2,2,1,0.46028
203,2,0,3,1,0,40,9,6,12,5,4,2,2,1,0.42707
203,2,0,3,1,0,41,11,6,14,5,4,2,2,1,0.37464
203,2,0,3,1,0,42,3,6,6,5,4,1,1,1,0.52827
203,2,0,3,1,0,43,5,6,8,5,4,1,1,1,0.96981
203,2,0,3,1,0,44,3,6,6,5,4,1,1,1,0.49288
203,2,0,3,1,0,45,5,6,8,5,4,1,1,1,0.53658
203,2,0,3,1,0,46,3,6,6,5,4,1,1,1,0.49249
203,2,0,3,1,0,47,1,6,4,5,4,1,1,1,0.41321
203,2,0,3,1,0,48,3,6,6,5,4,1,1,1,0.41658
203,2,0,3,1,0,49,7,6,10,5,4,2,2,1,1.1121
203,2,0,3,1,0,50,9,6,12,5,4,2,2,1,0.51503
203,2,0,3,1,0,51,7,6,10,5,4,2,2,1,1.2669
203,2,0,3,1,0,52,1,6,4,5,4,1,1,1,0.57408
203,2,0,3,1,0,53,9,6,12,5,4,2,2,1,0.52084
203,2,0,3,1,0,54,1,6,4,5,4,1,1,1,0.465
203,2,0,3,1,0,55,11,6,14,5,4,2,2,1,0.50327
203,2,0,3,1,0,56,11,6,14,5,4,2,2,1,0.44827
203,2,0,3,1,0,57,7,6,10,5,4,2,2,1,1.5643
203,2,0,3,1,0,58,1,6,4,5,4,1,1,1,0.54619
203,2,0,3,1,0,59,3,6,6,5,4,1,1,1,0.49511
203,2,0,3,1,0,60,9,6,12,5,4,2,2,1,0.45273
203,2,0,3,1,0,61,9,6,12,5,4,2,2,1,0.42984
203,2,0,3,1,0,62,3,6,6,5,4,1,1,1,0.78889
203,2,0,3,1,0,63,5,6,8,5,4,1,1,1,1.1085
203,2,0,3,1,0,64,11,6,14,5,4,2,2,1,0.42666
203,2,0,3,1,0,65,7,6,10,5,4,2,2,1,0.87738
203,2,0,3,1,0,66,1,6,4,5,4,1,1,1,0.49017
203,2,0,3,1,0,67,3,6,6,5,4,1,1,1,0.43986
203,2,0,3,1,0,68,11,6,14,5,4,2,2,1,0.4428
203,2,0,3,1,0,69,5,6,8,5,4,1,1,1,1.3636
203,2,0,3,1,0,70,5,6,8,5,4,1,1,1,0.41129
203,2,0,3,1,0,71,7,6,10,5,4,2,2,1,1.4586
203,2,0,3,1,0,72,11,6,14,5,4,2,2,1,0.45219
203,2,0,3,1,0,73,7,6,10,5,4,2,2,1,1.1297
203,2,0,3,1,0,74,1,6,4,5,4,1,1,1,0.59074
203,2,0,3,1,0,75,7,6,10,5,4,2,2,1,1.0969
203,2,0,3,1,0,76,1,6,4,5,4,1,1,1,0.53441
203,2,0,3,1,0,77,3,6,6,5,4,1,1,1,0.50238
203,2,0,3,1,0,78,1,6,4,5,4,1,1,1,0.49979
203,2,0,3,1,0,79,11,6,14,5,4,2,2,1,0.47187
203,2,0,3,1,0,80,7,6,10,5,4,2,2,1,1.1807
203,2,0,3,1,0,81,1,6,4,5,4,1,1,1,0.59021
203,2,0,3,1,0,82,7,6,10,5,4,2,2,1,0.74464
203,2,0,3,1,0,83,11,6,14,5,4,2,2,1,0.48654
203,2,0,3,1,0,84,11,6,14,5,4,2,2,1,1.0214
203,2,0,3,1,0,85,5,6,8,5,4,1,1,1,2.1911
203,2,0,3,1,0,86,9,6,12,5,4,2,2,1,0.44351
203,2,0,3,1,0,87,7,6,10,5,4,2,2,1,0.94146
203,2,0,3,1,0,88,1,6,4,5,4,1,1,1,0.54696
203,2,0,3,1,0,89,5,6,8,5,4,1,1,1,0.69172
203,2,0,3,1,0,90,7,6,10,5,4,2,2,1,0.68337
203,2,0,3,1,0,91,3,6,6,5,4,1,1,1,0.80765
203,2,0,3,1,0,92,3,6,6,5,4,1,1,1,0.80233
203,2,0,3,1,0,93,11,6,14,5,4,2,2,1,0.43654
203,2,0,3,1,0,94,11,6,14,5,4,2,2,1,0.3865
203,2,0,3,1,0,95,7,6,10,5,4,2,2,1,1.1642
203,2,0,3,1,0,96,9,6,12,5,4,2,2,1,0.35997
203,2,0,3,1,0,97,7,6,10,5,4,2,2,1,1.1376
203,2,0,3,1,0,98,5,6,8,5,4,1,1,1,4.0317
203,2,0,3,1,0,99,9,6,12,5,4,2,2,1,0.52784
203,2,0,3,1,0,100,1,6,4,5,4,1,1,1,0.58352
203,2,0,3,1,0,101,1,6,4,5,4,1,1,1,0.41182
203,2,0,3,1,0,102,7,6,10,5,4,2,2,1,1.1128
203,2,0,3,1,0,103,11,6,14,5,4,2,2,1,0.47481
203,2,0,3,1,0,104,9,6,12,5,4,2,2,1,0.40508
203,2,0,3,1,0,105,1,6,4,5,4,1,1,1,0.63736
203,2,0,3,1,0,106,5,6,8,5,4,1,1,1,0.72947
203,2,0,3,1,0,107,9,6,12,5,4,2,2,1,0.60957
203,2,0,3,1,0,108,7,6,10,5,4,2,2,1,0.51846
203,2,0,3,1,0,109,5,6,8,5,4,1,1,1,0.90057
203,2,0,3,1,0,110,3,6,6,5,4,1,1,1,0.5628
203,2,0,3,1,0,111,11,6,14,5,4,2,2,1,0.5791
203,2,0,3,1,0,112,5,6,8,5,4,1,1,1,1.0163
203,2,0,3,1,0,113,11,6,14,5,4,2,2,1,0.45233
203,2,0,3,1,0,114,3,6,6,5,4,1,1,1,0.74475
203,2,0,3,1,0,115,9,6,12,5,4,2,2,1,0.64353
203,2,0,3,1,0,116,9,6,12,5,4,2,2,1,0.42794
203,2,0,3,1,0,117,9,6,12,5,4,2,2,1,0.36059
203,2,0,3,1,0,118,11,6,14,5,4,2,2,1,0.38694
203,2,0,3,1,0,119,5,6,8,5,4,1,1,1,0.85196
203,2,0,3,1,0,120,3,6,6,5,4,1,1,1,0.50226
203,2,0,3,2,1,1,10,6,12,6,4,2,1,0,1.4078
203,2,0,3,2,1,2,10,6,12,6,4,2,2,1,0.60387
203,2,0,3,2,1,3,12,6,14,6,4,2,2,1,0.49956
203,2,0,3,2,1,4,6,6,8,6,4,1,1,1,1.3661
203,2,0,3,2,1,5,12,6,14,6,4,2,2,1,0.59192
203,2,0,3,2,1,6,6,6,8,6,4,1,1,1,0.95346
203,2,0,3,2,1,7,12,6,14,6,4,2,2,1,0.38192
203,2,0,3,2,1,8,8,6,10,6,4,2,2,1,1.0287
203,2,0,3,2,1,9,8,6,10,6,4,2,2,1,0.88231
203,2,0,3,2,1,10,4,6,6,6,4,1,1,1,0.59435
203,2,0,3,2,1,11,4,6,6,6,4,1,1,1,0.44437
203,2,0,3,2,1,12,6,6,8,6,4,1,1,1,0.47441
203,2,0,3,2,1,13,8,6,10,6,4,2,2,1,1.6809
203,2,0,3,2,1,14,2,6,4,6,4,1,1,1,0.51781
203,2,0,3,2,1,15,6,6,8,6,4,1,1,1,1.6315
203,2,0,3,2,1,16,12,6,14,6,4,2,2,1,0.43991
203,2,0,3,2,1,17,2,6,4,6,4,1,1,1,0.59373
203,2,0,3,2,1,18,10,6,12,6,4,2,2,1,0.53486
203,2,0,3,2,1,19,10,6,12,6,4,2,2,1,0.61546
203,2,0,3,2,1,20,2,6,4,6,4,1,1,1,0.83432
203,2,0,3,2,1,21,8,6,10,6,4,2,2,1,1.6537
203,2,0,3,2,1,22,4,6,6,6,4,1,1,1,1.086
203,2,0,3,2,1,23,2,6,4,6,4,1,1,1,0.4676
203,2,0,3,2,1,24,4,6,6,6,4,1,1,1,0.48834
203,2,0,3,2,0,1,4,6,6,6,4,1,1,1,2.5028
203,2,0,3,2,0,2,4,6,6,6,4,1,1,1,0.38742
203,2,0,3,2,0,3,2,6,4,6,4,1,1,1,0.41099
203,2,0,3,2,0,4,12,6,14,6,4,2,2,1,0.41994
203,2,0,3,2,0,5,10,6,12,6,4,2,2,1,0.31991
203,2,0,3,2,0,6,6,6,8,6,4,1,2,0,1.3935
203,2,0,3,2,0,7,12,6,14,6,4,2,2,1,0.51579
203,2,0,3,2,0,8,2,6,4,6,4,1,1,1,0.57882
203,2,0,3,2,0,9,10,6,12,6,4,2,2,1,0.53123
203,2,0,3,2,0,10,2,6,4,6,4,1,1,1,0.54782
203,2,0,3,2,0,11,2,6,4,6,4,1,1,1,0.96419
203,2,0,3,2,0,12,8,6,10,6,4,2,2,1,0.92061
203,2,0,3,2,0,13,2,6,4,6,4,1,1,1,0.51649
203,2,0,3,2,0,14,2,6,4,6,4,1,1,1,0.55816
203,2,0,3,2,0,15,4,6,6,6,4,1,1,1,0.61863
203,2,0,3,2,0,16,12,6,14,6,4,2,2,1,0.55357
203,2,0,3,2,0,17,6,6,8,6,4,1,1,1,2.2588
203,2,0,3,2,0,18,8,6,10,6,4,2,2,1,0.95055
203,2,0,3,2,0,19,12,6,14,6,4,2,2,1,0.5631
203,2,0,3,2,0,20,12,6,14,6,4,2,2,1,0.45936
203,2,0,3,2,0,21,12,6,14,6,4,2,2,1,0.72401
203,2,0,3,2,0,22,8,6,10,6,4,2,2,1,1.0219
203,2,0,3,2,0,23,10,6,12,6,4,2,2,1,0.51216
203,2,0,3,2,0,24,6,6,8,6,4,1,1,1,1.2462
203,2,0,3,2,0,25,10,6,12,6,4,2,2,1,0.62597
203,2,0,3,2,0,26,6,6,8,6,4,1,1,1,1.1147
203,2,0,3,2,0,27,8,6,10,6,4,2,2,1,1.1629
203,2,0,3,2,0,28,12,6,14,6,4,2,2,1,0.52486
203,2,0,3,2,0,29,4,6,6,6,4,1,1,1,0.61406
203,2,0,3,2,0,30,8,6,10,6,4,2,2,1,1.2655
203,2,0,3,2,0,31,8,6,10,6,4,2,2,1,0.95651
203,2,0,3,2,0,32,12,6,14,6,4,2,2,1,0.45781
203,2,0,3,2,0,33,10,6,12,6,4,2,2,1,0.76212
203,2,0,3,2,0,34,8,6,10,6,4,2,2,1,0.99619
203,2,0,3,2,0,35,8,6,10,6,4,2,2,1,1.0331
203,2,0,3,2,0,36,10,6,12,6,4,2,2,1,0.65637
203,2,0,3,2,0,37,6,6,8,6,4,1,1,1,0.93639
203,2,0,3,2,0,38,8,6,10,6,4,2,2,1,0.82802
203,2,0,3,2,0,39,6,6,8,6,4,1,1,1,0.74632
203,2,0,3,2,0,40,2,6,4,6,4,1,1,1,0.78822
203,2,0,3,2,0,41,4,6,6,6,4,1,1,1,0.49168
203,2,0,3,2,0,42,4,6,6,6,4,1,1,1,0.41203
203,2,0,3,2,0,43,4,6,6,6,4,1,1,1,0.37451
203,2,0,3,2,0,44,8,6,10,6,4,2,2,1,0.67024
203,2,0,3,2,0,45,10,6,12,6,4,2,2,1,0.45157
203,2,0,3,2,0,46,4,6,6,6,4,1,1,1,0.76386
203,2,0,3,2,0,47,12,6,14,6,4,2,2,1,0.39598
203,2,0,3,2,0,48,8,6,10,6,4,2,2,1,0.7784
203,2,0,3,2,0,49,2,6,4,6,4,1,1,1,0.6037
203,2,0,3,2,0,50,4,6,6,6,4,1,1,1,0.32301
203,2,0,3,2,0,51,12,6,14,6,4,2,2,1,0.52586
203,2,0,3,2,0,52,4,6,6,6,4,1,1,1,0.62207
203,2,0,3,2,0,53,10,6,12,6,4,2,2,1,0.42959
203,2,0,3,2,0,54,6,6,8,6,4,1,1,1,3.167
203,2,0,3,2,0,55,12,6,14,6,4,2,2,1,0.4172
203,2,0,3,2,0,56,10,6,12,6,4,2,2,1,0.76848
203,2,0,3,2,0,57,4,6,6,6,4,1,2,0,0.41783
203,2,0,3,2,0,58,10,6,12,6,4,2,2,1,0.45796
203,2,0,3,2,0,59,4,6,6,6,4,1,1,1,0.3987
203,2,0,3,2,0,60,10,6,12,6,4,2,2,1,0.92999
203,2,0,3,2,0,61,8,6,10,6,4,2,2,1,0.77599
203,2,0,3,2,0,62,12,6,14,6,4,2,2,1,0.39699
203,2,0,3,2,0,63,2,6,4,6,4,1,1,1,0.55327
203,2,0,3,2,0,64,10,6,12,6,4,2,2,1,0.4817
203,2,0,3,2,0,65,6,6,8,6,4,1,1,1,0.90905
203,2,0,3,2,0,66,6,6,8,6,4,1,1,1,0.44266
203,2,0,3,2,0,67,4,6,6,6,4,1,1,1,0.45691
203,2,0,3,2,0,68,12,6,14,6,4,2,2,1,0.50642
203,2,0,3,2,0,69,12,6,14,6,4,2,2,1,0.50216
203,2,0,3,2,0,70,6,6,8,6,4,1,1,1,0.7421
203,2,0,3,2,0,71,8,6,10,6,4,2,2,1,1.0509
203,2,0,3,2,0,72,6,6,8,6,4,1,1,1,0.5992
203,2,0,3,2,0,73,2,6,4,6,4,1,1,1,0.58374
203,2,0,3,2,0,74,4,6,6,6,4,1,1,1,0.43925
203,2,0,3,2,0,75,8,6,10,6,4,2,2,1,0.92888
203,2,0,3,2,0,76,12,6,14,6,4,2,2,1,0.4835
203,2,0,3,2,0,77,12,6,14,6,4,2,2,1,0.8132
203,2,0,3,2,0,78,2,6,4,6,4,1,1,1,0.47463
203,2,0,3,2,0,79,4,6,6,6,4,1,1,1,0.44105
203,2,0,3,2,0,80,8,6,10,6,4,2,2,1,1.263
203,2,0,3,2,0,81,2,6,4,6,4,1,1,1,1.1354
203,2,0,3,2,0,82,8,6,10,6,4,2,2,1,0.71862
203,2,0,3,2,0,83,12,6,14,6,4,2,2,1,0.46123
203,2,0,3,2,0,84,2,6,4,6,4,1,1,1,0.53638
203,2,0,3,2,0,85,4,6,6,6,4,1,1,1,1.0479
203,2,0,3,2,0,86,8,6,10,6,4,2,2,1,0.80839
203,2,0,3,2,0,87,6,6,8,6,4,1,1,1,1.7591
203,2,0,3,2,0,88,10,6,12,6,4,2,2,1,0.59599
203,2,0,3,2,0,89,12,6,14,6,4,2,2,1,0.46071
203,2,0,3,2,0,90,12,6,14,6,4,2,2,1,0.38483
203,2,0,3,2,0,91,2,6,4,6,4,1,1,1,0.69429
203,2,0,3,2,0,92,6,6,8,6,4,1,1,1,1.0366
203,2,0,3,2,0,93,2,6,4,6,4,1,1,1,0.39463
203,2,0,3,2,0,94,10,6,12,6,4,2,2,1,0.46806
203,2,0,3,2,0,95,10,6,12,6,4,2,2,1,0.43475
203,2,0,3,2,0,96,6,6,8,6,4,1,1,1,0.6843
203,2,0,3,2,0,97,2,6,4,6,4,1,1,1,0.46259
203,2,0,3,2,0,98,6,6,8,6,4,1,1,1,1.5866
203,2,0,3,2,0,99,2,6,4,6,4,1,1,1,0.46714
203,2,0,3,2,0,100,8,6,10,6,4,2,2,1,0.61075
203,2,0,3,2,0,101,10,6,12,6,4,2,2,1,0.50268
203,2,0,3,2,0,102,6,6,8,6,4,1,2,0,1.9938
203,2,0,3,2,0,103,2,6,4,6,4,1,1,1,0.5362
203,2,0,3,2,0,104,4,6,6,6,4,1,1,1,0.52175
203,2,0,3,2,0,105,8,6,10,6,4,2,2,1,1.0777
203,2,0,3,2,0,106,2,6,4,6,4,1,1,1,0.58281
203,2,0,3,2,0,107,6,6,8,6,4,1,1,1,0.99473
203,2,0,3,2,0,108,8,6,10,6,4,2,2,1,0.84323
203,2,0,3,2,0,109,10,6,12,6,4,2,2,1,0.53878
203,2,0,3,2,0,110,4,6,6,6,4,1,1,1,0.47805
203,2,0,3,2,0,111,10,6,12,6,4,2,2,1,0.45779
203,2,0,3,2,0,112,2,6,4,6,4,1,1,1,0.47966
203,2,0,3,2,0,113,6,6,8,6,4,1,1,1,1.1908
203,2,0,3,2,0,114,12,6,14,6,4,2,2,1,0.86706
203,2,0,3,2,0,115,4,6,6,6,4,1,1,1,0.47263
203,2,0,3,2,0,116,10,6,12,6,4,2,2,1,0.78172
203,2,0,3,2,0,117,6,6,8,6,4,1,1,1,1.7876
203,2,0,3,2,0,118,10,6,12,6,4,2,2,1,0.55902
203,2,0,3,2,0,119,6,6,8,6,4,1,1,1,1.0097
203,2,0,3,2,0,120,4,6,6,6,4,1,1,1,0.56832
203,2,0,3,5,1,1,2,6,4,6,4,1,1,1,1.08
203,2,0,3,5,1,2,12,6,14,6,4,2,2,1,0.5086
203,2,0,3,5,1,3,6,6,8,6,4,1,2,0,1.7051
203,2,0,3,5,1,4,1,6,4,5,4,1,1,1,1.2851
203,2,0,3,5,1,5,6,6,8,6,4,1,1,1,1.7866
203,2,0,3,5,1,6,1,6,4,5,4,1,1,1,0.48565
203,2,0,3,5,1,7,12,6,14,6,4,2,2,1,0.56887
203,2,0,3,5,1,8,4,6,6,6,4,1,1,1,0.46248
203,2,0,3,5,1,9,5,6,8,5,4,1,1,1,1.3491
203,2,0,3,5,1,10,10,6,12,6,4,2,2,1,0.53484
203,2,0,3,5,1,11,11,6,14,5,4,2,2,1,0.46693
203,2,0,3,5,1,12,7,6,10,5,4,2,2,1,2.5532
203,2,0,3,5,1,13,10,6,12,6,4,2,2,1,0.90881
203,2,0,3,5,1,14,8,6,10,6,4,2,1,0,1.4998
203,2,0,3,5,1,15,2,6,4,6,4,1,1,1,0.90985
203,2,0,3,5,1,16,7,6,10,5,4,2,2,1,2.7015
203,2,0,3,5,1,17,3,6,6,5,4,1,1,1,0.55312
203,2,0,3,5,1,18,9,6,12,5,4,2,2,1,0.864
203,2,0,3,5,1,19,4,6,6,6,4,1,1,1,0.62659
203,2,0,3,5,1,20,3,6,6,5,4,1,1,1,0.57787
203,2,0,3,5,1,21,5,6,8,5,4,1,1,1,0.8037
203,2,0,3,5,1,22,8,6,10,6,4,2,2,1,1.7263
203,2,0,3,5,1,23,11,6,14,5,4,2,2,1,0.48349
203,2,0,3,5,1,24,9,6,12,5,4,2,2,1,0.55802
203,2,0,3,5,0,1,9,6,12,5,4,2,2,1,0.69878
203,2,0,3,5,0,2,9,6,12,5,4,2,2,1,0.67951
203,2,0,3,5,0,3,1,6,4,5,4,1,1,1,0.87822
203,2,0,3,5,0,4,9,6,12,5,4,2,2,1,0.5549
203,2,0,3,5,0,5,3,6,6,5,4,1,1,1,0.57855
203,2,0,3,5,0,6,11,6,14,5,4,2,2,1,0.59806
203,2,0,3,5,0,7,12,6,14,6,4,2,2,1,0.8423
203,2,0,3,5,0,8,10,6,12,6,4,2,2,1,0.58638
203,2,0,3,5,0,9,8,6,10,6,4,2,2,1,0.40676
203,2,0,3,5,0,10,7,6,10,5,4,2,2,1,0.82836
203,2,0,3,5,0,11,4,6,6,6,4,1,1,1,0.5711
203,2,0,3,5,0,12,9,6,12,5,4,2,2,1,0.46944
203,2,0,3,5,0,13,9,6,12,5,4,2,2,1,0.88161
203,2,0,3,5,0,14,11,6,14,5,4,2,2,1,0.45504
203,2,0,3,5,0,15,3,6,6,5,4,1,1,1,0.57895
203,2,0,3,5,0,16,10,6,12,6,4,2,2,1,0.69047
203,2,0,3,5,0,17,4,6,6,6,4,1,1,1,0.85121
203,2,0,3,5,0,18,12,6,14,6,4,2,2,1,0.437
203,2,0,3,5,0,19,4,6,6,6,4,1,1,1,0.59944
203,2,0,3,5,0,20,3,6,6,5,4,1,1,1,1.2001
203,2,0,3,5,0,21,2,6,4,6,4,1,1,1,0.46921
203,2,0,3,5,0,22,3,6,6,5,4,1,1,1,0.38588
203,2,0,3,5,0,23,10,6,12,6,4,2,2,1,0.47038
203,2,0,3,5,0,24,2,6,4,6,4,1,1,1,0.89581
203,2,0,3,5,0,25,1,6,4,5,4,1,1,1,0.53207
203,2,0,3,5,0,26,7,6,10,5,4,2,2,1,0.50981
203,2,0,3,5,0,27,4,6,6,6,4,1,1,1,0.57645
203,2,0,3,5,0,28,11,6,14,5,4,2,2,1,0.47683
203,2,0,3,5,0,29,5,6,8,5,4,1,1,1,0.7688
203,2,0,3,5,0,30,1,6,4,5,4,1,1,1,0.73931
203,2,0,3,5,0,31,4,6,6,6,4,1,1,1,0.44469
203,2,0,3,5,0,32,1,6,4,5,4,1,1,1,0.48574
203,2,0,3,5,0,33,3,6,6,5,4,1,1,1,0.31569
203,2,0,3,5,0,34,5,6,8,5,4,1,1,1,0.45063
203,2,0,3,5,0,35,4,6,6,6,4,1,1,1,0.73984
203,2,0,3,5,0,36,11,6,14,5,4,2,2,1,0.41528
203,2,0,3,5,0,37,11,6,14,5,4,2,2,1,0.37231
203,2,0,3,5,0,38,11,6,14,5,4,2,2,1,0.41812
203,2,0,3,5,0,39,5,6,8,5,4,1,1,1,0.53727
203,2,0,3,5,0,40,6,6,8,6,4,1,1,1,0.38016
203,2,0,3,5,0,41,4,6,6,6,4,1,1,1,0.35887
203,2,0,3,5,0,42,12,6,14,6,4,2,2,1,0.3857
203,2,0,3,5,0,43,5,6,8,5,4,1,1,1,0.74575
203,2,0,3,5,0,44,3,6,6,5,4,1,1,1,0.50982
203,2,0,3,5,0,45,10,6,12,6,4,2,2,1,0.81636
203,2,0,3,5,0,46,12,6,14,6,4,2,2,1,0.44641
203,2,0,3,5,0,47,5,6,8,5,4,1,1,1,0.76069
203,2,0,3,5,0,48,7,6,10,5,4,2,2,1,0.73986
203,2,0,3,5,0,49,3,6,6,5,4,1,1,1,0.41909
203,2,0,3,5,0,50,11,6,14,5,4,2,2,1,0.39617
203,2,0,3,5,0,51,2,6,4,6,4,1,1,1,0.76839
203,2,0,3,5,0,52,8,6,10,6,4,2,1,0,2.0247
203,2,0,3,5,0,53,1,6,4,5,4,1,1,1,0.4428
203,2,0,3,5,0,54,9,6,12,5,4,2,2,1,0.50384
203,2,0,3,5,0,55,8,6,10,6,4,2,2,1,0.67801
203,2,0,3,5,0,56,11,6,14,5,4,2,2,1,0.39182
203,2,0,3,5,0,57,8,6,10,6,4,2,2,1,0.48595
203,2,0,3,5,0,58,8,6,10,6,4,2,2,1,0.62523
203,2,0,3,5,0,59,12,6,14,6,4,2,2,1,0.54784
203,2,0,3,5,0,60,6,6,8,6,4,1,2,0,1.6781
203,2,0,3,5,0,61,1,6,4,5,4,1,1,1,0.4437
203,2,0,3,5,0,62,6,6,8,6,4,1,1,1,1.2888
203,2,0,3,5,0,63,7,6,10,5,4,2,2,1,0.83447
203,2,0,3,5,0,64,3,6,6,5,4,1,1,1,0.53948
203,2,0,3,5,0,65,6,6,8,6,4,1,1,1,0.52883
203,2,0,3,5,0,66,9,6,12,5,4,2,2,1,0.747
203,2,0,3,5,0,67,8,6,10,6,4,2,2,1,1.4766
203,2,0,3,5,0,68,1,6,4,5,4,1,1,1,0.46581
203,2,0,3,5,0,69,10,6,12,6,4,2,2,1,0.46271
203,2,0,3,5,0,70,5,6,8,5,4,1,2,0,2.2119
203,2,0,3,5,0,71,2,6,4,6,4,1,1,1,0.5261
203,2,0,3,5,0,72,3,6,6,5,4,1,1,1,0.40672
203,2,0,3,5,0,73,11,6,14,5,4,2,2,1,0.48099
203,2,0,3,5,0,74,5,6,8,5,4,1,1,1,0.58575
203,2,0,3,5,0,75,6,6,8,6,4,1,1,1,0.5353
203,2,0,3,5,0,76,7,6,10,5,4,2,2,1,0.61188
203,2,0,3,5,0,77,7,6,10,5,4,2,2,1,0.93698
203,2,0,3,5,0,78,10,6,12,6,4,2,2,1,0.4071
203,2,0,3,5,0,79,12,6,14,6,4,2,2,1,0.419
203,2,0,3,5,0,80,10,6,12,6,4,2,2,1,0.41236
203,2,0,3,5,0,81,2,6,4,6,4,1,1,1,0.44131
203,2,0,3,5,0,82,3,6,6,5,4,1,1,1,0.31809
203,2,0,3,5,0,83,6,6,8,6,4,1,1,1,1.38
203,2,0,3,5,0,84,9,6,12,5,4,2,2,1,0.46846
203,2,0,3,5,0,85,2,6,4,6,4,1,1,1,0.55387
203,2,0,3,5,0,86,8,6,10,6,4,2,2,1,1.9119
203,2,0,3,5,0,87,5,6,8,5,4,1,1,1,1.4593
203,2,0,3,5,0,88,1,6,4,5,4,1,1,1,0.5118
203,2,0,3,5,0,89,10,6,12,6,4,2,2,1,0.50552
203,2,0,3,5,0,90,6,6,8,6,4,1,2,0,1.0854
203,2,0,3,5,0,91,4,6,6,6,4,1,1,1,0.56826
203,2,0,3,5,0,92,6,6,8,6,4,1,1,1,0.62432
203,2,0,3,5,0,93,12,6,14,6,4,2,2,1,0.41525
203,2,0,3,5,0,94,5,6,8,5,4,1,1,1,0.88613
203,2,0,3,5,0,95,2,6,4,6,4,1,1,1,0.72949
203,2,0,3,5,0,96,12,6,14,6,4,2,2,1,0.87889
203,2,0,3,5,0,97,6,6,8,6,4,1,2,0,1.7916
203,2,0,3,5,0,98,7,6,10,5,4,2,1,0,0.79205
203,2,0,3,5,0,99,7,6,10,5,4,2,2,1,0.79463
203,2,0,3,5,0,100,10,6,12,6,4,2,2,1,0.61096
203,2,0,3,5,0,101,4,6,6,6,4,1,1,1,0.72481
203,2,0,3,5,0,102,9,6,12,5,4,2,2,1,0.74397
203,2,0,3,5,0,103,8,6,10,6,4,2,2,1,0.62049
203,2,0,3,5,0,104,1,6,4,5,4,1,1,1,0.52706
203,2,0,3,5,0,105,9,6,12,5,4,2,2,1,0.68878
203,2,0,3,5,0,106,11,6,14,5,4,2,2,1,0.57774
203,2,0,3,5,0,107,2,6,4,6,4,1,1,1,0.51086
203,2,0,3,5,0,108,12,6,14,6,4,2,2,1,0.46591
203,2,0,3,5,0,109,5,6,8,5,4,1,1,1,2.3039
203,2,0,3,5,0,110,1,6,4,5,4,1,1,1,0.55792
203,2,0,3,5,0,111,7,6,10,5,4,2,2,1,0.87619
203,2,0,3,5,0,112,7,6,10,5,4,2,2,1,0.65204
203,2,0,3,5,0,113,2,6,4,6,4,1,1,1,0.5275
203,2,0,3,5,0,114,6,6,8,6,4,1,1,1,0.95716
203,2,0,3,5,0,115,10,6,12,6,4,2,2,1,0.80277
203,2,0,3,5,0,116,8,6,10,6,4,2,2,1,1.2343
203,2,0,3,5,0,117,8,6,10,6,4,2,2,1,0.54052
203,2,0,3,5,0,118,2,6,4,6,4,1,1,1,0.51418
203,2,0,3,5,0,119,4,6,6,6,4,1,1,1,0.44425
203,2,0,3,5,0,120,12,6,14,6,4,2,2,1,0.52079
203,2,0,3,6,0,1,1,6,4,5,4,1,1,1,2.0858
203,2,0,3,6,0,2,2,6,4,6,4,1,1,1,0.52837
203,2,0,3,6,0,3,5,6,8,5,4,1,1,1,0.73791
203,2,0,3,6,0,4,6,6,8,6,4,1,1,1,0.43954
203,2,0,3,6,0,5,4,6,6,6,4,1,1,1,0.44324
203,2,0,3,6,0,6,9,6,12,5,4,2,2,1,0.41921
203,2,0,3,6,0,7,3,6,6,5,4,1,1,1,0.70825
203,2,0,3,6,0,8,2,6,4,6,4,1,1,1,0.40742
203,2,0,3,6,0,9,1,6,4,5,4,1,1,1,0.46456
203,2,0,3,6,0,10,10,6,12,6,4,2,2,1,0.5235
203,2,0,3,6,0,11,6,6,8,6,4,1,2,0,2.5189
203,2,0,3,6,0,12,12,6,14,6,4,2,2,1,0.47915
203,2,0,3,6,0,13,10,6,12,6,4,2,2,1,0.43285
203,2,0,3,6,0,14,2,6,4,6,4,1,1,1,0.58421
203,2,0,3,6,0,15,10,6,12,6,4,2,2,1,0.67796
203,2,0,3,6,0,16,11,6,14,5,4,2,2,1,0.40255
203,2,0,3,6,0,17,4,6,6,6,4,1,1,1,0.5714
203,2,0,3,6,0,18,7,6,10,5,4,2,2,1,0.72524
203,2,0,3,6,0,19,10,6,12,6,4,2,2,1,0.43308
203,2,0,3,6,0,20,10,6,12,6,4,2,2,1,0.33561
203,2,0,3,6,0,21,10,6,12,6,4,2,2,1,0.33949
203,2,0,3,6,0,22,11,6,14,5,4,2,2,1,0.32376
203,2,0,3,6,0,23,5,6,8,5,4,1,1,1,2.0976
203,2,0,3,6,0,24,3,6,6,5,4,1,1,1,0.39839
203,2,0,3,6,0,25,2,6,4,6,4,1,1,1,0.56032
203,2,0,3,6,0,26,12,6,14,6,4,2,2,1,0.45134
203,2,0,3,6,0,27,11,6,14,5,4,2,2,1,0.39679
203,2,0,3,6,0,28,12,6,14,6,4,2,2,1,0.42217
203,2,0,3,6,0,29,2,6,4,6,4,1,1,1,0.5608
203,2,0,3,6,0,30,8,6,10,6,4,2,2,1,1.5581
203,2,0,3,6,0,31,2,6,4,6,4,1,1,1,0.50446
203,2,0,3,6,0,32,1,6,4,5,4,1,1,1,0.33425
203,2,0,3,6,0,33,6,6,8,6,4,1,1,1,1.606
203,2,0,3,6,0,34,7,6,10,5,4,2,2,1,0.83271
203,2,0,3,6,0,35,3,6,6,5,4,1,1,1,0.60039
203,2,0,3,6,0,36,3,6,6,5,4,1,1,1,0.87419
203,2,0,3,6,0,37,5,6,8,5,4,1,1,1,1.4446
203,2,0,3,6,0,38,2,6,4,6,4,1,1,1,0.49575
203,2,0,3,6,0,39,4,6,6,6,4,1,1,1,0.33401
203,2,0,3,6,0,40,10,6,12,6,4,2,2,1,0.50833
203,2,0,3,6,0,41,11,6,14,5,4,2,2,1,0.41299
203,2,0,3,6,0,42,9,6,12,5,4,2,2,1,0.52857
203,2,0,3,6,0,43,10,6,12,6,4,2,2,1,0.736
203,2,0,3,6,0,44,12,6,14,6,4,2,2,1,0.36089
203,2,0,3,6,0,45,4,6,6,6,4,1,1,1,0.55639
203,2,0,3,6,0,46,8,6,10,6,4,2,2,1,0.90274
203,2,0,3,6,0,47,10,6,12,6,4,2,2,1,0.53643
203,2,0,3,6,0,48,9,6,12,5,4,2,2,1,0.57024
203,2,0,3,6,0,49,9,6,12,5,4,2,2,1,0.33764
203,2,0,3,6,0,50,7,6,10,5,4,2,2,1,0.90631
203,2,0,3,6,0,51,3,6,6,5,4,1,1,1,0.57607
203,2,0,3,6,0,52,7,6,10,5,4,2,2,1,0.78568
203,2,0,3,6,0,53,9,6,12,5,4,2,2,1,0.39239
203,2,0,3,6,0,54,11,6,14,5,4,2,2,1,0.40135
203,2,0,3,6,0,55,4,6,6,6,4,1,1,1,0.60068
203,2,0,3,6,0,56,1,6,4,5,4,1,1,1,0.36922
203,2,0,3,6,0,57,1,6,4,5,4,1,1,1,0.32177
203,2,0,3,6,0,58,2,6,4,6,4,1,1,1,0.45647
203,2,0,3,6,0,59,5,6,8,5,4,1,1,1,0.67959
203,2,0,3,6,0,60,4,6,6,6,4,1,1,1,1.1028
203,2,0,3,6,0,61,12,6,14,6,4,2,2,1,0.42556
203,2,0,3,6,0,62,9,6,12,5,4,2,2,1,0.38672
203,2,0,3,6,0,63,8,6,10,6,4,2,2,1,0.81162
203,2,0,3,6,0,64,12,6,14,6,4,2,2,1,0.33652
203,2,0,3,6,0,65,4,6,6,6,4,1,1,1,0.52886
203,2,0,3,6,0,66,2,6,4,6,4,1,1,1,0.49552
203,2,0,3,6,0,67,8,6,10,6,4,2,2,1,0.70862
203,2,0,3,6,0,68,1,6,4,5,4,1,1,1,0.50398
203,2,0,3,6,0,69,7,6,10,5,4,2,2,1,0.87038
203,2,0,3,6,0,70,6,6,8,6,4,1,2,0,1.1933
203,2,0,3,6,0,71,5,6,8,5,4,1,1,1,0.79809
203,2,0,3,6,0,72,11,6,14,5,4,2,2,1,0.41495
203,2,0,3,6,0,73,5,6,8,5,4,1,1,1,0.58367
203,2,0,3,6,0,74,9,6,12,5,4,2,2,1,0.58519
203,2,0,3,6,0,75,9,6,12,5,4,2,2,1,0.33959
203,2,0,3,6,0,76,1,6,4,5,4,1,1,1,0.55325
203,2,0,3,6,0,77,3,6,6,5,4,1,1,1,0.34916
203,2,0,3,6,0,78,11,6,14,5,4,2,2,1,0.56785
203,2,0,3,6,0,79,6,6,8,6,4,1,1,1,1.2804
203,2,0,3,6,0,80,4,6,6,6,4,1,1,1,0.46048
203,2,0,3,6,0,81,11,6,14,5,4,2,2,1,0.70298
203,2,0,3,6,0,82,4,6,6,6,4,1,1,1,0.47174
203,2,0,3,6,0,83,7,6,10,5,4,2,2,1,1.1492
203,2,0,3,6,0,84,3,6,6,5,4,1,1,1,0.61609
203,2,0,3,6,0,85,6,6,8,6,4,1,1,1,1.2183
203,2,0,3,6,0,86,8,6,10,6,4,2,2,1,0.73148
203,2,0,3,6,0,87,3,6,6,5,4,1,1,1,0.54005
203,2,0,3,6,0,88,1,6,4,5,4,1,1,1,0.34303
203,2,0,3,6,0,89,6,6,8,6,4,1,1,1,1.2256
203,2,0,3,6,0,90,6,6,8,6,4,1,1,1,0.54589
203,2,0,3,6,0,91,1,6,4,5,4,1,1,1,0.47512
203,2,0,3,6,0,92,7,6,10,5,4,2,2,1,0.72369
203,2,0,3,6,0,93,9,6,12,5,4,2,2,1,0.34527
203,2,0,3,6,0,94,5,6,8,5,4,1,1,1,1.1716
203,2,0,3,6,0,95,5,6,8,5,4,1,1,1,0.38585
203,2,0,3,6,0,96,12,6,14,6,4,2,2,1,0.4432
203,2,0,3,6,0,97,12,6,14,6,4,2,2,1,0.46498
203,2,0,3,6,0,98,7,6,10,5,4,2,2,1,0.92059
203,2,0,3,6,0,99,12,6,14,6,4,2,2,1,0.46055
203,2,0,3,6,0,100,2,6,4,6,4,1,1,1,0.50481
203,2,0,3,6,0,101,8,6,10,6,4,2,2,1,1.0584
203,2,0,3,6,0,102,5,6,8,5,4,1,1,1,0.44318
203,2,0,3,6,0,103,8,6,10,6,4,2,2,1,0.70519
203,2,0,3,6,0,104,6,6,8,6,4,1,2,0,0.76966
203,2,0,3,6,0,105,5,6,8,5,4,1,1,1,1.1327
203,2,0,3,6,0,106,8,6,10,6,4,2,2,1,0.6328
203,2,0,3,6,0,107,11,6,14,5,4,2,2,1,0.3728
203,2,0,3,6,0,108,11,6,14,5,4,2,2,1,0.34912
203,2,0,3,6,0,109,6,6,8,6,4,1,1,1,1.4298
203,2,0,3,6,0,110,7,6,10,5,4,2,1,0,2.0703
203,2,0,3,6,0,111,7,6,10,5,4,2,2,1,0.58941
203,2,0,3,6,0,112,8,6,10,6,4,2,2,1,0.76503
203,2,0,3,6,0,113,9,6,12,5,4,2,2,1,0.51527
203,2,0,3,6,0,114,1,6,4,5,4,1,1,1,0.5765
203,2,0,3,6,0,115,12,6,14,6,4,2,2,1,0.53918
203,2,0,3,6,0,116,10,6,12,6,4,2,2,1,0.45564
203,2,0,3,6,0,117,3,6,6,5,4,1,1,1,0.65
203,2,0,3,6,0,118,4,6,6,6,4,1,1,1,1.4682
203,2,0,3,6,0,119,8,6,10,6,4,2,2,1,1.0115
203,2,0,3,6,0,120,3,6,6,5,4,1,1,1,0.60085
203,2,0,3,4,1,1,9,6,12,5,4,2,2,1,0.60813
203,2,0,3,4,1,2,11,6,14,5,4,2,2,1,0.39613
203,2,0,3,4,1,3,2,6,4,6,4,1,1,1,0.41667
203,2,0,3,4,1,4,6,6,8,6,4,1,2,0,2.2031
203,2,0,3,4,1,5,2,6,4,6,4,1,1,1,0.73542
203,2,0,3,4,1,6,7,6,10,5,4,2,2,1,0.49843
203,2,0,3,4,1,7,9,6,12,5,4,2,2,1,0.71946
203,2,0,3,4,1,8,2,6,4,6,4,1,1,1,0.44506
203,2,0,3,4,1,9,7,6,10,5,4,2,2,1,1.2295
203,2,0,3,4,1,10,4,6,6,6,4,1,1,1,0.93121
203,2,0,3,4,1,11,11,6,14,5,4,2,2,1,0.45221
203,2,0,3,4,1,12,11,6,14,5,4,2,2,1,0.39529
203,2,0,3,4,1,13,2,6,4,6,4,1,1,1,0.52654
203,2,0,3,4,1,14,9,6,12,5,4,2,2,1,0.36225
203,2,0,3,4,1,15,4,6,6,6,4,1,1,1,0.86411
203,2,0,3,4,1,16,4,6,6,6,4,1,1,1,0.36746
203,2,0,3,4,1,17,7,6,10,5,4,2,2,1,0.54767
203,2,0,3,4,1,18,11,6,14,5,4,2,2,1,0.5224
203,2,0,3,4,1,19,6,6,8,6,4,1,2,0,2.4126
203,2,0,3,4,1,20,7,6,10,5,4,2,2,1,0.60349
203,2,0,3,4,1,21,6,6,8,6,4,1,1,1,0.70577
203,2,0,3,4,1,22,6,6,8,6,4,1,1,1,0.34082
203,2,0,3,4,1,23,9,6,12,5,4,2,2,1,0.41426
203,2,0,3,4,1,24,4,6,6,6,4,1,1,1,0.59003
203,2,0,3,4,0,1,7,6,10,5,4,2,2,1,0.74032
203,2,0,3,4,0,2,7,6,10,5,4,2,2,1,0.60374
203,2,0,3,4,0,3,7,6,10,5,4,2,2,1,0.48114
203,2,0,3,4,0,4,4,6,6,6,4,1,1,1,0.52651
203,2,0,3,4,0,5,9,6,12,5,4,2,2,1,0.67065
203,2,0,3,4,0,6,7,6,10,5,4,2,2,1,0.60609
203,2,0,3,4,0,7,11,6,14,5,4,2,2,1,0.57191
203,2,0,3,4,0,8,2,6,4,6,4,1,1,1,1.4301
203,2,0,3,4,0,9,2,6,4,6,4,1,1,1,0.69665
203,2,0,3,4,0,10,7,6,10,5,4,2,2,1,0.71817
203,2,0,3,4,0,11,4,6,6,6,4,1,1,1,0.5309
203,2,0,3,4,0,12,6,6,8,6,4,1,1,1,2.0232
203,2,0,3,4,0,13,2,6,4,6,4,1,1,1,0.3878
203,2,0,3,4,0,14,6,6,8,6,4,1,1,1,0.51849
203,2,0,3,4,0,15,11,6,14,5,4,2,2,1,0.41113
203,2,0,3,4,0,16,9,6,12,5,4,2,2,1,0.50878
203,2,0,3,4,0,17,11,6,14,5,4,2,2,1,0.55002
203,2,0,3,4,0,18,2,6,4,6,4,1,1,1,0.71382
203,2,0,3,4,0,19,11,6,14,5,4,2,2,1,0.51799
203,2,0,3,4,0,20,2,6,4,6,4,1,1,1,0.70429
203,2,0,3,4,0,21,6,6,8,6,4,1,2,0,1.8395
203,2,0,3,4,0,22,2,6,4,6,4,1,1,1,2.419
203,2,0,3,4,0,23,7,6,10,5,4,2,2,1,0.66544
203,2,0,3,4,0,24,2,6,4,6,4,1,1,1,0.60414
203,2,0,3,4,0,25,4,6,6,6,4,1,1,1,0.36127
203,2,0,3,4,0,26,9,6,12,5,4,2,2,1,0.47576
203,2,0,3,4,0,27,11,6,14,5,4,2,2,1,0.45443
203,2,0,3,4,0,28,9,6,12,5,4,2,2,1,0.41964
203,2,0,3,4,0,29,6,6,8,6,4,1,1,1,1.3221
203,2,0,3,4,0,30,6,6,8,6,4,1,1,1,0.4609
203,2,0,3,4,0,31,6,6,8,6,4,1,1,1,0.48563
203,2,0,3,4,0,32,4,6,6,6,4,1,1,1,0.41495
203,2,0,3,4,0,33,9,6,12,5,4,2,2,1,0.63034
203,2,0,3,4,0,34,2,6,4,6,4,1,1,1,0.59599
203,2,0,3,4,0,35,11,6,14,5,4,2,2,1,0.44513
203,2,0,3,4,0,36,6,6,8,6,4,1,1,1,0.42214
203,2,0,3,4,0,37,4,6,6,6,4,1,1,1,0.62086
203,2,0,3,4,0,38,9,6,12,5,4,2,2,1,0.62986
203,2,0,3,4,0,39,7,6,10,5,4,2,2,1,0.36055
203,2,0,3,4,0,40,9,6,12,5,4,2,2,1,0.33014
203,2,0,3,4,0,41,7,6,10,5,4,2,2,1,0.40296
203,2,0,3,4,0,42,11,6,14,5,4,2,2,1,0.34291
203,2,0,3,4,0,43,9,6,12,5,4,2,2,1,0.37442
203,2,0,3,4,0,44,6,6,8,6,4,1,1,1,0.87033
203,2,0,3,4,0,45,4,6,6,6,4,1,1,1,0.61268
203,2,0,3,4,0,46,11,6,14,5,4,2,2,1,0.46358
203,2,0,3,4,0,47,2,6,4,6,4,1,1,1,0.70851
203,2,0,3,4,0,48,7,6,10,5,4,2,2,1,1.6654
203,2,0,3,4,0,49,6,6,8,6,4,1,1,1,0.94651
203,2,0,3,4,0,50,4,6,6,6,4,1,1,1,0.41656
203,2,0,3,4,0,51,6,6,8,6,4,1,1,1,0.39163
203,2,0,3,4,0,52,11,6,14,5,4,2,2,1,0.74949
203,2,0,3,4,0,53,6,6,8,6,4,1,1,1,0.88628
203,2,0,3,4,0,54,11,6,14,5,4,2,2,1,0.83217
203,2,0,3,4,0,55,6,6,8,6,4,1,2,0,1.0262
203,2,0,3,4,0,56,6,6,8,6,4,1,1,1,0.45358
203,2,0,3,4,0,57,11,6,14,5,4,2,2,1,0.45897
203,2,0,3,4,0,58,4,6,6,6,4,1,1,1,0.52789
203,2,0,3,4,0,59,6,6,8,6,4,1,1,1,0.43759
203,2,0,3,4,0,60,9,6,12,5,4,2,2,1,0.45783
203,2,0,3,4,0,61,9,6,12,5,4,2,2,1,0.42431
203,2,0,3,4,0,62,11,6,14,5,4,2,2,1,0.41974
203,2,0,3,4,0,63,2,6,4,6,4,1,1,1,0.50772
203,2,0,3,4,0,64,7,6,10,5,4,2,2,1,0.61402
203,2,0,3,4,0,65,9,6,12,5,4,2,2,1,0.81565
203,2,0,3,4,0,66,6,6,8,6,4,1,1,1,0.87419
203,2,0,3,4,0,67,4,6,6,6,4,1,1,1,0.37344
203,2,0,3,4,0,68,9,6,12,5,4,2,2,1,0.44532
203,2,0,3,4,0,69,9,6,12,5,4,2,2,1,0.60475
203,2,0,3,4,0,70,9,6,12,5,4,2,2,1,0.44645
203,2,0,3,4,0,71,2,6,4,6,4,1,1,1,0.54897
203,2,0,3,4,0,72,4,6,6,6,4,1,1,1,0.48781
203,2,0,3,4,0,73,4,6,6,6,4,1,1,1,0.49887
203,2,0,3,4,0,74,6,6,8,6,4,1,1,1,0.38292
203,2,0,3,4,0,75,6,6,8,6,4,1,1,1,0.56056
203,2,0,3,4,0,76,11,6,14,5,4,2,2,1,0.74608
203,2,0,3,4,0,77,4,6,6,6,4,1,1,1,0.45758
203,2,0,3,4,0,78,4,6,6,6,4,1,1,1,0.49623
203,2,0,3,4,0,79,4,6,6,6,4,1,1,1,0.54403
203,2,0,3,4,0,80,9,6,12,5,4,2,2,1,0.5386
203,2,0,3,4,0,81,9,6,12,5,4,2,2,1,0.37095
203,2,0,3,4,0,82,6,6,8,6,4,1,1,1,2.5113
203,2,0,3,4,0,83,4,6,6,6,4,1,1,1,0.62031
203,2,0,3,4,0,84,11,6,14,5,4,2,2,1,0.83636
203,2,0,3,4,0,85,7,6,10,5,4,2,2,1,0.99717
203,2,0,3,4,0,86,4,6,6,6,4,1,1,1,0.39605
203,2,0,3,4,0,87,2,6,4,6,4,1,1,1,0.52086
203,2,0,3,4,0,88,7,6,10,5,4,2,2,1,0.61262
203,2,0,3,4,0,89,4,6,6,6,4,1,1,1,1.0902
203,2,0,3,4,0,90,7,6,10,5,4,2,2,1,0.40484
203,2,0,3,4,0,91,2,6,4,6,4,1,1,1,0.53326
203,2,0,3,4,0,92,9,6,12,5,4,2,2,1,0.45404
203,2,0,3,4,0,93,11,6,14,5,4,2,2,1,0.47658
203,2,0,3,4,0,94,11,6,14,5,4,2,2,1,0.36145
203,2,0,3,4,0,95,7,6,10,5,4,2,2,1,0.37709
203,2,0,3,4,0,96,11,6,14,5,4,2,2,1,0.37432
203,2,0,3,4,0,97,4,6,6,6,4,1,1,1,0.50465
203,2,0,3,4,0,98,4,6,6,6,4,1,1,1,1.4801
203,2,0,3,4,0,99,9,6,12,5,4,2,2,1,0.49084
203,2,0,3,4,0,100,2,6,4,6,4,1,1,1,0.48763
203,2,0,3,4,0,101,7,6,10,5,4,2,2,1,0.46117
203,2,0,3,4,0,102,2,6,4,6,4,1,1,1,0.51671
203,2,0,3,4,0,103,7,6,10,5,4,2,2,1,0.65961
203,2,0,3,4,0,104,2,6,4,6,4,1,1,1,0.45522
203,2,0,3,4,0,105,2,6,4,6,4,1,1,1,0.64992
203,2,0,3,4,0,106,7,6,10,5,4,2,2,1,0.79517
203,2,0,3,4,0,107,6,6,8,6,4,1,2,0,0.51316
203,2,0,3,4,0,108,2,6,4,6,4,1,1,1,0.57367
203,2,0,3,4,0,109,7,6,10,5,4,2,2,1,0.5426
203,2,0,3,4,0,110,2,6,4,6,4,1,1,1,0.60897
203,2,0,3,4,0,111,9,6,12,5,4,2,2,1,0.47106
203,2,0,3,4,0,112,9,6,12,5,4,2,2,1,0.65396
203,2,0,3,4,0,113,11,6,14,5,4,2,2,1,0.44064
203,2,0,3,4,0,114,6,6,8,6,4,1,1,1,1.251
203,2,0,3,4,0,115,4,6,6,6,4,1,1,1,0.38689
203,2,0,3,4,0,116,7,6,10,5,4,2,2,1,0.65855
203,2,0,3,4,0,117,7,6,10,5,4,2,2,1,0.37842
203,2,0,3,4,0,118,11,6,14,5,4,2,2,1,0.66216
203,2,0,3,4,0,119,2,6,4,6,4,1,1,1,0.49731
203,2,0,3,4,0,120,11,6,14,5,4,2,2,1,0.43414
203,2,0,3,3,1,1,5,6,8,5,4,1,1,1,1.8725
203,2,0,3,3,1,2,3,6,6,5,4,1,1,1,0.51862
203,2,0,3,3,1,3,12,6,14,6,4,2,2,1,0.49025
203,2,0,3,3,1,4,8,6,10,6,4,2,1,0,0.54746
203,2,0,3,3,1,5,5,6,8,5,4,1,1,1,0.92573
203,2,0,3,3,1,6,8,6,10,6,4,2,2,1,1.2405
203,2,0,3,3,1,7,1,6,4,5,4,1,1,1,0.54333
203,2,0,3,3,1,8,8,6,10,6,4,2,2,1,0.54881
203,2,0,3,3,1,9,1,6,4,5,4,1,1,1,0.49638
203,2,0,3,3,1,10,10,6,12,6,4,2,2,1,0.46298
203,2,0,3,3,1,11,10,6,12,6,4,2,2,1,0.39623
203,2,0,3,3,1,12,12,6,14,6,4,2,2,1,0.55195
203,2,0,3,3,1,13,10,6,12,6,4,2,2,1,0.40993
203,2,0,3,3,1,14,3,6,6,5,4,1,1,1,0.69687
203,2,0,3,3,1,15,1,6,4,5,4,1,1,1,0.47934
203,2,0,3,3,1,16,3,6,6,5,4,1,1,1,0.30241
203,2,0,3,3,1,17,5,6,8,5,4,1,1,1,0.63013
203,2,0,3,3,1,18,12,6,14,6,4,2,2,1,0.56434
203,2,0,3,3,1,19,10,6,12,6,4,2,2,1,0.3218
203,2,0,3,3,1,20,1,6,4,5,4,1,1,1,0.7429
203,2,0,3,3,1,21,5,6,8,5,4,1,1,1,0.89914
203,2,0,3,3,1,22,8,6,10,6,4,2,2,1,1.0927
203,2,0,3,3,1,23,3,6,6,5,4,1,1,1,0.54069
203,2,0,3,3,1,24,12,6,14,6,4,2,2,1,0.44796
203,2,0,3,3,0,1,3,6,6,5,4,1,1,1,0.61712
203,2,0,3,3,0,2,12,6,14,6,4,2,2,1,0.63719
203,2,0,3,3,0,3,3,6,6,5,4,1,1,1,0.46796
203,2,0,3,3,0,4,5,6,8,5,4,1,1,1,0.52045
203,2,0,3,3,0,5,1,6,4,5,4,1,1,1,0.51624
203,2,0,3,3,0,6,3,6,6,5,4,1,1,1,0.39741
203,2,0,3,3,0,7,5,6,8,5,4,1,1,1,0.40062
203,2,0,3,3,0,8,5,6,8,5,4,1,1,1,0.46904
203,2,0,3,3,0,9,3,6,6,5,4,1,1,1,0.30702
203,2,0,3,3,0,10,5,6,8,5,4,1,1,1,0.35785
203,2,0,3,3,0,11,12,6,14,6,4,2,2,1,0.40029
203,2,0,3,3,0,12,1,6,4,5,4,1,1,1,0.40505
203,2,0,3,3,0,13,8,6,10,6,4,2,2,1,1.05
203,2,0,3,3,0,14,8,6,10,6,4,2,2,1,0.42083
203,2,0,3,3,0,15,12,6,14,6,4,2,2,1,0.55193
203,2,0,3,3,0,16,1,6,4,5,4,1,1,1,0.49166
203,2,0,3,3,0,17,10,6,12,6,4,2,2,1,0.43377
203,2,0,3,3,0,18,5,6,8,5,4,1,2,0,2.0469
203,2,0,3,3,0,19,3,6,6,5,4,1,1,1,0.47909
203,2,0,3,3,0,20,3,6,6,5,4,1,1,1,0.41619
203,2,0,3,3,0,21,8,6,10,6,4,2,2,1,0.59041
203,2,0,3,3,0,22,1,6,4,5,4,1,1,1,0.65065
203,2,0,3,3,0,23,8,6,10,6,4,2,2,1,0.68228
203,2,0,3,3,0,24,1,6,4,5,4,1,1,1,0.52856
203,2,0,3,3,0,25,5,6,8,5,4,1,1,1,0.83987
203,2,0,3,3,0,26,5,6,8,5,4,1,1,1,0.69028
203,2,0,3,3,0,27,12,6,14,6,4,2,2,1,0.52657
203,2,0,3,3,0,28,10,6,12,6,4,2,2,1,0.44527
203,2,0,3,3,0,29,8,6,10,6,4,2,2,1,0.80054
203,2,0,3,3,0,30,12,6,14,6,4,2,2,1,0.45931
203,2,0,3,3,0,31,10,6,12,6,4,2,2,1,0.62216
203,2,0,3,3,0,32,1,6,4,5,4,1,1,1,0.87842
203,2,0,3,3,0,33,12,6,14,6,4,2,2,1,0.57706
203,2,0,3,3,0,34,8,6,10,6,4,2,2,1,1.1442
203,2,0,3,3,0,35,1,6,4,5,4,1,1,1,0.8213
203,2,0,3,3,0,36,10,6,12,6,4,2,2,1,0.66759
203,2,0,3,3,0,37,12,6,14,6,4,2,2,1,0.48789
203,2,0,3,3,0,38,3,6,6,5,4,1,1,1,0.84564
203,2,0,3,3,0,39,5,6,8,5,4,1,1,1,1.0967
203,2,0,3,3,0,40,1,6,4,5,4,1,1,1,0.58137
203,2,0,3,3,0,41,3,6,6,5,4,1,1,1,0.52919
203,2,0,3,3,0,42,10,6,12,6,4,2,2,1,0.56007
203,2,0,3,3,0,43,10,6,12,6,4,2,2,1,0.39373
203,2,0,3,3,0,44,3,6,6,5,4,1,1,1,0.56315
203,2,0,3,3,0,45,8,6,10,6,4,2,2,1,1.7919
203,2,0,3,3,0,46,3,6,6,5,4,1,1,1,0.43729
203,2,0,3,3,0,47,1,6,4,5,4,1,1,1,0.37999
203,2,0,3,3,0,48,12,6,14,6,4,2,2,1,0.48186
203,2,0,3,3,0,49,8,6,10,6,4,2,2,1,1.1776
203,2,0,3,3,0,50,1,6,4,5,4,1,1,1,0.53104
203,2,0,3,3,0,51,3,6,6,5,4,1,1,1,0.41843
203,2,0,3,3,0,52,10,6,12,6,4,2,2,1,0.53691
203,2,0,3,3,0,53,8,6,10,6,4,2,2,1,1.286
203,2,0,3,3,0,54,8,6,10,6,4,2,2,1,0.6515
203,2,0,3,3,0,55,5,6,8,5,4,1,2,0,1.5843
203,2,0,3,3,0,56,12,6,14,6,4,2,2,1,0.49168
203,2,0,3,3,0,57,8,6,10,6,4,2,2,1,0.62363
203,2,0,3,3,0,58,12,6,14,6,4,2,2,1,0.4493
203,2,0,3,3,0,59,5,6,8,5,4,1,1,1,1.2014
203,2,0,3,3,0,60,10,6,12,6,4,2,2,1,0.49056
203,2,0,3,3,0,61,8,6,10,6,4,2,2,1,0.71501
203,2,0,3,3,0,62,1,6,4,5,4,1,1,1,0.51064
203,2,0,3,3,0,63,12,6,14,6,4,2,2,1,0.4866
203,2,0,3,3,0,64,3,6,6,5,4,1,1,1,0.50786
203,2,0,3,3,0,65,3,6,6,5,4,1,1,1,0.43452
203,2,0,3,3,0,66,8,6,10,6,4,2,2,1,0.8335
203,2,0,3,3,0,67,12,6,14,6,4,2,2,1,0.61424
203,2,0,3,3,0,68,10,6,12,6,4,2,2,1,0.42898
203,2,0,3,3,0,69,1,6,4,5,4,1,1,1,0.5843
203,2,0,3,3,0,70,3,6,6,5,4,1,1,1,0.6095
203,2,0,3,3,0,71,3,6,6,5,4,1,1,1,0.41511
203,2,0,3,3,0,72,8,6,10,6,4,2,2,1,0.45727
203,2,0,3,3,0,73,5,6,8,5,4,1,1,1,2.3171
203,2,0,3,3,0,74,10,6,12,6,4,2,2,1,0.40416
203,2,0,3,3,0,75,5,6,8,5,4,1,1,1,0.52262
203,2,0,3,3,0,76,1,6,4,5,4,1,1,1,0.52206
203,2,0,3,3,0,77,5,6,8,5,4,1,1,1,0.37296
203,2,0,3,3,0,78,1,6,4,5,4,1,1,1,0.34771
203,2,0,3,3,0,79,8,6,10,6,4,2,2,1,0.43744
203,2,0,3,3,0,80,3,6,6,5,4,1,1,1,0.49481
203,2,0,3,3,0,81,1,6,4,5,4,1,1,1,0.88711
203,2,0,3,3,0,82,5,6,8,5,4,1,1,1,0.57096
203,2,0,3,3,0,83,5,6,8,5,4,1,1,1,0.55509
203,2,0,3,3,0,84,3,6,6,5,4,1,1,1,0.40764
203,2,0,3,3,0,85,10,6,12,6,4,2,2,1,0.54421
203,2,0,3,3,0,86,10,6,12,6,4,2,2,1,0.48922
203,2,0,3,3,0,87,1,6,4,5,4,1,1,1,0.83098
203,2,0,3,3,0,88,12,6,14,6,4,2,2,1,0.45208
203,2,0,3,3,0,89,12,6,14,6,4,2,2,1,0.49184
203,2,0,3,3,0,90,5,6,8,5,4,1,1,1,0.85913
203,2,0,3,3,0,91,3,6,6,5,4,1,1,1,0.63368
203,2,0,3,3,0,92,12,6,14,6,4,2,2,1,0.54243
203,2,0,3,3,0,93,10,6,12,6,4,2,2,1,0.42524
203,2,0,3,3,0,94,10,6,12,6,4,2,2,1,0.43948
203,2,0,3,3,0,95,8,6,10,6,4,2,2,1,1.1127
203,2,0,3,3,0,96,12,6,14,6,4,2,2,1,0.41202
203,2,0,3,3,0,97,12,6,14,6,4,2,2,1,0.46869
203,2,0,3,3,0,98,10,6,12,6,4,2,2,1,0.35581
203,2,0,3,3,0,99,5,6,8,5,4,1,1,1,1.7556
203,2,0,3,3,0,100,1,6,4,5,4,1,1,1,0.46985
203,2,0,3,3,0,101,10,6,12,6,4,2,2,1,0.58365
203,2,0,3,3,0,102,1,6,4,5,4,1,1,1,0.54634
203,2,0,3,3,0,103,3,6,6,5,4,1,1,1,0.39869
203,2,0,3,3,0,104,5,6,8,5,4,1,1,1,0.34223
203,2,0,3,3,0,105,10,6,12,6,4,2,2,1,0.38074
203,2,0,3,3,0,106,8,6,10,6,4,2,2,1,0.39797
203,2,0,3,3,0,107,1,6,4,5,4,1,1,1,0.58207
203,2,0,3,3,0,108,8,6,10,6,4,2,2,1,0.77596
203,2,0,3,3,0,109,12,6,14,6,4,2,2,1,0.58491
203,2,0,3,3,0,110,3,6,6,5,4,1,1,1,0.57709
203,2,0,3,3,0,111,10,6,12,6,4,2,2,1,0.42737
203,2,0,3,3,0,112,8,6,10,6,4,2,2,1,0.78875
203,2,0,3,3,0,113,12,6,14,6,4,2,2,1,0.55228
203,2,0,3,3,0,114,1,6,4,5,4,1,1,1,0.66932
203,2,0,3,3,0,115,10,6,12,6,4,2,2,1,0.48395
203,2,0,3,3,0,116,8,6,10,6,4,2,2,1,0.9097
203,2,0,3,3,0,117,5,6,8,5,4,1,1,1,0.58983
203,2,0,3,3,0,118,5,6,8,5,4,1,1,1,0.54305
203,2,0,3,3,0,119,12,6,14,6,4,2,2,1,0.48431
203,2,0,3,3,0,120,10,6,12,6,4,2,2,1,0.52359
