202,2,6,3,1,1,3,60,6,1,1,1,1.0215
202,2,6,3,1,2,5,60,8,1,1,1,0.58641
202,2,6,3,1,3,12,80,14,2,2,1,0.38761
202,2,6,3,1,4,8,80,10,2,2,1,0.71659
202,2,6,3,1,5,12,80,14,2,2,1,0.44556
202,2,6,3,1,6,3,60,6,1,1,1,0.50174
202,2,6,3,1,7,5,60,8,1,1,1,0.67854
202,2,6,3,1,8,8,80,10,2,2,1,0.45055
202,2,6,3,1,9,10,80,12,2,2,1,0.51148
202,2,6,3,1,10,1,60,4,1,1,1,0.46174
202,2,6,3,1,11,3,60,6,1,1,1,0.48253
202,2,6,3,1,12,1,60,4,1,1,1,0.45945
202,2,6,3,1,13,12,80,14,2,2,1,0.41965
202,2,6,3,1,14,10,80,12,2,2,1,0.39809
202,2,6,3,1,15,3,60,6,1,1,1,0.4839
202,2,6,3,1,16,8,80,10,2,2,1,0.60318
202,2,6,3,1,17,5,60,8,1,1,1,0.6051
202,2,6,3,1,18,10,80,12,2,2,1,0.35262
202,2,6,3,1,19,1,60,4,1,1,1,0.55468
202,2,6,3,1,20,8,80,10,2,2,1,0.60705
202,2,6,3,1,21,5,60,8,1,1,1,1.0217
202,2,6,3,1,22,10,80,12,2,2,1,0.42761
202,2,6,3,1,23,1,60,4,1,1,1,0.48975
202,2,6,3,1,24,12,80,14,2,2,1,0.43209
202,2,6,3,0,1,1,60,4,1,1,1,0.4645
202,2,6,3,0,2,3,60,6,1,1,1,0.50049
202,2,6,3,0,3,5,60,8,1,1,1,0.40163
202,2,6,3,0,4,8,80,10,2,2,1,0.49465
202,2,6,3,0,5,10,80,12,2,2,1,0.4686
202,2,6,3,0,6,5,60,8,1,1,1,0.50018
202,2,6,3,0,7,5,60,8,1,1,1,0.53612
202,2,6,3,0,8,3,60,6,1,1,1,0.45567
202,2,6,3,0,9,5,60,8,1,1,1,0.43476
202,2,6,3,0,10,1,60,4,1,1,1,0.52141
202,2,6,3,0,11,12,80,14,2,2,1,0.57585
202,2,6,3,0,12,12,80,14,2,2,1,0.49106
202,2,6,3,0,13,3,60,6,1,1,1,0.45272
202,2,6,3,0,14,3,60,6,1,1,1,0.51753
202,2,6,3,0,15,5,60,8,1,1,1,0.47751
202,2,6,3,0,16,12,80,14,2,2,1,0.41564
202,2,6,3,0,17,8,80,10,2,1,0,0.48889
202,2,6,3,0,18,10,80,12,2,2,1,0.37803
202,2,6,3,0,19,10,80,12,2,2,1,0.55277
202,2,6,3,0,20,12,80,14,2,2,1,0.33295
202,2,6,3,0,21,10,80,12,2,2,1,0.42464
202,2,6,3,0,22,3,60,6,1,1,1,0.44607
202,2,6,3,0,23,12,80,14,2,2,1,0.39602
202,2,6,3,0,24,1,60,4,1,1,1,0.4209
202,2,6,3,0,25,8,80,10,2,2,1,0.54961
202,2,6,3,0,26,12,80,14,2,2,1,0.41018
202,2,6,3,0,27,1,60,4,1,1,1,0.39474
202,2,6,3,0,28,8,80,10,2,2,1,0.49023
202,2,6,3,0,29,1,60,4,1,1,1,0.47073
202,2,6,3,0,30,1,60,4,1,1,1,0.65341
202,2,6,3,0,31,5,60,8,1,1,1,0.78411
202,2,6,3,0,32,1,60,4,1,1,1,0.75802
202,2,6,3,0,33,10,80,12,2,2,1,0.50116
202,2,6,3,0,34,3,60,6,1,1,1,0.41069
202,2,6,3,0,35,8,80,10,2,1,0,0.57882
202,2,6,3,0,36,10,80,12,2,2,1,0.42252
202,2,6,3,0,37,1,60,4,1,1,1,0.49722
202,2,6,3,0,38,12,80,14,2,2,1,0.44845
202,2,6,3,0,39,8,80,10,2,1,0,0.58986
202,2,6,3,0,40,10,80,12,2,2,1,0.51386
202,2,6,3,0,41,8,80,10,2,2,1,0.61305
202,2,6,3,0,42,3,60,6,1,1,1,0.94918
202,2,6,3,0,43,1,60,4,1,1,1,0.66873
202,2,6,3,0,44,8,80,10,2,2,1,0.59977
202,2,6,3,0,45,10,80,12,2,2,1,0.43169
202,2,6,3,0,46,1,60,4,1,1,1,0.46642
202,2,6,3,0,47,10,80,12,2,2,1,0.45444
202,2,6,3,0,48,5,60,8,1,1,1,0.5547
202,2,6,3,0,49,5,60,8,1,1,1,0.55463
202,2,6,3,0,50,3,60,6,1,1,1,0.51682
202,2,6,3,0,51,8,80,10,2,1,0,0.4557
202,2,6,3,0,52,3,60,6,1,1,1,0.57536
202,2,6,3,0,53,3,60,6,1,1,1,0.64123
202,2,6,3,0,54,3,60,6,1,1,1,0.40946
202,2,6,3,0,55,10,80,12,2,2,1,0.59781
202,2,6,3,0,56,12,80,14,2,2,1,0.41615
202,2,6,3,0,57,8,80,10,2,1,0,0.89774
202,2,6,3,0,58,1,60,4,1,1,1,0.50452
202,2,6,3,0,59,5,60,8,1,2,0,0.63135
202,2,6,3,0,60,8,80,10,2,1,0,0.67021
202,2,6,3,0,61,5,60,8,1,1,1,0.80097
202,2,6,3,0,62,5,60,8,1,1,1,0.52159
202,2,6,3,0,63,1,60,4,1,1,1,0.45811
202,2,6,3,0,64,5,60,8,1,1,1,0.65219
202,2,6,3,0,65,12,80,14,2,2,1,0.67186
202,2,6,3,0,66,12,80,14,2,2,1,0.52685
202,2,6,3,0,67,10,80,12,2,2,1,0.37856
202,2,6,3,0,68,12,80,14,2,2,1,0.35116
202,2,6,3,0,69,10,80,12,2,2,1,0.37948
202,2,6,3,0,70,3,60,6,1,1,1,0.44805
202,2,6,3,0,71,5,60,8,1,1,1,0.49804
202,2,6,3,0,72,10,80,12,2,2,1,0.58341
202,2,6,3,0,73,12,80,14,2,2,1,0.46264
202,2,6,3,0,74,8,80,10,2,1,0,0.88751
202,2,6,3,0,75,3,60,6,1,1,1,0.44268
202,2,6,3,0,76,8,80,10,2,2,1,0.6556
202,2,6,3,0,77,8,80,10,2,2,1,0.73784
202,2,6,3,0,78,10,80,12,2,2,1,0.48612
202,2,6,3,0,79,3,60,6,1,1,1,0.48096
202,2,6,3,0,80,3,60,6,1,1,1,0.39045
202,2,6,3,0,81,5,60,8,1,1,1,0.34849
202,2,6,3,0,82,5,60,8,1,1,1,0.60597
202,2,6,3,0,83,12,80,14,2,2,1,0.49389
202,2,6,3,0,84,10,80,12,2,2,1,0.43191
202,2,6,3,0,85,1,60,4,1,1,1,0.38927
202,2,6,3,0,86,1,60,4,1,1,1,0.37019
202,2,6,3,0,87,8,80,10,2,2,1,0.62786
202,2,6,3,0,88,5,60,8,1,2,0,0.5227
202,2,6,3,0,89,12,80,14,2,2,1,0.44602
202,2,6,3,0,90,10,80,12,2,2,1,0.51814
202,2,6,3,0,91,5,60,8,1,1,1,0.82095
202,2,6,3,0,92,5,60,8,1,1,1,0.90053
202,2,6,3,0,93,1,60,4,1,2,0,0.39336
202,2,6,3,0,94,1,60,4,1,1,1,0.51144
202,2,6,3,0,95,8,80,10,2,2,1,0.62113
202,2,6,3,0,96,12,80,14,2,2,1,0.44289
202,2,6,3,0,97,12,80,14,2,2,1,0.50807
202,2,6,3,0,98,1,60,4,1,1,1,0.47533
202,2,6,3,0,99,8,80,10,2,1,0,0.9435
202,2,6,3,0,100,1,60,4,1,1,1,0.55547
202,2,6,3,0,101,3,60,6,1,1,1,0.53051
202,2,6,3,0,102,5,60,8,1,1,1,0.57465
202,2,6,3,0,103,12,80,14,2,2,1,0.47089
202,2,6,3,0,104,1,60,4,1,1,1,0.45057
202,2,6,3,0,105,10,80,12,2,2,1,0.72664
202,2,6,3,0,106,1,60,4,1,1,1,0.50099
202,2,6,3,0,107,3,60,6,1,1,1,0.71967
202,2,6,3,0,108,10,80,12,2,2,1,0.46429
202,2,6,3,0,109,8,80,10,2,2,1,0.88641
202,2,6,3,0,110,5,60,8,1,1,1,0.56328
202,2,6,3,0,111,8,80,10,2,1,0,0.58073
202,2,6,3,0,112,12,80,14,2,2,1,0.3645
202,2,6,3,0,113,3,60,6,1,1,1,0.72857
202,2,6,3,0,114,12,80,14,2,2,1,0.36767
202,2,6,3,0,115,10,80,12,2,2,1,0.43303
202,2,6,3,0,116,12,80,14,2,2,1,0.4431
202,2,6,3,0,117,3,60,6,1,1,1,0.45919
202,2,6,3,0,118,8,80,10,2,2,1,0.63827
202,2,6,3,0,119,10,80,12,2,2,1,0.38572
202,2,6,3,0,120,3,60,6,1,1,1,0.40986
202,2,6,4,1,1,9,60,12,2,2,1,0.75559
202,2,6,4,1,2,7,60,10,2,1,0,0.69275
202,2,6,4,1,3,6,80,8,1,1,1,0.5487
202,2,6,4,1,4,9,60,12,2,2,1,0.42779
202,2,6,4,1,5,4,80,6,1,1,1,0.44619
202,2,6,4,1,6,11,60,14,2,2,1,0.50204
202,2,6,4,1,7,11,60,14,2,2,1,0.3522
202,2,6,4,1,8,9,60,12,2,2,1,0.33779
202,2,6,4,1,9,6,80,8,1,1,1,0.41913
202,2,6,4,1,10,6,80,8,1,1,1,0.42439
202,2,6,4,1,11,6,80,8,1,1,1,0.37451
202,2,6,4,1,12,2,80,4,1,1,1,0.43489
202,2,6,4,1,13,11,60,14,2,2,1,0.4571
202,2,6,4,1,14,2,80,4,1,1,1,0.59781
202,2,6,4,1,15,7,60,10,2,2,1,0.80078
202,2,6,4,1,16,7,60,10,2,2,1,0.68878
202,2,6,4,1,17,4,80,6,1,1,1,0.69464
202,2,6,4,1,18,2,80,4,1,1,1,0.52161
202,2,6,4,1,19,2,80,4,1,1,1,0.8616
202,2,6,4,1,20,11,60,14,2,2,1,1.0396
202,2,6,4,1,21,9,60,12,2,2,1,0.70157
202,2,6,4,1,22,7,60,10,2,2,1,0.66356
202,2,6,4,1,23,4,80,6,1,1,1,1.3823
202,2,6,4,1,24,4,80,6,1,1,1,0.70472
202,2,6,4,0,1,6,80,8,1,1,1,1.1134
202,2,6,4,0,2,7,60,10,2,1,0,0.59448
202,2,6,4,0,3,11,60,14,2,2,1,0.55983
202,2,6,4,0,4,4,80,6,1,1,1,0.75715
202,2,6,4,0,5,2,80,4,1,1,1,0.80063
202,2,6,4,0,6,4,80,6,1,1,1,0.4089
202,2,6,4,0,7,7,60,10,2,2,1,0.53663
202,2,6,4,0,8,11,60,14,2,2,1,0.53735
202,2,6,4,0,9,11,60,14,2,2,1,0.35622
202,2,6,4,0,10,6,80,8,1,1,1,0.51536
202,2,6,4,0,11,7,60,10,2,2,1,0.61716
202,2,6,4,0,12,4,80,6,1,1,1,0.47872
202,2,6,4,0,13,9,60,12,2,2,1,0.47348
202,2,6,4,0,14,11,60,14,2,2,1,0.51942
202,2,6,4,0,15,6,80,8,1,1,1,0.49919
202,2,6,4,0,16,9,60,12,2,2,1,0.41039
202,2,6,4,0,17,9,60,12,2,2,1,0.43484
202,2,6,4,0,18,11,60,14,2,2,1,0.52635
202,2,6,4,0,19,9,60,12,2,2,1,0.38444
202,2,6,4,0,20,11,60,14,2,2,1,0.45113
202,2,6,4,0,21,6,80,8,1,1,1,0.54074
202,2,6,4,0,22,11,60,14,2,2,1,0.37862
202,2,6,4,0,23,2,80,4,1,1,1,0.46924
202,2,6,4,0,24,6,80,8,1,1,1,0.62307
202,2,6,4,0,25,9,60,12,2,2,1,0.53828
202,2,6,4,0,26,4,80,6,1,1,1,0.5136
202,2,6,4,0,27,11,60,14,2,2,1,0.82904
202,2,6,4,0,28,11,60,14,2,2,1,1.0798
202,2,6,4,0,29,2,80,4,1,1,1,1.0427
202,2,6,4,0,30,7,60,10,2,1,0,0.9214
202,2,6,4,0,31,2,80,4,1,1,1,0.8632
202,2,6,4,0,32,6,80,8,1,1,1,0.91573
202,2,6,4,0,33,7,60,10,2,1,0,0.75651
202,2,6,4,0,34,4,80,6,1,1,1,0.72836
202,2,6,4,0,35,9,60,12,2,2,1,0.8398
202,2,6,4,0,36,2,80,4,1,1,1,0.89644
202,2,6,4,0,37,2,80,4,1,1,1,0.77538
202,2,6,4,0,38,2,80,4,1,1,1,0.64751
202,2,6,4,0,39,9,60,12,2,2,1,0.64772
202,2,6,4,0,40,6,80,8,1,1,1,1.0504
202,2,6,4,0,41,9,60,12,2,2,1,0.64042
202,2,6,4,0,42,7,60,10,2,1,0,0.78039
202,2,6,4,0,43,4,80,6,1,1,1,1.1579
202,2,6,4,0,44,2,80,4,1,1,1,0.94468
202,2,6,4,0,45,9,60,12,2,2,1,1.1785
202,2,6,4,0,46,4,80,6,1,1,1,1.1305
202,2,6,4,0,47,4,80,6,1,1,1,0.98976
202,2,6,4,0,48,2,80,4,1,1,1,1.0047
202,2,6,4,0,49,7,60,10,2,1,0,0.90371
202,2,6,4,0,50,7,60,10,2,2,1,0.94221
202,2,6,4,0,51,4,80,6,1,1,1,0.87893
202,2,6,4,0,52,4,80,6,1,1,1,0.7607
202,2,6,4,0,53,6,80,8,1,2,0,1.1082
202,2,6,4,0,54,7,60,10,2,1,0,1.0335
202,2,6,4,0,55,6,80,8,1,1,1,0.67775
202,2,6,4,0,56,7,60,10,2,2,1,0.80713
202,2,6,4,0,57,11,60,14,2,2,1,0.74603
202,2,6,4,0,58,2,80,4,1,1,1,0.9758
202,2,6,4,0,59,7,60,10,2,1,0,0.89912
202,2,6,4,0,60,7,60,10,2,2,1,0.86384
202,2,6,4,0,61,7,60,10,2,2,1,0.77397
202,2,6,4,0,62,2,80,4,1,1,1,0.38401
202,2,6,4,0,63,11,60,14,2,2,1,0.56996
202,2,6,4,0,64,2,80,4,1,1,1,0.42636
202,2,6,4,0,65,9,60,12,2,2,1,0.56597
202,2,6,4,0,66,6,80,8,1,1,1,0.54328
202,2,6,4,0,67,11,60,14,2,2,1,0.39647
202,2,6,4,0,68,4,80,6,1,1,1,0.51151
202,2,6,4,0,69,4,80,6,1,1,1,0.42198
202,2,6,4,0,70,9,60,12,2,2,1,0.65176
202,2,6,4,0,71,6,80,8,1,1,1,0.61117
202,2,6,4,0,72,4,80,6,1,1,1,0.69005
202,2,6,4,0,73,2,80,4,1,1,1,0.72027
202,2,6,4,0,74,7,60,10,2,2,1,0.62926
202,2,6,4,0,75,9,60,12,2,2,1,0.54348
202,2,6,4,0,76,9,60,12,2,2,1,1.1526
202,2,6,4,0,77,7,60,10,2,2,1,0.58889
202,2,6,4,0,78,11,60,14,2,2,1,0.53982
202,2,6,4,0,79,4,80,6,1,1,1,0.39434
202,2,6,4,0,80,6,80,8,1,2,0,1.1051
202,2,6,4,0,81,9,60,12,2,2,1,0.48397
202,2,6,4,0,82,6,80,8,1,1,1,0.47504
202,2,6,4,0,83,9,60,12,2,2,1,0.454
202,2,6,4,0,84,9,60,12,2,2,1,0.39194
202,2,6,4,0,85,4,80,6,1,1,1,0.43057
202,2,6,4,0,86,2,80,4,1,1,1,0.45798
202,2,6,4,0,87,7,60,10,2,1,0,0.87283
202,2,6,4,0,88,4,80,6,1,1,1,0.41945
202,2,6,4,0,89,7,60,10,2,2,1,0.7733
202,2,6,4,0,90,9,60,12,2,2,1,0.50451
202,2,6,4,0,91,9,60,12,2,2,1,0.44349
202,2,6,4,0,92,9,60,12,2,2,1,0.42562
202,2,6,4,0,93,2,80,4,1,1,1,0.43791
202,2,6,4,0,94,6,80,8,1,1,1,0.58464
202,2,6,4,0,95,7,60,10,2,1,0,0.49462
202,2,6,4,0,96,2,80,4,1,1,1,0.46362
202,2,6,4,0,97,4,80,6,1,1,1,0.51749
202,2,6,4,0,98,4,80,6,1,1,1,0.42816
202,2,6,4,0,99,2,80,4,1,1,1,0.38507
202,2,6,4,0,100,2,80,4,1,1,1,0.38266
202,2,6,4,0,101,11,60,14,2,2,1,0.46085
202,2,6,4,0,102,4,80,6,1,1,1,0.87562
202,2,6,4,0,103,6,80,8,1,2,0,0.42339
202,2,6,4,0,104,9,60,12,2,2,1,0.62816
202,2,6,4,0,105,11,60,14,2,2,1,0.4657
202,2,6,4,0,106,11,60,14,2,2,1,0.43633
202,2,6,4,0,107,11,60,14,2,2,1,0.49443
202,2,6,4,0,108,7,60,10,2,1,0,0.72484
202,2,6,4,0,109,6,80,8,1,1,1,1.0335
202,2,6,4,0,110,11,60,14,2,2,1,0.37055
202,2,6,4,0,111,6,80,8,1,1,1,0.49344
202,2,6,4,0,112,6,80,8,1,1,1,0.65561
202,2,6,4,0,113,6,80,8,1,1,1,0.53366
202,2,6,4,0,114,11,60,14,2,2,1,0.52521
202,2,6,4,0,115,4,80,6,1,1,1,0.47155
202,2,6,4,0,116,11,60,14,2,2,1,0.46679
202,2,6,4,0,117,7,60,10,2,1,0,0.9454
202,2,6,4,0,118,2,80,4,1,1,1,0.49666
202,2,6,4,0,119,2,80,4,1,1,1,0.54344
202,2,6,4,0,120,6,80,8,1,1,1,0.79292
202,2,6,2,1,1,8,80,10,2,1,0,0.76009
202,2,6,2,1,2,4,80,6,1,1,1,0.51065
202,2,6,2,1,3,12,80,14,2,2,1,0.51859
202,2,6,2,1,4,6,80,8,1,1,1,0.92458
202,2,6,2,1,5,12,80,14,2,2,1,0.381
202,2,6,2,1,6,12,80,14,2,2,1,0.40625
202,2,6,2,1,7,10,80,12,2,2,1,0.35439
202,2,6,2,1,8,4,80,6,1,1,1,0.48655
202,2,6,2,1,9,6,80,8,1,1,1,0.51899
202,2,6,2,1,10,2,80,4,1,1,1,0.45607
202,2,6,2,1,11,2,80,4,1,1,1,0.38933
202,2,6,2,1,12,10,80,12,2,2,1,0.47703
202,2,6,2,1,13,10,80,12,2,2,1,0.43656
202,2,6,2,1,14,2,80,4,1,1,1,0.36714
202,2,6,2,1,15,6,80,8,1,1,1,0.35652
202,2,6,2,1,16,4,80,6,1,1,1,0.35189
202,2,6,2,1,17,10,80,12,2,2,1,0.45455
202,2,6,2,1,18,12,80,14,2,2,1,0.72889
202,2,6,2,1,19,6,80,8,1,1,1,0.65226
202,2,6,2,1,20,8,80,10,2,1,0,0.63176
202,2,6,2,1,21,8,80,10,2,2,1,0.65461
202,2,6,2,1,22,2,80,4,1,1,1,0.46048
202,2,6,2,1,23,8,80,10,2,1,0,0.84354
202,2,6,2,1,24,4,80,6,1,1,1,0.48147
202,2,6,2,0,1,8,80,10,2,2,1,0.73956
202,2,6,2,0,2,2,80,4,1,1,1,0.45239
202,2,6,2,0,3,8,80,10,2,2,1,0.67225
202,2,6,2,0,4,12,80,14,2,2,1,0.52348
202,2,6,2,0,5,6,80,8,1,1,1,0.75741
202,2,6,2,0,6,4,80,6,1,1,1,0.46963
202,2,6,2,0,7,2,80,4,1,1,1,0.46727
202,2,6,2,0,8,6,80,8,1,1,1,0.50022
202,2,6,2,0,9,8,80,10,2,2,1,0.57007
202,2,6,2,0,10,6,80,8,1,1,1,0.61494
202,2,6,2,0,11,2,80,4,1,1,1,0.50343
202,2,6,2,0,12,2,80,4,1,1,1,0.59296
202,2,6,2,0,13,12,80,14,2,2,1,0.79278
202,2,6,2,0,14,8,80,10,2,2,1,1.0244
202,2,6,2,0,15,10,80,12,2,2,1,0.56883
202,2,6,2,0,16,10,80,12,2,2,1,0.68329
202,2,6,2,0,17,2,80,4,1,1,1,0.47962
202,2,6,2,0,18,8,80,10,2,2,1,0.89062
202,2,6,2,0,19,8,80,10,2,2,1,0.58289
202,2,6,2,0,20,10,80,12,2,2,1,0.68429
202,2,6,2,0,21,12,80,14,2,2,1,0.48443
202,2,6,2,0,22,10,80,12,2,2,1,0.43284
202,2,6,2,0,23,6,80,8,1,1,1,0.4983
202,2,6,2,0,24,10,80,12,2,2,1,0.69502
202,2,6,2,0,25,6,80,8,1,1,1,0.53312
202,2,6,2,0,26,8,80,10,2,2,1,0.70412
202,2,6,2,0,27,2,80,4,1,1,1,0.37208
202,2,6,2,0,28,10,80,12,2,2,1,0.46745
202,2,6,2,0,29,8,80,10,2,2,1,0.72186
202,2,6,2,0,30,8,80,10,2,2,1,0.52255
202,2,6,2,0,31,6,80,8,1,1,1,0.5906
202,2,6,2,0,32,10,80,12,2,2,1,0.43633
202,2,6,2,0,33,8,80,10,2,2,1,0.46025
202,2,6,2,0,34,2,80,4,1,1,1,0.39821
202,2,6,2,0,35,2,80,4,1,1,1,0.45659
202,2,6,2,0,36,10,80,12,2,2,1,0.46529
202,2,6,2,0,37,10,80,12,2,2,1,0.51839
202,2,6,2,0,38,10,80,12,2,2,1,0.45216
202,2,6,2,0,39,4,80,6,1,1,1,0.40612
202,2,6,2,0,40,12,80,14,2,2,1,0.44631
202,2,6,2,0,41,4,80,6,1,1,1,0.51811
202,2,6,2,0,42,4,80,6,1,1,1,0.48911
202,2,6,2,0,43,12,80,14,2,2,1,0.48024
202,2,6,2,0,44,2,80,4,1,1,1,0.44326
202,2,6,2,0,45,2,80,4,1,1,1,0.37934
202,2,6,2,0,46,2,80,4,1,1,1,0.38937
202,2,6,2,0,47,8,80,10,2,1,0,1.0414
202,2,6,2,0,48,8,80,10,2,2,1,0.67091
202,2,6,2,0,49,8,80,10,2,2,1,0.59343
202,2,6,2,0,50,10,80,12,2,2,1,0.57429
202,2,6,2,0,51,6,80,8,1,2,0,0.69899
202,2,6,2,0,52,8,80,10,2,2,1,0.88358
202,2,6,2,0,53,4,80,6,1,1,1,0.46054
202,2,6,2,0,54,12,80,14,2,2,1,0.50372
202,2,6,2,0,55,10,80,12,2,2,1,0.44404
202,2,6,2,0,56,4,80,6,1,1,1,0.44758
202,2,6,2,0,57,10,80,12,2,2,1,0.49035
202,2,6,2,0,58,6,80,8,1,1,1,0.5255
202,2,6,2,0,59,6,80,8,1,1,1,0.41238
202,2,6,2,0,60,4,80,6,1,1,1,0.40559
202,2,6,2,0,61,12,80,14,2,2,1,0.47833
202,2,6,2,0,62,6,80,8,1,1,1,0.42129
202,2,6,2,0,63,10,80,12,2,2,1,0.38576
202,2,6,2,0,64,2,80,4,1,1,1,0.40613
202,2,6,2,0,65,2,80,4,1,1,1,0.41426
202,2,6,2,0,66,6,80,8,1,1,1,0.48825
202,2,6,2,0,67,4,80,6,1,1,1,0.61859
202,2,6,2,0,68,12,80,14,2,2,1,0.44229
202,2,6,2,0,69,6,80,8,1,2,0,0.97523
202,2,6,2,0,70,8,80,10,2,1,0,0.45698
202,2,6,2,0,71,12,80,14,2,2,1,0.35386
202,2,6,2,0,72,6,80,8,1,1,1,0.51245
202,2,6,2,0,73,12,80,14,2,2,1,0.38108
202,2,6,2,0,74,8,80,10,2,1,0,0.54231
202,2,6,2,0,75,6,80,8,1,1,1,0.59575
202,2,6,2,0,76,12,80,14,2,2,1,0.40714
202,2,6,2,0,77,4,80,6,1,1,1,0.40085
202,2,6,2,0,78,2,80,4,1,1,1,0.45712
202,2,6,2,0,79,12,80,14,2,2,1,0.45883
202,2,6,2,0,80,4,80,6,1,1,1,0.353
202,2,6,2,0,81,2,80,4,1,1,1,0.47791
202,2,6,2,0,82,2,80,4,1,1,1,0.41664
202,2,6,2,0,83,10,80,12,2,2,1,0.4007
202,2,6,2,0,84,6,80,8,1,1,1,0.44174
202,2,6,2,0,85,6,80,8,1,1,1,0.48668
202,2,6,2,0,86,2,80,4,1,1,1,0.40498
202,2,6,2,0,87,10,80,12,2,2,1,0.42589
202,2,6,2,0,88,4,80,6,1,1,1,0.39661
202,2,6,2,0,89,6,80,8,1,1,1,0.46845
202,2,6,2,0,90,12,80,14,2,2,1,0.37383
202,2,6,2,0,91,4,80,6,1,1,1,0.50472
202,2,6,2,0,92,2,80,4,1,1,1,0.40003
202,2,6,2,0,93,4,80,6,1,1,1,0.37496
202,2,6,2,0,94,4,80,6,1,1,1,0.45072
202,2,6,2,0,95,12,80,14,2,2,1,0.37981
202,2,6,2,0,96,4,80,6,1,1,1,0.41353
202,2,6,2,0,97,12,80,14,2,2,1,0.36375
202,2,6,2,0,98,10,80,12,2,2,1,0.79803
202,2,6,2,0,99,8,80,10,2,2,1,1.3259
202,2,6,2,0,100,8,80,10,2,2,1,0.71592
202,2,6,2,0,101,8,80,10,2,2,1,0.56017
202,2,6,2,0,102,6,80,8,1,1,1,0.55984
202,2,6,2,0,103,12,80,14,2,2,1,0.4215
202,2,6,2,0,104,6,80,8,1,1,1,0.78519
202,2,6,2,0,105,10,80,12,2,2,1,0.4066
202,2,6,2,0,106,12,80,14,2,2,1,0.48673
202,2,6,2,0,107,6,80,8,1,1,1,0.46916
202,2,6,2,0,108,12,80,14,2,2,1,0.34935
202,2,6,2,0,109,10,80,12,2,2,1,0.58489
202,2,6,2,0,110,12,80,14,2,2,1,0.41544
202,2,6,2,0,111,4,80,6,1,1,1,0.42266
202,2,6,2,0,112,4,80,6,1,1,1,0.50035
202,2,6,2,0,113,2,80,4,1,1,1,0.41884
202,2,6,2,0,114,4,80,6,1,1,1,0.48943
202,2,6,2,0,115,10,80,12,2,2,1,0.45492
202,2,6,2,0,116,8,80,10,2,2,1,0.40812
202,2,6,2,0,117,4,80,6,1,1,1,0.50732
202,2,6,2,0,118,4,80,6,1,1,1,0.44335
202,2,6,2,0,119,12,80,14,2,2,1,0.40516
202,2,6,2,0,120,2,80,4,1,1,1,0.44834
202,2,6,1,1,1,7,60,10,2,2,1,0.66615
202,2,6,1,1,2,3,60,6,1,1,1,0.45616
202,2,6,1,1,3,7,60,10,2,2,1,0.70576
202,2,6,1,1,4,9,60,12,2,2,1,0.49625
202,2,6,1,1,5,3,60,6,1,1,1,0.4966
202,2,6,1,1,6,3,60,6,1,1,1,0.57844
202,2,6,1,1,7,1,60,4,1,1,1,0.35145
202,2,6,1,1,8,11,60,14,2,2,1,0.42359
202,2,6,1,1,9,7,60,10,2,2,1,0.54471
202,2,6,1,1,10,7,60,10,2,2,1,0.51385
202,2,6,1,1,11,9,60,12,2,2,1,0.56102
202,2,6,1,1,12,11,60,14,2,2,1,0.51709
202,2,6,1,1,13,9,60,12,2,2,1,0.47684
202,2,6,1,1,14,9,60,12,2,2,1,0.47234
202,2,6,1,1,15,5,60,8,1,1,1,0.4716
202,2,6,1,1,16,11,60,14,2,2,1,0.41444
202,2,6,1,1,17,1,60,4,1,1,1,0.45669
202,2,6,1,1,18,5,60,8,1,1,1,0.56649
202,2,6,1,1,19,3,60,6,1,1,1,0.63576
202,2,6,1,1,20,1,60,4,1,1,1,0.40528
202,2,6,1,1,21,11,60,14,2,2,1,0.52784
202,2,6,1,1,22,5,60,8,1,1,1,0.63941
202,2,6,1,1,23,1,60,4,1,1,1,0.48304
202,2,6,1,1,24,5,60,8,1,1,1,0.60482
202,2,6,1,0,1,11,60,14,2,2,1,0.46998
202,2,6,1,0,2,3,60,6,1,1,1,0.40761
202,2,6,1,0,3,11,60,14,2,2,1,0.52258
202,2,6,1,0,4,9,60,12,2,2,1,0.61444
202,2,6,1,0,5,7,60,10,2,1,0,0.5461
202,2,6,1,0,6,3,60,6,1,1,1,0.49691
202,2,6,1,0,7,3,60,6,1,1,1,0.44389
202,2,6,1,0,8,7,60,10,2,1,0,0.77184
202,2,6,1,0,9,5,60,8,1,1,1,0.9308
202,2,6,1,0,10,5,60,8,1,1,1,0.51738
202,2,6,1,0,11,3,60,6,1,1,1,0.43575
202,2,6,1,0,12,3,60,6,1,1,1,0.40478
202,2,6,1,0,13,7,60,10,2,2,1,0.6875
202,2,6,1,0,14,7,60,10,2,2,1,0.61086
202,2,6,1,0,15,9,60,12,2,2,1,0.33081
202,2,6,1,0,16,1,60,4,1,1,1,0.4839
202,2,6,1,0,17,1,60,4,1,1,1,0.48938
202,2,6,1,0,18,5,60,8,1,1,1,0.86843
202,2,6,1,0,19,5,60,8,1,1,1,0.49314
202,2,6,1,0,20,11,60,14,2,2,1,0.42524
202,2,6,1,0,21,9,60,12,2,2,1,0.77981
202,2,6,1,0,22,11,60,14,2,2,1,0.54737
202,2,6,1,0,23,7,60,10,2,2,1,0.62533
202,2,6,1,0,24,11,60,14,2,2,1,0.45338
202,2,6,1,0,25,5,60,8,1,1,1,0.85074
202,2,6,1,0,26,3,60,6,1,1,1,0.55467
202,2,6,1,0,27,1,60,4,1,1,1,0.45303
202,2,6,1,0,28,1,60,4,1,1,1,0.6534
202,2,6,1,0,29,3,60,6,1,1,1,0.40613
202,2,6,1,0,30,3,60,6,1,1,1,0.46043
202,2,6,1,0,31,9,60,12,2,2,1,0.4988
202,2,6,1,0,32,9,60,12,2,2,1,0.48769
202,2,6,1,0,33,7,60,10,2,2,1,0.89049
202,2,6,1,0,34,7,60,10,2,2,1,0.55436
202,2,6,1,0,35,1,60,4,1,1,1,0.45119
202,2,6,1,0,36,5,60,8,1,1,1,0.62567
202,2,6,1,0,37,1,60,4,1,1,1,0.44589
202,2,6,1,0,38,1,60,4,1,1,1,0.41676
202,2,6,1,0,39,1,60,4,1,1,1,0.3935
202,2,6,1,0,40,5,60,8,1,1,1,0.71605
202,2,6,1,0,41,9,60,12,2,2,1,0.57814
202,2,6,1,0,42,7,60,10,2,2,1,1.0762
202,2,6,1,0,43,3,60,6,1,1,1,0.44638
202,2,6,1,0,44,7,60,10,2,2,1,0.8452
202,2,6,1,0,45,1,60,4,1,1,1,0.52921
202,2,6,1,0,46,11,60,14,2,2,1,0.42229
202,2,6,1,0,47,11,60,14,2,2,1,0.39775
202,2,6,1,0,48,7,60,10,2,2,1,0.65301
202,2,6,1,0,49,1,60,4,1,1,1,0.49675
202,2,6,1,0,50,1,60,4,1,1,1,0.50329
202,2,6,1,0,51,5,60,8,1,1,1,0.55332
202,2,6,1,0,52,9,60,12,2,2,1,0.43574
202,2,6,1,0,53,9,60,12,2,2,1,0.4544
202,2,6,1,0,54,5,60,8,1,1,1,0.76499
202,2,6,1,0,55,3,60,6,1,1,1,0.53635
202,2,6,1,0,56,7,60,10,2,2,1,0.73482
202,2,6,1,0,57,9,60,12,2,2,1,0.5066
202,2,6,1,0,58,1,60,4,1,1,1,0.47354
202,2,6,1,0,59,3,60,6,1,1,1,0.4811
202,2,6,1,0,60,9,60,12,2,2,1,0.45299
202,2,6,1,0,61,9,60,12,2,2,1,0.40848
202,2,6,1,0,62,3,60,6,1,1,1,0.4873
202,2,6,1,0,63,1,60,4,1,1,1,0.34863
202,2,6,1,0,64,5,60,8,1,1,1,0.45515
202,2,6,1,0,65,7,60,10,2,2,1,0.84786
202,2,6,1,0,66,3,60,6,1,1,1,0.54782
202,2,6,1,0,67,5,60,8,1,2,0,0.55669
202,2,6,1,0,68,1,60,4,1,1,1,0.46741
202,2,6,1,0,69,1,60,4,1,1,1,0.40704
202,2,6,1,0,70,11,60,14,2,2,1,0.50437
202,2,6,1,0,71,11,60,14,2,2,1,0.4554
202,2,6,1,0,72,5,60,8,1,2,0,1.0922
202,2,6,1,0,73,7,60,10,2,2,1,1.2303
202,2,6,1,0,74,3,60,6,1,1,1,0.59409
202,2,6,1,0,75,9,60,12,2,2,1,1.0279
202,2,6,1,0,76,5,60,8,1,1,1,0.94267
202,2,6,1,0,77,7,60,10,2,2,1,0.93182
202,2,6,1,0,78,11,60,14,2,2,1,0.93322
202,2,6,1,0,79,9,60,12,2,2,1,0.50351
202,2,6,1,0,80,3,60,6,1,1,1,0.67614
202,2,6,1,0,81,11,60,14,2,2,1,0.75196
202,2,6,1,0,82,11,60,14,2,2,1,0.44586
202,2,6,1,0,83,9,60,12,2,2,1,0.44941
202,2,6,1,0,84,11,60,14,2,2,1,0.35954
202,2,6,1,0,85,1,60,4,1,1,1,0.55963
202,2,6,1,0,86,9,60,12,2,2,1,0.55376
202,2,6,1,0,87,11,60,14,2,2,1,0.45903
202,2,6,1,0,88,5,60,8,1,1,1,0.93366
202,2,6,1,0,89,7,60,10,2,2,1,1.2013
202,2,6,1,0,90,5,60,8,1,1,1,1.2372
202,2,6,1,0,91,7,60,10,2,1,0,0.56804
202,2,6,1,0,92,3,60,6,1,1,1,0.4861
202,2,6,1,0,93,3,60,6,1,1,1,0.45218
202,2,6,1,0,94,1,60,4,1,1,1,0.51333
202,2,6,1,0,95,11,60,14,2,2,1,0.42079
202,2,6,1,0,96,3,60,6,1,1,1,0.47701
202,2,6,1,0,97,11,60,14,2,2,1,0.43141
202,2,6,1,0,98,7,60,10,2,1,0,1.0055
202,2,6,1,0,99,11,60,14,2,2,1,0.54111
202,2,6,1,0,100,9,60,12,2,2,1,0.54665
202,2,6,1,0,101,3,60,6,1,1,1,0.61788
202,2,6,1,0,102,5,60,8,1,1,1,0.45402
202,2,6,1,0,103,11,60,14,2,2,1,0.50236
202,2,6,1,0,104,3,60,6,1,1,1,0.45575
202,2,6,1,0,105,11,60,14,2,2,1,0.66538
202,2,6,1,0,106,9,60,12,2,2,1,0.74229
202,2,6,1,0,107,7,60,10,2,1,0,0.76418
202,2,6,1,0,108,1,60,4,1,1,1,0.48444
202,2,6,1,0,109,1,60,4,1,1,1,0.42857
202,2,6,1,0,110,5,60,8,1,1,1,0.62145
202,2,6,1,0,111,5,60,8,1,1,1,0.50617
202,2,6,1,0,112,9,60,12,2,2,1,0.48661
202,2,6,1,0,113,7,60,10,2,2,1,1.11
202,2,6,1,0,114,5,60,8,1,1,1,0.46179
202,2,6,1,0,115,7,60,10,2,2,1,0.66201
202,2,6,1,0,116,5,60,8,1,2,0,0.63195
202,2,6,1,0,117,1,60,4,1,1,1,0.4154
202,2,6,1,0,118,9,60,12,2,2,1,0.50237
202,2,6,1,0,119,9,60,12,2,2,1,0.83192
202,2,6,1,0,120,11,60,14,2,2,1,0.63088
202,2,6,5,1,1,9,60,12,2,2,1,0.57046
202,2,6,5,1,2,2,80,4,1,1,1,0.51716
202,2,6,5,1,3,11,60,14,2,2,1,0.44755
202,2,6,5,1,4,1,60,4,1,1,1,0.45677
202,2,6,5,1,5,3,60,6,1,1,1,0.46046
202,2,6,5,1,6,5,60,8,1,1,1,0.44607
202,2,6,5,1,7,6,80,8,1,1,1,0.53043
202,2,6,5,1,8,11,60,14,2,2,1,0.39093
202,2,6,5,1,9,10,80,12,2,2,1,0.48031
202,2,6,5,1,10,12,80,14,2,2,1,0.46652
202,2,6,5,1,11,7,60,10,2,1,0,1.1038
202,2,6,5,1,12,7,60,10,2,2,1,0.70338
202,2,6,5,1,13,3,60,6,1,1,1,0.44173
202,2,6,5,1,14,12,80,14,2,2,1,0.45543
202,2,6,5,1,15,8,80,10,2,1,0,0.78832
202,2,6,5,1,16,4,80,6,1,1,1,0.67692
202,2,6,5,1,17,8,80,10,2,1,0,0.76672
202,2,6,5,1,18,6,80,8,1,1,1,0.84013
202,2,6,5,1,19,10,80,12,2,2,1,0.76526
202,2,6,5,1,20,2,80,4,1,1,1,1.218
202,2,6,5,1,21,5,60,8,1,1,1,0.7055
202,2,6,5,1,22,4,80,6,1,1,1,0.72919
202,2,6,5,1,23,1,60,4,1,1,1,0.49429
202,2,6,5,1,24,9,60,12,2,2,1,0.52828
202,2,6,5,0,1,4,80,6,1,1,1,0.56652
202,2,6,5,0,2,4,80,6,1,1,1,0.57804
202,2,6,5,0,3,11,60,14,2,2,1,0.43811
202,2,6,5,0,4,2,80,4,1,1,1,0.52136
202,2,6,5,0,5,10,80,12,2,2,1,0.49507
202,2,6,5,0,6,11,60,14,2,2,1,0.47072
202,2,6,5,0,7,1,60,4,1,1,1,0.4654
202,2,6,5,0,8,1,60,4,1,1,1,0.50764
202,2,6,5,0,9,9,60,12,2,2,1,0.48065
202,2,6,5,0,10,3,60,6,1,1,1,0.46095
202,2,6,5,0,11,6,80,8,1,1,1,0.77708
202,2,6,5,0,12,6,80,8,1,1,1,0.57835
202,2,6,5,0,13,7,60,10,2,1,0,1.0264
202,2,6,5,0,14,8,80,10,2,2,1,0.68142
202,2,6,5,0,15,7,60,10,2,2,1,0.62178
202,2,6,5,0,16,8,80,10,2,2,1,0.51453
202,2,6,5,0,17,9,60,12,2,2,1,0.69454
202,2,6,5,0,18,10,80,12,2,2,1,0.42989
202,2,6,5,0,19,7,60,10,2,1,0,1.0914
202,2,6,5,0,20,4,80,6,1,1,1,0.44757
202,2,6,5,0,21,7,60,10,2,2,1,0.5884
202,2,6,5,0,22,6,80,8,1,1,1,0.72378
202,2,6,5,0,23,5,60,8,1,1,1,0.51141
202,2,6,5,0,24,3,60,6,1,1,1,0.5088
202,2,6,5,0,25,3,60,6,1,1,1,0.45555
202,2,6,5,0,26,12,80,14,2,2,1,0.43975
202,2,6,5,0,27,10,80,12,2,2,1,0.45977
202,2,6,5,0,28,12,80,14,2,2,1,0.69465
202,2,6,5,0,29,3,60,6,1,1,1,0.47396
202,2,6,5,0,30,1,60,4,1,1,1,0.49716
202,2,6,5,0,31,5,60,8,1,1,1,0.81611
202,2,6,5,0,32,9,60,12,2,2,1,0.54314
202,2,6,5,0,33,10,80,12,2,2,1,0.39419
202,2,6,5,0,34,3,60,6,1,1,1,0.49875
202,2,6,5,0,35,5,60,8,1,1,1,0.52303
202,2,6,5,0,36,1,60,4,1,1,1,0.54058
202,2,6,5,0,37,10,80,12,2,2,1,0.46753
202,2,6,5,0,38,12,80,14,2,2,1,0.37863
202,2,6,5,0,39,1,60,4,1,1,1,0.587
202,2,6,5,0,40,2,80,4,1,1,1,0.5899
202,2,6,5,0,41,5,60,8,1,1,1,0.79342
202,2,6,5,0,42,9,60,12,2,2,1,0.57611
202,2,6,5,0,43,12,80,14,2,2,1,0.50704
202,2,6,5,0,44,1,60,4,1,1,1,0.43578
202,2,6,5,0,45,11,60,14,2,2,1,0.63163
202,2,6,5,0,46,11,60,14,2,2,1,0.41117
202,2,6,5,0,47,9,60,12,2,2,1,0.45228
202,2,6,5,0,48,5,60,8,1,1,1,0.89501
202,2,6,5,0,49,3,60,6,1,1,1,0.57269
202,2,6,5,0,50,6,80,8,1,1,1,0.43641
202,2,6,5,0,51,4,80,6,1,1,1,0.51265
202,2,6,5,0,52,11,60,14,2,2,1,0.54807
202,2,6,5,0,53,5,60,8,1,1,1,0.59179
202,2,6,5,0,54,1,60,4,1,1,1,0.7307
202,2,6,5,0,55,6,80,8,1,1,1,0.49535
202,2,6,5,0,56,6,80,8,1,1,1,0.53727
202,2,6,5,0,57,6,80,8,1,1,1,0.43252
202,2,6,5,0,58,4,80,6,1,1,1,0.50748
202,2,6,5,0,59,2,80,4,1,1,1,0.4625
202,2,6,5,0,60,10,80,12,2,2,1,0.61905
202,2,6,5,0,61,7,60,10,2,2,1,0.68109
202,2,6,5,0,62,2,80,4,1,1,1,0.46754
202,2,6,5,0,63,9,60,12,2,2,1,0.49392
202,2,6,5,0,64,7,60,10,2,2,1,0.58443
202,2,6,5,0,65,4,80,6,1,1,1,0.46087
202,2,6,5,0,66,4,80,6,1,1,1,0.57303
202,2,6,5,0,67,1,60,4,1,1,1,0.49793
202,2,6,5,0,68,6,80,8,1,1,1,0.47629
202,2,6,5,0,69,3,60,6,1,1,1,0.41214
202,2,6,5,0,70,8,80,10,2,1,0,0.78561
202,2,6,5,0,71,7,60,10,2,2,1,0.50102
202,2,6,5,0,72,2,80,4,1,1,1,0.4452
202,2,6,5,0,73,12,80,14,2,2,1,0.42656
202,2,6,5,0,74,6,80,8,1,1,1,0.95457
202,2,6,5,0,75,4,80,6,1,1,1,0.55171
202,2,6,5,0,76,8,80,10,2,2,1,0.72686
202,2,6,5,0,77,9,60,12,2,2,1,0.48293
202,2,6,5,0,78,12,80,14,2,2,1,0.79707
202,2,6,5,0,79,9,60,12,2,2,1,0.86081
202,2,6,5,0,80,3,60,6,1,1,1,0.66238
202,2,6,5,0,81,7,60,10,2,2,1,0.83895
202,2,6,5,0,82,8,80,10,2,2,1,0.62874
202,2,6,5,0,83,8,80,10,2,2,1,0.44837
202,2,6,5,0,84,2,80,4,1,1,1,0.48206
202,2,6,5,0,85,4,80,6,1,1,1,0.51269
202,2,6,5,0,86,11,60,14,2,2,1,0.33576
202,2,6,5,0,87,10,80,12,2,2,1,0.36534
202,2,6,5,0,88,11,60,14,2,2,1,0.35214
202,2,6,5,0,89,2,80,4,1,1,1,0.82871
202,2,6,5,0,90,3,60,6,1,1,1,0.49136
202,2,6,5,0,91,8,80,10,2,2,1,0.57153
202,2,6,5,0,92,12,80,14,2,2,1,0.56582
202,2,6,5,0,93,6,80,8,1,1,1,0.65753
202,2,6,5,0,94,8,80,10,2,1,0,0.62558
202,2,6,5,0,95,11,60,14,2,2,1,0.48616
202,2,6,5,0,96,2,80,4,1,1,1,0.51596
202,2,6,5,0,97,8,80,10,2,1,0,0.68896
202,2,6,5,0,98,5,60,8,1,1,1,0.60915
202,2,6,5,0,99,4,80,6,1,1,1,0.55891
202,2,6,5,0,100,7,60,10,2,2,1,0.56563
202,2,6,5,0,101,2,80,4,1,1,1,0.59125
202,2,6,5,0,102,1,60,4,1,1,1,0.66735
202,2,6,5,0,103,8,80,10,2,2,1,0.55982
202,2,6,5,0,104,12,80,14,2,2,1,0.48142
202,2,6,5,0,105,12,80,14,2,2,1,0.64824
202,2,6,5,0,106,9,60,12,2,2,1,0.61675
202,2,6,5,0,107,11,60,14,2,2,1,0.37188
202,2,6,5,0,108,12,80,14,2,2,1,0.40351
202,2,6,5,0,109,5,60,8,1,1,1,0.50615
202,2,6,5,0,110,9,60,12,2,2,1,0.39232
202,2,6,5,0,111,10,80,12,2,2,1,0.80654
202,2,6,5,0,112,5,60,8,1,1,1,0.56762
202,2,6,5,0,113,10,80,12,2,2,1,0.4716
202,2,6,5,0,114,7,60,10,2,2,1,0.393
202,2,6,5,0,115,2,80,4,1,1,1,0.45996
202,2,6,5,0,116,1,60,4,1,1,1,0.62668
202,2,6,5,0,117,3,60,6,1,1,1,1.0098
202,2,6,5,0,118,11,60,14,2,2,1,0.48028
202,2,6,5,0,119,10,80,12,2,2,1,0.69751
202,2,6,5,0,120,5,60,8,1,1,1,0.56997
202,2,6,6,0,1,12,80,14,2,2,1,0.43885
202,2,6,6,0,2,11,60,14,2,2,1,0.39003
202,2,6,6,0,3,9,60,12,2,2,1,0.36262
202,2,6,6,0,4,7,60,10,2,2,1,0.77029
202,2,6,6,0,5,7,60,10,2,2,1,0.49997
202,2,6,6,0,6,1,60,4,1,1,1,0.40813
202,2,6,6,0,7,8,80,10,2,2,1,0.57219
202,2,6,6,0,8,10,80,12,2,2,1,0.44718
202,2,6,6,0,9,9,60,12,2,2,1,0.50079
202,2,6,6,0,10,11,60,14,2,2,1,0.40735
202,2,6,6,0,11,11,60,14,2,2,1,0.33767
202,2,6,6,0,12,9,60,12,2,2,1,0.40742
202,2,6,6,0,13,4,80,6,1,1,1,0.49996
202,2,6,6,0,14,10,80,12,2,2,1,0.45026
202,2,6,6,0,15,4,80,6,1,1,1,0.54485
202,2,6,6,0,16,4,80,6,1,1,1,0.48438
202,2,6,6,0,17,7,60,10,2,1,0,0.69012
202,2,6,6,0,18,3,60,6,1,1,1,0.49036
202,2,6,6,0,19,12,80,14,2,2,1,0.71993
202,2,6,6,0,20,4,80,6,1,1,1,0.56848
202,2,6,6,0,21,1,60,4,1,1,1,0.53014
202,2,6,6,0,22,6,80,8,1,1,1,0.96797
202,2,6,6,0,23,3,60,6,1,1,1,0.60622
202,2,6,6,0,24,8,80,10,2,1,0,1.1831
202,2,6,6,0,25,2,80,4,1,1,1,0.54322
202,2,6,6,0,26,12,80,14,2,2,1,0.50394
202,2,6,6,0,27,11,60,14,2,2,1,0.40695
202,2,6,6,0,28,11,60,14,2,2,1,0.40628
202,2,6,6,0,29,5,60,8,1,1,1,0.58492
202,2,6,6,0,30,11,60,14,2,2,1,0.53363
202,2,6,6,0,31,8,80,10,2,2,1,1.1598
202,2,6,6,0,32,11,60,14,2,2,1,0.53334
202,2,6,6,0,33,7,60,10,2,1,0,0.90019
202,2,6,6,0,34,3,60,6,1,1,1,0.44062
202,2,6,6,0,35,12,80,14,2,2,1,0.43327
202,2,6,6,0,36,6,80,8,1,1,1,0.55624
202,2,6,6,0,37,12,80,14,2,2,1,0.43862
202,2,6,6,0,38,4,80,6,1,1,1,0.43933
202,2,6,6,0,39,5,60,8,1,1,1,0.50148
202,2,6,6,0,40,8,80,10,2,1,0,0.49443
202,2,6,6,0,41,3,60,6,1,1,1,0.46445
202,2,6,6,0,42,10,80,12,2,2,1,0.63443
202,2,6,6,0,43,7,60,10,2,2,1,0.72009
202,2,6,6,0,44,5,60,8,1,1,1,0.65129
202,2,6,6,0,45,2,80,4,1,1,1,0.5393
202,2,6,6,0,46,9,60,12,2,2,1,0.50749
202,2,6,6,0,47,6,80,8,1,1,1,0.59122
202,2,6,6,0,48,10,80,12,2,2,1,0.42905
202,2,6,6,0,49,3,60,6,1,1,1,0.50787
202,2,6,6,0,50,7,60,10,2,2,1,0.431
202,2,6,6,0,51,2,80,4,1,1,1,0.44607
202,2,6,6,0,52,2,80,4,1,1,1,0.40149
202,2,6,6,0,53,1,60,4,1,1,1,0.47234
202,2,6,6,0,54,1,60,4,1,1,1,0.48022
202,2,6,6,0,55,7,60,10,2,2,1,0.40585
202,2,6,6,0,56,4,80,6,1,1,1,0.37176
202,2,6,6,0,57,12,80,14,2,2,1,0.39793
202,2,6,6,0,58,2,80,4,1,1,1,0.40237
202,2,6,6,0,59,3,60,6,1,1,1,0.68962
202,2,6,6,0,60,8,80,10,2,2,1,0.54263
202,2,6,6,0,61,5,60,8,1,1,1,0.87304
202,2,6,6,0,62,5,60,8,1,1,1,0.64918
202,2,6,6,0,63,5,60,8,1,1,1,0.91533
202,2,6,6,0,64,12,80,14,2,2,1,0.42978
202,2,6,6,0,65,9,60,12,2,2,1,0.40558
202,2,6,6,0,66,3,60,6,1,1,1,0.53317
202,2,6,6,0,67,5,60,8,1,1,1,0.59789
202,2,6,6,0,68,1,60,4,1,1,1,0.68536
202,2,6,6,0,69,12,80,14,2,2,1,0.45455
202,2,6,6,0,70,2,80,4,1,1,1,0.51885
202,2,6,6,0,71,6,80,8,1,1,1,0.52413
202,2,6,6,0,72,10,80,12,2,2,1,0.44611
202,2,6,6,0,73,3,60,6,1,1,1,0.5361
202,2,6,6,0,74,4,80,6,1,1,1,0.58891
202,2,6,6,0,75,7,60,10,2,2,1,0.73212
202,2,6,6,0,76,5,60,8,1,1,1,0.61962
202,2,6,6,0,77,1,60,4,1,1,1,0.55788
202,2,6,6,0,78,11,60,14,2,2,1,0.48421
202,2,6,6,0,79,3,60,6,1,1,1,0.53946
202,2,6,6,0,80,1,60,4,1,1,1,0.47707
202,2,6,6,0,81,10,80,12,2,2,1,0.46539
202,2,6,6,0,82,1,60,4,1,1,1,0.61454
202,2,6,6,0,83,3,60,6,1,1,1,0.50125
202,2,6,6,0,84,6,80,8,1,1,1,0.6082
202,2,6,6,0,85,9,60,12,2,2,1,0.41817
202,2,6,6,0,86,10,80,12,2,2,1,0.51487
202,2,6,6,0,87,11,60,14,2,2,1,0.40802
202,2,6,6,0,88,10,80,12,2,2,1,0.46811
202,2,6,6,0,89,5,60,8,1,1,1,0.75305
202,2,6,6,0,90,8,80,10,2,2,1,0.7892
202,2,6,6,0,91,6,80,8,1,1,1,0.72299
202,2,6,6,0,92,4,80,6,1,1,1,0.5883
202,2,6,6,0,93,7,60,10,2,2,1,0.86028
202,2,6,6,0,94,9,60,12,2,2,1,0.44497
202,2,6,6,0,95,9,60,12,2,2,1,0.40323
202,2,6,6,0,96,10,80,12,2,2,1,0.42255
202,2,6,6,0,97,2,80,4,1,1,1,0.59055
202,2,6,6,0,98,8,80,10,2,2,1,0.60778
202,2,6,6,0,99,8,80,10,2,2,1,0.52251
202,2,6,6,0,100,4,80,6,1,1,1,0.49931
202,2,6,6,0,101,2,80,4,1,1,1,0.44147
202,2,6,6,0,102,2,80,4,1,1,1,0.47325
202,2,6,6,0,103,6,80,8,1,1,1,0.49182
202,2,6,6,0,104,7,60,10,2,2,1,0.92923
202,2,6,6,0,105,1,60,4,1,1,1,0.41724
202,2,6,6,0,106,1,60,4,1,1,1,0.5
202,2,6,6,0,107,6,80,8,1,1,1,0.78575
202,2,6,6,0,108,2,80,4,1,1,1,0.48708
202,2,6,6,0,109,10,80,12,2,2,1,0.51255
202,2,6,6,0,110,12,80,14,2,2,1,0.49751
202,2,6,6,0,111,5,60,8,1,1,1,0.73065
202,2,6,6,0,112,8,80,10,2,2,1,0.71258
202,2,6,6,0,113,9,60,12,2,2,1,0.55742
202,2,6,6,0,114,4,80,6,1,1,1,0.57791
202,2,6,6,0,115,11,60,14,2,2,1,0.4379
202,2,6,6,0,116,8,80,10,2,2,1,0.78022
202,2,6,6,0,117,12,80,14,2,2,1,0.60694
202,2,6,6,0,118,6,80,8,1,1,1,0.91545
202,2,6,6,0,119,9,60,12,2,2,1,0.51685
202,2,6,6,0,120,6,80,8,1,1,1,0.60142
