203,2,0,2,2,1,1,12,6,14,6,4,2,2,1,2.6801
203,2,0,2,2,1,2,12,6,14,6,4,2,2,1,1.4417
203,2,0,2,2,1,3,10,6,12,6,4,2,2,1,0.51626
203,2,0,2,2,1,4,8,6,10,6,4,2,2,1,1.6126
203,2,0,2,2,1,5,6,6,8,6,4,1,1,1,0.75035
203,2,0,2,2,1,6,10,6,12,6,4,2,2,1,0.88353
203,2,0,2,2,1,7,6,6,8,6,4,1,2,0,1.2469
203,2,0,2,2,1,8,6,6,8,6,4,1,1,1,0.74873
203,2,0,2,2,1,9,12,6,14,6,4,2,2,1,0.51906
203,2,0,2,2,1,10,2,6,4,6,4,1,2,0,0.88913
203,2,0,2,2,1,11,8,6,10,6,4,2,2,1,0.4493
203,2,0,2,2,1,12,8,6,10,6,4,2,2,1,1.2739
203,2,0,2,2,1,13,10,6,12,6,4,2,2,1,0.43866
203,2,0,2,2,1,14,6,6,8,6,4,1,2,0,0.42784
203,2,0,2,2,1,15,2,6,4,6,4,1,1,1,0.87023
203,2,0,2,2,1,16,2,6,4,6,4,1,1,1,0.39566
203,2,0,2,2,1,17,8,6,10,6,4,2,2,1,0.54846
203,2,0,2,2,1,18,4,6,6,6,4,1,1,1,0.47965
203,2,0,2,2,1,19,2,6,4,6,4,1,2,0,0.63773
203,2,0,2,2,1,20,12,6,14,6,4,2,2,1,0.8199
203,2,0,2,2,1,21,4,6,6,6,4,1,1,1,0.48534
203,2,0,2,2,1,22,4,6,6,6,4,1,1,1,0.52548
203,2,0,2,2,1,23,4,6,6,6,4,1,1,1,1.2116
203,2,0,2,2,1,24,10,6,12,6,4,2,2,1,0.49339
203,2,0,2,2,0,1,2,6,4,6,4,1,1,1,0.6517
203,2,0,2,2,0,2,6,6,8,6,4,1,1,1,2.0554
203,2,0,2,2,0,3,10,6,12,6,4,2,2,1,0.52571
203,2,0,2,2,0,4,8,6,10,6,4,2,2,1,0.8
203,2,0,2,2,0,5,6,6,8,6,4,1,1,1,1.6748
203,2,0,2,2,0,6,12,6,14,6,4,2,1,0,0.52821
203,2,0,2,2,0,7,4,6,6,6,4,1,1,1,0.65096
203,2,0,2,2,0,8,10,6,12,6,4,2,2,1,0.5392
203,2,0,2,2,0,9,4,6,6,6,4,1,1,1,0.6725
203,2,0,2,2,0,10,6,6,8,6,4,1,1,1,2.4196
203,2,0,2,2,0,11,8,6,10,6,4,2,2,1,0.87852
203,2,0,2,2,0,12,4,6,6,6,4,1,1,1,0.73136
203,2,0,2,2,0,13,6,6,8,6,4,1,1,1,1.3603
203,2,0,2,2,0,14,2,6,4,6,4,1,1,1,0.88473
203,2,0,2,2,0,15,12,6,14,6,4,2,2,1,0.66446
203,2,0,2,2,0,16,12,6,14,6,4,2,2,1,0.51014
203,2,0,2,2,0,17,4,6,6,6,4,1,1,1,1.5409
203,2,0,2,2,0,18,4,6,6,6,4,1,1,1,1.0892
203,2,0,2,2,0,19,12,6,14,6,4,2,2,1,0.60406
203,2,0,2,2,0,20,10,6,12,6,4,2,2,1,0.51069
203,2,0,2,2,0,21,2,6,4,6,4,1,1,1,0.99779
203,2,0,2,2,0,22,2,6,4,6,4,1,1,1,0.67046
203,2,0,2,2,0,23,10,6,12,6,4,2,2,1,0.53686
203,2,0,2,2,0,24,4,6,6,6,4,1,1,1,2.2777
203,2,0,2,2,0,25,6,6,8,6,4,1,1,1,0.99481
203,2,0,2,2,0,26,8,6,10,6,4,2,2,1,0.92663
203,2,0,2,2,0,27,12,6,14,6,4,2,2,1,0.59921
203,2,0,2,2,0,28,12,6,14,6,4,2,2,1,0.54797
203,2,0,2,2,0,29,4,6,6,6,4,1,1,1,0.65142
203,2,0,2,2,0,30,8,6,10,6,4,2,2,1,1.7191
203,2,0,2,2,0,31,4,6,6,6,4,1,1,1,0.60806
203,2,0,2,2,0,32,12,6,14,6,4,2,2,1,0.59036
203,2,0,2,2,0,33,12,6,14,6,4,2,2,1,0.46321
203,2,0,2,2,0,34,6,6,8,6,4,1,1,1,1.1331
203,2,0,2,2,0,35,6,6,8,6,4,1,1,1,0.63274
203,2,0,2,2,0,36,2,6,4,6,4,1,1,1,0.9212
203,2,0,2,2,0,37,4,6,6,6,4,1,1,1,0.52702
203,2,0,2,2,0,38,10,6,12,6,4,2,2,1,0.56507
203,2,0,2,2,0,39,10,6,12,6,4,2,2,1,0.53902
203,2,0,2,2,0,40,10,6,12,6,4,2,2,1,0.50368
203,2,0,2,2,0,41,6,6,8,6,4,1,1,1,0.82206
203,2,0,2,2,0,42,10,6,12,6,4,2,2,1,0.52876
203,2,0,2,2,0,43,8,6,10,6,4,2,2,1,1.6695
203,2,0,2,2,0,44,10,6,12,6,4,2,2,1,0.68659
203,2,0,2,2,0,45,4,6,6,6,4,1,1,1,0.56152
203,2,0,2,2,0,46,10,6,12,6,4,2,2,1,0.61167
203,2,0,2,2,0,47,8,6,10,6,4,2,2,1,1.3349
203,2,0,2,2,0,48,6,6,8,6,4,1,1,1,0.85978
203,2,0,2,2,0,49,10,6,12,6,4,2,2,1,0.63674
203,2,0,2,2,0,50,8,6,10,6,4,2,2,1,0.57595
203,2,0,2,2,0,51,8,6,10,6,4,2,2,1,0.56775
203,2,0,2,2,0,52,12,6,14,6,4,2,2,1,0.54067
203,2,0,2,2,0,53,10,6,12,6,4,2,2,1,0.53677
203,2,0,2,2,0,54,4,6,6,6,4,1,1,1,0.68074
203,2,0,2,2,0,55,12,6,14,6,4,2,2,1,0.54571
203,2,0,2,2,0,56,6,6,8,6,4,1,1,1,2.6988
203,2,0,2,2,0,57,10,6,12,6,4,2,2,1,0.49788
203,2,0,2,2,0,58,2,6,4,6,4,1,1,1,0.61656
203,2,0,2,2,0,59,8,6,10,6,4,2,2,1,1.5485
203,2,0,2,2,0,60,8,6,10,6,4,2,2,1,0.55217
203,2,0,2,2,0,61,2,6,4,6,4,1,1,1,0.60497
203,2,0,2,2,0,62,12,6,14,6,4,2,2,1,0.40897
203,2,0,2,2,0,63,8,6,10,6,4,2,2,1,1.2577
203,2,0,2,2,0,64,6,6,8,6,4,1,1,1,0.76194
203,2,0,2,2,0,65,6,6,8,6,4,1,1,1,0.80501
203,2,0,2,2,0,66,6,6,8,6,4,1,1,1,0.6335
203,2,0,2,2,0,67,6,6,8,6,4,1,1,1,0.52687
203,2,0,2,2,0,68,2,6,4,6,4,1,1,1,0.54521
203,2,0,2,2,0,69,2,6,4,6,4,1,1,1,0.5778
203,2,0,2,2,0,70,12,6,14,6,4,2,2,1,0.60038
203,2,0,2,2,0,71,12,6,14,6,4,2,2,1,0.37209
203,2,0,2,2,0,72,8,6,10,6,4,2,2,1,1.291
203,2,0,2,2,0,73,4,6,6,6,4,1,1,1,1.1182
203,2,0,2,2,0,74,2,6,4,6,4,1,1,1,0.75276
203,2,0,2,2,0,75,8,6,10,6,4,2,2,1,0.669
203,2,0,2,2,0,76,12,6,14,6,4,2,2,1,0.4954
203,2,0,2,2,0,77,4,6,6,6,4,1,1,1,0.94991
203,2,0,2,2,0,78,6,6,8,6,4,1,1,1,2.2295
203,2,0,2,2,0,79,12,6,14,6,4,2,2,1,0.49007
203,2,0,2,2,0,80,12,6,14,6,4,2,2,1,0.59893
203,2,0,2,2,0,81,2,6,4,6,4,1,1,1,0.61585
203,2,0,2,2,0,82,10,6,12,6,4,2,2,1,0.55433
203,2,0,2,2,0,83,10,6,12,6,4,2,2,1,0.57683
203,2,0,2,2,0,84,2,6,4,6,4,1,1,1,1.1146
203,2,0,2,2,0,85,6,6,8,6,4,1,1,1,1.4621
203,2,0,2,2,0,86,4,6,6,6,4,1,1,1,0.72154
203,2,0,2,2,0,87,2,6,4,6,4,1,1,1,0.54907
203,2,0,2,2,0,88,2,6,4,6,4,1,1,1,0.54386
203,2,0,2,2,0,89,10,6,12,6,4,2,2,1,0.49232
203,2,0,2,2,0,90,4,6,6,6,4,1,1,1,0.55076
203,2,0,2,2,0,91,8,6,10,6,4,2,2,1,0.90681
203,2,0,2,2,0,92,10,6,12,6,4,2,2,1,0.51048
203,2,0,2,2,0,93,12,6,14,6,4,2,2,1,0.3602
203,2,0,2,2,0,94,8,6,10,6,4,2,2,1,1.0914
203,2,0,2,2,0,95,4,6,6,6,4,1,1,1,0.60811
203,2,0,2,2,0,96,6,6,8,6,4,1,1,1,1.3917
203,2,0,2,2,0,97,6,6,8,6,4,1,1,1,0.92729
203,2,0,2,2,0,98,2,6,4,6,4,1,1,1,1.0884
203,2,0,2,2,0,99,8,6,10,6,4,2,2,1,0.73605
203,2,0,2,2,0,100,8,6,10,6,4,2,2,1,0.81055
203,2,0,2,2,0,101,4,6,6,6,4,1,1,1,0.6205
203,2,0,2,2,0,102,12,6,14,6,4,2,2,1,0.52053
203,2,0,2,2,0,103,10,6,12,6,4,2,2,1,0.80565
203,2,0,2,2,0,104,4,6,6,6,4,1,1,1,0.69096
203,2,0,2,2,0,105,12,6,14,6,4,2,2,1,0.54258
203,2,0,2,2,0,106,6,6,8,6,4,1,1,1,1.9625
203,2,0,2,2,0,107,8,6,10,6,4,2,2,1,0.49054
203,2,0,2,2,0,108,4,6,6,6,4,1,1,1,0.67711
203,2,0,2,2,0,109,2,6,4,6,4,1,2,0,0.56552
203,2,0,2,2,0,110,2,6,4,6,4,1,1,1,0.58558
203,2,0,2,2,0,111,4,6,6,6,4,1,1,1,0.4413
203,2,0,2,2,0,112,10,6,12,6,4,2,2,1,0.59753
203,2,0,2,2,0,113,10,6,12,6,4,2,2,1,0.53946
203,2,0,2,2,0,114,2,6,4,6,4,1,1,1,0.57245
203,2,0,2,2,0,115,8,6,10,6,4,2,2,1,0.91091
203,2,0,2,2,0,116,2,6,4,6,4,1,1,1,0.58055
203,2,0,2,2,0,117,12,6,14,6,4,2,2,1,1.4675
203,2,0,2,2,0,118,2,6,4,6,4,1,1,1,0.58994
203,2,0,2,2,0,119,6,6,8,6,4,1,1,1,2.5107
203,2,0,2,2,0,120,8,6,10,6,4,2,2,1,1.0208
203,2,0,2,1,1,1,7,6,10,5,4,2,1,0,1.782
203,2,0,2,1,1,2,11,6,14,5,4,2,2,1,0.77154
203,2,0,2,1,1,3,11,6,14,5,4,2,2,1,0.55581
203,2,0,2,1,1,4,1,6,4,5,4,1,1,1,1.4726
203,2,0,2,1,1,5,7,6,10,5,4,2,2,1,1.029
203,2,0,2,1,1,6,1,6,4,5,4,1,1,1,0.61851
203,2,0,2,1,1,7,7,6,10,5,4,2,2,1,1.1165
203,2,0,2,1,1,8,7,6,10,5,4,2,2,1,0.54765
203,2,0,2,1,1,9,11,6,14,5,4,2,2,1,0.45811
203,2,0,2,1,1,10,3,6,6,5,4,1,1,1,0.47162
203,2,0,2,1,1,11,5,6,8,5,4,1,1,1,2.0131
203,2,0,2,1,1,12,5,6,8,5,4,1,1,1,1.2282
203,2,0,2,1,1,13,5,6,8,5,4,1,1,1,0.7921
203,2,0,2,1,1,14,9,6,12,5,4,2,2,1,0.59724
203,2,0,2,1,1,15,1,6,4,5,4,1,1,1,0.6102
203,2,0,2,1,1,16,1,6,4,5,4,1,1,1,0.53657
203,2,0,2,1,1,17,3,6,6,5,4,1,1,1,0.55581
203,2,0,2,1,1,18,9,6,12,5,4,2,2,1,0.55008
203,2,0,2,1,1,19,11,6,14,5,4,2,2,1,0.60051
203,2,0,2,1,1,20,9,6,12,5,4,2,2,1,0.47407
203,2,0,2,1,1,21,9,6,12,5,4,2,2,1,0.43127
203,2,0,2,1,1,22,5,6,8,5,4,1,1,1,0.63352
203,2,0,2,1,1,23,3,6,6,5,4,1,1,1,0.58337
203,2,0,2,1,1,24,3,6,6,5,4,1,1,1,0.6056
203,2,0,2,1,0,1,9,6,12,5,4,2,2,1,0.67017
203,2,0,2,1,0,2,7,6,10,5,4,2,2,1,1.7825
203,2,0,2,1,0,3,3,6,6,5,4,1,1,1,0.63994
203,2,0,2,1,0,4,5,6,8,5,4,1,1,1,0.64729
203,2,0,2,1,0,5,1,6,4,5,4,1,1,1,0.63949
203,2,0,2,1,0,6,5,6,8,5,4,1,1,1,0.65647
203,2,0,2,1,0,7,7,6,10,5,4,2,2,1,1.0705
203,2,0,2,1,0,8,5,6,8,5,4,1,2,0,2.4024
203,2,0,2,1,0,9,1,6,4,5,4,1,1,1,0.82968
203,2,0,2,1,0,10,1,6,4,5,4,1,1,1,0.52471
203,2,0,2,1,0,11,7,6,10,5,4,2,2,1,0.88867
203,2,0,2,1,0,12,9,6,12,5,4,2,2,1,0.55669
203,2,0,2,1,0,13,7,6,10,5,4,2,2,1,1.1837
203,2,0,2,1,0,14,3,6,6,5,4,1,1,1,0.77024
203,2,0,2,1,0,15,11,6,14,5,4,2,2,1,0.51985
203,2,0,2,1,0,16,3,6,6,5,4,1,1,1,0.63588
203,2,0,2,1,0,17,5,6,8,5,4,1,1,1,1.2136
203,2,0,2,1,0,18,9,6,12,5,4,2,2,1,0.4678
203,2,0,2,1,0,19,1,6,4,5,4,1,1,1,0.5944
203,2,0,2,1,0,20,3,6,6,5,4,1,1,1,0.60571
203,2,0,2,1,0,21,9,6,12,5,4,2,2,1,0.54142
203,2,0,2,1,0,22,3,6,6,5,4,1,1,1,0.62392
203,2,0,2,1,0,23,3,6,6,5,4,1,1,1,1.1575
203,2,0,2,1,0,24,3,6,6,5,4,1,1,1,0.61782
203,2,0,2,1,0,25,5,6,8,5,4,1,1,1,0.63488
203,2,0,2,1,0,26,7,6,10,5,4,2,2,1,1.5446
203,2,0,2,1,0,27,11,6,14,5,4,2,2,1,0.53476
203,2,0,2,1,0,28,5,6,8,5,4,1,2,0,1.4639
203,2,0,2,1,0,29,9,6,12,5,4,2,2,1,0.58301
203,2,0,2,1,0,30,7,6,10,5,4,2,2,1,1.0189
203,2,0,2,1,0,31,11,6,14,5,4,2,2,1,0.97085
203,2,0,2,1,0,32,1,6,4,5,4,1,1,1,0.6888
203,2,0,2,1,0,33,9,6,12,5,4,2,2,1,0.55207
203,2,0,2,1,0,34,1,6,4,5,4,1,1,1,0.54429
203,2,0,2,1,0,35,5,6,8,5,4,1,1,1,0.6856
203,2,0,2,1,0,36,5,6,8,5,4,1,1,1,0.58881
203,2,0,2,1,0,37,3,6,6,5,4,1,1,1,0.63114
203,2,0,2,1,0,38,5,6,8,5,4,1,1,1,2.3022
203,2,0,2,1,0,39,7,6,10,5,4,2,2,1,0.92594
203,2,0,2,1,0,40,5,6,8,5,4,1,2,0,0.74851
203,2,0,2,1,0,41,3,6,6,5,4,1,1,1,0.65671
203,2,0,2,1,0,42,11,6,14,5,4,2,2,1,0.51585
203,2,0,2,1,0,43,5,6,8,5,4,1,2,0,2.4796
203,2,0,2,1,0,44,5,6,8,5,4,1,1,1,0.84433
203,2,0,2,1,0,45,7,6,10,5,4,2,2,1,1.1204
203,2,0,2,1,0,46,3,6,6,5,4,1,1,1,1.0404
203,2,0,2,1,0,47,3,6,6,5,4,1,1,1,0.80854
203,2,0,2,1,0,48,11,6,14,5,4,2,2,1,0.51268
203,2,0,2,1,0,49,3,6,6,5,4,1,1,1,0.71206
203,2,0,2,1,0,50,9,6,12,5,4,2,2,1,0.49587
203,2,0,2,1,0,51,11,6,14,5,4,2,2,1,0.46947
203,2,0,2,1,0,52,7,6,10,5,4,2,2,1,1.1065
203,2,0,2,1,0,53,9,6,12,5,4,2,2,1,0.45035
203,2,0,2,1,0,54,3,6,6,5,4,1,1,1,1.054
203,2,0,2,1,0,55,1,6,4,5,4,1,1,1,0.56183
203,2,0,2,1,0,56,7,6,10,5,4,2,2,1,0.50278
203,2,0,2,1,0,57,7,6,10,5,4,2,2,1,0.56923
203,2,0,2,1,0,58,1,6,4,5,4,1,1,1,0.49379
203,2,0,2,1,0,59,5,6,8,5,4,1,1,1,0.61656
203,2,0,2,1,0,60,11,6,14,5,4,2,2,1,0.4581
203,2,0,2,1,0,61,11,6,14,5,4,2,2,1,0.57249
203,2,0,2,1,0,62,9,6,12,5,4,2,2,1,0.35661
203,2,0,2,1,0,63,9,6,12,5,4,2,2,1,0.45511
203,2,0,2,1,0,64,11,6,14,5,4,2,2,1,0.493
203,2,0,2,1,0,65,11,6,14,5,4,2,2,1,0.50443
203,2,0,2,1,0,66,7,6,10,5,4,2,2,1,1.4642
203,2,0,2,1,0,67,9,6,12,5,4,2,2,1,0.50837
203,2,0,2,1,0,68,9,6,12,5,4,2,2,1,0.39095
203,2,0,2,1,0,69,1,6,4,5,4,1,1,1,0.58295
203,2,0,2,1,0,70,7,6,10,5,4,2,1,0,1.5437
203,2,0,2,1,0,71,11,6,14,5,4,2,2,1,0.49778
203,2,0,2,1,0,72,9,6,12,5,4,2,2,1,0.55577
203,2,0,2,1,0,73,7,6,10,5,4,2,2,1,0.67971
203,2,0,2,1,0,74,1,6,4,5,4,1,1,1,0.56556
203,2,0,2,1,0,75,3,6,6,5,4,1,1,1,0.56449
203,2,0,2,1,0,76,7,6,10,5,4,2,2,1,2.0996
203,2,0,2,1,0,77,7,6,10,5,4,2,2,1,1.3739
203,2,0,2,1,0,78,3,6,6,5,4,1,1,1,0.54905
203,2,0,2,1,0,79,1,6,4,5,4,1,1,1,0.48189
203,2,0,2,1,0,80,1,6,4,5,4,1,1,1,0.46018
203,2,0,2,1,0,81,9,6,12,5,4,2,2,1,0.91153
203,2,0,2,1,0,82,3,6,6,5,4,1,1,1,0.724
203,2,0,2,1,0,83,9,6,12,5,4,2,2,1,0.4816
203,2,0,2,1,0,84,1,6,4,5,4,1,2,0,0.55492
203,2,0,2,1,0,85,1,6,4,5,4,1,1,1,0.41125
203,2,0,2,1,0,86,5,6,8,5,4,1,1,1,0.99621
203,2,0,2,1,0,87,7,6,10,5,4,2,2,1,0.83667
203,2,0,2,1,0,88,11,6,14,5,4,2,2,1,0.95853
203,2,0,2,1,0,89,9,6,12,5,4,2,2,1,0.47012
203,2,0,2,1,0,90,9,6,12,5,4,2,2,1,0.38544
203,2,0,2,1,0,91,11,6,14,5,4,2,2,1,0.38049
203,2,0,2,1,0,92,3,6,6,5,4,1,1,1,1.5433
203,2,0,2,1,0,93,11,6,14,5,4,2,2,1,0.52663
203,2,0,2,1,0,94,11,6,14,5,4,2,2,1,0.53136
203,2,0,2,1,0,95,11,6,14,5,4,2,2,1,0.38715
203,2,0,2,1,0,96,5,6,8,5,4,1,1,1,0.77233
203,2,0,2,1,0,97,1,6,4,5,4,1,1,1,1.3374
203,2,0,2,1,0,98,5,6,8,5,4,1,1,1,0.99631
203,2,0,2,1,0,99,9,6,12,5,4,2,2,1,0.3873
203,2,0,2,1,0,100,11,6,14,5,4,2,2,1,0.56074
203,2,0,2,1,0,101,1,6,4,5,4,1,1,1,0.59938
203,2,0,2,1,0,102,7,6,10,5,4,2,2,1,1.7174
203,2,0,2,1,0,103,3,6,6,5,4,1,1,1,0.82718
203,2,0,2,1,0,104,9,6,12,5,4,2,2,1,0.52785
203,2,0,2,1,0,105,1,6,4,5,4,1,1,1,0.51601
203,2,0,2,1,0,106,3,6,6,5,4,1,1,1,0.49759
203,2,0,2,1,0,107,5,6,8,5,4,1,1,1,0.50644
203,2,0,2,1,0,108,5,6,8,5,4,1,1,1,1.0099
203,2,0,2,1,0,109,7,6,10,5,4,2,2,1,0.59184
203,2,0,2,1,0,110,11,6,14,5,4,2,2,1,0.55197
203,2,0,2,1,0,111,5,6,8,5,4,1,2,0,1.5416
203,2,0,2,1,0,112,11,6,14,5,4,2,2,1,0.60962
203,2,0,2,1,0,113,11,6,14,5,4,2,2,1,0.46506
203,2,0,2,1,0,114,9,6,12,5,4,2,2,1,0.86623
203,2,0,2,1,0,115,3,6,6,5,4,1,1,1,0.49597
203,2,0,2,1,0,116,5,6,8,5,4,1,1,1,1.1358
203,2,0,2,1,0,117,1,6,4,5,4,1,1,1,0.49015
203,2,0,2,1,0,118,7,6,10,5,4,2,2,1,1.1792
203,2,0,2,1,0,119,1,6,4,5,4,1,1,1,0.51922
203,2,0,2,1,0,120,1,6,4,5,4,1,1,1,0.5127
203,2,0,2,3,1,1,8,6,10,6,4,2,2,1,1.9221
203,2,0,2,3,1,2,12,6,14,6,4,2,2,1,0.46364
203,2,0,2,3,1,3,5,6,8,5,4,1,1,1,1.0854
203,2,0,2,3,1,4,3,6,6,5,4,1,1,1,0.52075
203,2,0,2,3,1,5,3,6,6,5,4,1,1,1,1.1443
203,2,0,2,3,1,6,10,6,12,6,4,2,2,1,0.57975
203,2,0,2,3,1,7,5,6,8,5,4,1,2,0,2.5283
203,2,0,2,3,1,8,8,6,10,6,4,2,1,0,1.0364
203,2,0,2,3,1,9,1,6,4,5,4,1,1,1,1.0805
203,2,0,2,3,1,10,12,6,14,6,4,2,2,1,0.44407
203,2,0,2,3,1,11,1,6,4,5,4,1,1,1,0.60442
203,2,0,2,3,1,12,12,6,14,6,4,2,2,1,0.5355
203,2,0,2,3,1,13,10,6,12,6,4,2,2,1,0.93209
203,2,0,2,3,1,14,8,6,10,6,4,2,2,1,0.92501
203,2,0,2,3,1,15,1,6,4,5,4,1,1,1,0.63243
203,2,0,2,3,1,16,10,6,12,6,4,2,2,1,0.6259
203,2,0,2,3,1,17,3,6,6,5,4,1,1,1,0.63153
203,2,0,2,3,1,18,8,6,10,6,4,2,2,1,0.50246
203,2,0,2,3,1,19,5,6,8,5,4,1,1,1,0.60342
203,2,0,2,3,1,20,10,6,12,6,4,2,2,1,0.63548
203,2,0,2,3,1,21,3,6,6,5,4,1,1,1,0.64101
203,2,0,2,3,1,22,12,6,14,6,4,2,2,1,0.53609
203,2,0,2,3,1,23,1,6,4,5,4,1,1,1,1.1595
203,2,0,2,3,1,24,5,6,8,5,4,1,2,0,2.0856
203,2,0,2,3,0,1,8,6,10,6,4,2,2,1,1.6337
203,2,0,2,3,0,2,12,6,14,6,4,2,2,1,0.71079
203,2,0,2,3,0,3,3,6,6,5,4,1,1,1,0.6059
203,2,0,2,3,0,4,5,6,8,5,4,1,1,1,1.077
203,2,0,2,3,0,5,3,6,6,5,4,1,1,1,0.90163
203,2,0,2,3,0,6,8,6,10,6,4,2,2,1,0.70253
203,2,0,2,3,0,7,5,6,8,5,4,1,1,1,1.6212
203,2,0,2,3,0,8,1,6,4,5,4,1,1,1,0.67832
203,2,0,2,3,0,9,5,6,8,5,4,1,1,1,1.2197
203,2,0,2,3,0,10,1,6,4,5,4,1,1,1,0.65769
203,2,0,2,3,0,11,1,6,4,5,4,1,1,1,0.46671
203,2,0,2,3,0,12,5,6,8,5,4,1,2,0,2.8159
203,2,0,2,3,0,13,1,6,4,5,4,1,1,1,0.60189
203,2,0,2,3,0,14,10,6,12,6,4,2,2,1,0.69889
203,2,0,2,3,0,15,8,6,10,6,4,2,2,1,2.1085
203,2,0,2,3,0,16,8,6,10,6,4,2,2,1,0.52222
203,2,0,2,3,0,17,10,6,12,6,4,2,2,1,0.39221
203,2,0,2,3,0,18,3,6,6,5,4,1,1,1,1.5315
203,2,0,2,3,0,19,8,6,10,6,4,2,2,1,0.98763
203,2,0,2,3,0,20,10,6,12,6,4,2,2,1,0.46785
203,2,0,2,3,0,21,8,6,10,6,4,2,2,1,0.40775
203,2,0,2,3,0,22,5,6,8,5,4,1,1,1,1.5909
203,2,0,2,3,0,23,5,6,8,5,4,1,1,1,0.90899
203,2,0,2,3,0,24,5,6,8,5,4,1,1,1,1.4193
203,2,0,2,3,0,25,5,6,8,5,4,1,1,1,0.71622
203,2,0,2,3,0,26,10,6,12,6,4,2,2,1,0.65011
203,2,0,2,3,0,27,12,6,14,6,4,2,2,1,0.6238
203,2,0,2,3,0,28,12,6,14,6,4,2,2,1,0.51336
203,2,0,2,3,0,29,12,6,14,6,4,2,2,1,0.4746
203,2,0,2,3,0,30,5,6,8,5,4,1,1,1,1.5077
203,2,0,2,3,0,31,3,6,6,5,4,1,1,1,0.68995
203,2,0,2,3,0,32,3,6,6,5,4,1,1,1,0.54556
203,2,0,2,3,0,33,3,6,6,5,4,1,1,1,0.7
203,2,0,2,3,0,34,8,6,10,6,4,2,2,1,0.53754
203,2,0,2,3,0,35,1,6,4,5,4,1,1,1,0.71769
203,2,0,2,3,0,36,8,6,10,6,4,2,2,1,2.1605
203,2,0,2,3,0,37,3,6,6,5,4,1,1,1,0.67756
203,2,0,2,3,0,38,5,6,8,5,4,1,1,1,1.8993
203,2,0,2,3,0,39,1,6,4,5,4,1,1,1,0.86188
203,2,0,2,3,0,40,5,6,8,5,4,1,1,1,2.7296
203,2,0,2,3,0,41,8,6,10,6,4,2,2,1,1.4105
203,2,0,2,3,0,42,10,6,12,6,4,2,2,1,0.96359
203,2,0,2,3,0,43,12,6,14,6,4,2,2,1,0.46266
203,2,0,2,3,0,44,1,6,4,5,4,1,1,1,1.364
203,2,0,2,3,0,45,12,6,14,6,4,2,2,1,0.62602
203,2,0,2,3,0,46,10,6,12,6,4,2,2,1,1.2666
203,2,0,2,3,0,47,12,6,14,6,4,2,2,1,0.58487
203,2,0,2,3,0,48,12,6,14,6,4,2,2,1,0.47418
203,2,0,2,3,0,49,3,6,6,5,4,1,1,1,0.70484
203,2,0,2,3,0,50,8,6,10,6,4,2,2,1,0.74525
203,2,0,2,3,0,51,10,6,12,6,4,2,2,1,0.46335
203,2,0,2,3,0,52,10,6,12,6,4,2,2,1,0.50121
203,2,0,2,3,0,53,8,6,10,6,4,2,2,1,2.7873
203,2,0,2,3,0,54,5,6,8,5,4,1,1,1,1.3419
203,2,0,2,3,0,55,1,6,4,5,4,1,1,1,0.71195
203,2,0,2,3,0,56,8,6,10,6,4,2,2,1,0.90511
203,2,0,2,3,0,57,12,6,14,6,4,2,2,1,0.75393
203,2,0,2,3,0,58,8,6,10,6,4,2,2,1,1.2181
203,2,0,2,3,0,59,8,6,10,6,4,2,2,1,1.3007
203,2,0,2,3,0,60,5,6,8,5,4,1,1,1,1.9245
203,2,0,2,3,0,61,12,6,14,6,4,2,2,1,0.99578
203,2,0,2,3,0,62,10,6,12,6,4,2,2,1,0.42522
203,2,0,2,3,0,63,10,6,12,6,4,2,2,1,0.6283
203,2,0,2,3,0,64,10,6,12,6,4,2,2,1,0.55387
203,2,0,2,3,0,65,5,6,8,5,4,1,1,1,2.5484
203,2,0,2,3,0,66,12,6,14,6,4,2,2,1,1.6664
203,2,0,2,3,0,67,5,6,8,5,4,1,1,1,1.1302
203,2,0,2,3,0,68,1,6,4,5,4,1,1,1,0.67169
203,2,0,2,3,0,69,1,6,4,5,4,1,1,1,0.45946
203,2,0,2,3,0,70,8,6,10,6,4,2,2,1,1.3489
203,2,0,2,3,0,71,3,6,6,5,4,1,1,1,0.8164
203,2,0,2,3,0,72,10,6,12,6,4,2,2,1,0.54997
203,2,0,2,3,0,73,12,6,14,6,4,2,2,1,0.42742
203,2,0,2,3,0,74,1,6,4,5,4,1,1,1,0.61355
203,2,0,2,3,0,75,12,6,14,6,4,2,2,1,1.5517
203,2,0,2,3,0,76,3,6,6,5,4,1,1,1,1.1149
203,2,0,2,3,0,77,3,6,6,5,4,1,1,1,1.0911
203,2,0,2,3,0,78,3,6,6,5,4,1,1,1,0.48467
203,2,0,2,3,0,79,12,6,14,6,4,2,2,1,0.48809
203,2,0,2,3,0,80,5,6,8,5,4,1,1,1,2.6586
203,2,0,2,3,0,81,12,6,14,6,4,2,2,1,0.50325
203,2,0,2,3,0,82,10,6,12,6,4,2,2,1,0.53131
203,2,0,2,3,0,83,10,6,12,6,4,2,2,1,0.4126
203,2,0,2,3,0,84,12,6,14,6,4,2,2,1,0.39956
203,2,0,2,3,0,85,8,6,10,6,4,2,2,1,2.4424
203,2,0,2,3,0,86,3,6,6,5,4,1,1,1,0.50685
203,2,0,2,3,0,87,3,6,6,5,4,1,1,1,0.56797
203,2,0,2,3,0,88,5,6,8,5,4,1,1,1,0.94773
203,2,0,2,3,0,89,10,6,12,6,4,2,2,1,0.56373
203,2,0,2,3,0,90,5,6,8,5,4,1,1,1,0.70858
203,2,0,2,3,0,91,1,6,4,5,4,1,1,1,0.59319
203,2,0,2,3,0,92,1,6,4,5,4,1,1,1,1.2896
203,2,0,2,3,0,93,1,6,4,5,4,1,1,1,0.44936
203,2,0,2,3,0,94,10,6,12,6,4,2,2,1,0.60996
203,2,0,2,3,0,95,5,6,8,5,4,1,1,1,1.2345
203,2,0,2,3,0,96,10,6,12,6,4,2,2,1,0.59312
203,2,0,2,3,0,97,8,6,10,6,4,2,2,1,1.5248
203,2,0,2,3,0,98,3,6,6,5,4,1,1,1,0.44922
203,2,0,2,3,0,99,12,6,14,6,4,2,2,1,1.1595
203,2,0,2,3,0,100,10,6,12,6,4,2,2,1,0.43551
203,2,0,2,3,0,101,1,6,4,5,4,1,1,1,0.76701
203,2,0,2,3,0,102,8,6,10,6,4,2,2,1,0.92307
203,2,0,2,3,0,103,3,6,6,5,4,1,1,1,0.86865
203,2,0,2,3,0,104,1,6,4,5,4,1,1,1,0.49531
203,2,0,2,3,0,105,3,6,6,5,4,1,1,1,0.50182
203,2,0,2,3,0,106,12,6,14,6,4,2,2,1,0.53252
203,2,0,2,3,0,107,3,6,6,5,4,1,1,1,1.3817
203,2,0,2,3,0,108,1,6,4,5,4,1,1,1,0.47421
203,2,0,2,3,0,109,3,6,6,5,4,1,1,1,0.51321
203,2,0,2,3,0,110,3,6,6,5,4,1,1,1,0.41554
203,2,0,2,3,0,111,5,6,8,5,4,1,1,1,2.3552
203,2,0,2,3,0,112,1,6,4,5,4,1,1,1,0.75015
203,2,0,2,3,0,113,12,6,14,6,4,2,2,1,0.45625
203,2,0,2,3,0,114,10,6,12,6,4,2,2,1,0.42523
203,2,0,2,3,0,115,10,6,12,6,4,2,2,1,0.43043
203,2,0,2,3,0,116,8,6,10,6,4,2,2,1,1.0222
203,2,0,2,3,0,117,8,6,10,6,4,2,2,1,0.89033
203,2,0,2,3,0,118,12,6,14,6,4,2,2,1,0.50075
203,2,0,2,3,0,119,1,6,4,5,4,1,1,1,0.6189
203,2,0,2,3,0,120,1,6,4,5,4,1,1,1,0.51047
203,2,0,2,4,1,1,9,6,12,5,4,2,2,1,1.3214
203,2,0,2,4,1,2,4,6,6,6,4,1,1,1,1.1801
203,2,0,2,4,1,3,6,6,8,6,4,1,1,1,2.4816
203,2,0,2,4,1,4,9,6,12,5,4,2,2,1,0.57203
203,2,0,2,4,1,5,7,6,10,5,4,2,2,1,1.5554
203,2,0,2,4,1,6,7,6,10,5,4,2,2,1,0.68847
203,2,0,2,4,1,7,6,6,8,6,4,1,1,1,1.4487
203,2,0,2,4,1,8,11,6,14,5,4,2,2,1,0.5205
203,2,0,2,4,1,9,7,6,10,5,4,2,2,1,1.2757
203,2,0,2,4,1,10,2,6,4,6,4,1,1,1,0.80268
203,2,0,2,4,1,11,4,6,6,6,4,1,1,1,0.53056
203,2,0,2,4,1,12,11,6,14,5,4,2,2,1,0.56416
203,2,0,2,4,1,13,11,6,14,5,4,2,2,1,0.58143
203,2,0,2,4,1,14,4,6,6,6,4,1,1,1,0.91508
203,2,0,2,4,1,15,7,6,10,5,4,2,2,1,1.4636
203,2,0,2,4,1,16,6,6,8,6,4,1,1,1,1.2739
203,2,0,2,4,1,17,6,6,8,6,4,1,1,1,0.8908
203,2,0,2,4,1,18,9,6,12,5,4,2,2,1,0.52198
203,2,0,2,4,1,19,11,6,14,5,4,2,2,1,0.4712
203,2,0,2,4,1,20,2,6,4,6,4,1,1,1,0.83202
203,2,0,2,4,1,21,4,6,6,6,4,1,1,1,1.0404
203,2,0,2,4,1,22,9,6,12,5,4,2,2,1,0.64859
203,2,0,2,4,1,23,2,6,4,6,4,1,1,1,0.80666
203,2,0,2,4,1,24,2,6,4,6,4,1,1,1,0.62307
203,2,0,2,4,0,1,4,6,6,6,4,1,1,1,0.61716
203,2,0,2,4,0,2,2,6,4,6,4,1,1,1,0.45989
203,2,0,2,4,0,3,6,6,8,6,4,1,1,1,1.5558
203,2,0,2,4,0,4,11,6,14,5,4,2,2,1,0.51701
203,2,0,2,4,0,5,11,6,14,5,4,2,2,1,0.38542
203,2,0,2,4,0,6,11,6,14,5,4,2,2,1,0.44664
203,2,0,2,4,0,7,11,6,14,5,4,2,2,1,0.36751
203,2,0,2,4,0,8,7,6,10,5,4,2,2,1,1.1838
203,2,0,2,4,0,9,11,6,14,5,4,2,2,1,0.45343
203,2,0,2,4,0,10,9,6,12,5,4,2,2,1,0.56652
203,2,0,2,4,0,11,7,6,10,5,4,2,2,1,1.223
203,2,0,2,4,0,12,4,6,6,6,4,1,1,1,1.1062
203,2,0,2,4,0,13,7,6,10,5,4,2,2,1,1.7343
203,2,0,2,4,0,14,11,6,14,5,4,2,2,1,0.47939
203,2,0,2,4,0,15,9,6,12,5,4,2,2,1,1.0034
203,2,0,2,4,0,16,9,6,12,5,4,2,2,1,0.46658
203,2,0,2,4,0,17,7,6,10,5,4,2,2,1,1.3106
203,2,0,2,4,0,18,2,6,4,6,4,1,1,1,0.58349
203,2,0,2,4,0,19,6,6,8,6,4,1,1,1,0.58272
203,2,0,2,4,0,20,7,6,10,5,4,2,2,1,0.79641
203,2,0,2,4,0,21,9,6,12,5,4,2,2,1,0.52121
203,2,0,2,4,0,22,2,6,4,6,4,1,1,1,0.70733
203,2,0,2,4,0,23,6,6,8,6,4,1,1,1,0.58966
203,2,0,2,4,0,24,9,6,12,5,4,2,2,1,0.41418
203,2,0,2,4,0,25,7,6,10,5,4,2,2,1,0.4484
203,2,0,2,4,0,26,4,6,6,6,4,1,1,1,0.54985
203,2,0,2,4,0,27,2,6,4,6,4,1,1,1,0.82203
203,2,0,2,4,0,28,7,6,10,5,4,2,2,1,1.5491
203,2,0,2,4,0,29,4,6,6,6,4,1,1,1,1.0295
203,2,0,2,4,0,30,11,6,14,5,4,2,2,1,0.51303
203,2,0,2,4,0,31,9,6,12,5,4,2,2,1,0.93079
203,2,0,2,4,0,32,2,6,4,6,4,1,1,1,0.48239
203,2,0,2,4,0,33,4,6,6,6,4,1,1,1,0.44853
203,2,0,2,4,0,34,11,6,14,5,4,2,2,1,0.46859
203,2,0,2,4,0,35,4,6,6,6,4,1,1,1,0.57889
203,2,0,2,4,0,36,11,6,14,5,4,2,2,1,0.94227
203,2,0,2,4,0,37,11,6,14,5,4,2,2,1,0.5473
203,2,0,2,4,0,38,6,6,8,6,4,1,1,1,1.4105
203,2,0,2,4,0,39,9,6,12,5,4,2,2,1,0.86648
203,2,0,2,4,0,40,7,6,10,5,4,2,2,1,1.8404
203,2,0,2,4,0,41,7,6,10,5,4,2,2,1,0.96996
203,2,0,2,4,0,42,4,6,6,6,4,1,1,1,0.58862
203,2,0,2,4,0,43,11,6,14,5,4,2,2,1,0.4439
203,2,0,2,4,0,44,4,6,6,6,4,1,1,1,0.60242
203,2,0,2,4,0,45,11,6,14,5,4,2,2,1,0.45556
203,2,0,2,4,0,46,7,6,10,5,4,2,2,1,1.7377
203,2,0,2,4,0,47,11,6,14,5,4,2,2,1,0.51598
203,2,0,2,4,0,48,6,6,8,6,4,1,1,1,0.9009
203,2,0,2,4,0,49,2,6,4,6,4,1,1,1,0.71846
203,2,0,2,4,0,50,4,6,6,6,4,1,1,1,0.50662
203,2,0,2,4,0,51,2,6,4,6,4,1,1,1,0.52674
203,2,0,2,4,0,52,7,6,10,5,4,2,2,1,0.52226
203,2,0,2,4,0,53,4,6,6,6,4,1,1,1,0.6279
203,2,0,2,4,0,54,2,6,4,6,4,1,1,1,0.66803
203,2,0,2,4,0,55,9,6,12,5,4,2,2,1,1.1093
203,2,0,2,4,0,56,11,6,14,5,4,2,2,1,0.70368
203,2,0,2,4,0,57,11,6,14,5,4,2,2,1,0.75399
203,2,0,2,4,0,58,7,6,10,5,4,2,2,1,1.2851
203,2,0,2,4,0,59,6,6,8,6,4,1,1,1,0.81065
203,2,0,2,4,0,60,11,6,14,5,4,2,2,1,0.50582
203,2,0,2,4,0,61,4,6,6,6,4,1,1,1,0.61091
203,2,0,2,4,0,62,9,6,12,5,4,2,2,1,0.54138
203,2,0,2,4,0,63,6,6,8,6,4,1,1,1,0.67105
203,2,0,2,4,0,64,2,6,4,6,4,1,1,1,0.54152
203,2,0,2,4,0,65,4,6,6,6,4,1,1,1,0.54107
203,2,0,2,4,0,66,6,6,8,6,4,1,1,1,0.64513
203,2,0,2,4,0,67,11,6,14,5,4,2,2,1,0.48218
203,2,0,2,4,0,68,4,6,6,6,4,1,1,1,0.67482
203,2,0,2,4,0,69,7,6,10,5,4,2,2,1,1.0386
203,2,0,2,4,0,70,4,6,6,6,4,1,1,1,0.55732
203,2,0,2,4,0,71,2,6,4,6,4,1,1,1,0.56072
203,2,0,2,4,0,72,9,6,12,5,4,2,2,1,0.57258
203,2,0,2,4,0,73,6,6,8,6,4,1,1,1,0.52946
203,2,0,2,4,0,74,6,6,8,6,4,1,1,1,0.50488
203,2,0,2,4,0,75,2,6,4,6,4,1,1,1,0.56289
203,2,0,2,4,0,76,2,6,4,6,4,1,1,1,0.46579
203,2,0,2,4,0,77,9,6,12,5,4,2,2,1,0.65521
203,2,0,2,4,0,78,9,6,12,5,4,2,2,1,1.5942
203,2,0,2,4,0,79,2,6,4,6,4,1,1,1,0.57363
203,2,0,2,4,0,80,6,6,8,6,4,1,1,1,1.2612
203,2,0,2,4,0,81,9,6,12,5,4,2,2,1,0.95731
203,2,0,2,4,0,82,6,6,8,6,4,1,1,1,0.76312
203,2,0,2,4,0,83,9,6,12,5,4,2,2,1,0.65482
203,2,0,2,4,0,84,6,6,8,6,4,1,1,1,0.7203
203,2,0,2,4,0,85,2,6,4,6,4,1,1,1,0.59002
203,2,0,2,4,0,86,2,6,4,6,4,1,1,1,0.51217
203,2,0,2,4,0,87,4,6,6,6,4,1,1,1,0.50261
203,2,0,2,4,0,88,7,6,10,5,4,2,2,1,0.50027
203,2,0,2,4,0,89,4,6,6,6,4,1,1,1,0.51006
203,2,0,2,4,0,90,4,6,6,6,4,1,1,1,0.49912
203,2,0,2,4,0,91,9,6,12,5,4,2,2,1,0.46834
203,2,0,2,4,0,92,6,6,8,6,4,1,1,1,0.72583
203,2,0,2,4,0,93,7,6,10,5,4,2,2,1,0.68714
203,2,0,2,4,0,94,4,6,6,6,4,1,1,1,0.63038
203,2,0,2,4,0,95,11,6,14,5,4,2,2,1,0.48114
203,2,0,2,4,0,96,9,6,12,5,4,2,2,1,0.39877
203,2,0,2,4,0,97,6,6,8,6,4,1,1,1,0.60997
203,2,0,2,4,0,98,2,6,4,6,4,1,1,1,0.5335
203,2,0,2,4,0,99,11,6,14,5,4,2,2,1,0.50457
203,2,0,2,4,0,100,9,6,12,5,4,2,2,1,0.60746
203,2,0,2,4,0,101,11,6,14,5,4,2,2,1,0.55842
203,2,0,2,4,0,102,6,6,8,6,4,1,1,1,0.64282
203,2,0,2,4,0,103,9,6,12,5,4,2,2,1,0.74911
203,2,0,2,4,0,104,7,6,10,5,4,2,2,1,0.97159
203,2,0,2,4,0,105,7,6,10,5,4,2,2,1,0.76629
203,2,0,2,4,0,106,2,6,4,6,4,1,1,1,0.48697
203,2,0,2,4,0,107,9,6,12,5,4,2,2,1,0.50997
203,2,0,2,4,0,108,6,6,8,6,4,1,1,1,2.0406
203,2,0,2,4,0,109,7,6,10,5,4,2,2,1,0.58065
203,2,0,2,4,0,110,6,6,8,6,4,1,1,1,0.62694
203,2,0,2,4,0,111,6,6,8,6,4,1,1,1,0.52838
203,2,0,2,4,0,112,2,6,4,6,4,1,1,1,0.60902
203,2,0,2,4,0,113,7,6,10,5,4,2,2,1,0.59547
203,2,0,2,4,0,114,7,6,10,5,4,2,2,1,0.7941
203,2,0,2,4,0,115,2,6,4,6,4,1,1,1,0.61142
203,2,0,2,4,0,116,9,6,12,5,4,2,2,1,0.57002
203,2,0,2,4,0,117,2,6,4,6,4,1,1,1,0.61811
203,2,0,2,4,0,118,4,6,6,6,4,1,1,1,0.54342
203,2,0,2,4,0,119,6,6,8,6,4,1,1,1,0.98876
203,2,0,2,4,0,120,4,6,6,6,4,1,1,1,0.57673
203,2,0,2,5,1,1,3,6,6,5,4,1,1,1,1.758
203,2,0,2,5,1,2,5,6,8,5,4,1,1,1,0.58322
203,2,0,2,5,1,3,9,6,12,5,4,2,2,1,0.53491
203,2,0,2,5,1,4,8,6,10,6,4,2,2,1,1.4971
203,2,0,2,5,1,5,5,6,8,5,4,1,1,1,1.1507
203,2,0,2,5,1,6,4,6,6,6,4,1,1,1,0.60309
203,2,0,2,5,1,7,3,6,6,5,4,1,1,1,0.83119
203,2,0,2,5,1,8,6,6,8,6,4,1,2,0,0.75444
203,2,0,2,5,1,9,12,6,14,6,4,2,2,1,0.67412
203,2,0,2,5,1,10,2,6,4,6,4,1,1,1,0.65037
203,2,0,2,5,1,11,9,6,12,5,4,2,2,1,0.67388
203,2,0,2,5,1,12,7,6,10,5,4,2,2,1,0.67075
203,2,0,2,5,1,13,2,6,4,6,4,1,1,1,0.59718
203,2,0,2,5,1,14,8,6,10,6,4,2,2,1,0.68305
203,2,0,2,5,1,15,4,6,6,6,4,1,1,1,0.83915
203,2,0,2,5,1,16,7,6,10,5,4,2,2,1,0.92601
203,2,0,2,5,1,17,1,6,4,5,4,1,1,1,0.72588
203,2,0,2,5,1,18,6,6,8,6,4,1,1,1,2.2741
203,2,0,2,5,1,19,11,6,14,5,4,2,2,1,0.5364
203,2,0,2,5,1,20,10,6,12,6,4,2,2,1,1.09
203,2,0,2,5,1,21,10,6,12,6,4,2,2,1,0.45022
203,2,0,2,5,1,22,1,6,4,5,4,1,1,1,0.64773
203,2,0,2,5,1,23,12,6,14,6,4,2,2,1,0.65617
203,2,0,2,5,1,24,11,6,14,5,4,2,2,1,0.55202
203,2,0,2,5,0,1,11,6,14,5,4,2,2,1,0.60488
203,2,0,2,5,0,2,12,6,14,6,4,2,2,1,0.90364
203,2,0,2,5,0,3,10,6,12,6,4,2,2,1,0.52367
203,2,0,2,5,0,4,5,6,8,5,4,1,1,1,1.929
203,2,0,2,5,0,5,10,6,12,6,4,2,2,1,0.65143
203,2,0,2,5,0,6,5,6,8,5,4,1,1,1,0.63697
203,2,0,2,5,0,7,3,6,6,5,4,1,1,1,0.53452
203,2,0,2,5,0,8,8,6,10,6,4,2,2,1,0.8585
203,2,0,2,5,0,9,1,6,4,5,4,1,1,1,0.62803
203,2,0,2,5,0,10,5,6,8,5,4,1,1,1,2.1459
203,2,0,2,5,0,11,5,6,8,5,4,1,1,1,0.59531
203,2,0,2,5,0,12,4,6,6,6,4,1,1,1,0.56048
203,2,0,2,5,0,13,6,6,8,6,4,1,1,1,0.50969
203,2,0,2,5,0,14,12,6,14,6,4,2,2,1,0.52921
203,2,0,2,5,0,15,9,6,12,5,4,2,2,1,1.0989
203,2,0,2,5,0,16,2,6,4,6,4,1,1,1,0.66215
203,2,0,2,5,0,17,5,6,8,5,4,1,1,1,0.61713
203,2,0,2,5,0,18,12,6,14,6,4,2,2,1,0.54268
203,2,0,2,5,0,19,10,6,12,6,4,2,2,1,0.87676
203,2,0,2,5,0,20,1,6,4,5,4,1,1,1,0.56834
203,2,0,2,5,0,21,12,6,14,6,4,2,2,1,0.48273
203,2,0,2,5,0,22,4,6,6,6,4,1,1,1,0.55156
203,2,0,2,5,0,23,3,6,6,5,4,1,1,1,0.82949
203,2,0,2,5,0,24,1,6,4,5,4,1,1,1,0.85256
203,2,0,2,5,0,25,10,6,12,6,4,2,2,1,0.60533
203,2,0,2,5,0,26,10,6,12,6,4,2,2,1,0.46478
203,2,0,2,5,0,27,6,6,8,6,4,1,1,1,1.5236
203,2,0,2,5,0,28,9,6,12,5,4,2,2,1,0.51619
203,2,0,2,5,0,29,4,6,6,6,4,1,1,1,0.55538
203,2,0,2,5,0,30,1,6,4,5,4,1,1,1,0.46548
203,2,0,2,5,0,31,8,6,10,6,4,2,2,1,1.8848
203,2,0,2,5,0,32,8,6,10,6,4,2,2,1,0.50534
203,2,0,2,5,0,33,5,6,8,5,4,1,1,1,0.77437
203,2,0,2,5,0,34,11,6,14,5,4,2,2,1,0.56187
203,2,0,2,5,0,35,12,6,14,6,4,2,2,1,0.4299
203,2,0,2,5,0,36,9,6,12,5,4,2,2,1,0.48717
203,2,0,2,5,0,37,7,6,10,5,4,2,2,1,0.72049
203,2,0,2,5,0,38,7,6,10,5,4,2,2,1,1.1874
203,2,0,2,5,0,39,3,6,6,5,4,1,1,1,0.59605
203,2,0,2,5,0,40,12,6,14,6,4,2,2,1,0.50268
203,2,0,2,5,0,41,11,6,14,5,4,2,2,1,0.77648
203,2,0,2,5,0,42,7,6,10,5,4,2,2,1,0.70019
203,2,0,2,5,0,43,9,6,12,5,4,2,2,1,0.55488
203,2,0,2,5,0,44,8,6,10,6,4,2,2,1,0.89613
203,2,0,2,5,0,45,11,6,14,5,4,2,2,1,0.52819
203,2,0,2,5,0,46,3,6,6,5,4,1,1,1,0.65164
203,2,0,2,5,0,47,2,6,4,6,4,1,1,1,0.71569
203,2,0,2,5,0,48,5,6,8,5,4,1,1,1,0.84861
203,2,0,2,5,0,49,6,6,8,6,4,1,1,1,0.62045
203,2,0,2,5,0,50,3,6,6,5,4,1,1,1,0.51698
203,2,0,2,5,0,51,2,6,4,6,4,1,1,1,0.5213
203,2,0,2,5,0,52,2,6,4,6,4,1,1,1,0.48017
203,2,0,2,5,0,53,1,6,4,5,4,1,1,1,0.59866
203,2,0,2,5,0,54,2,6,4,6,4,1,1,1,0.82973
203,2,0,2,5,0,55,9,6,12,5,4,2,2,1,0.52796
203,2,0,2,5,0,56,7,6,10,5,4,2,2,1,0.90689
203,2,0,2,5,0,57,2,6,4,6,4,1,1,1,0.72266
203,2,0,2,5,0,58,3,6,6,5,4,1,1,1,0.56201
203,2,0,2,5,0,59,1,6,4,5,4,1,1,1,0.52466
203,2,0,2,5,0,60,7,6,10,5,4,2,2,1,0.50665
203,2,0,2,5,0,61,7,6,10,5,4,2,2,1,0.81638
203,2,0,2,5,0,62,12,6,14,6,4,2,2,1,0.43044
203,2,0,2,5,0,63,1,6,4,5,4,1,1,1,1.1997
203,2,0,2,5,0,64,4,6,6,6,4,1,1,1,0.46902
203,2,0,2,5,0,65,10,6,12,6,4,2,2,1,0.5783
203,2,0,2,5,0,66,10,6,12,6,4,2,2,1,0.37642
203,2,0,2,5,0,67,7,6,10,5,4,2,2,1,0.50742
203,2,0,2,5,0,68,6,6,8,6,4,1,1,1,0.60704
203,2,0,2,5,0,69,7,6,10,5,4,2,2,1,0.92461
203,2,0,2,5,0,70,3,6,6,5,4,1,1,1,0.56679
203,2,0,2,5,0,71,8,6,10,6,4,2,2,1,0.62187
203,2,0,2,5,0,72,10,6,12,6,4,2,2,1,0.50069
203,2,0,2,5,0,73,1,6,4,5,4,1,1,1,1.0043
203,2,0,2,5,0,74,11,6,14,5,4,2,2,1,0.56076
203,2,0,2,5,0,75,4,6,6,6,4,1,1,1,0.60545
203,2,0,2,5,0,76,11,6,14,5,4,2,2,1,0.49937
203,2,0,2,5,0,77,6,6,8,6,4,1,1,1,0.72818
203,2,0,2,5,0,78,6,6,8,6,4,1,1,1,3.4421
203,2,0,2,5,0,79,7,6,10,5,4,2,2,1,1.692
203,2,0,2,5,0,80,4,6,6,6,4,1,1,1,0.59166
203,2,0,2,5,0,81,1,6,4,5,4,1,1,1,0.55631
203,2,0,2,5,0,82,8,6,10,6,4,2,2,1,0.63724
203,2,0,2,5,0,83,4,6,6,6,4,1,1,1,0.70686
203,2,0,2,5,0,84,5,6,8,5,4,1,1,1,1.388
203,2,0,2,5,0,85,8,6,10,6,4,2,2,1,3.2522
203,2,0,2,5,0,86,3,6,6,5,4,1,1,1,0.62522
203,2,0,2,5,0,87,2,6,4,6,4,1,1,1,1.4146
203,2,0,2,5,0,88,4,6,6,6,4,1,1,1,0.63745
203,2,0,2,5,0,89,2,6,4,6,4,1,1,1,0.53909
203,2,0,2,5,0,90,9,6,12,5,4,2,2,1,0.66817
203,2,0,2,5,0,91,12,6,14,6,4,2,2,1,0.39504
203,2,0,2,5,0,92,8,6,10,6,4,2,2,1,0.87526
203,2,0,2,5,0,93,11,6,14,5,4,2,2,1,0.4765
203,2,0,2,5,0,94,12,6,14,6,4,2,2,1,0.48167
203,2,0,2,5,0,95,4,6,6,6,4,1,1,1,0.57727
203,2,0,2,5,0,96,9,6,12,5,4,2,2,1,0.51316
203,2,0,2,5,0,97,7,6,10,5,4,2,2,1,0.54971
203,2,0,2,5,0,98,9,6,12,5,4,2,2,1,0.46984
203,2,0,2,5,0,99,8,6,10,6,4,2,2,1,0.56971
203,2,0,2,5,0,100,3,6,6,5,4,1,1,1,1.4026
203,2,0,2,5,0,101,2,6,4,6,4,1,1,1,2.5681
203,2,0,2,5,0,102,11,6,14,5,4,2,2,1,0.52538
203,2,0,2,5,0,103,12,6,14,6,4,2,2,1,0.49689
203,2,0,2,5,0,104,10,6,12,6,4,2,2,1,0.55971
203,2,0,2,5,0,105,11,6,14,5,4,2,2,1,0.36737
203,2,0,2,5,0,106,6,6,8,6,4,1,NaN,9,NaN
203,2,0,2,5,0,107,6,6,8,6,4,1,2,0,1.6426
203,2,0,2,5,0,108,5,6,8,5,4,1,1,1,2.2504
203,2,0,2,5,0,109,9,6,12,5,4,2,2,1,0.56977
203,2,0,2,5,0,110,5,6,8,5,4,1,1,1,1.0434
203,2,0,2,5,0,111,6,6,8,6,4,1,1,1,0.53914
203,2,0,2,5,0,112,10,6,12,6,4,2,2,1,0.58501
203,2,0,2,5,0,113,3,6,6,5,4,1,1,1,0.56642
203,2,0,2,5,0,114,11,6,14,5,4,2,2,1,0.47556
203,2,0,2,5,0,115,8,6,10,6,4,2,2,1,1.9851
203,2,0,2,5,0,116,4,6,6,6,4,1,1,1,0.63178
203,2,0,2,5,0,117,2,6,4,6,4,1,1,1,1.0928
203,2,0,2,5,0,118,9,6,12,5,4,2,2,1,0.62587
203,2,0,2,5,0,119,6,6,8,6,4,1,1,1,1.5815
203,2,0,2,5,0,120,1,6,4,5,4,1,1,1,0.60945
203,2,0,2,6,0,1,10,6,12,6,4,2,2,1,3.9452
203,2,0,2,6,0,2,10,6,12,6,4,2,2,1,0.62646
203,2,0,2,6,0,3,7,6,10,5,4,2,2,1,1.1499
203,2,0,2,6,0,4,11,6,14,5,4,2,2,1,0.54737
203,2,0,2,6,0,5,6,6,8,6,4,1,1,1,2.2034
203,2,0,2,6,0,6,9,6,12,5,4,2,2,1,0.70154
203,2,0,2,6,0,7,7,6,10,5,4,2,2,1,0.98739
203,2,0,2,6,0,8,10,6,12,6,4,2,2,1,0.51941
203,2,0,2,6,0,9,4,6,6,6,4,1,1,1,0.5853
203,2,0,2,6,0,10,12,6,14,6,4,2,2,1,0.54651
203,2,0,2,6,0,11,7,6,10,5,4,2,1,0,1.2762
203,2,0,2,6,0,12,12,6,14,6,4,2,2,1,0.55872
203,2,0,2,6,0,13,2,6,4,6,4,1,1,1,0.56638
203,2,0,2,6,0,14,3,6,6,5,4,1,1,1,1.0351
203,2,0,2,6,0,15,4,6,6,6,4,1,1,1,1.047
203,2,0,2,6,0,16,6,6,8,6,4,1,1,1,0.91068
203,2,0,2,6,0,17,5,6,8,5,4,1,1,1,0.92025
203,2,0,2,6,0,18,5,6,8,5,4,1,1,1,0.84359
203,2,0,2,6,0,19,9,6,12,5,4,2,2,1,0.98569
203,2,0,2,6,0,20,11,6,14,5,4,2,2,1,0.50031
203,2,0,2,6,0,21,5,6,8,5,4,1,1,1,0.86429
203,2,0,2,6,0,22,2,6,4,6,4,1,1,1,1.4538
203,2,0,2,6,0,23,12,6,14,6,4,2,2,1,0.97818
203,2,0,2,6,0,24,3,6,6,5,4,1,1,1,0.66
203,2,0,2,6,0,25,4,6,6,6,4,1,1,1,0.63635
203,2,0,2,6,0,26,6,6,8,6,4,1,2,0,1.9614
203,2,0,2,6,0,27,3,6,6,5,4,1,1,1,0.8317
203,2,0,2,6,0,28,12,6,14,6,4,2,2,1,0.57377
203,2,0,2,6,0,29,2,6,4,6,4,1,1,1,0.98812
203,2,0,2,6,0,30,1,6,4,5,4,1,1,1,0.48729
203,2,0,2,6,0,31,11,6,14,5,4,2,2,1,0.53538
203,2,0,2,6,0,32,6,6,8,6,4,1,1,1,0.61595
203,2,0,2,6,0,33,5,6,8,5,4,1,1,1,1.6572
203,2,0,2,6,0,34,9,6,12,5,4,2,2,1,0.67118
203,2,0,2,6,0,35,1,6,4,5,4,1,1,1,0.65993
203,2,0,2,6,0,36,8,6,10,6,4,2,2,1,1.5117
203,2,0,2,6,0,37,1,6,4,5,4,1,1,1,0.56271
203,2,0,2,6,0,38,5,6,8,5,4,1,1,1,0.99562
203,2,0,2,6,0,39,7,6,10,5,4,2,2,1,1.2594
203,2,0,2,6,0,40,10,6,12,6,4,2,2,1,0.63826
203,2,0,2,6,0,41,1,6,4,5,4,1,1,1,0.64381
203,2,0,2,6,0,42,1,6,4,5,4,1,1,1,0.53576
203,2,0,2,6,0,43,4,6,6,6,4,1,1,1,0.65158
203,2,0,2,6,0,44,6,6,8,6,4,1,2,0,1.5513
203,2,0,2,6,0,45,12,6,14,6,4,2,2,1,0.59899
203,2,0,2,6,0,46,4,6,6,6,4,1,1,1,0.63427
203,2,0,2,6,0,47,12,6,14,6,4,2,2,1,0.5243
203,2,0,2,6,0,48,12,6,14,6,4,2,2,1,0.44391
203,2,0,2,6,0,49,5,6,8,5,4,1,1,1,1.4592
203,2,0,2,6,0,50,1,6,4,5,4,1,1,1,0.64948
203,2,0,2,6,0,51,7,6,10,5,4,2,2,1,0.94914
203,2,0,2,6,0,52,2,6,4,6,4,1,1,1,0.62504
203,2,0,2,6,0,53,2,6,4,6,4,1,1,1,0.62082
203,2,0,2,6,0,54,7,6,10,5,4,2,2,1,0.83198
203,2,0,2,6,0,55,2,6,4,6,4,1,1,1,1.1634
203,2,0,2,6,0,56,9,6,12,5,4,2,2,1,0.5918
203,2,0,2,6,0,57,11,6,14,5,4,2,2,1,0.6328
203,2,0,2,6,0,58,1,6,4,5,4,1,1,1,0.66667
203,2,0,2,6,0,59,8,6,10,6,4,2,2,1,1.1546
203,2,0,2,6,0,60,11,6,14,5,4,2,2,1,0.55924
203,2,0,2,6,0,61,12,6,14,6,4,2,2,1,0.48074
203,2,0,2,6,0,62,6,6,8,6,4,1,1,1,2.0114
203,2,0,2,6,0,63,4,6,6,6,4,1,1,1,0.57424
203,2,0,2,6,0,64,2,6,4,6,4,1,1,1,0.40655
203,2,0,2,6,0,65,3,6,6,5,4,1,1,1,0.59422
203,2,0,2,6,0,66,10,6,12,6,4,2,2,1,0.54083
203,2,0,2,6,0,67,11,6,14,5,4,2,2,1,0.7117
203,2,0,2,6,0,68,5,6,8,5,4,1,1,1,0.98676
203,2,0,2,6,0,69,6,6,8,6,4,1,1,1,1.0008
203,2,0,2,6,0,70,8,6,10,6,4,2,2,1,1.0552
203,2,0,2,6,0,71,4,6,6,6,4,1,1,1,0.55965
203,2,0,2,6,0,72,3,6,6,5,4,1,1,1,0.6284
203,2,0,2,6,0,73,11,6,14,5,4,2,2,1,0.47604
203,2,0,2,6,0,74,8,6,10,6,4,2,1,0,2.1837
203,2,0,2,6,0,75,1,6,4,5,4,1,1,1,0.53951
203,2,0,2,6,0,76,12,6,14,6,4,2,2,1,0.61595
203,2,0,2,6,0,77,9,6,12,5,4,2,2,1,0.82376
203,2,0,2,6,0,78,3,6,6,5,4,1,1,1,0.62495
203,2,0,2,6,0,79,8,6,10,6,4,2,2,1,1.4793
203,2,0,2,6,0,80,9,6,12,5,4,2,2,1,0.45099
203,2,0,2,6,0,81,9,6,12,5,4,2,2,1,0.36639
203,2,0,2,6,0,82,7,6,10,5,4,2,2,1,0.44331
203,2,0,2,6,0,83,8,6,10,6,4,2,2,1,1.1903
203,2,0,2,6,0,84,3,6,6,5,4,1,1,1,0.96604
203,2,0,2,6,0,85,7,6,10,5,4,2,2,1,2.13
203,2,0,2,6,0,86,9,6,12,5,4,2,2,1,0.40637
203,2,0,2,6,0,87,11,6,14,5,4,2,2,1,0.49646
203,2,0,2,6,0,88,5,6,8,5,4,1,1,1,0.75923
203,2,0,2,6,0,89,11,6,14,5,4,2,2,1,0.55623
203,2,0,2,6,0,90,11,6,14,5,4,2,2,1,0.56317
203,2,0,2,6,0,91,7,6,10,5,4,2,2,1,1.4834
203,2,0,2,6,0,92,3,6,6,5,4,1,1,1,0.42803
203,2,0,2,6,0,93,1,6,4,5,4,1,1,1,0.53673
203,2,0,2,6,0,94,10,6,12,6,4,2,2,1,0.53248
203,2,0,2,6,0,95,10,6,12,6,4,2,2,1,0.5836
203,2,0,2,6,0,96,10,6,12,6,4,2,2,1,1.0174
203,2,0,2,6,0,97,2,6,4,6,4,1,1,1,0.77164
203,2,0,2,6,0,98,6,6,8,6,4,1,1,1,0.82448
203,2,0,2,6,0,99,10,6,12,6,4,2,2,1,0.72536
203,2,0,2,6,0,100,7,6,10,5,4,2,2,1,1.3589
203,2,0,2,6,0,101,3,6,6,5,4,1,1,1,0.50507
203,2,0,2,6,0,102,5,6,8,5,4,1,1,1,0.41552
203,2,0,2,6,0,103,8,6,10,6,4,2,2,1,1.2222
203,2,0,2,6,0,104,4,6,6,6,4,1,1,1,0.76447
203,2,0,2,6,0,105,8,6,10,6,4,2,2,1,1.0832
203,2,0,2,6,0,106,12,6,14,6,4,2,2,1,0.6059
203,2,0,2,6,0,107,6,6,8,6,4,1,1,1,0.87228
203,2,0,2,6,0,108,2,6,4,6,4,1,1,1,0.61225
203,2,0,2,6,0,109,8,6,10,6,4,2,2,1,0.82697
203,2,0,2,6,0,110,2,6,4,6,4,1,1,1,0.79614
203,2,0,2,6,0,111,4,6,6,6,4,1,1,1,0.7537
203,2,0,2,6,0,112,1,6,4,5,4,1,1,1,0.65733
203,2,0,2,6,0,113,6,6,8,6,4,1,1,1,1.8306
203,2,0,2,6,0,114,5,6,8,5,4,1,1,1,0.82157
203,2,0,2,6,0,115,9,6,12,5,4,2,2,1,0.57695
203,2,0,2,6,0,116,9,6,12,5,4,2,2,1,0.54822
203,2,0,2,6,0,117,4,6,6,6,4,1,1,1,0.572
203,2,0,2,6,0,118,8,6,10,6,4,2,2,1,0.93292
203,2,0,2,6,0,119,3,6,6,5,4,1,1,1,0.62717
203,2,0,2,6,0,120,10,6,12,6,4,2,2,1,0.64218
