204,2,4,2,1,1,10,80,12,2,2,1,1.7682
204,2,4,2,1,2,2,80,4,1,1,1,0.56004
204,2,4,2,1,3,4,80,6,1,1,1,0.3944
204,2,4,2,1,4,8,80,10,2,2,1,0.58955
204,2,4,2,1,5,10,80,12,2,2,1,0.32698
204,2,4,2,1,6,2,80,4,1,1,1,0.37717
204,2,4,2,1,7,12,80,14,2,2,1,0.36219
204,2,4,2,1,8,8,80,10,2,2,1,0.9288
204,2,4,2,1,9,4,80,6,1,1,1,0.41084
204,2,4,2,1,10,10,80,12,2,2,1,0.39319
204,2,4,2,1,11,4,80,6,1,1,1,0.59684
204,2,4,2,1,12,6,80,8,1,1,1,0.69418
204,2,4,2,1,13,2,80,4,1,1,1,0.36027
204,2,4,2,1,14,6,80,8,1,2,0,0.37538
204,2,4,2,1,15,2,80,4,1,1,1,0.50087
204,2,4,2,1,16,10,80,12,2,2,1,0.40894
204,2,4,2,1,17,8,80,10,2,2,1,0.64364
204,2,4,2,1,18,12,80,14,2,2,1,0.36031
204,2,4,2,1,19,8,80,10,2,2,1,0.72366
204,2,4,2,1,20,12,80,14,2,2,1,0.46168
204,2,4,2,1,21,12,80,14,2,2,1,0.50947
204,2,4,2,1,22,4,80,6,1,1,1,0.50475
204,2,4,2,1,23,6,80,8,1,1,1,0.65245
204,2,4,2,1,24,6,80,8,1,1,1,0.59928
204,2,4,2,0,1,4,80,6,1,1,1,0.71414
204,2,4,2,0,2,10,80,12,2,2,1,0.48496
204,2,4,2,0,3,10,80,12,2,2,1,0.46755
204,2,4,2,0,4,6,80,8,1,1,1,0.53834
204,2,4,2,0,5,4,80,6,1,1,1,0.37242
204,2,4,2,0,6,2,80,4,1,1,1,0.41563
204,2,4,2,0,7,4,80,6,1,1,1,0.38608
204,2,4,2,0,8,8,80,10,2,2,1,2.8442
204,2,4,2,0,9,12,80,14,2,2,1,0.52238
204,2,4,2,0,10,4,80,6,1,1,1,0.40356
204,2,4,2,0,11,12,80,14,2,2,1,0.40171
204,2,4,2,0,12,12,80,14,2,2,1,0.38633
204,2,4,2,0,13,4,80,6,1,1,1,0.40382
204,2,4,2,0,14,8,80,10,2,1,0,0.69719
204,2,4,2,0,15,2,80,4,1,1,1,0.47337
204,2,4,2,0,16,2,80,4,1,1,1,0.50068
204,2,4,2,0,17,12,80,14,2,2,1,0.48767
204,2,4,2,0,18,10,80,12,2,2,1,0.34905
204,2,4,2,0,19,8,80,10,2,NaN,9,NaN
204,2,4,2,0,20,4,80,6,1,1,1,0.51355
204,2,4,2,0,21,6,80,8,1,1,1,0.5193
204,2,4,2,0,22,2,80,4,1,1,1,0.39098
204,2,4,2,0,23,2,80,4,1,1,1,0.40545
204,2,4,2,0,24,6,80,8,1,1,1,0.85179
204,2,4,2,0,25,6,80,8,1,1,1,0.45341
204,2,4,2,0,26,2,80,4,1,1,1,0.43868
204,2,4,2,0,27,8,80,10,2,2,1,0.51422
204,2,4,2,0,28,4,80,6,1,1,1,0.4091
204,2,4,2,0,29,2,80,4,1,1,1,0.42524
204,2,4,2,0,30,10,80,12,2,2,1,0.42175
204,2,4,2,0,31,6,80,8,1,1,1,3.0786
204,2,4,2,0,32,6,80,8,1,1,1,0.61371
204,2,4,2,0,33,8,80,10,2,2,1,0.39249
204,2,4,2,0,34,2,80,4,1,1,1,0.42977
204,2,4,2,0,35,4,80,6,1,1,1,0.47331
204,2,4,2,0,36,12,80,14,2,2,1,0.41609
204,2,4,2,0,37,12,80,14,2,2,1,0.35767
204,2,4,2,0,38,10,80,12,2,2,1,0.39843
204,2,4,2,0,39,10,80,12,2,2,1,0.43456
204,2,4,2,0,40,12,80,14,2,2,1,0.42048
204,2,4,2,0,41,4,80,6,1,1,1,0.46215
204,2,4,2,0,42,12,80,14,2,2,1,0.4841
204,2,4,2,0,43,10,80,12,2,2,1,0.48738
204,2,4,2,0,44,10,80,12,2,2,1,0.42813
204,2,4,2,0,45,6,80,8,1,1,1,0.64562
204,2,4,2,0,46,6,80,8,1,1,1,0.41474
204,2,4,2,0,47,6,80,8,1,1,1,0.73314
204,2,4,2,0,48,12,80,14,2,2,1,0.4144
204,2,4,2,0,49,8,80,10,2,2,1,1.1514
204,2,4,2,0,50,2,80,4,1,1,1,0.38376
204,2,4,2,0,51,4,80,6,1,1,1,0.67948
204,2,4,2,0,52,8,80,10,2,2,1,1.1505
204,2,4,2,0,53,12,80,14,2,1,0,0.39773
204,2,4,2,0,54,6,80,8,1,NaN,9,NaN
204,2,4,2,0,55,8,80,10,2,2,1,0.79854
204,2,4,2,0,56,12,80,14,2,2,1,0.42962
204,2,4,2,0,57,12,80,14,2,2,1,0.38431
204,2,4,2,0,58,6,80,8,1,1,1,0.7074
204,2,4,2,0,59,10,80,12,2,2,1,0.4584
204,2,4,2,0,60,4,80,6,1,1,1,0.74736
204,2,4,2,0,61,8,80,10,2,1,0,0.94005
204,2,4,2,0,62,12,80,14,2,2,1,0.36601
204,2,4,2,0,63,8,80,10,2,2,1,0.94982
204,2,4,2,0,64,6,80,8,1,1,1,0.66998
204,2,4,2,0,65,10,80,12,2,2,1,0.42118
204,2,4,2,0,66,2,80,4,1,1,1,0.51255
204,2,4,2,0,67,8,80,10,2,2,1,0.80818
204,2,4,2,0,68,10,80,12,2,2,1,0.41215
204,2,4,2,0,69,8,80,10,2,2,1,1.0856
204,2,4,2,0,70,8,80,10,2,2,1,0.64902
204,2,4,2,0,71,2,80,4,1,1,1,0.56075
204,2,4,2,0,72,10,80,12,2,2,1,0.51328
204,2,4,2,0,73,8,80,10,2,2,1,0.72819
204,2,4,2,0,74,2,80,4,1,1,1,0.48172
204,2,4,2,0,75,12,80,14,2,2,1,0.40463
204,2,4,2,0,76,8,80,10,2,2,1,0.51982
204,2,4,2,0,77,6,80,8,1,1,1,2.643
204,2,4,2,0,78,10,80,12,2,2,1,0.36879
204,2,4,2,0,79,12,80,14,2,2,1,0.33636
204,2,4,2,0,80,4,80,6,1,1,1,0.50712
204,2,4,2,0,81,12,80,14,2,2,1,0.42994
204,2,4,2,0,82,10,80,12,2,2,1,0.85612
204,2,4,2,0,83,4,80,6,1,1,1,0.53281
204,2,4,2,0,84,6,80,8,1,1,1,1.1926
204,2,4,2,0,85,2,80,4,1,1,1,0.47027
204,2,4,2,0,86,2,80,4,1,1,1,0.4971
204,2,4,2,0,87,8,80,10,2,2,1,2.8463
204,2,4,2,0,88,12,80,14,2,2,1,0.47591
204,2,4,2,0,89,6,80,8,1,1,1,1.2445
204,2,4,2,0,90,8,80,10,2,2,1,0.64604
204,2,4,2,0,91,10,80,12,2,2,1,0.43952
204,2,4,2,0,92,6,80,8,1,1,1,0.98017
204,2,4,2,0,93,4,80,6,1,1,1,0.53158
204,2,4,2,0,94,6,80,8,1,1,1,0.66598
204,2,4,2,0,95,2,80,4,1,1,1,0.48937
204,2,4,2,0,96,8,80,10,2,2,1,0.48445
204,2,4,2,0,97,4,80,6,1,1,1,0.70122
204,2,4,2,0,98,10,80,12,2,2,1,0.42141
204,2,4,2,0,99,10,80,12,2,2,1,0.41526
204,2,4,2,0,100,2,80,4,1,1,1,0.47376
204,2,4,2,0,101,4,80,6,1,1,1,0.56451
204,2,4,2,0,102,8,80,10,2,2,1,0.65336
204,2,4,2,0,103,6,80,8,1,1,1,1.5806
204,2,4,2,0,104,6,80,8,1,1,1,0.69267
204,2,4,2,0,105,6,80,8,1,1,1,0.54162
204,2,4,2,0,106,10,80,12,2,2,1,0.3676
204,2,4,2,0,107,8,80,10,2,2,1,0.91871
204,2,4,2,0,108,2,80,4,1,1,1,0.48049
204,2,4,2,0,109,4,80,6,1,1,1,0.59761
204,2,4,2,0,110,2,80,4,1,1,1,0.46807
204,2,4,2,0,111,12,80,14,2,2,1,0.3829
204,2,4,2,0,112,4,80,6,1,1,1,0.47185
204,2,4,2,0,113,4,80,6,1,1,1,0.48255
204,2,4,2,0,114,2,80,4,1,1,1,0.42217
204,2,4,2,0,115,10,80,12,2,2,1,0.40847
204,2,4,2,0,116,10,80,12,2,2,1,0.42754
204,2,4,2,0,117,12,80,14,2,2,1,0.35054
204,2,4,2,0,118,4,80,6,1,1,1,0.49884
204,2,4,2,0,119,12,80,14,2,2,1,0.43016
204,2,4,2,0,120,2,80,4,1,1,1,0.50933
204,2,4,1,1,1,9,60,12,2,2,1,0.42617
204,2,4,1,1,2,9,60,12,2,2,1,0.44895
204,2,4,1,1,3,3,60,6,1,1,1,0.49633
204,2,4,1,1,4,5,60,8,1,1,1,1.1403
204,2,4,1,1,5,1,60,4,1,1,1,0.40959
204,2,4,1,1,6,9,60,12,2,2,1,0.41992
204,2,4,1,1,7,1,60,4,1,1,1,0.44982
204,2,4,1,1,8,7,60,10,2,2,1,0.56925
204,2,4,1,1,9,5,60,8,1,1,1,1.1168
204,2,4,1,1,10,5,60,8,1,1,1,0.47692
204,2,4,1,1,11,7,60,10,2,2,1,0.8791
204,2,4,1,1,12,11,60,14,2,2,1,0.79417
204,2,4,1,1,13,1,60,4,1,1,1,0.38653
204,2,4,1,1,14,5,60,8,1,1,1,1.0687
204,2,4,1,1,15,11,60,14,2,2,1,0.40899
204,2,4,1,1,16,3,60,6,1,1,1,0.66885
204,2,4,1,1,17,1,60,4,1,1,1,0.50219
204,2,4,1,1,18,3,60,6,1,1,1,0.59806
204,2,4,1,1,19,7,60,10,2,2,1,0.64685
204,2,4,1,1,20,3,60,6,1,1,1,0.43566
204,2,4,1,1,21,11,60,14,2,2,1,0.40782
204,2,4,1,1,22,7,60,10,2,2,1,1.0629
204,2,4,1,1,23,9,60,12,2,2,1,0.46589
204,2,4,1,1,24,11,60,14,2,2,1,0.54385
204,2,4,1,0,1,3,60,6,1,1,1,0.4733
204,2,4,1,0,2,5,60,8,1,1,1,0.98793
204,2,4,1,0,3,9,60,12,2,2,1,0.44864
204,2,4,1,0,4,11,60,14,2,2,1,0.4088
204,2,4,1,0,5,11,60,14,2,2,1,0.39308
204,2,4,1,0,6,5,60,8,1,1,1,1.1331
204,2,4,1,0,7,1,60,4,1,1,1,0.47013
204,2,4,1,0,8,5,60,8,1,1,1,1.0043
204,2,4,1,0,9,9,60,12,2,2,1,0.5944
204,2,4,1,0,10,3,60,6,1,1,1,0.42727
204,2,4,1,0,11,1,60,4,1,1,1,0.43372
204,2,4,1,0,12,9,60,12,2,2,1,0.43074
204,2,4,1,0,13,7,60,10,2,2,1,0.78613
204,2,4,1,0,14,5,60,8,1,NaN,9,NaN
204,2,4,1,0,15,3,60,6,1,1,1,0.53716
204,2,4,1,0,16,3,60,6,1,1,1,0.60326
204,2,4,1,0,17,11,60,14,2,2,1,0.43412
204,2,4,1,0,18,9,60,12,2,2,1,0.49028
204,2,4,1,0,19,1,60,4,1,1,1,0.59833
204,2,4,1,0,20,11,60,14,2,2,1,0.41084
204,2,4,1,0,21,7,60,10,2,2,1,1.2018
204,2,4,1,0,22,9,60,12,2,2,1,0.4162
204,2,4,1,0,23,7,60,10,2,2,1,0.66462
204,2,4,1,0,24,7,60,10,2,2,1,2.3308
204,2,4,1,0,25,1,60,4,1,1,1,0.4067
204,2,4,1,0,26,11,60,14,2,2,1,0.4417
204,2,4,1,0,27,5,60,8,1,1,1,0.8855
204,2,4,1,0,28,7,60,10,2,2,1,0.5115
204,2,4,1,0,29,9,60,12,2,2,1,0.43564
204,2,4,1,0,30,1,60,4,1,1,1,0.48066
204,2,4,1,0,31,3,60,6,1,1,1,0.46331
204,2,4,1,0,32,9,60,12,2,2,1,0.45577
204,2,4,1,0,33,3,60,6,1,1,1,0.64383
204,2,4,1,0,34,11,60,14,2,2,1,0.39075
204,2,4,1,0,35,3,60,6,1,1,1,0.44509
204,2,4,1,0,36,7,60,10,2,2,1,1.6131
204,2,4,1,0,37,11,60,14,2,2,1,0.62276
204,2,4,1,0,38,9,60,12,2,2,1,0.43338
204,2,4,1,0,39,1,60,4,1,1,1,0.46956
204,2,4,1,0,40,1,60,4,1,1,1,0.51519
204,2,4,1,0,41,9,60,12,2,2,1,0.44082
204,2,4,1,0,42,1,60,4,1,1,1,0.49222
204,2,4,1,0,43,5,60,8,1,1,1,1.1574
204,2,4,1,0,44,5,60,8,1,1,1,0.66193
204,2,4,1,0,45,5,60,8,1,1,1,0.58348
204,2,4,1,0,46,3,60,6,1,1,1,0.46196
204,2,4,1,0,47,3,60,6,1,1,1,0.52456
204,2,4,1,0,48,1,60,4,1,1,1,0.5877
204,2,4,1,0,49,9,60,12,2,2,1,0.40289
204,2,4,1,0,50,5,60,8,1,1,1,1.1523
204,2,4,1,0,51,1,60,4,1,1,1,0.42266
204,2,4,1,0,52,1,60,4,1,1,1,0.4924
204,2,4,1,0,53,9,60,12,2,2,1,0.4296
204,2,4,1,0,54,3,60,6,1,1,1,0.50504
204,2,4,1,0,55,11,60,14,2,2,1,0.37442
204,2,4,1,0,56,5,60,8,1,1,1,1.1979
204,2,4,1,0,57,9,60,12,2,2,1,0.46492
204,2,4,1,0,58,7,60,10,2,2,1,0.81513
204,2,4,1,0,59,7,60,10,2,2,1,0.4991
204,2,4,1,0,60,11,60,14,2,2,1,0.44056
204,2,4,1,0,61,5,60,8,1,1,1,1.067
204,2,4,1,0,62,11,60,14,2,2,1,0.47423
204,2,4,1,0,63,5,60,8,1,2,0,2.0754
204,2,4,1,0,64,3,60,6,1,1,1,0.90819
204,2,4,1,0,65,11,60,14,2,2,1,0.59681
204,2,4,1,0,66,5,60,8,1,1,1,1.2418
204,2,4,1,0,67,7,60,10,2,1,0,1.2278
204,2,4,1,0,68,7,60,10,2,2,1,1.8223
204,2,4,1,0,69,3,60,6,1,1,1,0.50925
204,2,4,1,0,70,3,60,6,1,1,1,0.57541
204,2,4,1,0,71,11,60,14,2,2,1,0.43349
204,2,4,1,0,72,3,60,6,1,1,1,0.77008
204,2,4,1,0,73,5,60,8,1,1,1,1.7935
204,2,4,1,0,74,9,60,12,2,2,1,0.5136
204,2,4,1,0,75,1,60,4,1,1,1,0.60027
204,2,4,1,0,76,5,60,8,1,1,1,1.1069
204,2,4,1,0,77,7,60,10,2,2,1,0.71405
204,2,4,1,0,78,1,60,4,1,1,1,0.4435
204,2,4,1,0,79,11,60,14,2,2,1,0.5678
204,2,4,1,0,80,7,60,10,2,2,1,0.78567
204,2,4,1,0,81,7,60,10,2,2,1,0.4727
204,2,4,1,0,82,1,60,4,1,1,1,0.45707
204,2,4,1,0,83,11,60,14,2,2,1,0.40977
204,2,4,1,0,84,5,60,8,1,1,1,1.4942
204,2,4,1,0,85,11,60,14,2,2,1,0.38133
204,2,4,1,0,86,3,60,6,1,1,1,0.50188
204,2,4,1,0,87,9,60,12,2,2,1,0.39827
204,2,4,1,0,88,3,60,6,1,1,1,0.48948
204,2,4,1,0,89,9,60,12,2,2,1,0.47443
204,2,4,1,0,90,5,60,8,1,1,1,1.4375
204,2,4,1,0,91,11,60,14,2,2,1,0.5341
204,2,4,1,0,92,7,60,10,2,NaN,9,NaN
204,2,4,1,0,93,1,60,4,1,1,1,0.52709
204,2,4,1,0,94,5,60,8,1,1,1,0.69714
204,2,4,1,0,95,5,60,8,1,1,1,0.50005
204,2,4,1,0,96,7,60,10,2,2,1,0.47974
204,2,4,1,0,97,11,60,14,2,2,1,0.4116
204,2,4,1,0,98,9,60,12,2,2,1,0.46034
204,2,4,1,0,99,9,60,12,2,2,1,0.43919
204,2,4,1,0,100,1,60,4,1,1,1,0.4522
204,2,4,1,0,101,11,60,14,2,2,1,0.51095
204,2,4,1,0,102,9,60,12,2,2,1,0.46469
204,2,4,1,0,103,9,60,12,2,2,1,0.4019
204,2,4,1,0,104,7,60,10,2,1,0,1.5165
204,2,4,1,0,105,7,60,10,2,2,1,1.605
204,2,4,1,0,106,7,60,10,2,2,1,0.48871
204,2,4,1,0,107,1,60,4,1,1,1,0.44003
204,2,4,1,0,108,1,60,4,1,1,1,0.56016
204,2,4,1,0,109,3,60,6,1,1,1,0.68354
204,2,4,1,0,110,11,60,14,2,2,1,0.47603
204,2,4,1,0,111,9,60,12,2,2,1,0.66957
204,2,4,1,0,112,3,60,6,1,1,1,0.59672
204,2,4,1,0,113,7,60,10,2,NaN,9,NaN
204,2,4,1,0,114,1,60,4,1,1,1,0.53234
204,2,4,1,0,115,5,60,8,1,1,1,1.0666
204,2,4,1,0,116,11,60,14,2,2,1,0.42218
204,2,4,1,0,117,1,60,4,1,1,1,0.52357
204,2,4,1,0,118,3,60,6,1,1,1,0.57628
204,2,4,1,0,119,7,60,10,2,NaN,9,NaN
204,2,4,1,0,120,3,60,6,1,1,1,0.54357
204,2,4,5,1,1,6,80,8,1,1,1,0.72145
204,2,4,5,1,2,4,80,6,1,1,1,0.49259
204,2,4,5,1,3,11,60,14,2,2,1,0.47275
204,2,4,5,1,4,9,60,12,2,2,1,0.45834
204,2,4,5,1,5,1,60,4,1,1,1,0.41595
204,2,4,5,1,6,9,60,12,2,2,1,0.74531
204,2,4,5,1,7,6,80,8,1,1,1,1.0675
204,2,4,5,1,8,2,80,4,1,1,1,0.45484
204,2,4,5,1,9,3,60,6,1,1,1,0.51409
204,2,4,5,1,10,8,80,10,2,2,1,0.84546
204,2,4,5,1,11,7,60,10,2,2,1,0.45983
204,2,4,5,1,12,8,80,10,2,2,1,0.39764
204,2,4,5,1,13,2,80,4,1,1,1,0.56265
204,2,4,5,1,14,5,60,8,1,1,1,0.70563
204,2,4,5,1,15,10,80,12,2,2,1,0.46276
204,2,4,5,1,16,11,60,14,2,2,1,0.51927
204,2,4,5,1,17,7,60,10,2,2,1,2.3548
204,2,4,5,1,18,12,80,14,2,2,1,0.54716
204,2,4,5,1,19,10,80,12,2,2,1,0.6201
204,2,4,5,1,20,1,60,4,1,1,1,0.4282
204,2,4,5,1,21,5,60,8,1,1,1,0.51978
204,2,4,5,1,22,3,60,6,1,1,1,0.44579
204,2,4,5,1,23,4,80,6,1,1,1,0.43849
204,2,4,5,1,24,12,80,14,2,2,1,0.39592
204,2,4,5,0,1,8,80,10,2,NaN,9,NaN
204,2,4,5,0,2,7,60,10,2,NaN,9,NaN
204,2,4,5,0,3,4,80,6,1,1,1,0.54613
204,2,4,5,0,4,10,80,12,2,2,1,0.60979
204,2,4,5,0,5,11,60,14,2,2,1,0.4353
204,2,4,5,0,6,5,60,8,1,1,1,0.55819
204,2,4,5,0,7,3,60,6,1,1,1,0.44451
204,2,4,5,0,8,3,60,6,1,1,1,0.52406
204,2,4,5,0,9,10,80,12,2,2,1,0.48474
204,2,4,5,0,10,11,60,14,2,2,1,0.37371
204,2,4,5,0,11,9,60,12,2,2,1,0.40532
204,2,4,5,0,12,3,60,6,1,1,1,0.49724
204,2,4,5,0,13,6,80,8,1,1,1,0.52841
204,2,4,5,0,14,8,80,10,2,2,1,1.1823
204,2,4,5,0,15,1,60,4,1,1,1,0.37238
204,2,4,5,0,16,11,60,14,2,2,1,0.53475
204,2,4,5,0,17,6,80,8,1,1,1,0.98655
204,2,4,5,0,18,5,60,8,1,1,1,1.6261
204,2,4,5,0,19,8,80,10,2,2,1,0.49117
204,2,4,5,0,20,2,80,4,1,1,1,0.43519
204,2,4,5,0,21,5,60,8,1,2,0,0.69768
204,2,4,5,0,22,10,80,12,2,2,1,0.5477
204,2,4,5,0,23,9,60,12,2,2,1,0.48653
204,2,4,5,0,24,7,60,10,2,NaN,9,NaN
204,2,4,5,0,25,9,60,12,2,2,1,0.51017
204,2,4,5,0,26,10,80,12,2,2,1,0.45493
204,2,4,5,0,27,12,80,14,2,2,1,0.40438
204,2,4,5,0,28,5,60,8,1,1,1,0.564
204,2,4,5,0,29,9,60,12,2,2,1,0.46733
204,2,4,5,0,30,10,80,12,2,2,1,0.36338
204,2,4,5,0,31,8,80,10,2,1,0,1.1318
204,2,4,5,0,32,7,60,10,2,2,1,0.97969
204,2,4,5,0,33,1,60,4,1,1,1,0.47942
204,2,4,5,0,34,4,80,6,1,1,1,0.4258
204,2,4,5,0,35,11,60,14,2,2,1,0.40053
204,2,4,5,0,36,3,60,6,1,1,1,0.69991
204,2,4,5,0,37,3,60,6,1,1,1,0.50249
204,2,4,5,0,38,5,60,8,1,1,1,1.4197
204,2,4,5,0,39,9,60,12,2,2,1,0.51213
204,2,4,5,0,40,1,60,4,1,1,1,0.43973
204,2,4,5,0,41,10,80,12,2,2,1,0.65591
204,2,4,5,0,42,11,60,14,2,2,1,0.48224
204,2,4,5,0,43,9,60,12,2,2,1,0.4427
204,2,4,5,0,44,3,60,6,1,1,1,0.55388
204,2,4,5,0,45,7,60,10,2,2,1,2.1068
204,2,4,5,0,46,2,80,4,1,1,1,0.40755
204,2,4,5,0,47,7,60,10,2,NaN,9,NaN
204,2,4,5,0,48,1,60,4,1,1,1,0.47661
204,2,4,5,0,49,6,80,8,1,1,1,1.0334
204,2,4,5,0,50,4,80,6,1,1,1,0.45096
204,2,4,5,0,51,7,60,10,2,2,1,0.47707
204,2,4,5,0,52,4,80,6,1,1,1,0.4606
204,2,4,5,0,53,12,80,14,2,2,1,0.44402
204,2,4,5,0,54,3,60,6,1,1,1,0.49734
204,2,4,5,0,55,4,80,6,1,1,1,0.55181
204,2,4,5,0,56,4,80,6,1,1,1,0.5522
204,2,4,5,0,57,8,80,10,2,2,1,1.1453
204,2,4,5,0,58,8,80,10,2,2,1,0.48811
204,2,4,5,0,59,1,60,4,1,1,1,0.45555
204,2,4,5,0,60,9,60,12,2,2,1,0.48166
204,2,4,5,0,61,2,80,4,1,1,1,0.4309
204,2,4,5,0,62,9,60,12,2,2,1,0.46643
204,2,4,5,0,63,12,80,14,2,2,1,0.54978
204,2,4,5,0,64,2,80,4,1,1,1,0.41722
204,2,4,5,0,65,6,80,8,1,1,1,1.0709
204,2,4,5,0,66,1,60,4,1,1,1,0.49445
204,2,4,5,0,67,4,80,6,1,1,1,0.66748
204,2,4,5,0,68,4,80,6,1,1,1,0.47242
204,2,4,5,0,69,10,80,12,2,2,1,0.40095
204,2,4,5,0,70,11,60,14,2,2,1,0.3774
204,2,4,5,0,71,4,80,6,1,1,1,0.47125
204,2,4,5,0,72,6,80,8,1,1,1,0.65132
204,2,4,5,0,73,11,60,14,2,2,1,0.49624
204,2,4,5,0,74,8,80,10,2,1,0,1.1332
204,2,4,5,0,75,6,80,8,1,1,1,0.62971
204,2,4,5,0,76,11,60,14,2,2,1,0.43652
204,2,4,5,0,77,1,60,4,1,1,1,1.2821
204,2,4,5,0,78,2,80,4,1,1,1,0.42108
204,2,4,5,0,79,12,80,14,2,2,1,0.44303
204,2,4,5,0,80,6,80,8,1,1,1,1.0673
204,2,4,5,0,81,5,60,8,1,1,1,1.8985
204,2,4,5,0,82,4,80,6,1,1,1,0.52271
204,2,4,5,0,83,5,60,8,1,1,1,2.6694
204,2,4,5,0,84,10,80,12,2,2,1,0.50092
204,2,4,5,0,85,12,80,14,2,2,1,0.42542
204,2,4,5,0,86,7,60,10,2,NaN,9,NaN
204,2,4,5,0,87,9,60,12,2,2,1,0.5715
204,2,4,5,0,88,6,80,8,1,1,1,0.75863
204,2,4,5,0,89,11,60,14,2,2,1,0.4567
204,2,4,5,0,90,7,60,10,2,2,1,1.098
204,2,4,5,0,91,12,80,14,2,2,1,0.46088
204,2,4,5,0,92,8,80,10,2,2,1,4.7333
204,2,4,5,0,93,5,60,8,1,1,1,0.91415
204,2,4,5,0,94,7,60,10,2,NaN,9,NaN
204,2,4,5,0,95,9,60,12,2,2,1,0.86719
204,2,4,5,0,96,2,80,4,1,1,1,0.39635
204,2,4,5,0,97,6,80,8,1,1,1,0.51576
204,2,4,5,0,98,7,60,10,2,2,1,0.93462
204,2,4,5,0,99,2,80,4,1,1,1,0.40274
204,2,4,5,0,100,5,60,8,1,1,1,0.66504
204,2,4,5,0,101,2,80,4,1,1,1,0.42495
204,2,4,5,0,102,11,60,14,2,2,1,0.42689
204,2,4,5,0,103,2,80,4,1,1,1,0.4345
204,2,4,5,0,104,2,80,4,1,1,1,0.37659
204,2,4,5,0,105,12,80,14,2,2,1,0.45968
204,2,4,5,0,106,6,80,8,1,1,1,1.2284
204,2,4,5,0,107,1,60,4,1,1,1,0.43703
204,2,4,5,0,108,3,60,6,1,1,1,0.58599
204,2,4,5,0,109,8,80,10,2,2,1,0.38972
204,2,4,5,0,110,12,80,14,2,2,1,0.46756
204,2,4,5,0,111,3,60,6,1,1,1,0.51387
204,2,4,5,0,112,1,60,4,1,1,1,0.42716
204,2,4,5,0,113,12,80,14,2,2,1,0.42443
204,2,4,5,0,114,10,80,12,2,2,1,0.56923
204,2,4,5,0,115,1,60,4,1,1,1,0.38691
204,2,4,5,0,116,8,80,10,2,NaN,9,NaN
204,2,4,5,0,117,3,60,6,1,1,1,0.54149
204,2,4,5,0,118,12,80,14,2,2,1,0.40155
204,2,4,5,0,119,5,60,8,1,1,1,1.0652
204,2,4,5,0,120,10,80,12,2,2,1,0.59015
204,2,4,6,0,1,6,80,8,1,1,1,1.3195
204,2,4,6,0,2,9,60,12,2,2,1,0.45175
204,2,4,6,0,3,12,80,14,2,2,1,0.64461
204,2,4,6,0,4,1,60,4,1,1,1,0.54661
204,2,4,6,0,5,7,60,10,2,NaN,9,NaN
204,2,4,6,0,6,5,60,8,1,1,1,0.55827
204,2,4,6,0,7,2,80,4,1,1,1,0.86729
204,2,4,6,0,8,5,60,8,1,1,1,0.46953
204,2,4,6,0,9,10,80,12,2,2,1,0.57648
204,2,4,6,0,10,1,60,4,1,1,1,0.41257
204,2,4,6,0,11,8,80,10,2,NaN,9,NaN
204,2,4,6,0,12,6,80,8,1,1,1,0.65077
204,2,4,6,0,13,4,80,6,1,1,1,0.51596
204,2,4,6,0,14,9,60,12,2,2,1,0.47625
204,2,4,6,0,15,6,80,8,1,1,1,0.48324
204,2,4,6,0,16,2,80,4,1,1,1,0.4298
204,2,4,6,0,17,2,80,4,1,1,1,0.59022
204,2,4,6,0,18,6,80,8,1,1,1,1.0095
204,2,4,6,0,19,12,80,14,2,2,1,0.38327
204,2,4,6,0,20,3,60,6,1,1,1,0.48782
204,2,4,6,0,21,10,80,12,2,2,1,0.49138
204,2,4,6,0,22,2,80,4,1,1,1,0.38301
204,2,4,6,0,23,3,60,6,1,1,1,0.62521
204,2,4,6,0,24,9,60,12,2,2,1,0.37348
204,2,4,6,0,25,7,60,10,2,NaN,9,NaN
204,2,4,6,0,26,3,60,6,1,1,1,0.55551
204,2,4,6,0,27,1,60,4,1,1,1,0.42548
204,2,4,6,0,28,11,60,14,2,2,1,0.42016
204,2,4,6,0,29,3,60,6,1,1,1,0.47027
204,2,4,6,0,30,2,80,4,1,1,1,0.42881
204,2,4,6,0,31,9,60,12,2,2,1,0.47339
204,2,4,6,0,32,12,80,14,2,2,1,0.41708
204,2,4,6,0,33,11,60,14,2,2,1,0.37845
204,2,4,6,0,34,6,80,8,1,1,1,0.50629
204,2,4,6,0,35,8,80,10,2,2,1,4.3212
204,2,4,6,0,36,8,80,10,2,2,1,1.0797
204,2,4,6,0,37,10,80,12,2,2,1,0.66172
204,2,4,6,0,38,10,80,12,2,2,1,0.54827
204,2,4,6,0,39,8,80,10,2,2,1,3.1105
204,2,4,6,0,40,2,80,4,1,1,1,0.45835
204,2,4,6,0,41,3,60,6,1,1,1,0.45906
204,2,4,6,0,42,2,80,4,1,1,1,0.42954
204,2,4,6,0,43,12,80,14,2,2,1,0.44424
204,2,4,6,0,44,7,60,10,2,NaN,9,NaN
204,2,4,6,0,45,9,60,12,2,2,1,1.0444
204,2,4,6,0,46,7,60,10,2,1,0,2.6314
204,2,4,6,0,47,8,80,10,2,2,1,1.7286
204,2,4,6,0,48,3,60,6,1,1,1,0.49273
204,2,4,6,0,49,12,80,14,2,2,1,0.5045
204,2,4,6,0,50,4,80,6,1,1,1,0.57062
204,2,4,6,0,51,5,60,8,1,1,1,0.49333
204,2,4,6,0,52,4,80,6,1,1,1,0.43055
204,2,4,6,0,53,11,60,14,2,2,1,0.48885
204,2,4,6,0,54,9,60,12,2,2,1,0.68126
204,2,4,6,0,55,5,60,8,1,1,1,0.48246
204,2,4,6,0,56,1,60,4,1,1,1,0.50565
204,2,4,6,0,57,5,60,8,1,1,1,0.85049
204,2,4,6,0,58,7,60,10,2,1,0,0.56232
204,2,4,6,0,59,4,80,6,1,1,1,0.45677
204,2,4,6,0,60,9,60,12,2,2,1,0.50838
204,2,4,6,0,61,4,80,6,1,1,1,0.52193
204,2,4,6,0,62,10,80,12,2,2,1,0.43496
204,2,4,6,0,63,6,80,8,1,1,1,0.94168
204,2,4,6,0,64,1,60,4,1,1,1,0.46223
204,2,4,6,0,65,6,80,8,1,1,1,0.54578
204,2,4,6,0,66,3,60,6,1,1,1,0.38513
204,2,4,6,0,67,11,60,14,2,2,1,0.40209
204,2,4,6,0,68,8,80,10,2,1,0,0.67126
204,2,4,6,0,69,12,80,14,2,2,1,0.7673
204,2,4,6,0,70,4,80,6,1,1,1,0.3778
204,2,4,6,0,71,1,60,4,1,1,1,0.39195
204,2,4,6,0,72,4,80,6,1,1,1,0.47084
204,2,4,6,0,73,8,80,10,2,NaN,9,NaN
204,2,4,6,0,74,12,80,14,2,2,1,0.5209
204,2,4,6,0,75,7,60,10,2,2,1,1.6386
204,2,4,6,0,76,4,80,6,1,1,1,0.47678
204,2,4,6,0,77,10,80,12,2,2,1,0.54744
204,2,4,6,0,78,11,60,14,2,2,1,0.41657
204,2,4,6,0,79,4,80,6,1,1,1,0.48405
204,2,4,6,0,80,5,60,8,1,1,1,0.54619
204,2,4,6,0,81,1,60,4,1,1,1,0.51885
204,2,4,6,0,82,10,80,12,2,2,1,0.65796
204,2,4,6,0,83,5,60,8,1,1,1,0.84796
204,2,4,6,0,84,1,60,4,1,1,1,0.45489
204,2,4,6,0,85,9,60,12,2,2,1,0.42295
204,2,4,6,0,86,6,80,8,1,1,1,1.0682
204,2,4,6,0,87,7,60,10,2,2,1,2.1701
204,2,4,6,0,88,9,60,12,2,2,1,0.57639
204,2,4,6,0,89,1,60,4,1,1,1,0.60037
204,2,4,6,0,90,5,60,8,1,1,1,1.0243
204,2,4,6,0,91,2,80,4,1,1,1,0.5308
204,2,4,6,0,92,3,60,6,1,1,1,0.51083
204,2,4,6,0,93,12,80,14,2,2,1,0.41439
204,2,4,6,0,94,12,80,14,2,2,1,0.4573
204,2,4,6,0,95,3,60,6,1,1,1,0.52817
204,2,4,6,0,96,10,80,12,2,2,1,0.53871
204,2,4,6,0,97,4,80,6,1,1,1,0.679
204,2,4,6,0,98,9,60,12,2,2,1,0.50316
204,2,4,6,0,99,2,80,4,1,1,1,0.42925
204,2,4,6,0,100,8,80,10,2,NaN,9,NaN
204,2,4,6,0,101,6,80,8,1,1,1,0.61754
204,2,4,6,0,102,11,60,14,2,2,1,0.43374
204,2,4,6,0,103,7,60,10,2,1,0,0.62228
204,2,4,6,0,104,5,60,8,1,1,1,0.50783
204,2,4,6,0,105,8,80,10,2,2,1,3.5189
204,2,4,6,0,106,2,80,4,1,1,1,0.44622
204,2,4,6,0,107,11,60,14,2,2,1,0.45568
204,2,4,6,0,108,7,60,10,2,2,1,3.3562
204,2,4,6,0,109,8,80,10,2,2,1,0.66987
204,2,4,6,0,110,1,60,4,1,1,1,0.40262
204,2,4,6,0,111,11,60,14,2,2,1,0.5756
204,2,4,6,0,112,6,80,8,1,1,1,0.5766
204,2,4,6,0,113,12,80,14,2,2,1,0.46897
204,2,4,6,0,114,10,80,12,2,2,1,0.97364
204,2,4,6,0,115,5,60,8,1,1,1,0.55754
204,2,4,6,0,116,10,80,12,2,2,1,0.52863
204,2,4,6,0,117,3,60,6,1,1,1,0.48519
204,2,4,6,0,118,7,60,10,2,NaN,9,NaN
204,2,4,6,0,119,11,60,14,2,2,1,0.5164
204,2,4,6,0,120,11,60,14,2,2,1,0.46692
204,2,4,4,1,1,9,60,12,2,2,1,0.75206
204,2,4,4,1,2,9,60,12,2,2,1,0.50424
204,2,4,4,1,3,7,60,10,2,1,0,0.90532
204,2,4,4,1,4,6,80,8,1,1,1,0.50657
204,2,4,4,1,5,4,80,6,1,1,1,0.4226
204,2,4,4,1,6,11,60,14,2,2,1,0.41224
204,2,4,4,1,7,2,80,4,1,1,1,0.43095
204,2,4,4,1,8,11,60,14,2,2,1,0.48045
204,2,4,4,1,9,11,60,14,2,2,1,0.44228
204,2,4,4,1,10,6,80,8,1,1,1,0.80893
204,2,4,4,1,11,7,60,10,2,2,1,1.473
204,2,4,4,1,12,6,80,8,1,1,1,0.58552
204,2,4,4,1,13,11,60,14,2,2,1,0.40565
204,2,4,4,1,14,9,60,12,2,2,1,0.51944
204,2,4,4,1,15,6,80,8,1,1,1,0.56208
204,2,4,4,1,16,2,80,4,1,1,1,0.48726
204,2,4,4,1,17,4,80,6,1,1,1,0.81403
204,2,4,4,1,18,7,60,10,2,2,1,0.86324
204,2,4,4,1,19,7,60,10,2,2,1,0.48193
204,2,4,4,1,20,2,80,4,1,1,1,0.46068
204,2,4,4,1,21,9,60,12,2,2,1,0.43079
204,2,4,4,1,22,4,80,6,1,1,1,0.49241
204,2,4,4,1,23,4,80,6,1,1,1,0.52823
204,2,4,4,1,24,2,80,4,1,1,1,0.53531
204,2,4,4,0,1,2,80,4,1,1,1,0.53491
204,2,4,4,0,2,9,60,12,2,2,1,0.40518
204,2,4,4,0,3,6,80,8,1,1,1,0.49296
204,2,4,4,0,4,11,60,14,2,2,1,0.4021
204,2,4,4,0,5,4,80,6,1,1,1,0.42164
204,2,4,4,0,6,6,80,8,1,1,1,0.62354
204,2,4,4,0,7,4,80,6,1,1,1,0.38094
204,2,4,4,0,8,11,60,14,2,2,1,0.39403
204,2,4,4,0,9,7,60,10,2,2,1,0.83352
204,2,4,4,0,10,7,60,10,2,2,1,0.43253
204,2,4,4,0,11,4,80,6,1,1,1,0.5432
204,2,4,4,0,12,11,60,14,2,2,1,0.39393
204,2,4,4,0,13,7,60,10,2,2,1,0.65482
204,2,4,4,0,14,7,60,10,2,2,1,0.55172
204,2,4,4,0,15,11,60,14,2,2,1,0.49835
204,2,4,4,0,16,4,80,6,1,1,1,0.57444
204,2,4,4,0,17,6,80,8,1,1,1,0.51104
204,2,4,4,0,18,11,60,14,2,2,1,0.38809
204,2,4,4,0,19,11,60,14,2,2,1,0.34627
204,2,4,4,0,20,2,80,4,1,1,1,0.37565
204,2,4,4,0,21,9,60,12,2,2,1,0.41699
204,2,4,4,0,22,2,80,4,1,1,1,0.43248
204,2,4,4,0,23,11,60,14,2,2,1,0.38876
204,2,4,4,0,24,11,60,14,2,2,1,0.35607
204,2,4,4,0,25,4,80,6,1,1,1,0.54907
204,2,4,4,0,26,11,60,14,2,2,1,0.36481
204,2,4,4,0,27,2,80,4,1,1,1,0.38073
204,2,4,4,0,28,4,80,6,1,1,1,0.80109
204,2,4,4,0,29,4,80,6,1,1,1,0.41402
204,2,4,4,0,30,4,80,6,1,1,1,0.41248
204,2,4,4,0,31,9,60,12,2,2,1,0.845
204,2,4,4,0,32,9,60,12,2,2,1,0.67121
204,2,4,4,0,33,7,60,10,2,2,1,0.73833
204,2,4,4,0,34,9,60,12,2,2,1,0.49238
204,2,4,4,0,35,9,60,12,2,2,1,0.35675
204,2,4,4,0,36,11,60,14,2,2,1,0.37876
204,2,4,4,0,37,6,80,8,1,1,1,0.51297
204,2,4,4,0,38,2,80,4,1,1,1,0.35079
204,2,4,4,0,39,7,60,10,2,2,1,0.78889
204,2,4,4,0,40,6,80,8,1,NaN,9,NaN
204,2,4,4,0,41,11,60,14,2,2,1,0.42371
204,2,4,4,0,42,7,60,10,2,2,1,0.68305
204,2,4,4,0,43,7,60,10,2,2,1,0.33136
204,2,4,4,0,44,4,80,6,1,1,1,0.42653
204,2,4,4,0,45,9,60,12,2,2,1,0.43448
204,2,4,4,0,46,6,80,8,1,1,1,1.5393
204,2,4,4,0,47,6,80,8,1,1,1,0.49916
204,2,4,4,0,48,4,80,6,1,1,1,0.452
204,2,4,4,0,49,7,60,10,2,2,1,0.83761
204,2,4,4,0,50,4,80,6,1,1,1,0.54235
204,2,4,4,0,51,2,80,4,1,1,1,0.42314
204,2,4,4,0,52,7,60,10,2,2,1,0.44199
204,2,4,4,0,53,6,80,8,1,2,0,0.6063
204,2,4,4,0,54,6,80,8,1,1,1,2.2877
204,2,4,4,0,55,2,80,4,1,1,1,0.49045
204,2,4,4,0,56,2,80,4,1,1,1,0.45048
204,2,4,4,0,57,4,80,6,1,1,1,0.68429
204,2,4,4,0,58,11,60,14,2,2,1,0.45889
204,2,4,4,0,59,2,80,4,1,1,1,0.40088
204,2,4,4,0,60,7,60,10,2,2,1,0.66223
204,2,4,4,0,61,4,80,6,1,1,1,0.59523
204,2,4,4,0,62,7,60,10,2,2,1,0.4649
204,2,4,4,0,63,2,80,4,1,1,1,0.50724
204,2,4,4,0,64,9,60,12,2,2,1,0.39199
204,2,4,4,0,65,2,80,4,1,1,1,0.42743
204,2,4,4,0,66,6,80,8,1,1,1,1.1727
204,2,4,4,0,67,7,60,10,2,2,1,1.0056
204,2,4,4,0,68,4,80,6,1,1,1,0.42339
204,2,4,4,0,69,11,60,14,2,2,1,0.40031
204,2,4,4,0,70,9,60,12,2,2,1,0.37518
204,2,4,4,0,71,2,80,4,1,1,1,0.3755
204,2,4,4,0,72,6,80,8,1,1,1,0.92743
204,2,4,4,0,73,9,60,12,2,2,1,0.34231
204,2,4,4,0,74,7,60,10,2,2,1,1.3406
204,2,4,4,0,75,9,60,12,2,2,1,0.43257
204,2,4,4,0,76,6,80,8,1,1,1,0.75425
204,2,4,4,0,77,6,80,8,1,1,1,0.43372
204,2,4,4,0,78,11,60,14,2,2,1,0.46415
204,2,4,4,0,79,7,60,10,2,1,0,0.56637
204,2,4,4,0,80,7,60,10,2,2,1,1.2807
204,2,4,4,0,81,4,80,6,1,1,1,0.48098
204,2,4,4,0,82,11,60,14,2,2,1,0.38565
204,2,4,4,0,83,4,80,6,1,1,1,0.43237
204,2,4,4,0,84,9,60,12,2,2,1,0.48364
204,2,4,4,0,85,6,80,8,1,1,1,0.47198
204,2,4,4,0,86,9,60,12,2,2,1,0.41992
204,2,4,4,0,87,9,60,12,2,2,1,0.43491
204,2,4,4,0,88,7,60,10,2,1,0,0.60709
204,2,4,4,0,89,2,80,4,1,1,1,0.47723
204,2,4,4,0,90,9,60,12,2,2,1,0.45146
204,2,4,4,0,91,2,80,4,1,1,1,0.93142
204,2,4,4,0,92,2,80,4,1,1,1,0.43899
204,2,4,4,0,93,2,80,4,1,1,1,0.41815
204,2,4,4,0,94,2,80,4,1,1,1,0.39029
204,2,4,4,0,95,4,80,6,1,1,1,0.41968
204,2,4,4,0,96,6,80,8,1,NaN,9,NaN
204,2,4,4,0,97,9,60,12,2,2,1,0.4546
204,2,4,4,0,98,4,80,6,1,1,1,0.37429
204,2,4,4,0,99,2,80,4,1,1,1,0.3922
204,2,4,4,0,100,9,60,12,2,2,1,0.5287
204,2,4,4,0,101,4,80,6,1,1,1,0.38337
204,2,4,4,0,102,4,80,6,1,1,1,0.51895
204,2,4,4,0,103,11,60,14,2,2,1,0.43733
204,2,4,4,0,104,6,80,8,1,1,1,0.86212
204,2,4,4,0,105,11,60,14,2,2,1,0.50523
204,2,4,4,0,106,6,80,8,1,1,1,0.91446
204,2,4,4,0,107,9,60,12,2,2,1,0.41082
204,2,4,4,0,108,2,80,4,1,1,1,1.5609
204,2,4,4,0,109,7,60,10,2,2,1,0.85157
204,2,4,4,0,110,9,60,12,2,2,1,0.42659
204,2,4,4,0,111,7,60,10,2,2,1,0.43242
204,2,4,4,0,112,6,80,8,1,1,1,3.0905
204,2,4,4,0,113,11,60,14,2,2,1,0.46853
204,2,4,4,0,114,6,80,8,1,1,1,1.0889
204,2,4,4,0,115,6,80,8,1,1,1,0.69696
204,2,4,4,0,116,2,80,4,1,1,1,0.46952
204,2,4,4,0,117,11,60,14,2,2,1,0.46682
204,2,4,4,0,118,9,60,12,2,2,1,0.38325
204,2,4,4,0,119,11,60,14,2,2,1,0.33747
204,2,4,4,0,120,7,60,10,2,2,1,1.9559
204,2,4,3,1,1,3,60,6,1,1,1,0.50653
204,2,4,3,1,2,10,80,12,2,2,1,0.38831
204,2,4,3,1,3,5,60,8,1,1,1,0.71529
204,2,4,3,1,4,12,80,14,2,2,1,0.37321
204,2,4,3,1,5,5,60,8,1,1,1,0.51994
204,2,4,3,1,6,12,80,14,2,2,1,0.33305
204,2,4,3,1,7,5,60,8,1,1,1,0.36877
204,2,4,3,1,8,8,80,10,2,2,1,0.98724
204,2,4,3,1,9,3,60,6,1,1,1,0.42405
204,2,4,3,1,10,1,60,4,1,1,1,0.37147
204,2,4,3,1,11,8,80,10,2,2,1,0.6546
204,2,4,3,1,12,8,80,10,2,2,1,0.53814
204,2,4,3,1,13,3,60,6,1,1,1,0.4086
204,2,4,3,1,14,12,80,14,2,2,1,0.33043
204,2,4,3,1,15,10,80,12,2,2,1,0.33214
204,2,4,3,1,16,3,60,6,1,1,1,0.37667
204,2,4,3,1,17,8,80,10,2,2,1,0.3226
204,2,4,3,1,18,12,80,14,2,2,1,0.4014
204,2,4,3,1,19,10,80,12,2,2,1,0.33651
204,2,4,3,1,20,5,60,8,1,1,1,0.56374
204,2,4,3,1,21,1,60,4,1,2,0,0.36248
204,2,4,3,1,22,1,60,4,1,1,1,0.45813
204,2,4,3,1,23,1,60,4,1,1,1,0.48587
204,2,4,3,1,24,10,80,12,2,2,1,0.46387
204,2,4,3,0,1,1,60,4,1,1,1,0.59895
204,2,4,3,0,2,8,80,10,2,2,1,0.3749
204,2,4,3,0,3,8,80,10,2,2,1,0.44683
204,2,4,3,0,4,1,60,4,1,1,1,0.42255
204,2,4,3,0,5,5,60,8,1,1,1,0.81099
204,2,4,3,0,6,3,60,6,1,1,1,0.34305
204,2,4,3,0,7,10,80,12,2,2,1,0.347
204,2,4,3,0,8,3,60,6,1,1,1,0.3427
204,2,4,3,0,9,12,80,14,2,2,1,0.35492
204,2,4,3,0,10,8,80,10,2,2,1,0.76468
204,2,4,3,0,11,3,60,6,1,1,1,0.49131
204,2,4,3,0,12,5,60,8,1,1,1,0.33667
204,2,4,3,0,13,1,60,4,1,1,1,0.36421
204,2,4,3,0,14,5,60,8,1,1,1,0.46676
204,2,4,3,0,15,1,60,4,1,1,1,0.38797
204,2,4,3,0,16,8,80,10,2,2,1,0.34682
204,2,4,3,0,17,5,60,8,1,2,0,0.51638
204,2,4,3,0,18,3,60,6,1,1,1,0.4494
204,2,4,3,0,19,5,60,8,1,1,1,0.74079
204,2,4,3,0,20,8,80,10,2,2,1,0.39495
204,2,4,3,0,21,8,80,10,2,2,1,0.40182
204,2,4,3,0,22,12,80,14,2,2,1,0.39451
204,2,4,3,0,23,8,80,10,2,2,1,0.71201
204,2,4,3,0,24,1,60,4,1,1,1,0.37364
204,2,4,3,0,25,10,80,12,2,2,1,0.43066
204,2,4,3,0,26,10,80,12,2,2,1,0.38255
204,2,4,3,0,27,3,60,6,1,1,1,0.36357
204,2,4,3,0,28,10,80,12,2,2,1,0.59034
204,2,4,3,0,29,5,60,8,1,1,1,0.62224
204,2,4,3,0,30,8,80,10,2,2,1,0.53343
204,2,4,3,0,31,5,60,8,1,1,1,0.46568
204,2,4,3,0,32,3,60,6,1,1,1,0.39416
204,2,4,3,0,33,1,60,4,1,1,1,0.4261
204,2,4,3,0,34,3,60,6,1,1,1,0.43432
204,2,4,3,0,35,10,80,12,2,2,1,0.3463
204,2,4,3,0,36,8,80,10,2,2,1,2.6235
204,2,4,3,0,37,3,60,6,1,1,1,0.5354
204,2,4,3,0,38,3,60,6,1,1,1,0.40501
204,2,4,3,0,39,12,80,14,2,2,1,0.40516
204,2,4,3,0,40,12,80,14,2,2,1,0.42545
204,2,4,3,0,41,5,60,8,1,1,1,0.39531
204,2,4,3,0,42,12,80,14,2,2,1,0.38188
204,2,4,3,0,43,5,60,8,1,1,1,0.4826
204,2,4,3,0,44,5,60,8,1,1,1,0.44219
204,2,4,3,0,45,10,80,12,2,2,1,0.45507
204,2,4,3,0,46,12,80,14,2,2,1,0.35724
204,2,4,3,0,47,12,80,14,2,2,1,0.32451
204,2,4,3,0,48,10,80,12,2,2,1,0.33664
204,2,4,3,0,49,10,80,12,2,2,1,0.39363
204,2,4,3,0,50,10,80,12,2,2,1,0.38362
204,2,4,3,0,51,1,60,4,1,1,1,0.3585
204,2,4,3,0,52,8,80,10,2,1,0,1.2068
204,2,4,3,0,53,8,80,10,2,2,1,0.81579
204,2,4,3,0,54,1,60,4,1,1,1,0.39668
204,2,4,3,0,55,10,80,12,2,2,1,0.42979
204,2,4,3,0,56,1,60,4,1,1,1,0.4521
204,2,4,3,0,57,8,80,10,2,2,1,0.37872
204,2,4,3,0,58,8,80,10,2,2,1,0.59298
204,2,4,3,0,59,3,60,6,1,1,1,0.44374
204,2,4,3,0,60,8,80,10,2,2,1,0.62945
204,2,4,3,0,61,3,60,6,1,1,1,0.43252
204,2,4,3,0,62,5,60,8,1,1,1,1.1056
204,2,4,3,0,63,5,60,8,1,1,1,0.5487
204,2,4,3,0,64,12,80,14,2,2,1,0.39201
204,2,4,3,0,65,12,80,14,2,2,1,0.43531
204,2,4,3,0,66,12,80,14,2,2,1,0.33293
204,2,4,3,0,67,3,60,6,1,1,1,0.35898
204,2,4,3,0,68,1,60,4,1,1,1,0.38749
204,2,4,3,0,69,10,80,12,2,2,1,0.43868
204,2,4,3,0,70,8,80,10,2,2,1,0.78054
204,2,4,3,0,71,10,80,12,2,2,1,0.55772
204,2,4,3,0,72,12,80,14,2,2,1,0.41143
204,2,4,3,0,73,1,60,4,1,1,1,0.36309
204,2,4,3,0,74,10,80,12,2,2,1,0.49959
204,2,4,3,0,75,5,60,8,1,1,1,0.67768
204,2,4,3,0,76,1,60,4,1,1,1,0.47801
204,2,4,3,0,77,5,60,8,1,1,1,1.2927
204,2,4,3,0,78,12,80,14,2,2,1,0.39308
204,2,4,3,0,79,3,60,6,1,1,1,0.37898
204,2,4,3,0,80,10,80,12,2,2,1,0.47235
204,2,4,3,0,81,10,80,12,2,2,1,0.67774
204,2,4,3,0,82,10,80,12,2,2,1,0.44319
204,2,4,3,0,83,3,60,6,1,1,1,0.3654
204,2,4,3,0,84,3,60,6,1,1,1,0.38673
204,2,4,3,0,85,12,80,14,2,2,1,0.37752
204,2,4,3,0,86,5,60,8,1,1,1,0.41636
204,2,4,3,0,87,1,60,4,1,1,1,0.40574
204,2,4,3,0,88,5,60,8,1,1,1,0.57551
204,2,4,3,0,89,12,80,14,2,2,1,0.40501
204,2,4,3,0,90,1,60,4,1,1,1,0.36004
204,2,4,3,0,91,1,60,4,1,1,1,0.37337
204,2,4,3,0,92,1,60,4,1,1,1,0.5343
204,2,4,3,0,93,1,60,4,1,1,1,0.32816
204,2,4,3,0,94,5,60,8,1,2,0,0.55052
204,2,4,3,0,95,12,80,14,2,2,1,0.56266
204,2,4,3,0,96,8,80,10,2,NaN,9,NaN
204,2,4,3,0,97,12,80,14,2,2,1,0.46138
204,2,4,3,0,98,1,60,4,1,1,1,0.38821
204,2,4,3,0,99,8,80,10,2,NaN,9,NaN
204,2,4,3,0,100,10,80,12,2,2,1,0.56461
204,2,4,3,0,101,3,60,6,1,1,1,0.59936
204,2,4,3,0,102,8,80,10,2,NaN,9,NaN
204,2,4,3,0,103,3,60,6,1,1,1,0.48976
204,2,4,3,0,104,3,60,6,1,1,1,0.45344
204,2,4,3,0,105,5,60,8,1,1,1,0.46641
204,2,4,3,0,106,8,80,10,2,2,1,0.63478
204,2,4,3,0,107,3,60,6,1,1,1,0.49156
204,2,4,3,0,108,10,80,12,2,2,1,0.54297
204,2,4,3,0,109,1,60,4,1,1,1,0.48879
204,2,4,3,0,110,10,80,12,2,2,1,0.48197
204,2,4,3,0,111,12,80,14,2,2,1,0.51829
204,2,4,3,0,112,12,80,14,2,2,1,0.35296
204,2,4,3,0,113,1,60,4,1,1,1,0.37345
204,2,4,3,0,114,5,60,8,1,1,1,0.41057
204,2,4,3,0,115,8,80,10,2,1,0,0.67337
204,2,4,3,0,116,12,80,14,2,2,1,0.39193
204,2,4,3,0,117,12,80,14,2,2,1,0.32874
204,2,4,3,0,118,10,80,12,2,2,1,0.32846
204,2,4,3,0,119,5,60,8,1,1,1,0.79855
204,2,4,3,0,120,3,60,6,1,1,1,0.45218
