204,2,1,2,1,1,10,80,12,2,1,0,3.5587
204,2,1,2,1,2,6,80,8,1,2,0,2.1637
204,2,1,2,1,3,4,80,6,1,1,1,2.3331
204,2,1,2,1,4,2,80,4,1,1,1,2.8804
204,2,1,2,1,5,10,80,12,2,2,1,2.0014
204,2,1,2,1,6,8,80,10,2,2,1,1.5592
204,2,1,2,1,7,6,80,8,1,1,1,1.459
204,2,1,2,1,8,4,80,6,1,2,0,2.3441
204,2,1,2,1,9,6,80,8,1,1,1,1.025
204,2,1,2,1,10,12,80,14,2,2,1,1.0921
204,2,1,2,1,11,2,80,4,1,1,1,1.4473
204,2,1,2,1,12,12,80,14,2,2,1,1.685
204,2,1,2,1,13,10,80,12,2,2,1,2.9172
204,2,1,2,1,14,12,80,14,2,2,1,2.487
204,2,1,2,1,15,8,80,10,2,2,1,6.1078
204,2,1,2,1,16,12,80,14,2,2,1,2.728
204,2,1,2,1,17,6,80,8,1,1,1,1.0533
204,2,1,2,1,18,8,80,10,2,1,0,4.8849
204,2,1,2,1,19,4,80,6,1,1,1,1.7156
204,2,1,2,1,20,2,80,4,1,1,1,1.7139
204,2,1,2,1,21,4,80,6,1,1,1,1.3224
204,2,1,2,1,22,10,80,12,2,2,1,1.4831
204,2,1,2,1,23,2,80,4,1,1,1,2.5533
204,2,1,2,1,24,8,80,10,2,2,1,1.3504
204,2,1,2,0,1,4,80,6,1,1,1,2.5518
204,2,1,2,0,2,6,80,8,1,1,1,1.0709
204,2,1,2,0,3,10,80,12,2,2,1,3.3828
204,2,1,2,0,4,12,80,14,2,2,1,0.63699
204,2,1,2,0,5,10,80,12,2,2,1,0.3551
204,2,1,2,0,6,10,80,12,2,2,1,0.38088
204,2,1,2,0,7,8,80,10,2,2,1,1.1809
204,2,1,2,0,8,10,80,12,2,2,1,0.97689
204,2,1,2,0,9,4,80,6,1,1,1,0.57244
204,2,1,2,0,10,6,80,8,1,1,1,1.2493
204,2,1,2,0,11,12,80,14,2,2,1,0.73966
204,2,1,2,0,12,4,80,6,1,1,1,7.2514
204,2,1,2,0,13,6,80,8,1,1,1,0.77203
204,2,1,2,0,14,8,80,10,2,2,1,2.1728
204,2,1,2,0,15,2,80,4,1,1,1,0.75745
204,2,1,2,0,16,8,80,10,2,2,1,2.149
204,2,1,2,0,17,10,80,12,2,2,1,1.4077
204,2,1,2,0,18,8,80,10,2,2,1,6.1104
204,2,1,2,0,19,4,80,6,1,1,1,1.2797
204,2,1,2,0,20,8,80,10,2,2,1,3.2813
204,2,1,2,0,21,12,80,14,2,2,1,0.76363
204,2,1,2,0,22,2,80,4,1,1,1,0.57935
204,2,1,2,0,23,6,80,8,1,1,1,0.52963
204,2,1,2,0,24,10,80,12,2,2,1,0.85809
204,2,1,2,0,25,6,80,8,1,1,1,0.52099
204,2,1,2,0,26,12,80,14,2,2,1,1.8781
204,2,1,2,0,27,4,80,6,1,1,1,0.83198
204,2,1,2,0,28,10,80,12,2,2,1,0.88943
204,2,1,2,0,29,4,80,6,1,1,1,0.82987
204,2,1,2,0,30,2,80,4,1,1,1,1.6196
204,2,1,2,0,31,2,80,4,1,1,1,2.051
204,2,1,2,0,32,8,80,10,2,2,1,0.98252
204,2,1,2,0,33,2,80,4,1,1,1,0.783
204,2,1,2,0,34,10,80,12,2,2,1,0.82263
204,2,1,2,0,35,2,80,4,1,1,1,1.0674
204,2,1,2,0,36,6,80,8,1,1,1,0.93677
204,2,1,2,0,37,6,80,8,1,1,1,0.75236
204,2,1,2,0,38,6,80,8,1,1,1,1.2434
204,2,1,2,0,39,12,80,14,2,2,1,0.86646
204,2,1,2,0,40,2,80,4,1,1,1,2.27
204,2,1,2,0,41,12,80,14,2,2,1,1.6331
204,2,1,2,0,42,10,80,12,2,2,1,2.5726
204,2,1,2,0,43,12,80,14,2,2,1,0.80162
204,2,1,2,0,44,4,80,6,1,1,1,2.944
204,2,1,2,0,45,6,80,8,1,1,1,1.5282
204,2,1,2,0,46,4,80,6,1,1,1,2.5403
204,2,1,2,0,47,6,80,8,1,1,1,0.85972
204,2,1,2,0,48,4,80,6,1,1,1,1.0999
204,2,1,2,0,49,4,80,6,1,1,1,1.6714
204,2,1,2,0,50,2,80,4,1,1,1,1.0622
204,2,1,2,0,51,4,80,6,1,1,1,1.0481
204,2,1,2,0,52,8,80,10,2,2,1,2.6205
204,2,1,2,0,53,10,80,12,2,2,1,1.2703
204,2,1,2,0,54,8,80,10,2,2,1,1.3244
204,2,1,2,0,55,2,80,4,1,1,1,1.0135
204,2,1,2,0,56,10,80,12,2,2,1,1.1134
204,2,1,2,0,57,2,80,4,1,1,1,0.78317
204,2,1,2,0,58,12,80,14,2,2,1,2.3418
204,2,1,2,0,59,12,80,14,2,2,1,2.3225
204,2,1,2,0,60,8,80,10,2,2,1,1.2305
204,2,1,2,0,61,2,80,4,1,1,1,1.2941
204,2,1,2,0,62,4,80,6,1,1,1,2.3778
204,2,1,2,0,63,10,80,12,2,2,1,1.3409
204,2,1,2,0,64,10,80,12,2,2,1,1.6808
204,2,1,2,0,65,4,80,6,1,1,1,1.2874
204,2,1,2,0,66,6,80,8,1,1,1,1.2301
204,2,1,2,0,67,12,80,14,2,2,1,1.2135
204,2,1,2,0,68,2,80,4,1,1,1,1.7978
204,2,1,2,0,69,4,80,6,1,1,1,4.4212
204,2,1,2,0,70,12,80,14,2,2,1,1.0137
204,2,1,2,0,71,6,80,8,1,1,1,1.8938
204,2,1,2,0,72,8,80,10,2,1,0,1.3321
204,2,1,2,0,73,12,80,14,2,2,1,0.81338
204,2,1,2,0,74,8,80,10,2,1,0,1.8551
204,2,1,2,0,75,2,80,4,1,1,1,0.94864
204,2,1,2,0,76,8,80,10,2,2,1,0.62745
204,2,1,2,0,77,2,80,4,1,1,1,0.97494
204,2,1,2,0,78,6,80,8,1,2,0,1.5797
204,2,1,2,0,79,4,80,6,1,1,1,1.4292
204,2,1,2,0,80,2,80,4,1,1,1,0.98477
204,2,1,2,0,81,12,80,14,2,2,1,1.7989
204,2,1,2,0,82,8,80,10,2,2,1,2.0055
204,2,1,2,0,83,2,80,4,1,1,1,1.6586
204,2,1,2,0,84,8,80,10,2,2,1,1.8401
204,2,1,2,0,85,12,80,14,2,2,1,2.353
204,2,1,2,0,86,12,80,14,2,2,1,1.2989
204,2,1,2,0,87,6,80,8,1,1,1,1.7134
204,2,1,2,0,88,10,80,12,2,2,1,1.732
204,2,1,2,0,89,8,80,10,2,2,1,1.4523
204,2,1,2,0,90,2,80,4,1,1,1,1.6906
204,2,1,2,0,91,6,80,8,1,1,1,1.5291
204,2,1,2,0,92,8,80,10,2,1,0,2.058
204,2,1,2,0,93,4,80,6,1,1,1,1.0155
204,2,1,2,0,94,4,80,6,1,1,1,1.4246
204,2,1,2,0,95,12,80,14,2,2,1,0.85902
204,2,1,2,0,96,12,80,14,2,2,1,1.2394
204,2,1,2,0,97,8,80,10,2,2,1,1.7013
204,2,1,2,0,98,10,80,12,2,2,1,1.2108
204,2,1,2,0,99,8,80,10,2,2,1,0.91906
204,2,1,2,0,100,6,80,8,1,1,1,0.67314
204,2,1,2,0,101,10,80,12,2,2,1,0.6898
204,2,1,2,0,102,2,80,4,1,1,1,0.71382
204,2,1,2,0,103,2,80,4,1,1,1,0.9292
204,2,1,2,0,104,8,80,10,2,2,1,1.5725
204,2,1,2,0,105,12,80,14,2,2,1,2.9001
204,2,1,2,0,106,10,80,12,2,2,1,2.0366
204,2,1,2,0,107,2,80,4,1,1,1,1.1257
204,2,1,2,0,108,6,80,8,1,1,1,1.2423
204,2,1,2,0,109,10,80,12,2,2,1,1.0522
204,2,1,2,0,110,8,80,10,2,2,1,1.0691
204,2,1,2,0,111,6,80,8,1,2,0,1.2419
204,2,1,2,0,112,4,80,6,1,1,1,0.85136
204,2,1,2,0,113,12,80,14,2,2,1,1.1032
204,2,1,2,0,114,6,80,8,1,1,1,1.2961
204,2,1,2,0,115,4,80,6,1,1,1,1.3585
204,2,1,2,0,116,10,80,12,2,2,1,0.76742
204,2,1,2,0,117,10,80,12,2,2,1,0.90678
204,2,1,2,0,118,12,80,14,2,2,1,3.3114
204,2,1,2,0,119,6,80,8,1,1,1,0.85612
204,2,1,2,0,120,4,80,6,1,1,1,1.6829
204,2,1,1,1,1,7,60,10,2,2,1,2.8835
204,2,1,1,1,2,9,60,12,2,2,1,1.5889
204,2,1,1,1,3,3,60,6,1,1,1,0.76429
204,2,1,1,1,4,11,60,14,2,2,1,0.69882
204,2,1,1,1,5,5,60,8,1,1,1,0.96883
204,2,1,1,1,6,11,60,14,2,2,1,1.0138
204,2,1,1,1,7,5,60,8,1,1,1,0.74578
204,2,1,1,1,8,7,60,10,2,2,1,2.7021
204,2,1,1,1,9,3,60,6,1,1,1,1.0379
204,2,1,1,1,10,3,60,6,1,1,1,1.0503
204,2,1,1,1,11,9,60,12,2,2,1,1.1246
204,2,1,1,1,12,5,60,8,1,2,0,3.0015
204,2,1,1,1,13,7,60,10,2,1,0,1.165
204,2,1,1,1,14,11,60,14,2,2,1,0.61991
204,2,1,1,1,15,11,60,14,2,2,1,0.97405
204,2,1,1,1,16,1,60,4,1,1,1,0.68429
204,2,1,1,1,17,1,60,4,1,1,1,0.58828
204,2,1,1,1,18,9,60,12,2,2,1,0.69503
204,2,1,1,1,19,9,60,12,2,2,1,0.75918
204,2,1,1,1,20,1,60,4,1,1,1,0.71121
204,2,1,1,1,21,5,60,8,1,1,1,1.3629
204,2,1,1,1,22,7,60,10,2,2,1,0.64204
204,2,1,1,1,23,3,60,6,1,1,1,0.62103
204,2,1,1,1,24,1,60,4,1,1,1,0.54687
204,2,1,1,0,1,3,60,6,1,1,1,1.4764
204,2,1,1,0,2,3,60,6,1,1,1,0.70133
204,2,1,1,0,3,1,60,4,1,1,1,1.0123
204,2,1,1,0,4,11,60,14,2,2,1,0.63438
204,2,1,1,0,5,9,60,12,2,2,1,0.81111
204,2,1,1,0,6,5,60,8,1,1,1,0.66613
204,2,1,1,0,7,11,60,14,2,2,1,0.6205
204,2,1,1,0,8,1,60,4,1,1,1,0.64003
204,2,1,1,0,9,9,60,12,2,2,1,0.82208
204,2,1,1,0,10,1,60,4,1,1,1,0.5149
204,2,1,1,0,11,7,60,10,2,2,1,0.94899
204,2,1,1,0,12,1,60,4,1,1,1,0.49279
204,2,1,1,0,13,1,60,4,1,1,1,0.64406
204,2,1,1,0,14,3,60,6,1,1,1,1.0062
204,2,1,1,0,15,11,60,14,2,2,1,0.45037
204,2,1,1,0,16,5,60,8,1,1,1,0.63375
204,2,1,1,0,17,11,60,14,2,2,1,0.7011
204,2,1,1,0,18,11,60,14,2,2,1,0.46932
204,2,1,1,0,19,11,60,14,2,2,1,0.82575
204,2,1,1,0,20,7,60,10,2,2,1,0.73379
204,2,1,1,0,21,9,60,12,2,2,1,16.591
204,2,1,1,0,22,5,60,8,1,1,1,3.1718
204,2,1,1,0,23,9,60,12,2,2,1,0.64945
204,2,1,1,0,24,5,60,8,1,1,1,0.65845
204,2,1,1,0,25,7,60,10,2,1,0,0.89376
204,2,1,1,0,26,11,60,14,2,2,1,0.58768
204,2,1,1,0,27,3,60,6,1,1,1,0.64341
204,2,1,1,0,28,7,60,10,2,2,1,1.1134
204,2,1,1,0,29,7,60,10,2,2,1,0.79079
204,2,1,1,0,30,11,60,14,2,2,1,0.64622
204,2,1,1,0,31,9,60,12,2,2,1,0.97177
204,2,1,1,0,32,7,60,10,2,2,1,2.5162
204,2,1,1,0,33,7,60,10,2,2,1,0.6454
204,2,1,1,0,34,9,60,12,2,2,1,0.62659
204,2,1,1,0,35,11,60,14,2,2,1,0.64092
204,2,1,1,0,36,5,60,8,1,1,1,0.52846
204,2,1,1,0,37,7,60,10,2,1,0,0.90989
204,2,1,1,0,38,5,60,8,1,2,0,0.91031
204,2,1,1,0,39,1,60,4,1,1,1,0.61383
204,2,1,1,0,40,3,60,6,1,1,1,0.85043
204,2,1,1,0,41,3,60,6,1,1,1,31.313
204,2,1,1,0,42,3,60,6,1,1,1,0.6623
204,2,1,1,0,43,7,60,10,2,2,1,0.43052
204,2,1,1,0,44,9,60,12,2,2,1,0.44921
204,2,1,1,0,45,3,60,6,1,1,1,0.5691
204,2,1,1,0,46,11,60,14,2,2,1,0.47357
204,2,1,1,0,47,7,60,10,2,2,1,0.77596
204,2,1,1,0,48,1,60,4,1,1,1,0.53533
204,2,1,1,0,49,3,60,6,1,1,1,0.53171
204,2,1,1,0,50,11,60,14,2,2,1,0.38083
204,2,1,1,0,51,3,60,6,1,1,1,0.60537
204,2,1,1,0,52,9,60,12,2,2,1,0.54336
204,2,1,1,0,53,5,60,8,1,2,0,0.82608
204,2,1,1,0,54,11,60,14,2,2,1,0.48671
204,2,1,1,0,55,9,60,12,2,2,1,0.90638
204,2,1,1,0,56,3,60,6,1,1,1,0.59183
204,2,1,1,0,57,3,60,6,1,1,1,0.64615
204,2,1,1,0,58,9,60,12,2,2,1,0.55609
204,2,1,1,0,59,7,60,10,2,2,1,0.91848
204,2,1,1,0,60,7,60,10,2,2,1,0.56338
204,2,1,1,0,61,11,60,14,2,2,1,0.51598
204,2,1,1,0,62,1,60,4,1,1,1,0.53122
204,2,1,1,0,63,9,60,12,2,2,1,0.5551
204,2,1,1,0,64,5,60,8,1,2,0,9.3717
204,2,1,1,0,65,3,60,6,1,1,1,1.9951
204,2,1,1,0,66,11,60,14,2,2,1,0.60555
204,2,1,1,0,67,5,60,8,1,1,1,1.7048
204,2,1,1,0,68,7,60,10,2,2,1,4.014
204,2,1,1,0,69,5,60,8,1,1,1,0.8394
204,2,1,1,0,70,1,60,4,1,1,1,0.60041
204,2,1,1,0,71,7,60,10,2,2,1,0.83349
204,2,1,1,0,72,11,60,14,2,2,1,0.56128
204,2,1,1,0,73,11,60,14,2,2,1,0.80543
204,2,1,1,0,74,1,60,4,1,1,1,0.57435
204,2,1,1,0,75,3,60,6,1,1,1,0.6591
204,2,1,1,0,76,7,60,10,2,2,1,0.63714
204,2,1,1,0,77,1,60,4,1,1,1,0.60403
204,2,1,1,0,78,7,60,10,2,2,1,0.69013
204,2,1,1,0,79,11,60,14,2,2,1,0.49524
204,2,1,1,0,80,1,60,4,1,1,1,0.59963
204,2,1,1,0,81,3,60,6,1,1,1,1.6917
204,2,1,1,0,82,7,60,10,2,2,1,0.50467
204,2,1,1,0,83,5,60,8,1,1,1,3.25
204,2,1,1,0,84,9,60,12,2,2,1,0.56902
204,2,1,1,0,85,11,60,14,2,2,1,0.61818
204,2,1,1,0,86,11,60,14,2,2,1,0.86945
204,2,1,1,0,87,1,60,4,1,1,1,0.55421
204,2,1,1,0,88,5,60,8,1,1,1,2.3785
204,2,1,1,0,89,3,60,6,1,1,1,0.77957
204,2,1,1,0,90,1,60,4,1,1,1,0.7
204,2,1,1,0,91,9,60,12,2,2,1,0.77454
204,2,1,1,0,92,9,60,12,2,2,1,0.67495
204,2,1,1,0,93,5,60,8,1,1,1,2.1099
204,2,1,1,0,94,1,60,4,1,1,1,0.66859
204,2,1,1,0,95,5,60,8,1,1,1,1.3098
204,2,1,1,0,96,1,60,4,1,1,1,0.58346
204,2,1,1,0,97,7,60,10,2,2,1,0.78054
204,2,1,1,0,98,9,60,12,2,2,1,0.50776
204,2,1,1,0,99,5,60,8,1,1,1,1.9047
204,2,1,1,0,100,1,60,4,1,1,1,0.7335
204,2,1,1,0,101,3,60,6,1,1,1,2.8485
204,2,1,1,0,102,7,60,10,2,2,1,0.52245
204,2,1,1,0,103,5,60,8,1,1,1,1.3735
204,2,1,1,0,104,1,60,4,1,1,1,0.6896
204,2,1,1,0,105,5,60,8,1,1,1,1.1489
204,2,1,1,0,106,7,60,10,2,2,1,1.257
204,2,1,1,0,107,9,60,12,2,2,1,0.735
204,2,1,1,0,108,3,60,6,1,1,1,0.51776
204,2,1,1,0,109,1,60,4,1,1,1,1.4201
204,2,1,1,0,110,9,60,12,2,2,1,0.86204
204,2,1,1,0,111,1,60,4,1,1,1,0.85629
204,2,1,1,0,112,5,60,8,1,1,1,0.8605
204,2,1,1,0,113,11,60,14,2,2,1,0.6064
204,2,1,1,0,114,3,60,6,1,1,1,1.8942
204,2,1,1,0,115,9,60,12,2,2,1,0.53792
204,2,1,1,0,116,9,60,12,2,2,1,0.81872
204,2,1,1,0,117,5,60,8,1,1,1,1.7505
204,2,1,1,0,118,9,60,12,2,2,1,0.50489
204,2,1,1,0,119,5,60,8,1,1,1,3.9664
204,2,1,1,0,120,3,60,6,1,1,1,1.9932
204,2,1,4,1,1,6,80,8,1,1,1,2.7109
204,2,1,4,1,2,2,80,4,1,1,1,0.94866
204,2,1,4,1,3,4,80,6,1,1,1,0.60547
204,2,1,4,1,4,2,80,4,1,1,1,0.71226
204,2,1,4,1,5,2,80,4,1,1,1,0.732
204,2,1,4,1,6,7,60,10,2,2,1,0.56497
204,2,1,4,1,7,6,80,8,1,2,0,2.4316
204,2,1,4,1,8,9,60,12,2,2,1,0.58842
204,2,1,4,1,9,11,60,14,2,2,1,0.56165
204,2,1,4,1,10,6,80,8,1,1,1,1.3589
204,2,1,4,1,11,2,80,4,1,1,1,0.63498
204,2,1,4,1,12,9,60,12,2,2,1,2.4516
204,2,1,4,1,13,4,80,6,1,1,1,0.87187
204,2,1,4,1,14,4,80,6,1,1,1,0.61443
204,2,1,4,1,15,7,60,10,2,2,1,1.028
204,2,1,4,1,16,7,60,10,2,2,1,0.48888
204,2,1,4,1,17,11,60,14,2,2,1,0.57932
204,2,1,4,1,18,9,60,12,2,2,1,0.69658
204,2,1,4,1,19,6,80,8,1,1,1,0.50746
204,2,1,4,1,20,11,60,14,2,2,1,0.52429
204,2,1,4,1,21,11,60,14,2,2,1,0.91565
204,2,1,4,1,22,9,60,12,2,2,1,0.76624
204,2,1,4,1,23,4,80,6,1,1,1,0.50834
204,2,1,4,1,24,7,60,10,2,2,1,1.0434
204,2,1,4,0,1,6,80,8,1,2,0,0.87188
204,2,1,4,0,2,2,80,4,1,1,1,0.55903
204,2,1,4,0,3,6,80,8,1,2,0,2.1118
204,2,1,4,0,4,6,80,8,1,1,1,0.94814
204,2,1,4,0,5,11,60,14,2,2,1,0.49486
204,2,1,4,0,6,4,80,6,1,1,1,0.67951
204,2,1,4,0,7,7,60,10,2,2,1,1.0697
204,2,1,4,0,8,7,60,10,2,2,1,0.59152
204,2,1,4,0,9,6,80,8,1,1,1,0.47961
204,2,1,4,0,10,4,80,6,1,1,1,0.57743
204,2,1,4,0,11,9,60,12,2,2,1,0.35584
204,2,1,4,0,12,7,60,10,2,2,1,0.69246
204,2,1,4,0,13,4,80,6,1,1,1,0.51004
204,2,1,4,0,14,4,80,6,1,1,1,0.67465
204,2,1,4,0,15,7,60,10,2,2,1,0.37983
204,2,1,4,0,16,2,80,4,1,1,1,1.2515
204,2,1,4,0,17,7,60,10,2,2,1,0.47194
204,2,1,4,0,18,4,80,6,1,1,1,0.45886
204,2,1,4,0,19,6,80,8,1,1,1,1.2903
204,2,1,4,0,20,2,80,4,1,1,1,0.6737
204,2,1,4,0,21,2,80,4,1,1,1,0.60742
204,2,1,4,0,22,11,60,14,2,2,1,0.46111
204,2,1,4,0,23,2,80,4,1,1,1,0.5544
204,2,1,4,0,24,7,60,10,2,2,1,0.78143
204,2,1,4,0,25,7,60,10,2,2,1,0.44809
204,2,1,4,0,26,9,60,12,2,2,1,0.4674
204,2,1,4,0,27,9,60,12,2,2,1,0.43212
204,2,1,4,0,28,9,60,12,2,2,1,0.47487
204,2,1,4,0,29,11,60,14,2,2,1,0.41728
204,2,1,4,0,30,7,60,10,2,1,0,2.3618
204,2,1,4,0,31,4,80,6,1,1,1,1.1736
204,2,1,4,0,32,9,60,12,2,2,1,0.50049
204,2,1,4,0,33,4,80,6,1,1,1,1.2162
204,2,1,4,0,34,9,60,12,2,2,1,0.62291
204,2,1,4,0,35,6,80,8,1,1,1,1.5838
204,2,1,4,0,36,9,60,12,2,2,1,0.39803
204,2,1,4,0,37,2,80,4,1,1,1,0.66961
204,2,1,4,0,38,4,80,6,1,1,1,0.71517
204,2,1,4,0,39,9,60,12,2,2,1,0.54631
204,2,1,4,0,40,6,80,8,1,1,1,1.3154
204,2,1,4,0,41,6,80,8,1,1,1,1.0034
204,2,1,4,0,42,6,80,8,1,1,1,0.64434
204,2,1,4,0,43,7,60,10,2,2,1,1.1297
204,2,1,4,0,44,7,60,10,2,2,1,0.56687
204,2,1,4,0,45,11,60,14,2,2,1,0.62348
204,2,1,4,0,46,9,60,12,2,2,1,0.98261
204,2,1,4,0,47,9,60,12,2,2,1,0.68879
204,2,1,4,0,48,2,80,4,1,1,1,0.57483
204,2,1,4,0,49,4,80,6,1,1,1,0.59656
204,2,1,4,0,50,11,60,14,2,2,1,0.54538
204,2,1,4,0,51,6,80,8,1,1,1,1.2848
204,2,1,4,0,52,7,60,10,2,1,0,0.78221
204,2,1,4,0,53,4,80,6,1,1,1,1.142
204,2,1,4,0,54,4,80,6,1,1,1,0.80545
204,2,1,4,0,55,2,80,4,1,1,1,0.58428
204,2,1,4,0,56,9,60,12,2,2,1,0.46848
204,2,1,4,0,57,2,80,4,1,1,1,0.89408
204,2,1,4,0,58,6,80,8,1,1,1,1.4487
204,2,1,4,0,59,6,80,8,1,1,1,1.3393
204,2,1,4,0,60,2,80,4,1,1,1,0.62969
204,2,1,4,0,61,7,60,10,2,2,1,20.282
204,2,1,4,0,62,11,60,14,2,2,1,0.59278
204,2,1,4,0,63,2,80,4,1,1,1,0.58734
204,2,1,4,0,64,4,80,6,1,1,1,0.63685
204,2,1,4,0,65,6,80,8,1,1,1,3.1781
204,2,1,4,0,66,2,80,4,1,1,1,0.58255
204,2,1,4,0,67,7,60,10,2,2,1,0.55092
204,2,1,4,0,68,6,80,8,1,1,1,1.3293
204,2,1,4,0,69,9,60,12,2,2,1,0.58628
204,2,1,4,0,70,9,60,12,2,2,1,0.56355
204,2,1,4,0,71,9,60,12,2,2,1,0.60098
204,2,1,4,0,72,11,60,14,2,2,1,0.46936
204,2,1,4,0,73,2,80,4,1,1,1,0.55756
204,2,1,4,0,74,2,80,4,1,1,1,0.75919
204,2,1,4,0,75,11,60,14,2,2,1,0.53932
204,2,1,4,0,76,11,60,14,2,2,1,0.47764
204,2,1,4,0,77,7,60,10,2,2,1,2.3351
204,2,1,4,0,78,6,80,8,1,1,1,1.608
204,2,1,4,0,79,9,60,12,2,2,1,0.47138
204,2,1,4,0,80,6,80,8,1,1,1,1.578
204,2,1,4,0,81,7,60,10,2,2,1,1.6932
204,2,1,4,0,82,4,80,6,1,1,1,0.4848
204,2,1,4,0,83,4,80,6,1,1,1,0.58536
204,2,1,4,0,84,9,60,12,2,2,1,0.47873
204,2,1,4,0,85,11,60,14,2,2,1,0.48753
204,2,1,4,0,86,7,60,10,2,1,0,2.0475
204,2,1,4,0,87,11,60,14,2,2,1,0.49356
204,2,1,4,0,88,7,60,10,2,2,1,4.0204
204,2,1,4,0,89,11,60,14,2,2,1,0.60737
204,2,1,4,0,90,4,80,6,1,1,1,0.55065
204,2,1,4,0,91,9,60,12,2,2,1,1.1861
204,2,1,4,0,92,11,60,14,2,2,1,0.97847
204,2,1,4,0,93,2,80,4,1,1,1,0.89705
204,2,1,4,0,94,11,60,14,2,2,1,0.65691
204,2,1,4,0,95,2,80,4,1,1,1,0.81652
204,2,1,4,0,96,2,80,4,1,1,1,0.62055
204,2,1,4,0,97,7,60,10,2,2,1,1.1708
204,2,1,4,0,98,9,60,12,2,2,1,0.72851
204,2,1,4,0,99,6,80,8,1,1,1,1.3731
204,2,1,4,0,100,9,60,12,2,2,1,0.49813
204,2,1,4,0,101,4,80,6,1,1,1,1.1258
204,2,1,4,0,102,2,80,4,1,1,1,0.53385
204,2,1,4,0,103,6,80,8,1,1,1,1.6992
204,2,1,4,0,104,9,60,12,2,2,1,0.49503
204,2,1,4,0,105,11,60,14,2,2,1,0.55566
204,2,1,4,0,106,7,60,10,2,1,0,1.3076
204,2,1,4,0,107,11,60,14,2,2,1,0.69186
204,2,1,4,0,108,11,60,14,2,2,1,0.60977
204,2,1,4,0,109,6,80,8,1,1,1,1.3232
204,2,1,4,0,110,6,80,8,1,1,1,1.3264
204,2,1,4,0,111,4,80,6,1,1,1,0.76113
204,2,1,4,0,112,2,80,4,1,1,1,0.53939
204,2,1,4,0,113,11,60,14,2,2,1,0.50675
204,2,1,4,0,114,7,60,10,2,2,1,2.0861
204,2,1,4,0,115,4,80,6,1,1,1,0.55117
204,2,1,4,0,116,4,80,6,1,1,1,0.83384
204,2,1,4,0,117,4,80,6,1,1,1,0.49066
204,2,1,4,0,118,11,60,14,2,2,1,0.45619
204,2,1,4,0,119,2,80,4,1,1,1,0.561
204,2,1,4,0,120,11,60,14,2,2,1,0.49382
204,2,1,3,1,1,8,80,10,2,2,1,1.6181
204,2,1,3,1,2,5,60,8,1,1,1,1.3387
204,2,1,3,1,3,3,60,6,1,1,1,0.58107
204,2,1,3,1,4,12,80,14,2,2,1,0.48705
204,2,1,3,1,5,3,60,6,1,1,1,0.5396
204,2,1,3,1,6,1,60,4,1,1,1,0.78376
204,2,1,3,1,7,8,80,10,2,2,1,0.80264
204,2,1,3,1,8,5,60,8,1,2,0,3.4506
204,2,1,3,1,9,1,60,4,1,1,1,0.75285
204,2,1,3,1,10,1,60,4,1,1,1,0.89314
204,2,1,3,1,11,1,60,4,1,1,1,0.67036
204,2,1,3,1,12,10,80,12,2,2,1,0.47698
204,2,1,3,1,13,3,60,6,1,1,1,3.2479
204,2,1,3,1,14,3,60,6,1,1,1,1.0734
204,2,1,3,1,15,10,80,12,2,2,1,0.56178
204,2,1,3,1,16,5,60,8,1,1,1,1.3637
204,2,1,3,1,17,5,60,8,1,1,1,0.77708
204,2,1,3,1,18,12,80,14,2,2,1,0.4164
204,2,1,3,1,19,8,80,10,2,2,1,7.7293
204,2,1,3,1,20,8,80,10,2,2,1,0.79819
204,2,1,3,1,21,10,80,12,2,2,1,0.5552
204,2,1,3,1,22,12,80,14,2,2,1,0.50627
204,2,1,3,1,23,12,80,14,2,2,1,0.48347
204,2,1,3,1,24,10,80,12,2,2,1,1.0328
204,2,1,3,0,1,1,60,4,1,1,1,0.65051
204,2,1,3,0,2,5,60,8,1,2,0,6.4632
204,2,1,3,0,3,8,80,10,2,1,0,0.49405
204,2,1,3,0,4,12,80,14,2,2,1,0.41231
204,2,1,3,0,5,3,60,6,1,1,1,0.57934
204,2,1,3,0,6,12,80,14,2,2,1,0.54447
204,2,1,3,0,7,8,80,10,2,2,1,3.2462
204,2,1,3,0,8,8,80,10,2,1,0,1.306
204,2,1,3,0,9,8,80,10,2,2,1,3.5486
204,2,1,3,0,10,8,80,10,2,1,0,2.9667
204,2,1,3,0,11,1,60,4,1,1,1,0.64835
204,2,1,3,0,12,5,60,8,1,1,1,1.2533
204,2,1,3,0,13,3,60,6,1,1,1,2.797
204,2,1,3,0,14,12,80,14,2,2,1,5.2259
204,2,1,3,0,15,10,80,12,2,2,1,1.2376
204,2,1,3,0,16,1,60,4,1,1,1,0.52149
204,2,1,3,0,17,5,60,8,1,1,1,1.093
204,2,1,3,0,18,1,60,4,1,1,1,0.45851
204,2,1,3,0,19,3,60,6,1,1,1,1.7424
204,2,1,3,0,20,1,60,4,1,1,1,0.50398
204,2,1,3,0,21,8,80,10,2,2,1,0.59377
204,2,1,3,0,22,5,60,8,1,1,1,1.0455
204,2,1,3,0,23,5,60,8,1,1,1,1.0236
204,2,1,3,0,24,5,60,8,1,1,1,0.98281
204,2,1,3,0,25,3,60,6,1,1,1,0.54795
204,2,1,3,0,26,12,80,14,2,2,1,0.44893
204,2,1,3,0,27,8,80,10,2,1,0,0.55241
204,2,1,3,0,28,3,60,6,1,1,1,0.56477
204,2,1,3,0,29,8,80,10,2,2,1,0.61272
204,2,1,3,0,30,5,60,8,1,1,1,0.80623
204,2,1,3,0,31,12,80,14,2,2,1,0.51435
204,2,1,3,0,32,10,80,12,2,2,1,0.80978
204,2,1,3,0,33,5,60,8,1,1,1,0.9699
204,2,1,3,0,34,12,80,14,2,2,1,0.48668
204,2,1,3,0,35,5,60,8,1,1,1,0.55472
204,2,1,3,0,36,3,60,6,1,1,1,1.168
204,2,1,3,0,37,3,60,6,1,1,1,0.51313
204,2,1,3,0,38,3,60,6,1,1,1,0.59975
204,2,1,3,0,39,12,80,14,2,2,1,0.42249
204,2,1,3,0,40,12,80,14,2,2,1,0.54276
204,2,1,3,0,41,12,80,14,2,2,1,0.64998
204,2,1,3,0,42,12,80,14,2,2,1,0.41139
204,2,1,3,0,43,8,80,10,2,1,0,1.1381
204,2,1,3,0,44,10,80,12,2,2,1,1.0464
204,2,1,3,0,45,12,80,14,2,2,1,0.4837
204,2,1,3,0,46,10,80,12,2,2,1,0.803
204,2,1,3,0,47,10,80,12,2,2,1,0.6664
204,2,1,3,0,48,10,80,12,2,2,1,0.62137
204,2,1,3,0,49,5,60,8,1,1,1,0.48957
204,2,1,3,0,50,3,60,6,1,1,1,0.63086
204,2,1,3,0,51,10,80,12,2,2,1,0.55741
204,2,1,3,0,52,5,60,8,1,1,1,0.78612
204,2,1,3,0,53,12,80,14,2,2,1,0.56616
204,2,1,3,0,54,1,60,4,1,1,1,0.57262
204,2,1,3,0,55,12,80,14,2,2,1,0.5746
204,2,1,3,0,56,5,60,8,1,1,1,0.61347
204,2,1,3,0,57,8,80,10,2,2,1,1.1598
204,2,1,3,0,58,8,80,10,2,2,1,0.75551
204,2,1,3,0,59,5,60,8,1,1,1,1.3212
204,2,1,3,0,60,1,60,4,1,1,1,0.51502
204,2,1,3,0,61,10,80,12,2,2,1,0.56916
204,2,1,3,0,62,1,60,4,1,1,1,0.61809
204,2,1,3,0,63,12,80,14,2,2,1,10.162
204,2,1,3,0,64,1,60,4,1,1,1,0.48968
204,2,1,3,0,65,5,60,8,1,1,1,1.2017
204,2,1,3,0,66,1,60,4,1,1,1,0.47948
204,2,1,3,0,67,5,60,8,1,1,1,0.87075
204,2,1,3,0,68,8,80,10,2,2,1,0.9196
204,2,1,3,0,69,8,80,10,2,2,1,0.66402
204,2,1,3,0,70,3,60,6,1,1,1,0.47792
204,2,1,3,0,71,3,60,6,1,1,1,0.50287
204,2,1,3,0,72,3,60,6,1,1,1,0.50971
204,2,1,3,0,73,10,80,12,2,2,1,0.50456
204,2,1,3,0,74,10,80,12,2,2,1,0.35534
204,2,1,3,0,75,8,80,10,2,2,1,2.7168
204,2,1,3,0,76,1,60,4,1,1,1,0.40713
204,2,1,3,0,77,5,60,8,1,1,1,1.1312
204,2,1,3,0,78,8,80,10,2,2,1,0.95562
204,2,1,3,0,79,12,80,14,2,2,1,0.60133
204,2,1,3,0,80,1,60,4,1,1,1,0.47403
204,2,1,3,0,81,10,80,12,2,2,1,0.65097
204,2,1,3,0,82,3,60,6,1,1,1,0.70255
204,2,1,3,0,83,10,80,12,2,2,1,0.52035
204,2,1,3,0,84,3,60,6,1,1,1,0.56417
204,2,1,3,0,85,1,60,4,1,1,1,0.54279
204,2,1,3,0,86,3,60,6,1,1,1,0.92171
204,2,1,3,0,87,8,80,10,2,2,1,2.8738
204,2,1,3,0,88,12,80,14,2,2,1,0.57009
204,2,1,3,0,89,10,80,12,2,2,1,0.47476
204,2,1,3,0,90,10,80,12,2,2,1,0.60552
204,2,1,3,0,91,8,80,10,2,1,0,1.0882
204,2,1,3,0,92,1,60,4,1,1,1,0.53809
204,2,1,3,0,93,5,60,8,1,1,1,1.7115
204,2,1,3,0,94,5,60,8,1,1,1,1.5981
204,2,1,3,0,95,3,60,6,1,1,1,2.9338
204,2,1,3,0,96,12,80,14,2,2,1,0.45065
204,2,1,3,0,97,10,80,12,2,2,1,0.92331
204,2,1,3,0,98,1,60,4,1,1,1,0.56521
204,2,1,3,0,99,3,60,6,1,1,1,0.85457
204,2,1,3,0,100,1,60,4,1,1,1,1.1558
204,2,1,3,0,101,3,60,6,1,1,1,1.0899
204,2,1,3,0,102,10,80,12,2,2,1,0.40067
204,2,1,3,0,103,1,60,4,1,1,1,0.56003
204,2,1,3,0,104,10,80,12,2,2,1,5.7812
204,2,1,3,0,105,8,80,10,2,1,0,1.5135
204,2,1,3,0,106,8,80,10,2,2,1,1.7495
204,2,1,3,0,107,10,80,12,2,2,1,0.7282
204,2,1,3,0,108,1,60,4,1,1,1,0.54213
204,2,1,3,0,109,12,80,14,2,2,1,0.52822
204,2,1,3,0,110,8,80,10,2,1,0,1.5537
204,2,1,3,0,111,3,60,6,1,1,1,0.64891
204,2,1,3,0,112,5,60,8,1,1,1,1.0651
204,2,1,3,0,113,5,60,8,1,1,1,0.56234
204,2,1,3,0,114,12,80,14,2,2,1,0.50779
204,2,1,3,0,115,3,60,6,1,1,1,0.82998
204,2,1,3,0,116,12,80,14,2,2,1,0.36242
204,2,1,3,0,117,10,80,12,2,2,1,0.50907
204,2,1,3,0,118,1,60,4,1,1,1,0.93203
204,2,1,3,0,119,10,80,12,2,2,1,0.58574
204,2,1,3,0,120,1,60,4,1,1,1,0.57619
204,2,1,5,1,1,8,80,10,2,2,1,5.7711
204,2,1,5,1,2,9,60,12,2,2,1,1.3812
204,2,1,5,1,3,11,60,14,2,2,1,0.54326
204,2,1,5,1,4,11,60,14,2,2,1,0.61403
204,2,1,5,1,5,2,80,4,1,1,1,0.52079
204,2,1,5,1,6,7,60,10,2,2,1,2.4516
204,2,1,5,1,7,3,60,6,1,1,1,0.5374
204,2,1,5,1,8,1,60,4,1,1,1,0.57095
204,2,1,5,1,9,8,80,10,2,2,1,0.58827
204,2,1,5,1,10,6,80,8,1,1,1,1.1852
204,2,1,5,1,11,10,80,12,2,2,1,0.5742
204,2,1,5,1,12,4,80,6,1,1,1,1.9255
204,2,1,5,1,13,9,60,12,2,2,1,0.53065
204,2,1,5,1,14,1,60,4,1,1,1,0.79123
204,2,1,5,1,15,12,80,14,2,2,1,0.57521
204,2,1,5,1,16,3,60,6,1,1,1,7.5904
204,2,1,5,1,17,12,80,14,2,2,1,0.48924
204,2,1,5,1,18,6,80,8,1,1,1,1.5305
204,2,1,5,1,19,4,80,6,1,1,1,0.73982
204,2,1,5,1,20,2,80,4,1,1,1,0.56217
204,2,1,5,1,21,5,60,8,1,1,1,2.1128
204,2,1,5,1,22,5,60,8,1,1,1,0.73065
204,2,1,5,1,23,7,60,10,2,2,1,1.1076
204,2,1,5,1,24,10,80,12,2,2,1,0.60385
204,2,1,5,0,1,5,60,8,1,1,1,1.8887
204,2,1,5,0,2,10,80,12,2,2,1,0.77703
204,2,1,5,0,3,7,60,10,2,2,1,1.5204
204,2,1,5,0,4,8,80,10,2,2,1,0.64641
204,2,1,5,0,5,7,60,10,2,2,1,0.89617
204,2,1,5,0,6,8,80,10,2,2,1,1.0652
204,2,1,5,0,7,12,80,14,2,2,1,0.56497
204,2,1,5,0,8,10,80,12,2,2,1,0.79794
204,2,1,5,0,9,1,60,4,1,1,1,0.62894
204,2,1,5,0,10,2,80,4,1,1,1,0.68848
204,2,1,5,0,11,1,60,4,1,1,1,0.65218
204,2,1,5,0,12,11,60,14,2,2,1,0.65834
204,2,1,5,0,13,2,80,4,1,1,1,0.64281
204,2,1,5,0,14,5,60,8,1,2,0,1.1839
204,2,1,5,0,15,5,60,8,1,1,1,2.8098
204,2,1,5,0,16,8,80,10,2,2,1,1.3136
204,2,1,5,0,17,9,60,12,2,2,1,0.67691
204,2,1,5,0,18,3,60,6,1,1,1,0.655
204,2,1,5,0,19,9,60,12,2,2,1,0.56835
204,2,1,5,0,20,7,60,10,2,1,0,4.7811
204,2,1,5,0,21,4,80,6,1,1,1,0.80336
204,2,1,5,0,22,11,60,14,2,2,1,0.55069
204,2,1,5,0,23,2,80,4,1,1,1,0.72554
204,2,1,5,0,24,12,80,14,2,2,1,0.62126
204,2,1,5,0,25,4,80,6,1,1,1,0.7322
204,2,1,5,0,26,9,60,12,2,2,1,0.86556
204,2,1,5,0,27,10,80,12,2,2,1,0.39468
204,2,1,5,0,28,3,60,6,1,1,1,0.52818
204,2,1,5,0,29,2,80,4,1,1,1,0.54883
204,2,1,5,0,30,4,80,6,1,1,1,0.57117
204,2,1,5,0,31,9,60,12,2,2,1,0.62342
204,2,1,5,0,32,6,80,8,1,1,1,1.0912
204,2,1,5,0,33,12,80,14,2,2,1,0.50546
204,2,1,5,0,34,10,80,12,2,2,1,1.917
204,2,1,5,0,35,4,80,6,1,1,1,13.719
204,2,1,5,0,36,4,80,6,1,1,1,0.61489
204,2,1,5,0,37,3,60,6,1,1,1,0.56798
204,2,1,5,0,38,5,60,8,1,1,1,1.2577
204,2,1,5,0,39,10,80,12,2,2,1,0.4063
204,2,1,5,0,40,6,80,8,1,1,1,1.0407
204,2,1,5,0,41,5,60,8,1,1,1,0.5835
204,2,1,5,0,42,7,60,10,2,2,1,0.70135
204,2,1,5,0,43,6,80,8,1,1,1,0.87785
204,2,1,5,0,44,5,60,8,1,1,1,0.59013
204,2,1,5,0,45,12,80,14,2,2,1,0.43852
204,2,1,5,0,46,12,80,14,2,2,1,0.51852
204,2,1,5,0,47,7,60,10,2,1,0,1.3079
204,2,1,5,0,48,5,60,8,1,1,1,0.79502
204,2,1,5,0,49,6,80,8,1,1,1,1.3572
204,2,1,5,0,50,12,80,14,2,2,1,0.51391
204,2,1,5,0,51,9,60,12,2,2,1,1.255
204,2,1,5,0,52,11,60,14,2,2,1,0.55022
204,2,1,5,0,53,12,80,14,2,2,1,0.56482
204,2,1,5,0,54,2,80,4,1,1,1,0.7535
204,2,1,5,0,55,6,80,8,1,1,1,0.84791
204,2,1,5,0,56,4,80,6,1,1,1,0.48765
204,2,1,5,0,57,9,60,12,2,2,1,0.46034
204,2,1,5,0,58,8,80,10,2,1,0,1.6411
204,2,1,5,0,59,7,60,10,2,2,1,1.7583
204,2,1,5,0,60,12,80,14,2,2,1,0.51002
204,2,1,5,0,61,10,80,12,2,2,1,0.96934
204,2,1,5,0,62,4,80,6,1,1,1,0.54581
204,2,1,5,0,63,10,80,12,2,2,1,1.1345
204,2,1,5,0,64,1,60,4,1,1,1,0.51194
204,2,1,5,0,65,12,80,14,2,2,1,0.62664
204,2,1,5,0,66,8,80,10,2,1,0,0.99465
204,2,1,5,0,67,8,80,10,2,2,1,1.2755
204,2,1,5,0,68,8,80,10,2,2,1,0.73382
204,2,1,5,0,69,9,60,12,2,2,1,0.5188
204,2,1,5,0,70,11,60,14,2,2,1,0.75778
204,2,1,5,0,71,2,80,4,1,1,1,0.48401
204,2,1,5,0,72,4,80,6,1,1,1,0.63199
204,2,1,5,0,73,12,80,14,2,2,1,0.47365
204,2,1,5,0,74,1,60,4,1,1,1,0.61514
204,2,1,5,0,75,11,60,14,2,2,1,0.51945
204,2,1,5,0,76,3,60,6,1,1,1,1.461
204,2,1,5,0,77,4,80,6,1,1,1,0.60528
204,2,1,5,0,78,7,60,10,2,2,1,1.1907
204,2,1,5,0,79,3,60,6,1,1,1,0.57283
204,2,1,5,0,80,10,80,12,2,2,1,0.64448
204,2,1,5,0,81,1,60,4,1,1,1,0.53795
204,2,1,5,0,82,2,80,4,1,1,1,0.64682
204,2,1,5,0,83,9,60,12,2,2,1,0.43264
204,2,1,5,0,84,11,60,14,2,2,1,0.5995
204,2,1,5,0,85,7,60,10,2,2,1,1.7314
204,2,1,5,0,86,3,60,6,1,1,1,0.61367
204,2,1,5,0,87,11,60,14,2,2,1,0.40948
204,2,1,5,0,88,3,60,6,1,1,1,0.67259
204,2,1,5,0,89,5,60,8,1,1,1,1.6568
204,2,1,5,0,90,8,80,10,2,2,1,0.59365
204,2,1,5,0,91,1,60,4,1,1,1,0.56133
204,2,1,5,0,92,11,60,14,2,2,1,0.47181
204,2,1,5,0,93,11,60,14,2,2,1,0.68988
204,2,1,5,0,94,1,60,4,1,1,1,0.526
204,2,1,5,0,95,8,80,10,2,2,1,0.82561
204,2,1,5,0,96,6,80,8,1,1,1,0.58807
204,2,1,5,0,97,2,80,4,1,1,1,0.56254
204,2,1,5,0,98,3,60,6,1,1,1,0.6347
204,2,1,5,0,99,1,60,4,1,1,1,0.5273
204,2,1,5,0,100,3,60,6,1,1,1,0.52649
204,2,1,5,0,101,6,80,8,1,2,0,0.5946
204,2,1,5,0,102,11,60,14,2,2,1,0.53958
204,2,1,5,0,103,10,80,12,2,2,1,0.541
204,2,1,5,0,104,5,60,8,1,1,1,0.91357
204,2,1,5,0,105,1,60,4,1,1,1,0.69412
204,2,1,5,0,106,7,60,10,2,2,1,0.78256
204,2,1,5,0,107,4,80,6,1,1,1,0.82733
204,2,1,5,0,108,6,80,8,1,2,0,1.0198
204,2,1,5,0,109,5,60,8,1,1,1,0.68709
204,2,1,5,0,110,6,80,8,1,1,1,0.91263
204,2,1,5,0,111,1,60,4,1,1,1,0.52748
204,2,1,5,0,112,10,80,12,2,2,1,0.3582
204,2,1,5,0,113,8,80,10,2,1,0,1.1862
204,2,1,5,0,114,6,80,8,1,1,1,1.4783
204,2,1,5,0,115,2,80,4,1,1,1,0.53215
204,2,1,5,0,116,3,60,6,1,1,1,0.5753
204,2,1,5,0,117,9,60,12,2,2,1,0.52744
204,2,1,5,0,118,7,60,10,2,2,1,1.3135
204,2,1,5,0,119,9,60,12,2,2,1,0.55954
204,2,1,5,0,120,2,80,4,1,1,1,0.62286
204,2,1,6,0,1,12,80,14,2,2,1,1.8369
204,2,1,6,0,2,10,80,12,2,2,1,1.5883
204,2,1,6,0,3,5,60,8,1,1,1,0.49742
204,2,1,6,0,4,7,60,10,2,2,1,8.4701
204,2,1,6,0,5,2,80,4,1,1,1,0.56351
204,2,1,6,0,6,2,80,4,1,1,1,0.47652
204,2,1,6,0,7,12,80,14,2,2,1,0.59175
204,2,1,6,0,8,7,60,10,2,1,0,1.4814
204,2,1,6,0,9,9,60,12,2,2,1,1.3878
204,2,1,6,0,10,9,60,12,2,2,1,0.93612
204,2,1,6,0,11,7,60,10,2,2,1,4.4682
204,2,1,6,0,12,5,60,8,1,1,1,0.62937
204,2,1,6,0,13,8,80,10,2,1,0,0.77167
204,2,1,6,0,14,4,80,6,1,1,1,0.59951
204,2,1,6,0,15,8,80,10,2,2,1,0.82312
204,2,1,6,0,16,1,60,4,1,1,1,0.57589
204,2,1,6,0,17,11,60,14,2,2,1,0.77076
204,2,1,6,0,18,2,80,4,1,1,1,0.67974
204,2,1,6,0,19,6,80,8,1,2,0,0.96962
204,2,1,6,0,20,11,60,14,2,2,1,0.7702
204,2,1,6,0,21,2,80,4,1,1,1,0.87086
204,2,1,6,0,22,9,60,12,2,2,1,0.59772
204,2,1,6,0,23,6,80,8,1,1,1,0.97581
204,2,1,6,0,24,7,60,10,2,2,1,1.1576
204,2,1,6,0,25,10,80,12,2,2,1,0.96795
204,2,1,6,0,26,4,80,6,1,1,1,1.1477
204,2,1,6,0,27,2,80,4,1,1,1,0.53044
204,2,1,6,0,28,9,60,12,2,2,1,0.51577
204,2,1,6,0,29,6,80,8,1,1,1,1.9134
204,2,1,6,0,30,1,60,4,1,1,1,0.60399
204,2,1,6,0,31,10,80,12,2,2,1,1.0952
204,2,1,6,0,32,10,80,12,2,2,1,0.92384
204,2,1,6,0,33,4,80,6,1,1,1,0.49538
204,2,1,6,0,34,2,80,4,1,1,1,0.57835
204,2,1,6,0,35,5,60,8,1,1,1,1.8344
204,2,1,6,0,36,1,60,4,1,1,1,0.52028
204,2,1,6,0,37,2,80,4,1,1,1,1.1322
204,2,1,6,0,38,6,80,8,1,2,0,1.5027
204,2,1,6,0,39,4,80,6,1,1,1,0.98347
204,2,1,6,0,40,9,60,12,2,2,1,0.6493
204,2,1,6,0,41,10,80,12,2,2,1,0.86374
204,2,1,6,0,42,12,80,14,2,2,1,0.71132
204,2,1,6,0,43,5,60,8,1,1,1,20.822
204,2,1,6,0,44,3,60,6,1,1,1,0.71479
204,2,1,6,0,45,11,60,14,2,2,1,0.49731
204,2,1,6,0,46,6,80,8,1,1,1,5.8705
204,2,1,6,0,47,8,80,10,2,1,0,1.3932
204,2,1,6,0,48,5,60,8,1,1,1,1.0895
204,2,1,6,0,49,6,80,8,1,1,1,1.304
204,2,1,6,0,50,2,80,4,1,1,1,0.58009
204,2,1,6,0,51,3,60,6,1,1,1,0.86794
204,2,1,6,0,52,11,60,14,2,2,1,0.44031
204,2,1,6,0,53,7,60,10,2,2,1,3.0622
204,2,1,6,0,54,11,60,14,2,2,1,0.75229
204,2,1,6,0,55,1,60,4,1,1,1,0.73762
204,2,1,6,0,56,9,60,12,2,2,1,1.1983
204,2,1,6,0,57,6,80,8,1,1,1,1.8367
204,2,1,6,0,58,5,60,8,1,1,1,0.61863
204,2,1,6,0,59,3,60,6,1,1,1,0.58854
204,2,1,6,0,60,11,60,14,2,2,1,0.53344
204,2,1,6,0,61,3,60,6,1,1,1,0.9268
204,2,1,6,0,62,5,60,8,1,1,1,3.2406
204,2,1,6,0,63,7,60,10,2,2,1,0.84334
204,2,1,6,0,64,4,80,6,1,1,1,0.59613
204,2,1,6,0,65,10,80,12,2,2,1,0.48111
204,2,1,6,0,66,12,80,14,2,2,1,0.71002
204,2,1,6,0,67,3,60,6,1,1,1,0.79302
204,2,1,6,0,68,7,60,10,2,2,1,3.5595
204,2,1,6,0,69,6,80,8,1,1,1,0.92986
204,2,1,6,0,70,2,80,4,1,1,1,1.5454
204,2,1,6,0,71,9,60,12,2,2,1,0.54206
204,2,1,6,0,72,10,80,12,2,2,1,0.47057
204,2,1,6,0,73,11,60,14,2,2,1,0.51512
204,2,1,6,0,74,1,60,4,1,1,1,0.70461
204,2,1,6,0,75,1,60,4,1,1,1,0.6059
204,2,1,6,0,76,4,80,6,1,1,1,1.0853
204,2,1,6,0,77,8,80,10,2,2,1,2.7439
204,2,1,6,0,78,4,80,6,1,1,1,0.49125
204,2,1,6,0,79,8,80,10,2,2,1,3.0424
204,2,1,6,0,80,3,60,6,1,1,1,0.59561
204,2,1,6,0,81,5,60,8,1,1,1,1.8302
204,2,1,6,0,82,3,60,6,1,1,1,0.83091
204,2,1,6,0,83,8,80,10,2,2,1,1.199
204,2,1,6,0,84,3,60,6,1,1,1,0.53704
204,2,1,6,0,85,9,60,12,2,2,1,0.66922
204,2,1,6,0,86,12,80,14,2,2,1,0.47654
204,2,1,6,0,87,1,60,4,1,1,1,0.49126
204,2,1,6,0,88,1,60,4,1,1,1,0.56709
204,2,1,6,0,89,4,80,6,1,1,1,1.0651
204,2,1,6,0,90,12,80,14,2,2,1,0.51204
204,2,1,6,0,91,10,80,12,2,2,1,1.2404
204,2,1,6,0,92,8,80,10,2,2,1,6.375
204,2,1,6,0,93,11,60,14,2,2,1,0.47605
204,2,1,6,0,94,2,80,4,1,1,1,0.47646
204,2,1,6,0,95,5,60,8,1,1,1,1.145
204,2,1,6,0,96,9,60,12,2,2,1,0.69715
204,2,1,6,0,97,11,60,14,2,2,1,0.67611
204,2,1,6,0,98,7,60,10,2,1,0,3.3521
204,2,1,6,0,99,8,80,10,2,2,1,1.0855
204,2,1,6,0,100,12,80,14,2,2,1,0.52797
204,2,1,6,0,101,11,60,14,2,2,1,0.39015
204,2,1,6,0,102,6,80,8,1,1,1,0.97597
204,2,1,6,0,103,12,80,14,2,2,1,0.49986
204,2,1,6,0,104,7,60,10,2,1,0,0.87804
204,2,1,6,0,105,12,80,14,2,2,1,0.42852
204,2,1,6,0,106,10,80,12,2,2,1,1.6632
204,2,1,6,0,107,4,80,6,1,1,1,0.61663
204,2,1,6,0,108,3,60,6,1,1,1,0.70558
204,2,1,6,0,109,10,80,12,2,2,1,1.3232
204,2,1,6,0,110,6,80,8,1,1,1,0.7283
204,2,1,6,0,111,9,60,12,2,2,1,0.77263
204,2,1,6,0,112,8,80,10,2,1,0,1.0759
204,2,1,6,0,113,4,80,6,1,1,1,0.69831
204,2,1,6,0,114,3,60,6,1,1,1,0.56923
204,2,1,6,0,115,1,60,4,1,1,1,0.56893
204,2,1,6,0,116,1,60,4,1,1,1,0.83715
204,2,1,6,0,117,12,80,14,2,2,1,0.60483
204,2,1,6,0,118,8,80,10,2,2,1,0.87973
204,2,1,6,0,119,7,60,10,2,2,1,0.79276
204,2,1,6,0,120,5,60,8,1,1,1,0.64488
