102,1,0,2,2,1,1,10,6,8,7,4,2,2,1,0.93476
102,1,0,2,2,1,2,4,6,8,4,4,1,1,1,0.66172
102,1,0,2,2,1,3,8,6,8,6,4,2,2,1,0.62394
102,1,0,2,2,1,4,8,6,8,6,4,2,2,1,0.51117
102,1,0,2,2,1,5,12,6,8,8,4,2,2,1,0.42028
102,1,0,2,2,1,6,12,6,8,8,4,2,2,1,0.42619
102,1,0,2,2,1,7,2,6,8,3,4,1,1,1,0.42559
102,1,0,2,2,1,8,2,6,8,3,4,1,1,1,0.60768
102,1,0,2,2,1,9,6,6,8,5,4,1,1,1,1.2476
102,1,0,2,2,1,10,4,6,8,4,4,1,1,1,0.77133
102,1,0,2,2,1,11,8,6,8,6,4,2,2,1,0.39232
102,1,0,2,2,1,12,6,6,8,5,4,1,1,1,1.2725
102,1,0,2,2,1,13,6,6,8,5,4,1,1,1,0.56866
102,1,0,2,2,1,14,6,6,8,5,4,1,1,1,0.49334
102,1,0,2,2,1,15,2,6,8,3,4,1,1,1,0.49624
102,1,0,2,2,1,16,2,6,8,3,4,1,1,1,0.33502
102,1,0,2,2,1,17,10,6,8,7,4,2,2,1,0.39054
102,1,0,2,2,1,18,8,6,8,6,4,2,2,1,0.33792
102,1,0,2,2,1,19,12,6,8,8,4,2,2,1,0.30463
102,1,0,2,2,1,20,4,6,8,4,4,1,1,1,0.52609
102,1,0,2,2,1,21,10,6,8,7,4,2,2,1,0.40999
102,1,0,2,2,1,22,12,6,8,8,4,2,2,1,0.31936
102,1,0,2,2,1,23,10,6,8,7,4,2,2,1,0.29863
102,1,0,2,2,1,24,4,6,8,4,4,1,1,1,0.95236
102,1,0,2,2,0,1,12,6,8,8,4,2,2,1,0.53374
102,1,0,2,2,0,2,4,6,8,4,4,1,1,1,0.44996
102,1,0,2,2,0,3,8,6,8,6,4,2,2,1,1.5364
102,1,0,2,2,0,4,6,6,8,5,4,1,1,1,0.91047
102,1,0,2,2,0,5,6,6,8,5,4,1,1,1,0.57876
102,1,0,2,2,0,6,4,6,8,4,4,1,1,1,0.46823
102,1,0,2,2,0,7,12,6,8,8,4,2,2,1,0.38308
102,1,0,2,2,0,8,6,6,8,5,4,1,1,1,0.51429
102,1,0,2,2,0,9,6,6,8,5,4,1,1,1,0.63003
102,1,0,2,2,0,10,10,6,8,7,4,2,2,1,0.43503
102,1,0,2,2,0,11,8,6,8,6,4,2,2,1,0.53252
102,1,0,2,2,0,12,8,6,8,6,4,2,2,1,0.38236
102,1,0,2,2,0,13,4,6,8,4,4,1,1,1,0.46546
102,1,0,2,2,0,14,12,6,8,8,4,2,2,1,0.34289
102,1,0,2,2,0,15,12,6,8,8,4,2,2,1,0.26737
102,1,0,2,2,0,16,8,6,8,6,4,2,2,1,0.5831
102,1,0,2,2,0,17,8,6,8,6,4,2,2,1,0.48424
102,1,0,2,2,0,18,10,6,8,7,4,2,2,1,0.29921
102,1,0,2,2,0,19,2,6,8,3,4,1,1,1,0.47011
102,1,0,2,2,0,20,6,6,8,5,4,1,1,1,1.4739
102,1,0,2,2,0,21,10,6,8,7,4,2,2,1,0.46883
102,1,0,2,2,0,22,2,6,8,3,4,1,1,1,1.3616
102,1,0,2,2,0,23,10,6,8,7,4,2,2,1,1.3459
102,1,0,2,2,0,24,6,6,8,5,4,1,2,0,0.71352
102,1,0,2,2,0,25,2,6,8,3,4,1,1,1,1.4105
102,1,0,2,2,0,26,12,6,8,8,4,2,2,1,0.47901
102,1,0,2,2,0,27,4,6,8,4,4,1,1,1,0.64621
102,1,0,2,2,0,28,2,6,8,3,4,1,1,1,0.38729
102,1,0,2,2,0,29,8,6,8,6,4,2,2,1,0.55055
102,1,0,2,2,0,30,12,6,8,8,4,2,2,1,0.34204
102,1,0,2,2,0,31,12,6,8,8,4,2,2,1,0.35562
102,1,0,2,2,0,32,4,6,8,4,4,1,1,1,0.48226
102,1,0,2,2,0,33,6,6,8,5,4,1,1,1,1.092
102,1,0,2,2,0,34,8,6,8,6,4,2,2,1,0.50447
102,1,0,2,2,0,35,10,6,8,7,4,2,2,1,0.26771
102,1,0,2,2,0,36,12,6,8,8,4,2,2,1,0.28033
102,1,0,2,2,0,37,6,6,8,5,4,1,1,1,0.85986
102,1,0,2,2,0,38,4,6,8,4,4,1,1,1,0.41377
102,1,0,2,2,0,39,12,6,8,8,4,2,2,1,0.34096
102,1,0,2,2,0,40,12,6,8,8,4,2,2,1,0.28123
102,1,0,2,2,0,41,2,6,8,3,4,1,1,1,0.41397
102,1,0,2,2,0,42,10,6,8,7,4,2,2,1,0.6485
102,1,0,2,2,0,43,4,6,8,4,4,1,1,1,0.7683
102,1,0,2,2,0,44,10,6,8,7,4,2,2,1,0.39945
102,1,0,2,2,0,45,10,6,8,7,4,2,2,1,0.30131
102,1,0,2,2,0,46,8,6,8,6,4,2,2,1,0.80722
102,1,0,2,2,0,47,4,6,8,4,4,1,1,1,0.49223
102,1,0,2,2,0,48,12,6,8,8,4,2,2,1,0.35095
102,1,0,2,2,0,49,6,6,8,5,4,1,1,1,1.0414
102,1,0,2,2,0,50,8,6,8,6,4,2,2,1,0.64984
102,1,0,2,2,0,51,6,6,8,5,4,1,1,1,0.54636
102,1,0,2,2,0,52,10,6,8,7,4,2,2,1,0.31335
102,1,0,2,2,0,53,10,6,8,7,4,2,2,1,0.26972
102,1,0,2,2,0,54,2,6,8,3,4,1,1,1,0.44168
102,1,0,2,2,0,55,2,6,8,3,4,1,1,1,0.48958
102,1,0,2,2,0,56,12,6,8,8,4,2,2,1,0.77943
102,1,0,2,2,0,57,8,6,8,6,4,2,2,1,0.65635
102,1,0,2,2,0,58,12,6,8,8,4,2,2,1,0.39328
102,1,0,2,2,0,59,2,6,8,3,4,1,1,1,0.50346
102,1,0,2,2,0,60,4,6,8,4,4,1,1,1,0.83279
102,1,0,2,2,0,61,8,6,8,6,4,2,2,1,0.53422
102,1,0,2,2,0,62,2,6,8,3,4,1,1,1,0.44173
102,1,0,2,2,0,63,4,6,8,4,4,1,1,1,0.42831
102,1,0,2,2,0,64,8,6,8,6,4,2,2,1,0.52688
102,1,0,2,2,0,65,6,6,8,5,4,1,2,0,2.2221
102,1,0,2,2,0,66,10,6,8,7,4,2,2,1,0.41189
102,1,0,2,2,0,67,10,6,8,7,4,2,2,1,0.31834
102,1,0,2,2,0,68,12,6,8,8,4,2,2,1,0.33022
102,1,0,2,2,0,69,8,6,8,6,4,2,2,1,0.84574
102,1,0,2,2,0,70,10,6,8,7,4,2,2,1,0.37945
102,1,0,2,2,0,71,4,6,8,4,4,1,1,1,0.42648
102,1,0,2,2,0,72,10,6,8,7,4,2,2,1,0.47249
102,1,0,2,2,0,73,6,6,8,5,4,1,1,1,1.0776
102,1,0,2,2,0,74,4,6,8,4,4,1,1,1,0.51582
102,1,0,2,2,0,75,10,6,8,7,4,2,2,1,0.51609
102,1,0,2,2,0,76,2,6,8,3,4,1,1,1,0.42066
102,1,0,2,2,0,77,2,6,8,3,4,1,1,1,0.39213
102,1,0,2,2,0,78,2,6,8,3,4,1,1,1,0.34396
102,1,0,2,2,0,79,8,6,8,6,4,2,2,1,0.40854
102,1,0,2,2,0,80,8,6,8,6,4,2,2,1,0.36274
102,1,0,2,2,0,81,2,6,8,3,4,1,1,1,0.39871
102,1,0,2,2,0,82,4,6,8,4,4,1,2,0,0.72085
102,1,0,2,2,0,83,10,6,8,7,4,2,2,1,0.3281
102,1,0,2,2,0,84,2,6,8,3,4,1,1,1,0.3809
102,1,0,2,2,0,85,12,6,8,8,4,2,2,1,0.4231
102,1,0,2,2,0,86,6,6,8,5,4,1,1,1,0.77965
102,1,0,2,2,0,87,10,6,8,7,4,2,2,1,0.4308
102,1,0,2,2,0,88,4,6,8,4,4,1,1,1,0.41918
102,1,0,2,2,0,89,12,6,8,8,4,2,2,1,0.35324
102,1,0,2,2,0,90,4,6,8,4,4,1,1,1,0.40269
102,1,0,2,2,0,91,4,6,8,4,4,1,1,1,0.50789
102,1,0,2,2,0,92,8,6,8,6,4,2,2,1,0.37052
102,1,0,2,2,0,93,8,6,8,6,4,2,2,1,0.29509
102,1,0,2,2,0,94,2,6,8,3,4,1,1,1,0.37255
102,1,0,2,2,0,95,6,6,8,5,4,1,1,1,1.289
102,1,0,2,2,0,96,12,6,8,8,4,2,2,1,0.39576
102,1,0,2,2,0,97,2,6,8,3,4,1,1,1,0.44402
102,1,0,2,2,0,98,2,6,8,3,4,1,1,1,0.40985
102,1,0,2,2,0,99,4,6,8,4,4,1,1,1,0.40008
102,1,0,2,2,0,100,6,6,8,5,4,1,1,1,1.7477
102,1,0,2,2,0,101,6,6,8,5,4,1,1,1,1.6739
102,1,0,2,2,0,102,6,6,8,5,4,1,1,1,0.3785
102,1,0,2,2,0,103,8,6,8,6,4,2,2,1,0.62867
102,1,0,2,2,0,104,2,6,8,3,4,1,1,1,0.37406
102,1,0,2,2,0,105,10,6,8,7,4,2,2,1,0.37011
102,1,0,2,2,0,106,10,6,8,7,4,2,2,1,0.34176
102,1,0,2,2,0,107,6,6,8,5,4,1,1,1,0.4395
102,1,0,2,2,0,108,12,6,8,8,4,2,2,1,0.32467
102,1,0,2,2,0,109,6,6,8,5,4,1,1,1,0.84984
102,1,0,2,2,0,110,8,6,8,6,4,2,2,1,0.43367
102,1,0,2,2,0,111,2,6,8,3,4,1,1,1,0.35675
102,1,0,2,2,0,112,2,6,8,3,4,1,1,1,0.49062
102,1,0,2,2,0,113,12,6,8,8,4,2,2,1,0.36121
102,1,0,2,2,0,114,4,6,8,4,4,1,1,1,0.42347
102,1,0,2,2,0,115,4,6,8,4,4,1,1,1,0.38799
102,1,0,2,2,0,116,12,6,8,8,4,2,2,1,0.36043
102,1,0,2,2,0,117,4,6,8,4,4,1,1,1,0.41364
102,1,0,2,2,0,118,8,6,8,6,4,2,2,1,0.48945
102,1,0,2,2,0,119,10,6,8,7,4,2,2,1,0.60418
102,1,0,2,2,0,120,6,6,8,5,4,1,1,1,1.4199
102,1,0,2,1,1,1,7,6,6,6,4,2,2,1,1.4201
102,1,0,2,1,1,2,1,6,6,3,4,1,1,1,0.80094
102,1,0,2,1,1,3,7,6,6,6,4,2,2,1,0.55004
102,1,0,2,1,1,4,9,6,6,7,4,2,2,1,0.33401
102,1,0,2,1,1,5,5,6,6,5,4,1,1,1,1.1505
102,1,0,2,1,1,6,3,6,6,4,4,1,1,1,0.48921
102,1,0,2,1,1,7,1,6,6,3,4,1,1,1,0.44256
102,1,0,2,1,1,8,11,6,6,8,4,2,2,1,0.40057
102,1,0,2,1,1,9,3,6,6,4,4,1,1,1,0.65793
102,1,0,2,1,1,10,1,6,6,3,4,1,1,1,0.38752
102,1,0,2,1,1,11,9,6,6,7,4,2,2,1,0.39017
102,1,0,2,1,1,12,11,6,6,8,4,2,2,1,0.31494
102,1,0,2,1,1,13,9,6,6,7,4,2,2,1,0.30864
102,1,0,2,1,1,14,5,6,6,5,4,1,1,1,0.4026
102,1,0,2,1,1,15,11,6,6,8,4,2,2,1,0.28347
102,1,0,2,1,1,16,3,6,6,4,4,1,1,1,0.36214
102,1,0,2,1,1,17,5,6,6,5,4,1,1,1,0.53983
102,1,0,2,1,1,18,11,6,6,8,4,2,2,1,0.31381
102,1,0,2,1,1,19,7,6,6,6,4,2,1,0,0.81723
102,1,0,2,1,1,20,1,6,6,3,4,1,1,1,0.39019
102,1,0,2,1,1,21,9,6,6,7,4,2,2,1,0.66182
102,1,0,2,1,1,22,3,6,6,4,4,1,1,1,0.40229
102,1,0,2,1,1,23,5,6,6,5,4,1,1,1,0.43429
102,1,0,2,1,1,24,7,6,6,6,4,2,2,1,1.6604
102,1,0,2,1,0,1,5,6,6,5,4,1,1,1,0.69649
102,1,0,2,1,0,2,5,6,6,5,4,1,1,1,0.38096
102,1,0,2,1,0,3,7,6,6,6,4,2,2,1,0.70074
102,1,0,2,1,0,4,7,6,6,6,4,2,2,1,0.4582
102,1,0,2,1,0,5,3,6,6,4,4,1,1,1,0.39483
102,1,0,2,1,0,6,3,6,6,4,4,1,1,1,0.34042
102,1,0,2,1,0,7,7,6,6,6,4,2,2,1,0.84301
102,1,0,2,1,0,8,3,6,6,4,4,1,1,1,0.3657
102,1,0,2,1,0,9,7,6,6,6,4,2,2,1,0.46159
102,1,0,2,1,0,10,1,6,6,3,4,1,1,1,0.30262
102,1,0,2,1,0,11,1,6,6,3,4,1,1,1,0.33608
102,1,0,2,1,0,12,7,6,6,6,4,2,2,1,0.40164
102,1,0,2,1,0,13,5,6,6,5,4,1,1,1,0.30685
102,1,0,2,1,0,14,7,6,6,6,4,2,2,1,0.46969
102,1,0,2,1,0,15,7,6,6,6,4,2,2,1,0.64647
102,1,0,2,1,0,16,11,6,6,8,4,2,2,1,0.34587
102,1,0,2,1,0,17,11,6,6,8,4,2,2,1,0.30829
102,1,0,2,1,0,18,7,6,6,6,4,2,2,1,0.57226
102,1,0,2,1,0,19,3,6,6,4,4,1,1,1,0.39537
102,1,0,2,1,0,20,11,6,6,8,4,2,2,1,0.3377
102,1,0,2,1,0,21,11,6,6,8,4,2,2,1,0.3046
102,1,0,2,1,0,22,9,6,6,7,4,2,2,1,0.28397
102,1,0,2,1,0,23,1,6,6,3,4,1,1,1,0.38343
102,1,0,2,1,0,24,1,6,6,3,4,1,1,1,0.38377
102,1,0,2,1,0,25,5,6,6,5,4,1,1,1,0.94417
102,1,0,2,1,0,26,1,6,6,3,4,1,1,1,0.41344
102,1,0,2,1,0,27,5,6,6,5,4,1,1,1,0.68003
102,1,0,2,1,0,28,1,6,6,3,4,1,1,1,0.33007
102,1,0,2,1,0,29,5,6,6,5,4,1,1,1,0.30386
102,1,0,2,1,0,30,3,6,6,4,4,1,1,1,0.37538
102,1,0,2,1,0,31,1,6,6,3,4,1,1,1,0.51825
102,1,0,2,1,0,32,9,6,6,7,4,2,2,1,0.42804
102,1,0,2,1,0,33,11,6,6,8,4,2,2,1,0.29415
102,1,0,2,1,0,34,5,6,6,5,4,1,1,1,0.98068
102,1,0,2,1,0,35,11,6,6,8,4,2,2,1,0.32719
102,1,0,2,1,0,36,9,6,6,7,4,2,2,1,0.31423
102,1,0,2,1,0,37,3,6,6,4,4,1,1,1,0.38685
102,1,0,2,1,0,38,7,6,6,6,4,2,2,1,0.34184
102,1,0,2,1,0,39,7,6,6,6,4,2,2,1,0.4292
102,1,0,2,1,0,40,9,6,6,7,4,2,2,1,0.31605
102,1,0,2,1,0,41,1,6,6,3,4,1,1,1,0.47276
102,1,0,2,1,0,42,7,6,6,6,4,2,2,1,0.43667
102,1,0,2,1,0,43,3,6,6,4,4,1,1,1,0.42054
102,1,0,2,1,0,44,11,6,6,8,4,2,2,1,0.39268
102,1,0,2,1,0,45,11,6,6,8,4,2,2,1,0.31451
102,1,0,2,1,0,46,9,6,6,7,4,2,2,1,0.28017
102,1,0,2,1,0,47,3,6,6,4,4,1,1,1,0.37952
102,1,0,2,1,0,48,7,6,6,6,4,2,2,1,0.23892
102,1,0,2,1,0,49,9,6,6,7,4,2,2,1,0.34616
102,1,0,2,1,0,50,9,6,6,7,4,2,2,1,0.31236
102,1,0,2,1,0,51,5,6,6,5,4,1,1,1,0.59301
102,1,0,2,1,0,52,1,6,6,3,4,1,1,1,0.40595
102,1,0,2,1,0,53,11,6,6,8,4,2,2,1,0.33818
102,1,0,2,1,0,54,3,6,6,4,4,1,1,1,0.34424
102,1,0,2,1,0,55,5,6,6,5,4,1,1,1,0.36212
102,1,0,2,1,0,56,9,6,6,7,4,2,2,1,0.31599
102,1,0,2,1,0,57,3,6,6,4,4,1,1,1,0.34314
102,1,0,2,1,0,58,3,6,6,4,4,1,1,1,0.44428
102,1,0,2,1,0,59,7,6,6,6,4,2,2,1,0.28258
102,1,0,2,1,0,60,9,6,6,7,4,2,2,1,0.36233
102,1,0,2,1,0,61,3,6,6,4,4,1,1,1,0.32048
102,1,0,2,1,0,62,9,6,6,7,4,2,2,1,0.24403
102,1,0,2,1,0,63,3,6,6,4,4,1,1,1,0.31796
102,1,0,2,1,0,64,1,6,6,3,4,1,1,1,0.34525
102,1,0,2,1,0,65,11,6,6,8,4,2,2,1,0.29201
102,1,0,2,1,0,66,5,6,6,5,4,1,1,1,0.26577
102,1,0,2,1,0,67,5,6,6,5,4,1,1,1,0.3095
102,1,0,2,1,0,68,9,6,6,7,4,2,2,1,0.32326
102,1,0,2,1,0,69,3,6,6,4,4,1,1,1,0.29423
102,1,0,2,1,0,70,3,6,6,4,4,1,1,1,0.34777
102,1,0,2,1,0,71,7,6,6,6,4,2,1,0,0.36102
102,1,0,2,1,0,72,1,6,6,3,4,1,1,1,0.35003
102,1,0,2,1,0,73,1,6,6,3,4,1,1,1,0.35135
102,1,0,2,1,0,74,11,6,6,8,4,2,2,1,0.31357
102,1,0,2,1,0,75,5,6,6,5,4,1,1,1,0.28346
102,1,0,2,1,0,76,11,6,6,8,4,2,2,1,0.27423
102,1,0,2,1,0,77,5,6,6,5,4,1,1,1,0.3581
102,1,0,2,1,0,78,7,6,6,6,4,2,2,1,0.31376
102,1,0,2,1,0,79,9,6,6,7,4,2,2,1,0.27824
102,1,0,2,1,0,80,1,6,6,3,4,1,1,1,0.32215
102,1,0,2,1,0,81,5,6,6,5,4,1,1,1,0.82548
102,1,0,2,1,0,82,9,6,6,7,4,2,2,1,0.37657
102,1,0,2,1,0,83,11,6,6,8,4,2,2,1,0.36125
102,1,0,2,1,0,84,7,6,6,6,4,2,1,0,0.83965
102,1,0,2,1,0,85,1,6,6,3,4,1,1,1,0.46688
102,1,0,2,1,0,86,7,6,6,6,4,2,2,1,0.35722
102,1,0,2,1,0,87,9,6,6,7,4,2,2,1,0.29503
102,1,0,2,1,0,88,7,6,6,6,4,2,2,1,0.29895
102,1,0,2,1,0,89,1,6,6,3,4,1,1,1,0.40036
102,1,0,2,1,0,90,11,6,6,8,4,2,2,1,0.2995
102,1,0,2,1,0,91,11,6,6,8,4,2,2,1,0.29354
102,1,0,2,1,0,92,3,6,6,4,4,1,1,1,0.42627
102,1,0,2,1,0,93,1,6,6,3,4,1,1,1,0.39218
102,1,0,2,1,0,94,5,6,6,5,4,1,1,1,1.0671
102,1,0,2,1,0,95,1,6,6,3,4,1,1,1,0.3958
102,1,0,2,1,0,96,11,6,6,8,4,2,2,1,0.46606
102,1,0,2,1,0,97,3,6,6,4,4,1,1,1,0.45547
102,1,0,2,1,0,98,11,6,6,8,4,2,2,1,0.31454
102,1,0,2,1,0,99,11,6,6,8,4,2,2,1,0.33514
102,1,0,2,1,0,100,7,6,6,6,4,2,2,1,0.76404
102,1,0,2,1,0,101,1,6,6,3,4,1,1,1,0.3877
102,1,0,2,1,0,102,11,6,6,8,4,2,2,1,0.30993
102,1,0,2,1,0,103,9,6,6,7,4,2,2,1,0.301
102,1,0,2,1,0,104,7,6,6,6,4,2,2,1,0.45644
102,1,0,2,1,0,105,9,6,6,7,4,2,2,1,0.27576
102,1,0,2,1,0,106,5,6,6,5,4,1,2,0,0.70163
102,1,0,2,1,0,107,5,6,6,5,4,1,1,1,1.3131
102,1,0,2,1,0,108,3,6,6,4,4,1,1,1,0.38245
102,1,0,2,1,0,109,3,6,6,4,4,1,1,1,0.36405
102,1,0,2,1,0,110,9,6,6,7,4,2,2,1,0.42669
102,1,0,2,1,0,111,9,6,6,7,4,2,2,1,0.30439
102,1,0,2,1,0,112,9,6,6,7,4,2,2,1,0.34507
102,1,0,2,1,0,113,9,6,6,7,4,2,2,1,0.28748
102,1,0,2,1,0,114,11,6,6,8,4,2,2,1,0.27671
102,1,0,2,1,0,115,3,6,6,4,4,1,1,1,0.58476
102,1,0,2,1,0,116,5,6,6,5,4,1,1,1,0.37563
102,1,0,2,1,0,117,1,6,6,3,4,1,1,1,0.35054
102,1,0,2,1,0,118,1,6,6,3,4,1,1,1,0.35372
102,1,0,2,1,0,119,5,6,6,5,4,1,1,1,0.95381
102,1,0,2,1,0,120,5,6,6,5,4,1,1,1,0.35508
102,1,0,2,4,1,1,6,6,8,5,4,1,1,1,0.50765
102,1,0,2,4,1,2,9,6,6,7,4,2,2,1,0.37613
102,1,0,2,4,1,3,11,6,6,8,4,2,2,1,0.3406
102,1,0,2,4,1,4,4,6,8,4,4,1,1,1,0.39193
102,1,0,2,4,1,5,4,6,8,4,4,1,1,1,0.42255
102,1,0,2,4,1,6,11,6,6,8,4,2,2,1,0.34438
102,1,0,2,4,1,7,4,6,8,4,4,1,1,1,0.39015
102,1,0,2,4,1,8,6,6,8,5,4,1,1,1,0.38048
102,1,0,2,4,1,9,11,6,6,8,4,2,2,1,0.36265
102,1,0,2,4,1,10,9,6,6,7,4,2,2,1,0.43803
102,1,0,2,4,1,11,11,6,6,8,4,2,2,1,0.28301
102,1,0,2,4,1,12,4,6,8,4,4,1,1,1,0.46298
102,1,0,2,4,1,13,6,6,8,5,4,1,1,1,1.1681
102,1,0,2,4,1,14,6,6,8,5,4,1,1,1,0.457
102,1,0,2,4,1,15,9,6,6,7,4,2,2,1,0.67449
102,1,0,2,4,1,16,7,6,6,6,4,2,2,1,0.81213
102,1,0,2,4,1,17,7,6,6,6,4,2,2,1,0.51207
102,1,0,2,4,1,18,9,6,6,7,4,2,2,1,0.37576
102,1,0,2,4,1,19,7,6,6,6,4,2,2,1,0.4183
102,1,0,2,4,1,20,2,6,8,3,4,1,1,1,0.40777
102,1,0,2,4,1,21,2,6,8,3,4,1,1,1,0.40185
102,1,0,2,4,1,22,2,6,8,3,4,1,1,1,0.33833
102,1,0,2,4,1,23,2,6,8,3,4,1,1,1,0.34495
102,1,0,2,4,1,24,7,6,6,6,4,2,2,1,0.69577
102,1,0,2,4,0,1,7,6,6,6,4,2,2,1,0.54262
102,1,0,2,4,0,2,4,6,8,4,4,1,1,1,0.3941
102,1,0,2,4,0,3,4,6,8,4,4,1,1,1,0.38572
102,1,0,2,4,0,4,4,6,8,4,4,1,1,1,0.37019
102,1,0,2,4,0,5,9,6,6,7,4,2,2,1,0.46922
102,1,0,2,4,0,6,4,6,8,4,4,1,1,1,0.37126
102,1,0,2,4,0,7,9,6,6,7,4,2,2,1,0.30105
102,1,0,2,4,0,8,6,6,8,5,4,1,1,1,1.0203
102,1,0,2,4,0,9,9,6,6,7,4,2,2,1,0.33175
102,1,0,2,4,0,10,9,6,6,7,4,2,2,1,0.56337
102,1,0,2,4,0,11,11,6,6,8,4,2,2,1,0.91332
102,1,0,2,4,0,12,6,6,8,5,4,1,1,1,0.75241
102,1,0,2,4,0,13,4,6,8,4,4,1,1,1,0.5747
102,1,0,2,4,0,14,11,6,6,8,4,2,2,1,0.3305
102,1,0,2,4,0,15,6,6,8,5,4,1,1,1,0.45382
102,1,0,2,4,0,16,9,6,6,7,4,2,2,1,0.37667
102,1,0,2,4,0,17,7,6,6,6,4,2,2,1,0.39913
102,1,0,2,4,0,18,6,6,8,5,4,1,1,1,0.61977
102,1,0,2,4,0,19,4,6,8,4,4,1,1,1,0.4246
102,1,0,2,4,0,20,6,6,8,5,4,1,1,1,0.95435
102,1,0,2,4,0,21,4,6,8,4,4,1,1,1,0.4676
102,1,0,2,4,0,22,6,6,8,5,4,1,1,1,0.42606
102,1,0,2,4,0,23,4,6,8,4,4,1,1,1,0.47625
102,1,0,2,4,0,24,2,6,8,3,4,1,1,1,0.3749
102,1,0,2,4,0,25,6,6,8,5,4,1,1,1,0.68101
102,1,0,2,4,0,26,2,6,8,3,4,1,1,1,0.31999
102,1,0,2,4,0,27,4,6,8,4,4,1,1,1,0.32673
102,1,0,2,4,0,28,11,6,6,8,4,2,2,1,0.41496
102,1,0,2,4,0,29,4,6,8,4,4,1,1,1,0.35914
102,1,0,2,4,0,30,2,6,8,3,4,1,1,1,0.3337
102,1,0,2,4,0,31,7,6,6,6,4,2,2,1,0.88305
102,1,0,2,4,0,32,9,6,6,7,4,2,2,1,0.31564
102,1,0,2,4,0,33,9,6,6,7,4,2,2,1,0.31138
102,1,0,2,4,0,34,2,6,8,3,4,1,1,1,0.43347
102,1,0,2,4,0,35,2,6,8,3,4,1,1,1,0.34545
102,1,0,2,4,0,36,4,6,8,4,4,1,1,1,0.37092
102,1,0,2,4,0,37,4,6,8,4,4,1,1,1,0.34416
102,1,0,2,4,0,38,2,6,8,3,4,1,1,1,0.34298
102,1,0,2,4,0,39,2,6,8,3,4,1,1,1,0.32678
102,1,0,2,4,0,40,9,6,6,7,4,2,2,1,0.46293
102,1,0,2,4,0,41,11,6,6,8,4,2,2,1,0.28786
102,1,0,2,4,0,42,2,6,8,3,4,1,1,1,0.41643
102,1,0,2,4,0,43,11,6,6,8,4,2,2,1,0.34154
102,1,0,2,4,0,44,2,6,8,3,4,1,1,1,0.38974
102,1,0,2,4,0,45,2,6,8,3,4,1,1,1,0.64867
102,1,0,2,4,0,46,2,6,8,3,4,1,1,1,0.4241
102,1,0,2,4,0,47,7,6,6,6,4,2,2,1,0.63473
102,1,0,2,4,0,48,4,6,8,4,4,1,1,1,0.77313
102,1,0,2,4,0,49,7,6,6,6,4,2,2,1,0.85143
102,1,0,2,4,0,50,11,6,6,8,4,2,2,1,0.34167
102,1,0,2,4,0,51,2,6,8,3,4,1,1,1,0.2973
102,1,0,2,4,0,52,6,6,8,5,4,1,1,1,1.2751
102,1,0,2,4,0,53,4,6,8,4,4,1,1,1,0.73127
102,1,0,2,4,0,54,2,6,8,3,4,1,1,1,0.39827
102,1,0,2,4,0,55,6,6,8,5,4,1,1,1,1.2262
102,1,0,2,4,0,56,11,6,6,8,4,2,2,1,0.35226
102,1,0,2,4,0,57,4,6,8,4,4,1,1,1,0.39748
102,1,0,2,4,0,58,11,6,6,8,4,2,1,0,0.38028
102,1,0,2,4,0,59,9,6,6,7,4,2,2,1,0.33015
102,1,0,2,4,0,60,6,6,8,5,4,1,1,1,0.82556
102,1,0,2,4,0,61,6,6,8,5,4,1,1,1,0.99243
102,1,0,2,4,0,62,9,6,6,7,4,2,2,1,0.62146
102,1,0,2,4,0,63,7,6,6,6,4,2,2,1,1.2322
102,1,0,2,4,0,64,7,6,6,6,4,2,2,1,0.69964
102,1,0,2,4,0,65,9,6,6,7,4,2,2,1,0.59433
102,1,0,2,4,0,66,11,6,6,8,4,2,2,1,0.63849
102,1,0,2,4,0,67,7,6,6,6,4,2,2,1,0.47862
102,1,0,2,4,0,68,6,6,8,5,4,1,2,0,0.43207
102,1,0,2,4,0,69,6,6,8,5,4,1,1,1,0.79901
102,1,0,2,4,0,70,7,6,6,6,4,2,2,1,0.70598
102,1,0,2,4,0,71,6,6,8,5,4,1,1,1,0.9368
102,1,0,2,4,0,72,4,6,8,4,4,1,1,1,0.40827
102,1,0,2,4,0,73,11,6,6,8,4,2,2,1,0.3909
102,1,0,2,4,0,74,2,6,8,3,4,1,1,1,0.37497
102,1,0,2,4,0,75,9,6,6,7,4,2,2,1,0.36229
102,1,0,2,4,0,76,11,6,6,8,4,2,2,1,0.32284
102,1,0,2,4,0,77,6,6,8,5,4,1,1,1,0.85621
102,1,0,2,4,0,78,6,6,8,5,4,1,1,1,1.1747
102,1,0,2,4,0,79,7,6,6,6,4,2,2,1,0.7364
102,1,0,2,4,0,80,4,6,8,4,4,1,1,1,0.58295
102,1,0,2,4,0,81,2,6,8,3,4,1,1,1,0.33431
102,1,0,2,4,0,82,6,6,8,5,4,1,1,1,0.48494
102,1,0,2,4,0,83,2,6,8,3,4,1,1,1,0.50104
102,1,0,2,4,0,84,7,6,6,6,4,2,2,1,0.73104
102,1,0,2,4,0,85,2,6,8,3,4,1,1,1,0.63116
102,1,0,2,4,0,86,9,6,6,7,4,2,2,1,1.0469
102,1,0,2,4,0,87,11,6,6,8,4,2,2,1,0.52931
102,1,0,2,4,0,88,4,6,8,4,4,1,1,1,0.83145
102,1,0,2,4,0,89,4,6,8,4,4,1,1,1,0.66062
102,1,0,2,4,0,90,9,6,6,7,4,2,2,1,0.71459
102,1,0,2,4,0,91,9,6,6,7,4,2,2,1,0.59484
102,1,0,2,4,0,92,7,6,6,6,4,2,2,1,1.3556
102,1,0,2,4,0,93,9,6,6,7,4,2,2,1,0.82207
102,1,0,2,4,0,94,2,6,8,3,4,1,1,1,0.66452
102,1,0,2,4,0,95,9,6,6,7,4,2,2,1,0.8619
102,1,0,2,4,0,96,11,6,6,8,4,2,2,1,0.65182
102,1,0,2,4,0,97,9,6,6,7,4,2,2,1,0.69153
102,1,0,2,4,0,98,11,6,6,8,4,2,2,1,0.71252
102,1,0,2,4,0,99,7,6,6,6,4,2,2,1,1.5934
102,1,0,2,4,0,100,6,6,8,5,4,1,1,1,0.44631
102,1,0,2,4,0,101,11,6,6,8,4,2,2,1,0.41924
102,1,0,2,4,0,102,7,6,6,6,4,2,2,1,0.31805
102,1,0,2,4,0,103,7,6,6,6,4,2,2,1,0.39885
102,1,0,2,4,0,104,7,6,6,6,4,2,2,1,0.30314
102,1,0,2,4,0,105,4,6,8,4,4,1,1,1,0.49852
102,1,0,2,4,0,106,6,6,8,5,4,1,1,1,0.39029
102,1,0,2,4,0,107,9,6,6,7,4,2,2,1,0.49329
102,1,0,2,4,0,108,2,6,8,3,4,1,1,1,0.36707
102,1,0,2,4,0,109,7,6,6,6,4,2,2,1,0.793
102,1,0,2,4,0,110,7,6,6,6,4,2,2,1,0.3573
102,1,0,2,4,0,111,11,6,6,8,4,2,2,1,0.32855
102,1,0,2,4,0,112,7,6,6,6,4,2,2,1,0.48052
102,1,0,2,4,0,113,7,6,6,6,4,2,2,1,0.43296
102,1,0,2,4,0,114,11,6,6,8,4,2,2,1,0.28075
102,1,0,2,4,0,115,6,6,8,5,4,1,1,1,0.47782
102,1,0,2,4,0,116,9,6,6,7,4,2,2,1,0.46054
102,1,0,2,4,0,117,11,6,6,8,4,2,2,1,0.43749
102,1,0,2,4,0,118,11,6,6,8,4,2,2,1,0.3683
102,1,0,2,4,0,119,11,6,6,8,4,2,2,1,0.6324
102,1,0,2,4,0,120,2,6,8,3,4,1,1,1,0.58068
102,1,0,2,3,1,1,12,6,8,8,4,2,2,1,0.31668
102,1,0,2,3,1,2,3,6,6,4,4,1,1,1,0.35641
102,1,0,2,3,1,3,1,6,6,3,4,1,1,1,0.4116
102,1,0,2,3,1,4,1,6,6,3,4,1,1,1,0.33607
102,1,0,2,3,1,5,10,6,8,7,4,2,2,1,0.35106
102,1,0,2,3,1,6,10,6,8,7,4,2,2,1,0.35096
102,1,0,2,3,1,7,3,6,6,4,4,1,1,1,0.35874
102,1,0,2,3,1,8,1,6,6,3,4,1,1,1,0.3661
102,1,0,2,3,1,9,3,6,6,4,4,1,1,1,0.38748
102,1,0,2,3,1,10,1,6,6,3,4,1,1,1,0.38613
102,1,0,2,3,1,11,8,6,8,6,4,2,2,1,0.409
102,1,0,2,3,1,12,8,6,8,6,4,2,2,1,0.38128
102,1,0,2,3,1,13,5,6,6,5,4,1,1,1,0.90069
102,1,0,2,3,1,14,12,6,8,8,4,2,2,1,0.33403
102,1,0,2,3,1,15,12,6,8,8,4,2,2,1,0.3612
102,1,0,2,3,1,16,5,6,6,5,4,1,1,1,0.41889
102,1,0,2,3,1,17,8,6,8,6,4,2,2,1,0.37797
102,1,0,2,3,1,18,3,6,6,4,4,1,1,1,0.46589
102,1,0,2,3,1,19,10,6,8,7,4,2,2,1,0.36062
102,1,0,2,3,1,20,10,6,8,7,4,2,2,1,0.59979
102,1,0,2,3,1,21,5,6,6,5,4,1,1,1,1.27
102,1,0,2,3,1,22,12,6,8,8,4,2,2,1,0.35251
102,1,0,2,3,1,23,5,6,6,5,4,1,1,1,0.64719
102,1,0,2,3,1,24,8,6,8,6,4,2,2,1,0.73736
102,1,0,2,3,0,1,12,6,8,8,4,2,2,1,0.37242
102,1,0,2,3,0,2,12,6,8,8,4,2,2,1,0.29448
102,1,0,2,3,0,3,8,6,8,6,4,2,2,1,0.55976
102,1,0,2,3,0,4,12,6,8,8,4,2,2,1,0.2817
102,1,0,2,3,0,5,3,6,6,4,4,1,1,1,0.4209
102,1,0,2,3,0,6,1,6,6,3,4,1,1,1,0.40365
102,1,0,2,3,0,7,10,6,8,7,4,2,2,1,0.34192
102,1,0,2,3,0,8,10,6,8,7,4,2,2,1,0.33447
102,1,0,2,3,0,9,8,6,8,6,4,2,2,1,0.3075
102,1,0,2,3,0,10,5,6,6,5,4,1,1,1,0.81285
102,1,0,2,3,0,11,3,6,6,4,4,1,1,1,0.48631
102,1,0,2,3,0,12,1,6,6,3,4,1,1,1,0.33127
102,1,0,2,3,0,13,3,6,6,4,4,1,1,1,0.32443
102,1,0,2,3,0,14,1,6,6,3,4,1,1,1,0.37998
102,1,0,2,3,0,15,12,6,8,8,4,2,2,1,0.40462
102,1,0,2,3,0,16,5,6,6,5,4,1,1,1,0.86993
102,1,0,2,3,0,17,5,6,6,5,4,1,1,1,0.41169
102,1,0,2,3,0,18,10,6,8,7,4,2,2,1,0.44256
102,1,0,2,3,0,19,3,6,6,4,4,1,1,1,0.92025
102,1,0,2,3,0,20,8,6,8,6,4,2,2,1,0.34336
102,1,0,2,3,0,21,5,6,6,5,4,1,1,1,0.83962
102,1,0,2,3,0,22,3,6,6,4,4,1,1,1,0.65238
102,1,0,2,3,0,23,3,6,6,4,4,1,1,1,0.5082
102,1,0,2,3,0,24,5,6,6,5,4,1,1,1,0.43035
102,1,0,2,3,0,25,8,6,8,6,4,2,2,1,0.47184
102,1,0,2,3,0,26,8,6,8,6,4,2,2,1,0.38299
102,1,0,2,3,0,27,12,6,8,8,4,2,2,1,0.33064
102,1,0,2,3,0,28,10,6,8,7,4,2,2,1,0.33902
102,1,0,2,3,0,29,1,6,6,3,4,1,1,1,0.40101
102,1,0,2,3,0,30,5,6,6,5,4,1,1,1,1.104
102,1,0,2,3,0,31,10,6,8,7,4,2,2,1,0.3262
102,1,0,2,3,0,32,10,6,8,7,4,2,2,1,0.3136
102,1,0,2,3,0,33,3,6,6,4,4,1,1,1,0.44445
102,1,0,2,3,0,34,1,6,6,3,4,1,1,1,0.35376
102,1,0,2,3,0,35,12,6,8,8,4,2,2,1,0.3086
102,1,0,2,3,0,36,3,6,6,4,4,1,1,1,0.3076
102,1,0,2,3,0,37,3,6,6,4,4,1,1,1,0.58535
102,1,0,2,3,0,38,1,6,6,3,4,1,1,1,0.30829
102,1,0,2,3,0,39,8,6,8,6,4,2,2,1,0.66889
102,1,0,2,3,0,40,10,6,8,7,4,2,2,1,0.38131
102,1,0,2,3,0,41,10,6,8,7,4,2,2,1,0.57649
102,1,0,2,3,0,42,8,6,8,6,4,2,2,1,0.30238
102,1,0,2,3,0,43,5,6,6,5,4,1,2,0,0.26858
102,1,0,2,3,0,44,8,6,8,6,4,2,2,1,0.36168
102,1,0,2,3,0,45,1,6,6,3,4,1,1,1,0.35132
102,1,0,2,3,0,46,5,6,6,5,4,1,1,1,1.1462
102,1,0,2,3,0,47,12,6,8,8,4,2,2,1,0.37552
102,1,0,2,3,0,48,10,6,8,7,4,2,2,1,0.31134
102,1,0,2,3,0,49,1,6,6,3,4,1,1,1,0.33122
102,1,0,2,3,0,50,10,6,8,7,4,2,2,1,0.34067
102,1,0,2,3,0,51,1,6,6,3,4,1,1,1,0.33932
102,1,0,2,3,0,52,10,6,8,7,4,2,2,1,0.5214
102,1,0,2,3,0,53,3,6,6,4,4,1,1,1,0.37391
102,1,0,2,3,0,54,3,6,6,4,4,1,1,1,0.33536
102,1,0,2,3,0,55,1,6,6,3,4,1,1,1,0.27734
102,1,0,2,3,0,56,12,6,8,8,4,2,2,1,0.5606
102,1,0,2,3,0,57,8,6,8,6,4,2,2,1,0.52777
102,1,0,2,3,0,58,5,6,6,5,4,1,1,1,0.86457
102,1,0,2,3,0,59,5,6,6,5,4,1,1,1,0.5387
102,1,0,2,3,0,60,1,6,6,3,4,1,1,1,0.33885
102,1,0,2,3,0,61,3,6,6,4,4,1,1,1,0.31201
102,1,0,2,3,0,62,3,6,6,4,4,1,1,1,0.31453
102,1,0,2,3,0,63,10,6,8,7,4,2,2,1,0.49521
102,1,0,2,3,0,64,1,6,6,3,4,1,1,1,0.43877
102,1,0,2,3,0,65,3,6,6,4,4,1,1,1,0.31205
102,1,0,2,3,0,66,8,6,8,6,4,2,2,1,0.45967
102,1,0,2,3,0,67,5,6,6,5,4,1,1,1,0.49595
102,1,0,2,3,0,68,12,6,8,8,4,2,2,1,0.35185
102,1,0,2,3,0,69,8,6,8,6,4,2,2,1,0.31097
102,1,0,2,3,0,70,10,6,8,7,4,2,2,1,0.30952
102,1,0,2,3,0,71,3,6,6,4,4,1,1,1,0.39749
102,1,0,2,3,0,72,10,6,8,7,4,2,2,1,0.38171
102,1,0,2,3,0,73,8,6,8,6,4,2,2,1,0.4958
102,1,0,2,3,0,74,12,6,8,8,4,2,2,1,0.5151
102,1,0,2,3,0,75,3,6,6,4,4,1,1,1,0.41192
102,1,0,2,3,0,76,12,6,8,8,4,2,2,1,0.36197
102,1,0,2,3,0,77,12,6,8,8,4,2,2,1,0.32345
102,1,0,2,3,0,78,5,6,6,5,4,1,1,1,0.59279
102,1,0,2,3,0,79,3,6,6,4,4,1,1,1,0.42627
102,1,0,2,3,0,80,12,6,8,8,4,2,2,1,0.4092
102,1,0,2,3,0,81,8,6,8,6,4,2,1,0,0.34427
102,1,0,2,3,0,82,1,6,6,3,4,1,1,1,0.40549
102,1,0,2,3,0,83,8,6,8,6,4,2,2,1,0.40433
102,1,0,2,3,0,84,10,6,8,7,4,2,2,1,0.31196
102,1,0,2,3,0,85,5,6,6,5,4,1,1,1,0.96273
102,1,0,2,3,0,86,12,6,8,8,4,2,2,1,0.34455
102,1,0,2,3,0,87,8,6,8,6,4,2,2,1,0.71674
102,1,0,2,3,0,88,5,6,6,5,4,1,1,1,0.83078
102,1,0,2,3,0,89,10,6,8,7,4,2,2,1,0.34164
102,1,0,2,3,0,90,10,6,8,7,4,2,2,1,0.31726
102,1,0,2,3,0,91,12,6,8,8,4,2,2,1,0.5245
102,1,0,2,3,0,92,1,6,6,3,4,1,1,1,0.37995
102,1,0,2,3,0,93,1,6,6,3,4,1,1,1,0.36768
102,1,0,2,3,0,94,1,6,6,3,4,1,1,1,0.34112
102,1,0,2,3,0,95,1,6,6,3,4,1,1,1,0.3877
102,1,0,2,3,0,96,1,6,6,3,4,1,1,1,0.31674
102,1,0,2,3,0,97,12,6,8,8,4,2,2,1,0.56073
102,1,0,2,3,0,98,12,6,8,8,4,2,2,1,0.34215
102,1,0,2,3,0,99,3,6,6,4,4,1,1,1,0.38144
102,1,0,2,3,0,100,8,6,8,6,4,2,2,1,0.37984
102,1,0,2,3,0,101,5,6,6,5,4,1,1,1,0.9365
102,1,0,2,3,0,102,5,6,6,5,4,1,1,1,0.63196
102,1,0,2,3,0,103,8,6,8,6,4,2,2,1,0.3163
102,1,0,2,3,0,104,10,6,8,7,4,2,2,1,0.29648
102,1,0,2,3,0,105,12,6,8,8,4,2,2,1,0.28888
102,1,0,2,3,0,106,5,6,6,5,4,1,2,0,0.27396
102,1,0,2,3,0,107,1,6,6,3,4,1,1,1,0.36889
102,1,0,2,3,0,108,12,6,8,8,4,2,2,1,0.3802
102,1,0,2,3,0,109,5,6,6,5,4,1,1,1,0.69314
102,1,0,2,3,0,110,8,6,8,6,4,2,2,1,0.87221
102,1,0,2,3,0,111,5,6,6,5,4,1,1,1,0.42078
102,1,0,2,3,0,112,8,6,8,6,4,2,2,1,0.42968
102,1,0,2,3,0,113,10,6,8,7,4,2,2,1,0.48786
102,1,0,2,3,0,114,12,6,8,8,4,2,2,1,0.30377
102,1,0,2,3,0,115,10,6,8,7,4,2,2,1,0.31728
102,1,0,2,3,0,116,3,6,6,4,4,1,1,1,0.41176
102,1,0,2,3,0,117,8,6,8,6,4,2,2,1,0.31696
102,1,0,2,3,0,118,1,6,6,3,4,1,1,1,0.36871
102,1,0,2,3,0,119,5,6,6,5,4,1,1,1,0.7637
102,1,0,2,3,0,120,3,6,6,4,4,1,1,1,0.40547
102,1,0,2,5,1,1,12,6,8,8,4,2,2,1,0.37615
102,1,0,2,5,1,2,1,6,6,3,4,1,1,1,0.33247
102,1,0,2,5,1,3,2,6,8,3,4,1,1,1,0.33772
102,1,0,2,5,1,4,9,6,6,7,4,2,2,1,0.34862
102,1,0,2,5,1,5,12,6,8,8,4,2,2,1,0.34368
102,1,0,2,5,1,6,6,6,8,5,4,1,1,1,0.36974
102,1,0,2,5,1,7,8,6,8,6,4,2,2,1,0.35309
102,1,0,2,5,1,8,10,6,8,7,4,2,2,1,0.46864
102,1,0,2,5,1,9,9,6,6,7,4,2,2,1,0.31801
102,1,0,2,5,1,10,6,6,8,5,4,1,1,1,0.47862
102,1,0,2,5,1,11,10,6,8,7,4,2,2,1,0.4862
102,1,0,2,5,1,12,7,6,6,6,4,2,2,1,0.3859
102,1,0,2,5,1,13,3,6,6,4,4,1,1,1,0.4695
102,1,0,2,5,1,14,3,6,6,4,4,1,1,1,0.48136
102,1,0,2,5,1,15,4,6,8,4,4,1,1,1,0.40405
102,1,0,2,5,1,16,11,6,6,8,4,2,2,1,0.71821
102,1,0,2,5,1,17,5,6,6,5,4,1,1,1,1.6808
102,1,0,2,5,1,18,5,6,6,5,4,1,1,1,0.44985
102,1,0,2,5,1,19,2,6,8,3,4,1,1,1,0.42894
102,1,0,2,5,1,20,11,6,6,8,4,2,2,1,0.46171
102,1,0,2,5,1,21,4,6,8,4,4,1,1,1,0.4377
102,1,0,2,5,1,22,1,6,6,3,4,1,1,1,0.35792
102,1,0,2,5,1,23,8,6,8,6,4,2,2,1,0.49824
102,1,0,2,5,1,24,7,6,6,6,4,2,2,1,1.0454
102,1,0,2,5,0,1,9,6,6,7,4,2,2,1,0.97857
102,1,0,2,5,0,2,5,6,6,5,4,1,1,1,0.47162
102,1,0,2,5,0,3,11,6,6,8,4,2,2,1,0.31545
102,1,0,2,5,0,4,2,6,8,3,4,1,1,1,0.37276
102,1,0,2,5,0,5,1,6,6,3,4,1,1,1,0.41716
102,1,0,2,5,0,6,4,6,8,4,4,1,1,1,0.33166
102,1,0,2,5,0,7,7,6,6,6,4,2,2,1,0.76161
102,1,0,2,5,0,8,5,6,6,5,4,1,1,1,0.43492
102,1,0,2,5,0,9,11,6,6,8,4,2,2,1,0.30863
102,1,0,2,5,0,10,5,6,6,5,4,1,1,1,0.37481
102,1,0,2,5,0,11,6,6,8,5,4,1,1,1,0.34197
102,1,0,2,5,0,12,2,6,8,3,4,1,1,1,0.32028
102,1,0,2,5,0,13,3,6,6,4,4,1,1,1,0.59145
102,1,0,2,5,0,14,9,6,6,7,4,2,2,1,0.42964
102,1,0,2,5,0,15,10,6,8,7,4,2,2,1,0.31774
102,1,0,2,5,0,16,12,6,8,8,4,2,2,1,0.33305
102,1,0,2,5,0,17,3,6,6,4,4,1,1,1,0.32748
102,1,0,2,5,0,18,3,6,6,4,4,1,1,1,0.31683
102,1,0,2,5,0,19,2,6,8,3,4,1,1,1,0.30528
102,1,0,2,5,0,20,2,6,8,3,4,1,1,1,0.29403
102,1,0,2,5,0,21,12,6,8,8,4,2,2,1,0.3871
102,1,0,2,5,0,22,2,6,8,3,4,1,1,1,0.38874
102,1,0,2,5,0,23,8,6,8,6,4,2,2,1,0.6096
102,1,0,2,5,0,24,3,6,6,4,4,1,1,1,0.45445
102,1,0,2,5,0,25,11,6,6,8,4,2,2,1,0.3553
102,1,0,2,5,0,26,4,6,8,4,4,1,1,1,0.33015
102,1,0,2,5,0,27,6,6,8,5,4,1,1,1,0.9105
102,1,0,2,5,0,28,1,6,6,3,4,1,1,1,0.31729
102,1,0,2,5,0,29,5,6,6,5,4,1,1,1,0.33317
102,1,0,2,5,0,30,3,6,6,4,4,1,1,1,0.34605
102,1,0,2,5,0,31,1,6,6,3,4,1,1,1,0.33053
102,1,0,2,5,0,32,11,6,6,8,4,2,2,1,0.4243
102,1,0,2,5,0,33,10,6,8,7,4,2,2,1,0.32015
102,1,0,2,5,0,34,1,6,6,3,4,1,1,1,0.36686
102,1,0,2,5,0,35,6,6,8,5,4,1,1,1,0.53954
102,1,0,2,5,0,36,3,6,6,4,4,1,1,1,0.53195
102,1,0,2,5,0,37,12,6,8,8,4,2,2,1,0.40117
102,1,0,2,5,0,38,4,6,8,4,4,1,1,1,0.32223
102,1,0,2,5,0,39,6,6,8,5,4,1,1,1,0.59018
102,1,0,2,5,0,40,11,6,6,8,4,2,2,1,0.37365
102,1,0,2,5,0,41,8,6,8,6,4,2,2,1,0.35137
102,1,0,2,5,0,42,3,6,6,4,4,1,1,1,0.41543
102,1,0,2,5,0,43,2,6,8,3,4,1,1,1,0.38884
102,1,0,2,5,0,44,5,6,6,5,4,1,1,1,0.91405
102,1,0,2,5,0,45,10,6,8,7,4,2,2,1,0.78715
102,1,0,2,5,0,46,9,6,6,7,4,2,2,1,0.55548
102,1,0,2,5,0,47,8,6,8,6,4,2,2,1,0.27484
102,1,0,2,5,0,48,1,6,6,3,4,1,1,1,0.41663
102,1,0,2,5,0,49,10,6,8,7,4,2,2,1,0.34503
102,1,0,2,5,0,50,12,6,8,8,4,2,2,1,0.52678
102,1,0,2,5,0,51,10,6,8,7,4,2,2,1,0.3908
102,1,0,2,5,0,52,12,6,8,8,4,2,2,1,0.34008
102,1,0,2,5,0,53,3,6,6,4,4,1,1,1,0.52114
102,1,0,2,5,0,54,5,6,6,5,4,1,1,1,1.6865
102,1,0,2,5,0,55,4,6,8,4,4,1,1,1,0.41281
102,1,0,2,5,0,56,7,6,6,6,4,2,2,1,0.59814
102,1,0,2,5,0,57,2,6,8,3,4,1,1,1,0.49461
102,1,0,2,5,0,58,10,6,8,7,4,2,2,1,0.5753
102,1,0,2,5,0,59,4,6,8,4,4,1,1,1,0.40327
102,1,0,2,5,0,60,5,6,6,5,4,1,1,1,1.0858
102,1,0,2,5,0,61,10,6,8,7,4,2,2,1,0.34985
102,1,0,2,5,0,62,4,6,8,4,4,1,1,1,0.36105
102,1,0,2,5,0,63,9,6,6,7,4,2,2,1,0.34561
102,1,0,2,5,0,64,9,6,6,7,4,2,2,1,0.32871
102,1,0,2,5,0,65,5,6,6,5,4,1,1,1,0.59884
102,1,0,2,5,0,66,8,6,8,6,4,2,2,1,0.31539
102,1,0,2,5,0,67,2,6,8,3,4,1,1,1,0.33231
102,1,0,2,5,0,68,11,6,6,8,4,2,2,1,0.27929
102,1,0,2,5,0,69,12,6,8,8,4,2,2,1,0.28458
102,1,0,2,5,0,70,1,6,6,3,4,1,1,1,0.33053
102,1,0,2,5,0,71,7,6,6,6,4,2,2,1,0.69215
102,1,0,2,5,0,72,4,6,8,4,4,1,1,1,0.55626
102,1,0,2,5,0,73,7,6,6,6,4,2,2,1,0.36081
102,1,0,2,5,0,74,6,6,8,5,4,1,1,1,0.46068
102,1,0,2,5,0,75,10,6,8,7,4,2,2,1,0.31106
102,1,0,2,5,0,76,1,6,6,3,4,1,1,1,0.39454
102,1,0,2,5,0,77,5,6,6,5,4,1,1,1,0.63546
102,1,0,2,5,0,78,11,6,6,8,4,2,2,1,0.33659
102,1,0,2,5,0,79,7,6,6,6,4,2,2,1,0.43556
102,1,0,2,5,0,80,3,6,6,4,4,1,1,1,0.47869
102,1,0,2,5,0,81,8,6,8,6,4,2,2,1,0.2711
102,1,0,2,5,0,82,11,6,6,8,4,2,2,1,0.32469
102,1,0,2,5,0,83,6,6,8,5,4,1,1,1,0.45705
102,1,0,2,5,0,84,7,6,6,6,4,2,2,1,0.67367
102,1,0,2,5,0,85,1,6,6,3,4,1,1,1,0.34576
102,1,0,2,5,0,86,4,6,8,4,4,1,1,1,0.31447
102,1,0,2,5,0,87,1,6,6,3,4,1,1,1,0.53917
102,1,0,2,5,0,88,7,6,6,6,4,2,2,1,0.63009
102,1,0,2,5,0,89,9,6,6,7,4,2,2,1,0.37743
102,1,0,2,5,0,90,9,6,6,7,4,2,2,1,0.32934
102,1,0,2,5,0,91,12,6,8,8,4,2,2,1,0.51602
102,1,0,2,5,0,92,6,6,8,5,4,1,1,1,0.3388
102,1,0,2,5,0,93,8,6,8,6,4,2,2,1,0.42642
102,1,0,2,5,0,94,6,6,8,5,4,1,1,1,0.42663
102,1,0,2,5,0,95,9,6,6,7,4,2,2,1,0.36756
102,1,0,2,5,0,96,2,6,8,3,4,1,1,1,0.41379
102,1,0,2,5,0,97,8,6,8,6,4,2,2,1,0.4997
102,1,0,2,5,0,98,1,6,6,3,4,1,1,1,0.38511
102,1,0,2,5,0,99,12,6,8,8,4,2,2,1,0.34179
102,1,0,2,5,0,100,8,6,8,6,4,2,1,0,1.1639
102,1,0,2,5,0,101,10,6,8,7,4,2,2,1,0.31909
102,1,0,2,5,0,102,7,6,6,6,4,2,2,1,0.32242
102,1,0,2,5,0,103,5,6,6,5,4,1,1,1,0.99566
102,1,0,2,5,0,104,12,6,8,8,4,2,2,1,0.30566
102,1,0,2,5,0,105,2,6,8,3,4,1,1,1,0.37403
102,1,0,2,5,0,106,9,6,6,7,4,2,2,1,0.28436
102,1,0,2,5,0,107,11,6,6,8,4,2,2,1,0.34581
102,1,0,2,5,0,108,7,6,6,6,4,2,2,1,0.68511
102,1,0,2,5,0,109,11,6,6,8,4,2,2,1,0.37281
102,1,0,2,5,0,110,6,6,8,5,4,1,1,1,0.3849
102,1,0,2,5,0,111,8,6,8,6,4,2,2,1,0.4428
102,1,0,2,5,0,112,4,6,8,4,4,1,1,1,0.48225
102,1,0,2,5,0,113,12,6,8,8,4,2,2,1,0.49125
102,1,0,2,5,0,114,3,6,6,4,4,1,1,1,0.36881
102,1,0,2,5,0,115,4,6,8,4,4,1,1,1,0.41935
102,1,0,2,5,0,116,7,6,6,6,4,2,2,1,0.4242
102,1,0,2,5,0,117,10,6,8,7,4,2,2,1,0.51789
102,1,0,2,5,0,118,9,6,6,7,4,2,2,1,0.28656
102,1,0,2,5,0,119,8,6,8,6,4,2,2,1,0.36224
102,1,0,2,5,0,120,6,6,8,5,4,1,1,1,0.5807
102,1,0,2,6,0,1,2,6,8,3,4,1,1,1,0.50726
102,1,0,2,6,0,2,3,6,6,4,4,1,1,1,0.33067
102,1,0,2,6,0,3,6,6,8,5,4,1,1,1,1.4371
102,1,0,2,6,0,4,5,6,6,5,4,1,1,1,0.93375
102,1,0,2,6,0,5,11,6,6,8,4,2,2,1,0.37287
102,1,0,2,6,0,6,1,6,6,3,4,1,1,1,0.3611
102,1,0,2,6,0,7,3,6,6,4,4,1,1,1,0.60975
102,1,0,2,6,0,8,5,6,6,5,4,1,1,1,0.33597
102,1,0,2,6,0,9,8,6,8,6,4,2,2,1,0.46728
102,1,0,2,6,0,10,1,6,6,3,4,1,1,1,0.30718
102,1,0,2,6,0,11,4,6,8,4,4,1,1,1,0.35127
102,1,0,2,6,0,12,2,6,8,3,4,1,1,1,0.33855
102,1,0,2,6,0,13,5,6,6,5,4,1,1,1,0.69423
102,1,0,2,6,0,14,10,6,8,7,4,2,2,1,0.48943
102,1,0,2,6,0,15,6,6,8,5,4,1,1,1,0.45395
102,1,0,2,6,0,16,4,6,8,4,4,1,1,1,0.5498
102,1,0,2,6,0,17,9,6,6,7,4,2,2,1,0.38961
102,1,0,2,6,0,18,4,6,8,4,4,1,1,1,0.37472
102,1,0,2,6,0,19,1,6,6,3,4,1,1,1,0.38988
102,1,0,2,6,0,20,6,6,8,5,4,1,1,1,0.98891
102,1,0,2,6,0,21,7,6,6,6,4,2,2,1,0.80296
102,1,0,2,6,0,22,5,6,6,5,4,1,1,1,0.48696
102,1,0,2,6,0,23,9,6,6,7,4,2,2,1,0.51049
102,1,0,2,6,0,24,6,6,8,5,4,1,1,1,0.44483
102,1,0,2,6,0,25,6,6,8,5,4,1,1,1,0.98219
102,1,0,2,6,0,26,9,6,6,7,4,2,2,1,0.40622
102,1,0,2,6,0,27,1,6,6,3,4,1,1,1,0.39361
102,1,0,2,6,0,28,7,6,6,6,4,2,2,1,0.53375
102,1,0,2,6,0,29,3,6,6,4,4,1,1,1,0.30519
102,1,0,2,6,0,30,11,6,6,8,4,2,2,1,0.41693
102,1,0,2,6,0,31,2,6,8,3,4,1,1,1,0.31823
102,1,0,2,6,0,32,11,6,6,8,4,2,2,1,0.49215
102,1,0,2,6,0,33,3,6,6,4,4,1,1,1,0.33311
102,1,0,2,6,0,34,2,6,8,3,4,1,1,1,0.39009
102,1,0,2,6,0,35,6,6,8,5,4,1,1,1,0.50273
102,1,0,2,6,0,36,6,6,8,5,4,1,1,1,0.46791
102,1,0,2,6,0,37,2,6,8,3,4,1,1,1,0.31274
102,1,0,2,6,0,38,1,6,6,3,4,1,1,1,0.35848
102,1,0,2,6,0,39,12,6,8,8,4,2,2,1,0.62925
102,1,0,2,6,0,40,12,6,8,8,4,2,2,1,0.48584
102,1,0,2,6,0,41,10,6,8,7,4,2,2,1,0.52894
102,1,0,2,6,0,42,2,6,8,3,4,1,1,1,0.30947
102,1,0,2,6,0,43,9,6,6,7,4,2,2,1,0.49846
102,1,0,2,6,0,44,7,6,6,6,4,2,1,0,1.312
102,1,0,2,6,0,45,7,6,6,6,4,2,2,1,0.39264
102,1,0,2,6,0,46,4,6,8,4,4,1,1,1,0.32263
102,1,0,2,6,0,47,3,6,6,4,4,1,1,1,0.29984
102,1,0,2,6,0,48,7,6,6,6,4,2,2,1,0.67642
102,1,0,2,6,0,49,3,6,6,4,4,1,1,1,0.55488
102,1,0,2,6,0,50,7,6,6,6,4,2,2,1,0.44368
102,1,0,2,6,0,51,8,6,8,6,4,2,2,1,0.5358
102,1,0,2,6,0,52,10,6,8,7,4,2,2,1,0.34555
102,1,0,2,6,0,53,8,6,8,6,4,2,2,1,0.3706
102,1,0,2,6,0,54,1,6,6,3,4,1,1,1,0.45526
102,1,0,2,6,0,55,10,6,8,7,4,2,2,1,0.36054
102,1,0,2,6,0,56,7,6,6,6,4,2,2,1,0.32416
102,1,0,2,6,0,57,9,6,6,7,4,2,2,1,0.28149
102,1,0,2,6,0,58,10,6,8,7,4,2,2,1,0.32043
102,1,0,2,6,0,59,12,6,8,8,4,2,2,1,0.29092
102,1,0,2,6,0,60,12,6,8,8,4,2,2,1,0.27922
102,1,0,2,6,0,61,4,6,8,4,4,1,1,1,0.41781
102,1,0,2,6,0,62,12,6,8,8,4,2,2,1,0.3276
102,1,0,2,6,0,63,12,6,8,8,4,2,2,1,0.45761
102,1,0,2,6,0,64,4,6,8,4,4,1,1,1,0.39769
102,1,0,2,6,0,65,2,6,8,3,4,1,1,1,0.38829
102,1,0,2,6,0,66,3,6,6,4,4,1,1,1,0.32066
102,1,0,2,6,0,67,8,6,8,6,4,2,2,1,0.45656
102,1,0,2,6,0,68,11,6,6,8,4,2,2,1,0.55787
102,1,0,2,6,0,69,12,6,8,8,4,2,2,1,0.41353
102,1,0,2,6,0,70,8,6,8,6,4,2,2,1,0.42926
102,1,0,2,6,0,71,10,6,8,7,4,2,2,1,0.31159
102,1,0,2,6,0,72,11,6,6,8,4,2,2,1,0.29164
102,1,0,2,6,0,73,3,6,6,4,4,1,1,1,0.40268
102,1,0,2,6,0,74,1,6,6,3,4,1,1,1,0.36156
102,1,0,2,6,0,75,12,6,8,8,4,2,2,1,0.29946
102,1,0,2,6,0,76,10,6,8,7,4,2,2,1,0.57622
102,1,0,2,6,0,77,5,6,6,5,4,1,1,1,0.71203
102,1,0,2,6,0,78,8,6,8,6,4,2,2,1,0.47438
102,1,0,2,6,0,79,4,6,8,4,4,1,1,1,0.38114
102,1,0,2,6,0,80,5,6,6,5,4,1,1,1,0.66225
102,1,0,2,6,0,81,4,6,8,4,4,1,2,0,0.44038
102,1,0,2,6,0,82,1,6,6,3,4,1,1,1,0.36226
102,1,0,2,6,0,83,5,6,6,5,4,1,1,1,1.0072
102,1,0,2,6,0,84,3,6,6,4,4,1,1,1,0.37399
102,1,0,2,6,0,85,11,6,6,8,4,2,2,1,0.45827
102,1,0,2,6,0,86,8,6,8,6,4,2,2,1,0.44617
102,1,0,2,6,0,87,12,6,8,8,4,2,2,1,0.30558
102,1,0,2,6,0,88,9,6,6,7,4,2,2,1,0.27584
102,1,0,2,6,0,89,5,6,6,5,4,1,2,0,0.81414
102,1,0,2,6,0,90,7,6,6,6,4,2,2,1,0.53153
102,1,0,2,6,0,91,2,6,8,3,4,1,1,1,0.42382
102,1,0,2,6,0,92,5,6,6,5,4,1,1,1,0.44263
102,1,0,2,6,0,93,9,6,6,7,4,2,2,1,0.55479
102,1,0,2,6,0,94,9,6,6,7,4,2,2,1,0.3039
102,1,0,2,6,0,95,6,6,8,5,4,1,1,1,0.6154
102,1,0,2,6,0,96,2,6,8,3,4,1,1,1,0.36948
102,1,0,2,6,0,97,6,6,8,5,4,1,1,1,0.79121
102,1,0,2,6,0,98,7,6,6,6,4,2,2,1,0.94534
102,1,0,2,6,0,99,11,6,6,8,4,2,2,1,0.42923
102,1,0,2,6,0,100,4,6,8,4,4,1,1,1,0.37804
102,1,0,2,6,0,101,5,6,6,5,4,1,1,1,0.66467
102,1,0,2,6,0,102,3,6,6,4,4,1,1,1,0.34884
102,1,0,2,6,0,103,2,6,8,3,4,1,1,1,0.45026
102,1,0,2,6,0,104,11,6,6,8,4,2,2,1,0.43734
102,1,0,2,6,0,105,10,6,8,7,4,2,2,1,0.32183
102,1,0,2,6,0,106,9,6,6,7,4,2,2,1,0.4316
102,1,0,2,6,0,107,10,6,8,7,4,2,2,1,0.30066
102,1,0,2,6,0,108,11,6,6,8,4,2,2,1,0.594
102,1,0,2,6,0,109,8,6,8,6,4,2,2,1,0.44928
102,1,0,2,6,0,110,9,6,6,7,4,2,2,1,0.29519
102,1,0,2,6,0,111,10,6,8,7,4,2,2,1,0.2938
102,1,0,2,6,0,112,1,6,6,3,4,1,1,1,0.51616
102,1,0,2,6,0,113,12,6,8,8,4,2,2,1,0.42941
102,1,0,2,6,0,114,6,6,8,5,4,1,1,1,0.55169
102,1,0,2,6,0,115,8,6,8,6,4,2,2,1,0.30624
102,1,0,2,6,0,116,7,6,6,6,4,2,2,1,1.6131
102,1,0,2,6,0,117,11,6,6,8,4,2,2,1,0.39913
102,1,0,2,6,0,118,8,6,8,6,4,2,2,1,0.37998
102,1,0,2,6,0,119,4,6,8,4,4,1,1,1,0.42677
102,1,0,2,6,0,120,1,6,6,3,4,1,1,1,0.50516
