104,1,0,1,2,1,1,12,6,8,8,4,2,2,1,2.2762
104,1,0,1,2,1,2,2,6,8,3,4,1,1,1,1.0399
104,1,0,1,2,1,3,4,6,8,4,4,1,1,1,0.7265
104,1,0,1,2,1,4,10,6,8,7,4,2,2,1,0.44962
104,1,0,1,2,1,5,10,6,8,7,4,2,2,1,0.58038
104,1,0,1,2,1,6,8,6,8,6,4,2,2,1,1.2064
104,1,0,1,2,1,7,4,6,8,4,4,1,1,1,0.50032
104,1,0,1,2,1,8,4,6,8,4,4,1,1,1,0.42547
104,1,0,1,2,1,9,6,6,8,5,4,1,1,1,0.52929
104,1,0,1,2,1,10,12,6,8,8,4,2,2,1,0.45019
104,1,0,1,2,1,11,8,6,8,6,4,2,2,1,0.98942
104,1,0,1,2,1,12,12,6,8,8,4,2,2,1,0.56908
104,1,0,1,2,1,13,8,6,8,6,4,2,1,0,0.39023
104,1,0,1,2,1,14,8,6,8,6,4,2,2,1,0.57195
104,1,0,1,2,1,15,6,6,8,5,4,1,1,1,0.71249
104,1,0,1,2,1,16,10,6,8,7,4,2,2,1,0.53085
104,1,0,1,2,1,17,10,6,8,7,4,2,2,1,0.49468
104,1,0,1,2,1,18,2,6,8,3,4,1,1,1,0.5199
104,1,0,1,2,1,19,2,6,8,3,4,1,1,1,0.53399
104,1,0,1,2,1,20,6,6,8,5,4,1,2,0,0.85959
104,1,0,1,2,1,21,12,6,8,8,4,2,2,1,0.60344
104,1,0,1,2,1,22,6,6,8,5,4,1,1,1,1.7359
104,1,0,1,2,1,23,2,6,8,3,4,1,1,1,0.55502
104,1,0,1,2,1,24,4,6,8,4,4,1,1,1,0.51107
104,1,0,1,2,0,1,12,6,8,8,4,2,2,1,0.67363
104,1,0,1,2,0,2,4,6,8,4,4,1,1,1,0.59012
104,1,0,1,2,0,3,2,6,8,3,4,1,1,1,0.47276
104,1,0,1,2,0,4,8,6,8,6,4,2,2,1,0.75303
104,1,0,1,2,0,5,10,6,8,7,4,2,2,1,0.55452
104,1,0,1,2,0,6,12,6,8,8,4,2,2,1,0.53069
104,1,0,1,2,0,7,6,6,8,5,4,1,1,1,2.3642
104,1,0,1,2,0,8,6,6,8,5,4,1,1,1,0.63627
104,1,0,1,2,0,9,10,6,8,7,4,2,2,1,0.59301
104,1,0,1,2,0,10,8,6,8,6,4,2,1,0,0.65377
104,1,0,1,2,0,11,4,6,8,4,4,1,1,1,0.68929
104,1,0,1,2,0,12,6,6,8,5,4,1,1,1,0.93552
104,1,0,1,2,0,13,2,6,8,3,4,1,1,1,0.60115
104,1,0,1,2,0,14,2,6,8,3,4,1,1,1,0.48824
104,1,0,1,2,0,15,10,6,8,7,4,2,2,1,0.59868
104,1,0,1,2,0,16,6,6,8,5,4,1,1,1,0.57893
104,1,0,1,2,0,17,4,6,8,4,4,1,1,1,0.57485
104,1,0,1,2,0,18,6,6,8,5,4,1,1,1,0.68139
104,1,0,1,2,0,19,4,6,8,4,4,1,1,1,0.52223
104,1,0,1,2,0,20,8,6,8,6,4,2,2,1,1.7088
104,1,0,1,2,0,21,6,6,8,5,4,1,1,1,1.2828
104,1,0,1,2,0,22,10,6,8,7,4,2,2,1,0.68868
104,1,0,1,2,0,23,4,6,8,4,4,1,1,1,0.60698
104,1,0,1,2,0,24,2,6,8,3,4,1,1,1,0.55759
104,1,0,1,2,0,25,8,6,8,6,4,2,2,1,2.4991
104,1,0,1,2,0,26,6,6,8,5,4,1,1,1,0.72693
104,1,0,1,2,0,27,10,6,8,7,4,2,2,1,0.609
104,1,0,1,2,0,28,6,6,8,5,4,1,1,1,1.1249
104,1,0,1,2,0,29,12,6,8,8,4,2,2,1,0.68058
104,1,0,1,2,0,30,10,6,8,7,4,2,2,1,0.5776
104,1,0,1,2,0,31,12,6,8,8,4,2,2,1,0.67396
104,1,0,1,2,0,32,12,6,8,8,4,2,2,1,0.46762
104,1,0,1,2,0,33,4,6,8,4,4,1,1,1,0.45907
104,1,0,1,2,0,34,2,6,8,3,4,1,1,1,0.71003
104,1,0,1,2,0,35,10,6,8,7,4,2,2,1,0.55304
104,1,0,1,2,0,36,6,6,8,5,4,1,1,1,0.50129
104,1,0,1,2,0,37,6,6,8,5,4,1,1,1,0.68427
104,1,0,1,2,0,38,10,6,8,7,4,2,2,1,0.72426
104,1,0,1,2,0,39,8,6,8,6,4,2,1,0,0.60974
104,1,0,1,2,0,40,10,6,8,7,4,2,2,1,0.57884
104,1,0,1,2,0,41,12,6,8,8,4,2,2,1,0.48234
104,1,0,1,2,0,42,12,6,8,8,4,2,2,1,0.59086
104,1,0,1,2,0,43,8,6,8,6,4,2,1,0,1.1062
104,1,0,1,2,0,44,2,6,8,3,4,1,1,1,0.68331
104,1,0,1,2,0,45,2,6,8,3,4,1,1,1,0.56406
104,1,0,1,2,0,46,8,6,8,6,4,2,2,1,0.82897
104,1,0,1,2,0,47,2,6,8,3,4,1,1,1,0.47896
104,1,0,1,2,0,48,4,6,8,4,4,1,1,1,0.56385
104,1,0,1,2,0,49,4,6,8,4,4,1,1,1,0.52006
104,1,0,1,2,0,50,8,6,8,6,4,2,2,1,1.1252
104,1,0,1,2,0,51,12,6,8,8,4,2,2,1,0.65859
104,1,0,1,2,0,52,8,6,8,6,4,2,2,1,1.0615
104,1,0,1,2,0,53,4,6,8,4,4,1,1,1,0.55851
104,1,0,1,2,0,54,6,6,8,5,4,1,1,1,0.8789
104,1,0,1,2,0,55,10,6,8,7,4,2,2,1,0.95594
104,1,0,1,2,0,56,10,6,8,7,4,2,2,1,0.58413
104,1,0,1,2,0,57,12,6,8,8,4,2,2,1,0.56068
104,1,0,1,2,0,58,12,6,8,8,4,2,2,1,0.59533
104,1,0,1,2,0,59,6,6,8,5,4,1,1,1,0.52049
104,1,0,1,2,0,60,6,6,8,5,4,1,1,1,0.64764
104,1,0,1,2,0,61,8,6,8,6,4,2,2,1,1.5917
104,1,0,1,2,0,62,8,6,8,6,4,2,2,1,0.61999
104,1,0,1,2,0,63,4,6,8,4,4,1,1,1,0.71519
104,1,0,1,2,0,64,10,6,8,7,4,2,2,1,1.1488
104,1,0,1,2,0,65,12,6,8,8,4,2,2,1,0.71607
104,1,0,1,2,0,66,4,6,8,4,4,1,1,1,0.66256
104,1,0,1,2,0,67,10,6,8,7,4,2,2,1,0.85671
104,1,0,1,2,0,68,2,6,8,3,4,1,1,1,0.43005
104,1,0,1,2,0,69,2,6,8,3,4,1,1,1,0.53781
104,1,0,1,2,0,70,12,6,8,8,4,2,2,1,0.54356
104,1,0,1,2,0,71,6,6,8,5,4,1,1,1,1.079
104,1,0,1,2,0,72,8,6,8,6,4,2,2,1,0.69118
104,1,0,1,2,0,73,4,6,8,4,4,1,1,1,0.5956
104,1,0,1,2,0,74,8,6,8,6,4,2,2,1,0.75961
104,1,0,1,2,0,75,2,6,8,3,4,1,1,1,0.53259
104,1,0,1,2,0,76,2,6,8,3,4,1,1,1,0.69804
104,1,0,1,2,0,77,10,6,8,7,4,2,2,1,0.44474
104,1,0,1,2,0,78,6,6,8,5,4,1,1,1,0.71478
104,1,0,1,2,0,79,8,6,8,6,4,2,2,1,0.70228
104,1,0,1,2,0,80,8,6,8,6,4,2,2,1,0.56121
104,1,0,1,2,0,81,8,6,8,6,4,2,2,1,1.6445
104,1,0,1,2,0,82,12,6,8,8,4,2,2,1,0.68734
104,1,0,1,2,0,83,2,6,8,3,4,1,1,1,0.6127
104,1,0,1,2,0,84,6,6,8,5,4,1,1,1,0.84213
104,1,0,1,2,0,85,4,6,8,4,4,1,1,1,0.58982
104,1,0,1,2,0,86,10,6,8,7,4,2,2,1,0.89018
104,1,0,1,2,0,87,12,6,8,8,4,2,2,1,0.75378
104,1,0,1,2,0,88,10,6,8,7,4,2,2,1,0.59677
104,1,0,1,2,0,89,12,6,8,8,4,2,2,1,0.5517
104,1,0,1,2,0,90,2,6,8,3,4,1,1,1,0.50247
104,1,0,1,2,0,91,4,6,8,4,4,1,1,1,0.59566
104,1,0,1,2,0,92,2,6,8,3,4,1,1,1,0.56201
104,1,0,1,2,0,93,2,6,8,3,4,1,1,1,0.50232
104,1,0,1,2,0,94,10,6,8,7,4,2,2,1,0.77603
104,1,0,1,2,0,95,12,6,8,8,4,2,2,1,0.58327
104,1,0,1,2,0,96,12,6,8,8,4,2,2,1,0.51308
104,1,0,1,2,0,97,12,6,8,8,4,2,2,1,0.46253
104,1,0,1,2,0,98,4,6,8,4,4,1,1,1,0.63114
104,1,0,1,2,0,99,10,6,8,7,4,2,2,1,0.72109
104,1,0,1,2,0,100,12,6,8,8,4,2,2,1,0.54905
104,1,0,1,2,0,101,6,6,8,5,4,1,1,1,0.61048
104,1,0,1,2,0,102,2,6,8,3,4,1,1,1,0.6107
104,1,0,1,2,0,103,6,6,8,5,4,1,1,1,2.3257
104,1,0,1,2,0,104,6,6,8,5,4,1,1,1,0.79685
104,1,0,1,2,0,105,4,6,8,4,4,1,1,1,0.57571
104,1,0,1,2,0,106,8,6,8,6,4,2,2,1,0.60383
104,1,0,1,2,0,107,10,6,8,7,4,2,2,1,0.61712
104,1,0,1,2,0,108,10,6,8,7,4,2,2,1,0.46982
104,1,0,1,2,0,109,8,6,8,6,4,2,2,1,0.6903
104,1,0,1,2,0,110,2,6,8,3,4,1,1,1,0.51508
104,1,0,1,2,0,111,4,6,8,4,4,1,1,1,0.46078
104,1,0,1,2,0,112,8,6,8,6,4,2,2,1,0.75864
104,1,0,1,2,0,113,6,6,8,5,4,1,1,1,0.66279
104,1,0,1,2,0,114,4,6,8,4,4,1,1,1,0.56799
104,1,0,1,2,0,115,4,6,8,4,4,1,1,1,0.70333
104,1,0,1,2,0,116,2,6,8,3,4,1,1,1,0.45049
104,1,0,1,2,0,117,4,6,8,4,4,1,1,1,0.64366
104,1,0,1,2,0,118,8,6,8,6,4,2,2,1,0.69253
104,1,0,1,2,0,119,12,6,8,8,4,2,2,1,0.54804
104,1,0,1,2,0,120,2,6,8,3,4,1,1,1,0.47648
104,1,0,1,1,1,1,5,6,6,5,4,1,1,1,1.0132
104,1,0,1,1,1,2,11,6,6,8,4,2,2,1,0.57334
104,1,0,1,1,1,3,3,6,6,4,4,1,1,1,0.83336
104,1,0,1,1,1,4,11,6,6,8,4,2,2,1,0.62273
104,1,0,1,1,1,5,5,6,6,5,4,1,1,1,0.83767
104,1,0,1,1,1,6,1,6,6,3,4,1,1,1,0.59049
104,1,0,1,1,1,7,9,6,6,7,4,2,2,1,0.97162
104,1,0,1,1,1,8,7,6,6,6,4,2,1,0,1.5053
104,1,0,1,1,1,9,9,6,6,7,4,2,2,1,1.053
104,1,0,1,1,1,10,1,6,6,3,4,1,1,1,0.49345
104,1,0,1,1,1,11,11,6,6,8,4,2,2,1,0.56354
104,1,0,1,1,1,12,11,6,6,8,4,2,2,1,0.64408
104,1,0,1,1,1,13,1,6,6,3,4,1,1,1,0.68126
104,1,0,1,1,1,14,1,6,6,3,4,1,1,1,0.63724
104,1,0,1,1,1,15,3,6,6,4,4,1,1,1,0.72549
104,1,0,1,1,1,16,5,6,6,5,4,1,1,1,2.1544
104,1,0,1,1,1,17,7,6,6,6,4,2,2,1,1.1546
104,1,0,1,1,1,18,5,6,6,5,4,1,1,1,0.86849
104,1,0,1,1,1,19,9,6,6,7,4,2,2,1,0.82929
104,1,0,1,1,1,20,9,6,6,7,4,2,2,1,0.90517
104,1,0,1,1,1,21,3,6,6,4,4,1,1,1,0.60866
104,1,0,1,1,1,22,3,6,6,4,4,1,1,1,0.74164
104,1,0,1,1,1,23,7,6,6,6,4,2,2,1,1.5531
104,1,0,1,1,1,24,7,6,6,6,4,2,2,1,1.3615
104,1,0,1,1,0,1,3,6,6,4,4,1,1,1,0.74432
104,1,0,1,1,0,2,9,6,6,7,4,2,2,1,0.70604
104,1,0,1,1,0,3,9,6,6,7,4,2,2,1,0.53191
104,1,0,1,1,0,4,5,6,6,5,4,1,1,1,0.4756
104,1,0,1,1,0,5,1,6,6,3,4,1,1,1,0.58875
104,1,0,1,1,0,6,3,6,6,4,4,1,1,1,1.3642
104,1,0,1,1,0,7,11,6,6,8,4,2,2,1,0.96274
104,1,0,1,1,0,8,9,6,6,7,4,2,2,1,1.2708
104,1,0,1,1,0,9,5,6,6,5,4,1,1,1,0.66956
104,1,0,1,1,0,10,11,6,6,8,4,2,2,1,0.68686
104,1,0,1,1,0,11,5,6,6,5,4,1,1,1,0.75668
104,1,0,1,1,0,12,9,6,6,7,4,2,2,1,1.0008
104,1,0,1,1,0,13,7,6,6,6,4,2,1,0,4.8118
104,1,0,1,1,0,14,7,6,6,6,4,2,2,1,0.72859
104,1,0,1,1,0,15,3,6,6,4,4,1,1,1,0.57128
104,1,0,1,1,0,16,1,6,6,3,4,1,1,1,0.61444
104,1,0,1,1,0,17,7,6,6,6,4,2,2,1,0.68583
104,1,0,1,1,0,18,1,6,6,3,4,1,1,1,0.57958
104,1,0,1,1,0,19,9,6,6,7,4,2,2,1,0.56025
104,1,0,1,1,0,20,7,6,6,6,4,2,2,1,0.94766
104,1,0,1,1,0,21,3,6,6,4,4,1,1,1,0.60294
104,1,0,1,1,0,22,7,6,6,6,4,2,2,1,0.68262
104,1,0,1,1,0,23,3,6,6,4,4,1,1,1,0.69804
104,1,0,1,1,0,24,11,6,6,8,4,2,2,1,0.65817
104,1,0,1,1,0,25,5,6,6,5,4,1,1,1,0.73397
104,1,0,1,1,0,26,11,6,6,8,4,2,2,1,0.79082
104,1,0,1,1,0,27,7,6,6,6,4,2,2,1,1.8319
104,1,0,1,1,0,28,1,6,6,3,4,1,1,1,0.59907
104,1,0,1,1,0,29,3,6,6,4,4,1,1,1,0.99408
104,1,0,1,1,0,30,7,6,6,6,4,2,2,1,0.78146
104,1,0,1,1,0,31,3,6,6,4,4,1,1,1,0.63074
104,1,0,1,1,0,32,9,6,6,7,4,2,2,1,0.77714
104,1,0,1,1,0,33,7,6,6,6,4,2,2,1,0.8174
104,1,0,1,1,0,34,11,6,6,8,4,2,2,1,0.9166
104,1,0,1,1,0,35,5,6,6,5,4,1,1,1,0.64873
104,1,0,1,1,0,36,11,6,6,8,4,2,2,1,0.6097
104,1,0,1,1,0,37,9,6,6,7,4,2,2,1,0.88366
104,1,0,1,1,0,38,1,6,6,3,4,1,1,1,0.57096
104,1,0,1,1,0,39,9,6,6,7,4,2,2,1,0.89989
104,1,0,1,1,0,40,3,6,6,4,4,1,1,1,0.82879
104,1,0,1,1,0,41,3,6,6,4,4,1,1,1,1.229
104,1,0,1,1,0,42,11,6,6,8,4,2,2,1,0.88357
104,1,0,1,1,0,43,5,6,6,5,4,1,1,1,0.90254
104,1,0,1,1,0,44,7,6,6,6,4,2,2,1,2.7486
104,1,0,1,1,0,45,7,6,6,6,4,2,2,1,0.58452
104,1,0,1,1,0,46,11,6,6,8,4,2,2,1,0.7044
104,1,0,1,1,0,47,1,6,6,3,4,1,1,1,0.62716
104,1,0,1,1,0,48,1,6,6,3,4,1,1,1,0.47653
104,1,0,1,1,0,49,7,6,6,6,4,2,2,1,0.65002
104,1,0,1,1,0,50,7,6,6,6,4,2,2,1,0.76555
104,1,0,1,1,0,51,7,6,6,6,4,2,2,1,0.80642
104,1,0,1,1,0,52,1,6,6,3,4,1,1,1,0.53355
104,1,0,1,1,0,53,5,6,6,5,4,1,1,1,1.0857
104,1,0,1,1,0,54,11,6,6,8,4,2,2,1,0.61259
104,1,0,1,1,0,55,7,6,6,6,4,2,2,1,2.0142
104,1,0,1,1,0,56,3,6,6,4,4,1,1,1,0.52966
104,1,0,1,1,0,57,3,6,6,4,4,1,1,1,0.64573
104,1,0,1,1,0,58,5,6,6,5,4,1,1,1,0.48583
104,1,0,1,1,0,59,3,6,6,4,4,1,1,1,0.52701
104,1,0,1,1,0,60,5,6,6,5,4,1,1,1,1.2567
104,1,0,1,1,0,61,11,6,6,8,4,2,2,1,0.54076
104,1,0,1,1,0,62,5,6,6,5,4,1,1,1,0.80283
104,1,0,1,1,0,63,1,6,6,3,4,1,1,1,0.48714
104,1,0,1,1,0,64,3,6,6,4,4,1,1,1,0.45911
104,1,0,1,1,0,65,9,6,6,7,4,2,2,1,0.84081
104,1,0,1,1,0,66,7,6,6,6,4,2,2,1,2.2226
104,1,0,1,1,0,67,5,6,6,5,4,1,1,1,0.57212
104,1,0,1,1,0,68,9,6,6,7,4,2,2,1,0.69035
104,1,0,1,1,0,69,7,6,6,6,4,2,2,1,1.3628
104,1,0,1,1,0,70,11,6,6,8,4,2,2,1,0.53445
104,1,0,1,1,0,71,9,6,6,7,4,2,2,1,0.99679
104,1,0,1,1,0,72,11,6,6,8,4,2,2,1,0.62814
104,1,0,1,1,0,73,11,6,6,8,4,2,2,1,0.60717
104,1,0,1,1,0,74,9,6,6,7,4,2,2,1,0.81803
104,1,0,1,1,0,75,9,6,6,7,4,2,2,1,1.0157
104,1,0,1,1,0,76,7,6,6,6,4,2,2,1,2.2632
104,1,0,1,1,0,77,1,6,6,3,4,1,1,1,1.0704
104,1,0,1,1,0,78,1,6,6,3,4,1,1,1,0.88022
104,1,0,1,1,0,79,7,6,6,6,4,2,2,1,0.87618
104,1,0,1,1,0,80,5,6,6,5,4,1,1,1,1.1299
104,1,0,1,1,0,81,7,6,6,6,4,2,2,1,0.81673
104,1,0,1,1,0,82,3,6,6,4,4,1,1,1,0.93238
104,1,0,1,1,0,83,1,6,6,3,4,1,1,1,0.67686
104,1,0,1,1,0,84,5,6,6,5,4,1,1,1,2.6592
104,1,0,1,1,0,85,5,6,6,5,4,1,1,1,1.688
104,1,0,1,1,0,86,3,6,6,4,4,1,1,1,0.92418
104,1,0,1,1,0,87,11,6,6,8,4,2,2,1,0.72802
104,1,0,1,1,0,88,11,6,6,8,4,2,2,1,0.81447
104,1,0,1,1,0,89,5,6,6,5,4,1,1,1,0.8567
104,1,0,1,1,0,90,11,6,6,8,4,2,2,1,0.81135
104,1,0,1,1,0,91,11,6,6,8,4,2,2,1,1.1362
104,1,0,1,1,0,92,11,6,6,8,4,2,2,1,0.65552
104,1,0,1,1,0,93,1,6,6,3,4,1,1,1,0.71742
104,1,0,1,1,0,94,5,6,6,5,4,1,1,1,1.7821
104,1,0,1,1,0,95,5,6,6,5,4,1,1,1,1.3561
104,1,0,1,1,0,96,5,6,6,5,4,1,1,1,1.049
104,1,0,1,1,0,97,11,6,6,8,4,2,2,1,0.72889
104,1,0,1,1,0,98,3,6,6,4,4,1,1,1,1.4075
104,1,0,1,1,0,99,1,6,6,3,4,1,1,1,0.51309
104,1,0,1,1,0,100,1,6,6,3,4,1,1,1,0.63377
104,1,0,1,1,0,101,9,6,6,7,4,2,2,1,1.192
104,1,0,1,1,0,102,3,6,6,4,4,1,1,1,0.50835
104,1,0,1,1,0,103,7,6,6,6,4,2,2,1,0.89215
104,1,0,1,1,0,104,9,6,6,7,4,2,2,1,0.68153
104,1,0,1,1,0,105,3,6,6,4,4,1,1,1,0.4945
104,1,0,1,1,0,106,9,6,6,7,4,2,2,1,0.8044
104,1,0,1,1,0,107,9,6,6,7,4,2,2,1,0.53928
104,1,0,1,1,0,108,1,6,6,3,4,1,1,1,0.48087
104,1,0,1,1,0,109,11,6,6,8,4,2,2,1,0.58133
104,1,0,1,1,0,110,9,6,6,7,4,2,2,1,0.65841
104,1,0,1,1,0,111,5,6,6,5,4,1,1,1,0.43033
104,1,0,1,1,0,112,1,6,6,3,4,1,1,1,0.56068
104,1,0,1,1,0,113,9,6,6,7,4,2,2,1,0.59009
104,1,0,1,1,0,114,1,6,6,3,4,1,1,1,0.61127
104,1,0,1,1,0,115,5,6,6,5,4,1,1,1,1.2296
104,1,0,1,1,0,116,1,6,6,3,4,1,1,1,0.52227
104,1,0,1,1,0,117,9,6,6,7,4,2,2,1,0.54194
104,1,0,1,1,0,118,1,6,6,3,4,1,1,1,0.45395
104,1,0,1,1,0,119,3,6,6,4,4,1,1,1,0.54889
104,1,0,1,1,0,120,3,6,6,4,4,1,1,1,0.88718
104,1,0,1,4,1,1,9,6,6,7,4,2,2,1,0.66129
104,1,0,1,4,1,2,4,6,8,4,4,1,1,1,0.47975
104,1,0,1,4,1,3,4,6,8,4,4,1,1,1,0.71816
104,1,0,1,4,1,4,6,6,8,5,4,1,1,1,0.94478
104,1,0,1,4,1,5,7,6,6,6,4,2,2,1,0.9114
104,1,0,1,4,1,6,9,6,6,7,4,2,2,1,0.66036
104,1,0,1,4,1,7,11,6,6,8,4,2,2,1,0.58842
104,1,0,1,4,1,8,11,6,6,8,4,2,2,1,0.49353
104,1,0,1,4,1,9,7,6,6,6,4,2,2,1,1.2673
104,1,0,1,4,1,10,6,6,8,5,4,1,1,1,0.62788
104,1,0,1,4,1,11,7,6,6,6,4,2,2,1,2.1793
104,1,0,1,4,1,12,2,6,8,3,4,1,1,1,0.67282
104,1,0,1,4,1,13,9,6,6,7,4,2,2,1,0.68855
104,1,0,1,4,1,14,2,6,8,3,4,1,1,1,0.60676
104,1,0,1,4,1,15,9,6,6,7,4,2,2,1,0.60137
104,1,0,1,4,1,16,4,6,8,4,4,1,1,1,0.52512
104,1,0,1,4,1,17,4,6,8,4,4,1,1,1,0.55379
104,1,0,1,4,1,18,6,6,8,5,4,1,1,1,0.93319
104,1,0,1,4,1,19,6,6,8,5,4,1,1,1,0.77142
104,1,0,1,4,1,20,11,6,6,8,4,2,2,1,0.65363
104,1,0,1,4,1,21,2,6,8,3,4,1,1,1,0.54112
104,1,0,1,4,1,22,11,6,6,8,4,2,2,1,0.5622
104,1,0,1,4,1,23,2,6,8,3,4,1,1,1,0.52664
104,1,0,1,4,1,24,7,6,6,6,4,2,2,1,1.4554
104,1,0,1,4,0,1,9,6,6,7,4,2,2,1,1.6586
104,1,0,1,4,0,2,2,6,8,3,4,1,1,1,0.6404
104,1,0,1,4,0,3,6,6,8,5,4,1,1,1,0.98865
104,1,0,1,4,0,4,11,6,6,8,4,2,2,1,1.3917
104,1,0,1,4,0,5,6,6,8,5,4,1,1,1,0.88576
104,1,0,1,4,0,6,2,6,8,3,4,1,1,1,0.54834
104,1,0,1,4,0,7,4,6,8,4,4,1,1,1,0.54486
104,1,0,1,4,0,8,11,6,6,8,4,2,2,1,1.2214
104,1,0,1,4,0,9,7,6,6,6,4,2,1,0,1.4855
104,1,0,1,4,0,10,6,6,8,5,4,1,1,1,0.79217
104,1,0,1,4,0,11,7,6,6,6,4,2,2,1,0.68248
104,1,0,1,4,0,12,6,6,8,5,4,1,1,1,0.52359
104,1,0,1,4,0,13,11,6,6,8,4,2,2,1,0.62703
104,1,0,1,4,0,14,2,6,8,3,4,1,1,1,0.56056
104,1,0,1,4,0,15,4,6,8,4,4,1,1,1,0.96682
104,1,0,1,4,0,16,9,6,6,7,4,2,2,1,1.3363
104,1,0,1,4,0,17,4,6,8,4,4,1,1,1,0.61092
104,1,0,1,4,0,18,6,6,8,5,4,1,1,1,1.6532
104,1,0,1,4,0,19,2,6,8,3,4,1,1,1,0.51256
104,1,0,1,4,0,20,9,6,6,7,4,2,2,1,1.144
104,1,0,1,4,0,21,6,6,8,5,4,1,1,1,0.56253
104,1,0,1,4,0,22,2,6,8,3,4,1,1,1,0.47547
104,1,0,1,4,0,23,11,6,6,8,4,2,2,1,0.69337
104,1,0,1,4,0,24,6,6,8,5,4,1,1,1,0.55116
104,1,0,1,4,0,25,7,6,6,6,4,2,2,1,0.744
104,1,0,1,4,0,26,2,6,8,3,4,1,1,1,0.55717
104,1,0,1,4,0,27,9,6,6,7,4,2,2,1,0.56578
104,1,0,1,4,0,28,7,6,6,6,4,2,2,1,2.3696
104,1,0,1,4,0,29,11,6,6,8,4,2,2,1,0.82383
104,1,0,1,4,0,30,9,6,6,7,4,2,2,1,1.0347
104,1,0,1,4,0,31,9,6,6,7,4,2,2,1,0.68369
104,1,0,1,4,0,32,4,6,8,4,4,1,1,1,0.56359
104,1,0,1,4,0,33,7,6,6,6,4,2,2,1,0.91742
104,1,0,1,4,0,34,7,6,6,6,4,2,2,1,0.72701
104,1,0,1,4,0,35,2,6,8,3,4,1,1,1,0.42733
104,1,0,1,4,0,36,4,6,8,4,4,1,1,1,0.52984
104,1,0,1,4,0,37,9,6,6,7,4,2,2,1,0.67605
104,1,0,1,4,0,38,11,6,6,8,4,2,2,1,0.56679
104,1,0,1,4,0,39,7,6,6,6,4,2,2,1,3.8152
104,1,0,1,4,0,40,11,6,6,8,4,2,2,1,0.62827
104,1,0,1,4,0,41,9,6,6,7,4,2,2,1,0.55779
104,1,0,1,4,0,42,7,6,6,6,4,2,2,1,0.63077
104,1,0,1,4,0,43,9,6,6,7,4,2,2,1,0.48895
104,1,0,1,4,0,44,11,6,6,8,4,2,2,1,0.43876
104,1,0,1,4,0,45,4,6,8,4,4,1,1,1,0.33067
104,1,0,1,4,0,46,11,6,6,8,4,2,1,0,0.53021
104,1,0,1,4,0,47,9,6,6,7,4,2,2,1,0.57
104,1,0,1,4,0,48,2,6,8,3,4,1,1,1,0.64336
104,1,0,1,4,0,49,4,6,8,4,4,1,1,1,0.41722
104,1,0,1,4,0,50,2,6,8,3,4,1,1,1,0.60685
104,1,0,1,4,0,51,4,6,8,4,4,1,1,1,0.70386
104,1,0,1,4,0,52,7,6,6,6,4,2,2,1,1.1193
104,1,0,1,4,0,53,11,6,6,8,4,2,2,1,0.64024
104,1,0,1,4,0,54,6,6,8,5,4,1,1,1,0.77609
104,1,0,1,4,0,55,6,6,8,5,4,1,1,1,0.64376
104,1,0,1,4,0,56,2,6,8,3,4,1,1,1,0.44676
104,1,0,1,4,0,57,2,6,8,3,4,1,1,1,0.56265
104,1,0,1,4,0,58,4,6,8,4,4,1,1,1,0.58233
104,1,0,1,4,0,59,9,6,6,7,4,2,2,1,0.82289
104,1,0,1,4,0,60,7,6,6,6,4,2,2,1,0.74251
104,1,0,1,4,0,61,2,6,8,3,4,1,1,1,0.78293
104,1,0,1,4,0,62,4,6,8,4,4,1,1,1,0.94003
104,1,0,1,4,0,63,2,6,8,3,4,1,1,1,0.61274
104,1,0,1,4,0,64,4,6,8,4,4,1,1,1,0.53661
104,1,0,1,4,0,65,11,6,6,8,4,2,2,1,0.73906
104,1,0,1,4,0,66,2,6,8,3,4,1,1,1,0.46637
104,1,0,1,4,0,67,7,6,6,6,4,2,2,1,0.84519
104,1,0,1,4,0,68,4,6,8,4,4,1,1,1,1.8723
104,1,0,1,4,0,69,4,6,8,4,4,1,1,1,0.53164
104,1,0,1,4,0,70,9,6,6,7,4,2,2,1,1.2399
104,1,0,1,4,0,71,6,6,8,5,4,1,1,1,0.98696
104,1,0,1,4,0,72,9,6,6,7,4,2,2,1,0.95119
104,1,0,1,4,0,73,7,6,6,6,4,2,2,1,2.1464
104,1,0,1,4,0,74,6,6,8,5,4,1,1,1,0.58028
104,1,0,1,4,0,75,6,6,8,5,4,1,1,1,0.71635
104,1,0,1,4,0,76,11,6,6,8,4,2,2,1,0.57287
104,1,0,1,4,0,77,11,6,6,8,4,2,2,1,0.74706
104,1,0,1,4,0,78,7,6,6,6,4,2,2,1,1.0492
104,1,0,1,4,0,79,7,6,6,6,4,2,2,1,1.1911
104,1,0,1,4,0,80,7,6,6,6,4,2,2,1,0.52369
104,1,0,1,4,0,81,9,6,6,7,4,2,2,1,0.57239
104,1,0,1,4,0,82,11,6,6,8,4,2,2,1,0.75554
104,1,0,1,4,0,83,9,6,6,7,4,2,2,1,1.0837
104,1,0,1,4,0,84,4,6,8,4,4,1,1,1,0.66646
104,1,0,1,4,0,85,4,6,8,4,4,1,1,1,0.78173
104,1,0,1,4,0,86,6,6,8,5,4,1,1,1,0.78425
104,1,0,1,4,0,87,4,6,8,4,4,1,1,1,0.95945
104,1,0,1,4,0,88,6,6,8,5,4,1,1,1,1.3551
104,1,0,1,4,0,89,7,6,6,6,4,2,2,1,0.99672
104,1,0,1,4,0,90,7,6,6,6,4,2,2,1,1.2557
104,1,0,1,4,0,91,4,6,8,4,4,1,1,1,0.67902
104,1,0,1,4,0,92,2,6,8,3,4,1,1,1,1.2617
104,1,0,1,4,0,93,9,6,6,7,4,2,2,1,0.70083
104,1,0,1,4,0,94,11,6,6,8,4,2,2,1,0.61042
104,1,0,1,4,0,95,6,6,8,5,4,1,1,1,0.8586
104,1,0,1,4,0,96,4,6,8,4,4,1,1,1,1.0768
104,1,0,1,4,0,97,2,6,8,3,4,1,1,1,0.76019
104,1,0,1,4,0,98,9,6,6,7,4,2,2,1,0.73245
104,1,0,1,4,0,99,7,6,6,6,4,2,2,1,0.73956
104,1,0,1,4,0,100,6,6,8,5,4,1,1,1,1.0624
104,1,0,1,4,0,101,7,6,6,6,4,2,2,1,0.65351
104,1,0,1,4,0,102,11,6,6,8,4,2,2,1,0.69221
104,1,0,1,4,0,103,2,6,8,3,4,1,1,1,0.6242
104,1,0,1,4,0,104,11,6,6,8,4,2,2,1,0.58968
104,1,0,1,4,0,105,11,6,6,8,4,2,2,1,0.68915
104,1,0,1,4,0,106,4,6,8,4,4,1,1,1,0.46338
104,1,0,1,4,0,107,11,6,6,8,4,2,2,1,0.5511
104,1,0,1,4,0,108,9,6,6,7,4,2,2,1,0.72422
104,1,0,1,4,0,109,4,6,8,4,4,1,1,1,0.62376
104,1,0,1,4,0,110,9,6,6,7,4,2,2,1,0.60748
104,1,0,1,4,0,111,6,6,8,5,4,1,1,1,0.69315
104,1,0,1,4,0,112,6,6,8,5,4,1,1,1,0.64753
104,1,0,1,4,0,113,2,6,8,3,4,1,1,1,0.82742
104,1,0,1,4,0,114,7,6,6,6,4,2,2,1,0.65879
104,1,0,1,4,0,115,9,6,6,7,4,2,2,1,0.62741
104,1,0,1,4,0,116,6,6,8,5,4,1,1,1,0.77481
104,1,0,1,4,0,117,6,6,8,5,4,1,1,1,0.68737
104,1,0,1,4,0,118,2,6,8,3,4,1,1,1,0.65897
104,1,0,1,4,0,119,2,6,8,3,4,1,1,1,0.56233
104,1,0,1,4,0,120,11,6,6,8,4,2,2,1,0.59606
104,1,0,1,3,1,1,8,6,8,6,4,2,2,1,0.6296
104,1,0,1,3,1,2,1,6,6,3,4,1,1,1,0.51462
104,1,0,1,3,1,3,10,6,8,7,4,2,2,1,0.66411
104,1,0,1,3,1,4,5,6,6,5,4,1,1,1,0.92677
104,1,0,1,3,1,5,8,6,8,6,4,2,2,1,1.4988
104,1,0,1,3,1,6,12,6,8,8,4,2,2,1,0.58454
104,1,0,1,3,1,7,5,6,6,5,4,1,1,1,0.88722
104,1,0,1,3,1,8,12,6,8,8,4,2,2,1,0.61429
104,1,0,1,3,1,9,5,6,6,5,4,1,1,1,0.7793
104,1,0,1,3,1,10,1,6,6,3,4,1,1,1,0.5755
104,1,0,1,3,1,11,10,6,8,7,4,2,2,1,0.72811
104,1,0,1,3,1,12,12,6,8,8,4,2,2,1,0.6367
104,1,0,1,3,1,13,3,6,6,4,4,1,1,1,0.79197
104,1,0,1,3,1,14,3,6,6,4,4,1,1,1,0.7265
104,1,0,1,3,1,15,8,6,8,6,4,2,2,1,0.78649
104,1,0,1,3,1,16,10,6,8,7,4,2,2,1,1.0674
104,1,0,1,3,1,17,10,6,8,7,4,2,2,1,0.54946
104,1,0,1,3,1,18,3,6,6,4,4,1,1,1,0.46525
104,1,0,1,3,1,19,1,6,6,3,4,1,1,1,0.58966
104,1,0,1,3,1,20,12,6,8,8,4,2,2,1,0.53813
104,1,0,1,3,1,21,3,6,6,4,4,1,1,1,0.60849
104,1,0,1,3,1,22,1,6,6,3,4,1,1,1,0.59098
104,1,0,1,3,1,23,5,6,6,5,4,1,1,1,2.3039
104,1,0,1,3,1,24,8,6,8,6,4,2,2,1,0.63159
104,1,0,1,3,0,1,3,6,6,4,4,1,1,1,1.6391
104,1,0,1,3,0,2,10,6,8,7,4,2,2,1,0.4906
104,1,0,1,3,0,3,10,6,8,7,4,2,2,1,0.36716
104,1,0,1,3,0,4,10,6,8,7,4,2,2,1,0.48077
104,1,0,1,3,0,5,1,6,6,3,4,1,1,1,0.53641
104,1,0,1,3,0,6,5,6,6,5,4,1,1,1,0.88828
104,1,0,1,3,0,7,5,6,6,5,4,1,1,1,0.46644
104,1,0,1,3,0,8,1,6,6,3,4,1,1,1,0.47607
104,1,0,1,3,0,9,1,6,6,3,4,1,1,1,0.53228
104,1,0,1,3,0,10,3,6,6,4,4,1,1,1,0.58593
104,1,0,1,3,0,11,1,6,6,3,4,1,1,1,0.42862
104,1,0,1,3,0,12,5,6,6,5,4,1,1,1,1.0685
104,1,0,1,3,0,13,1,6,6,3,4,1,1,1,0.55242
104,1,0,1,3,0,14,12,6,8,8,4,2,2,1,0.51296
104,1,0,1,3,0,15,1,6,6,3,4,1,1,1,0.55374
104,1,0,1,3,0,16,1,6,6,3,4,1,1,1,0.6097
104,1,0,1,3,0,17,3,6,6,4,4,1,1,1,0.76892
104,1,0,1,3,0,18,1,6,6,3,4,1,1,1,0.6595
104,1,0,1,3,0,19,5,6,6,5,4,1,1,1,1.6597
104,1,0,1,3,0,20,12,6,8,8,4,2,2,1,0.55638
104,1,0,1,3,0,21,1,6,6,3,4,1,1,1,0.51761
104,1,0,1,3,0,22,10,6,8,7,4,2,2,1,0.61664
104,1,0,1,3,0,23,1,6,6,3,4,1,1,1,0.61272
104,1,0,1,3,0,24,5,6,6,5,4,1,1,1,5.7831
104,1,0,1,3,0,25,3,6,6,4,4,1,1,1,0.97166
104,1,0,1,3,0,26,5,6,6,5,4,1,1,1,1.4535
104,1,0,1,3,0,27,10,6,8,7,4,2,2,1,0.77959
104,1,0,1,3,0,28,3,6,6,4,4,1,1,1,0.8416
104,1,0,1,3,0,29,12,6,8,8,4,2,2,1,0.62484
104,1,0,1,3,0,30,3,6,6,4,4,1,1,1,0.61461
104,1,0,1,3,0,31,3,6,6,4,4,1,1,1,0.58231
104,1,0,1,3,0,32,1,6,6,3,4,1,1,1,0.69472
104,1,0,1,3,0,33,12,6,8,8,4,2,2,1,1.1228
104,1,0,1,3,0,34,12,6,8,8,4,2,2,1,1.0389
104,1,0,1,3,0,35,8,6,8,6,4,2,2,1,1.9857
104,1,0,1,3,0,36,5,6,6,5,4,1,1,1,0.77488
104,1,0,1,3,0,37,1,6,6,3,4,1,1,1,0.73289
104,1,0,1,3,0,38,3,6,6,4,4,1,1,1,1.0994
104,1,0,1,3,0,39,3,6,6,4,4,1,1,1,0.88492
104,1,0,1,3,0,40,10,6,8,7,4,2,2,1,1.0803
104,1,0,1,3,0,41,12,6,8,8,4,2,2,1,0.91666
104,1,0,1,3,0,42,12,6,8,8,4,2,2,1,0.96715
104,1,0,1,3,0,43,5,6,6,5,4,1,1,1,1.1782
104,1,0,1,3,0,44,8,6,8,6,4,2,2,1,1.7224
104,1,0,1,3,0,45,8,6,8,6,4,2,2,1,1.071
104,1,0,1,3,0,46,5,6,6,5,4,1,1,1,0.86162
104,1,0,1,3,0,47,3,6,6,4,4,1,1,1,1.0802
104,1,0,1,3,0,48,3,6,6,4,4,1,1,1,1.1903
104,1,0,1,3,0,49,10,6,8,7,4,2,2,1,0.93678
104,1,0,1,3,0,50,8,6,8,6,4,2,1,0,4.5959
104,1,0,1,3,0,51,12,6,8,8,4,2,2,1,1.0265
104,1,0,1,3,0,52,10,6,8,7,4,2,2,1,1.3426
104,1,0,1,3,0,53,1,6,6,3,4,1,1,1,0.99684
104,1,0,1,3,0,54,10,6,8,7,4,2,2,1,0.55999
104,1,0,1,3,0,55,12,6,8,8,4,2,2,1,0.53484
104,1,0,1,3,0,56,8,6,8,6,4,2,2,1,0.90092
104,1,0,1,3,0,57,8,6,8,6,4,2,2,1,0.53732
104,1,0,1,3,0,58,10,6,8,7,4,2,2,1,0.66441
104,1,0,1,3,0,59,1,6,6,3,4,1,1,1,0.56219
104,1,0,1,3,0,60,5,6,6,5,4,1,1,1,0.79142
104,1,0,1,3,0,61,3,6,6,4,4,1,1,1,0.59872
104,1,0,1,3,0,62,1,6,6,3,4,1,1,1,0.56409
104,1,0,1,3,0,63,8,6,8,6,4,2,2,1,1.3296
104,1,0,1,3,0,64,12,6,8,8,4,2,2,1,1.0089
104,1,0,1,3,0,65,5,6,6,5,4,1,1,1,0.78745
104,1,0,1,3,0,66,5,6,6,5,4,1,1,1,0.56946
104,1,0,1,3,0,67,8,6,8,6,4,2,2,1,0.73908
104,1,0,1,3,0,68,5,6,6,5,4,1,1,1,0.58269
104,1,0,1,3,0,69,1,6,6,3,4,1,1,1,0.69026
104,1,0,1,3,0,70,3,6,6,4,4,1,1,1,0.61807
104,1,0,1,3,0,71,12,6,8,8,4,2,2,1,0.56084
104,1,0,1,3,0,72,3,6,6,4,4,1,1,1,0.63233
104,1,0,1,3,0,73,5,6,6,5,4,1,1,1,0.97327
104,1,0,1,3,0,74,10,6,8,7,4,2,2,1,0.61807
104,1,0,1,3,0,75,3,6,6,4,4,1,1,1,0.61859
104,1,0,1,3,0,76,5,6,6,5,4,1,1,1,1.0867
104,1,0,1,3,0,77,10,6,8,7,4,2,2,1,0.57926
104,1,0,1,3,0,78,8,6,8,6,4,2,2,1,1.1833
104,1,0,1,3,0,79,12,6,8,8,4,2,2,1,0.62932
104,1,0,1,3,0,80,8,6,8,6,4,2,2,1,1.108
104,1,0,1,3,0,81,8,6,8,6,4,2,2,1,1.5111
104,1,0,1,3,0,82,8,6,8,6,4,2,2,1,1.1508
104,1,0,1,3,0,83,10,6,8,7,4,2,2,1,1.1029
104,1,0,1,3,0,84,12,6,8,8,4,2,2,1,1.2026
104,1,0,1,3,0,85,5,6,6,5,4,1,1,1,1.1333
104,1,0,1,3,0,86,12,6,8,8,4,2,2,1,1.2536
104,1,0,1,3,0,87,3,6,6,4,4,1,1,1,1.1154
104,1,0,1,3,0,88,8,6,8,6,4,2,2,1,1.2177
104,1,0,1,3,0,89,3,6,6,4,4,1,1,1,1.2839
104,1,0,1,3,0,90,8,6,8,6,4,2,2,1,1.2672
104,1,0,1,3,0,91,5,6,6,5,4,1,1,1,0.88495
104,1,0,1,3,0,92,8,6,8,6,4,2,2,1,1.3302
104,1,0,1,3,0,93,10,6,8,7,4,2,2,1,0.79365
104,1,0,1,3,0,94,8,6,8,6,4,2,2,1,1.0279
104,1,0,1,3,0,95,3,6,6,4,4,1,1,1,1.7318
104,1,0,1,3,0,96,12,6,8,8,4,2,2,1,1.0889
104,1,0,1,3,0,97,10,6,8,7,4,2,2,1,1.0816
104,1,0,1,3,0,98,12,6,8,8,4,2,2,1,1.0482
104,1,0,1,3,0,99,10,6,8,7,4,2,2,1,1.4911
104,1,0,1,3,0,100,10,6,8,7,4,2,2,1,1.0095
104,1,0,1,3,0,101,10,6,8,7,4,2,2,1,1.0368
104,1,0,1,3,0,102,8,6,8,6,4,2,2,1,0.87458
104,1,0,1,3,0,103,8,6,8,6,4,2,2,1,1.1983
104,1,0,1,3,0,104,8,6,8,6,4,2,2,1,1.3837
104,1,0,1,3,0,105,1,6,6,3,4,1,1,1,1.1409
104,1,0,1,3,0,106,5,6,6,5,4,1,1,1,1.8255
104,1,0,1,3,0,107,10,6,8,7,4,2,2,1,0.96228
104,1,0,1,3,0,108,5,6,6,5,4,1,1,1,0.99098
104,1,0,1,3,0,109,5,6,6,5,4,1,1,1,4.0468
104,1,0,1,3,0,110,1,6,6,3,4,1,1,1,1.1664
104,1,0,1,3,0,111,12,6,8,8,4,2,2,1,1.0427
104,1,0,1,3,0,112,12,6,8,8,4,2,2,1,0.92762
104,1,0,1,3,0,113,3,6,6,4,4,1,1,1,1.1716
104,1,0,1,3,0,114,8,6,8,6,4,2,2,1,1.396
104,1,0,1,3,0,115,1,6,6,3,4,1,1,1,1.1326
104,1,0,1,3,0,116,10,6,8,7,4,2,2,1,1.3612
104,1,0,1,3,0,117,3,6,6,4,4,1,1,1,0.95962
104,1,0,1,3,0,118,1,6,6,3,4,1,1,1,1.0322
104,1,0,1,3,0,119,12,6,8,8,4,2,2,1,0.94189
104,1,0,1,3,0,120,12,6,8,8,4,2,2,1,1.0557
104,1,0,1,5,1,1,3,6,6,4,4,1,1,1,1.1107
104,1,0,1,5,1,2,11,6,6,8,4,2,2,1,1.0057
104,1,0,1,5,1,3,4,6,8,4,4,1,1,1,0.44307
104,1,0,1,5,1,4,7,6,6,6,4,2,2,1,1.9565
104,1,0,1,5,1,5,2,6,8,3,4,1,1,1,0.56132
104,1,0,1,5,1,6,1,6,6,3,4,1,1,1,0.75987
104,1,0,1,5,1,7,9,6,6,7,4,2,2,1,0.87858
104,1,0,1,5,1,8,11,6,6,8,4,2,2,1,1.0133
104,1,0,1,5,1,9,3,6,6,4,4,1,1,1,0.994
104,1,0,1,5,1,10,8,6,8,6,4,2,2,1,1.6716
104,1,0,1,5,1,11,7,6,6,6,4,2,2,1,0.73335
104,1,0,1,5,1,12,12,6,8,8,4,2,2,1,0.69923
104,1,0,1,5,1,13,5,6,6,5,4,1,1,1,1.2567
104,1,0,1,5,1,14,5,6,6,5,4,1,1,1,1.0754
104,1,0,1,5,1,15,1,6,6,3,4,1,1,1,0.57835
104,1,0,1,5,1,16,2,6,8,3,4,1,1,1,0.58634
104,1,0,1,5,1,17,12,6,8,8,4,2,2,1,1.0437
104,1,0,1,5,1,18,6,6,8,5,4,1,1,1,0.8669
104,1,0,1,5,1,19,10,6,8,7,4,2,2,1,1.2927
104,1,0,1,5,1,20,9,6,6,7,4,2,2,1,0.90617
104,1,0,1,5,1,21,8,6,8,6,4,2,2,1,0.73532
104,1,0,1,5,1,22,6,6,8,5,4,1,1,1,0.69498
104,1,0,1,5,1,23,4,6,8,4,4,1,1,1,0.46459
104,1,0,1,5,1,24,10,6,8,7,4,2,2,1,0.92844
104,1,0,1,5,0,1,2,6,8,3,4,1,1,1,0.60677
104,1,0,1,5,0,2,10,6,8,7,4,2,2,1,0.60391
104,1,0,1,5,0,3,8,6,8,6,4,2,2,1,0.5562
104,1,0,1,5,0,4,12,6,8,8,4,2,2,1,0.52439
104,1,0,1,5,0,5,4,6,8,4,4,1,1,1,0.81681
104,1,0,1,5,0,6,2,6,8,3,4,1,1,1,0.80124
104,1,0,1,5,0,7,1,6,6,3,4,1,1,1,0.63761
104,1,0,1,5,0,8,11,6,6,8,4,2,2,1,0.80237
104,1,0,1,5,0,9,4,6,8,4,4,1,1,1,0.81456
104,1,0,1,5,0,10,7,6,6,6,4,2,2,1,2.1228
104,1,0,1,5,0,11,5,6,6,5,4,1,1,1,0.36676
104,1,0,1,5,0,12,8,6,8,6,4,2,2,1,0.80144
104,1,0,1,5,0,13,9,6,6,7,4,2,2,1,1.2202
104,1,0,1,5,0,14,9,6,6,7,4,2,2,1,0.5866
104,1,0,1,5,0,15,9,6,6,7,4,2,2,1,0.61009
104,1,0,1,5,0,16,6,6,8,5,4,1,1,1,0.71183
104,1,0,1,5,0,17,8,6,8,6,4,2,2,1,0.77545
104,1,0,1,5,0,18,9,6,6,7,4,2,2,1,1.1966
104,1,0,1,5,0,19,4,6,8,4,4,1,1,1,0.37065
104,1,0,1,5,0,20,7,6,6,6,4,2,1,0,1.2231
104,1,0,1,5,0,21,2,6,8,3,4,1,1,1,0.56229
104,1,0,1,5,0,22,2,6,8,3,4,1,1,1,0.54804
104,1,0,1,5,0,23,5,6,6,5,4,1,2,0,1.8481
104,1,0,1,5,0,24,9,6,6,7,4,2,2,1,0.75686
104,1,0,1,5,0,25,8,6,8,6,4,2,2,1,1.176
104,1,0,1,5,0,26,4,6,8,4,4,1,1,1,0.62308
104,1,0,1,5,0,27,11,6,6,8,4,2,2,1,0.98072
104,1,0,1,5,0,28,3,6,6,4,4,1,1,1,0.66613
104,1,0,1,5,0,29,8,6,8,6,4,2,2,1,0.95801
104,1,0,1,5,0,30,6,6,8,5,4,1,1,1,0.7539
104,1,0,1,5,0,31,6,6,8,5,4,1,1,1,1.3917
104,1,0,1,5,0,32,4,6,8,4,4,1,1,1,0.57927
104,1,0,1,5,0,33,5,6,6,5,4,1,1,1,0.80879
104,1,0,1,5,0,34,3,6,6,4,4,1,1,1,0.4982
104,1,0,1,5,0,35,6,6,8,5,4,1,1,1,0.5395
104,1,0,1,5,0,36,9,6,6,7,4,2,2,1,0.76988
104,1,0,1,5,0,37,1,6,6,3,4,1,1,1,0.86121
104,1,0,1,5,0,38,11,6,6,8,4,2,2,1,0.91204
104,1,0,1,5,0,39,7,6,6,6,4,2,2,1,1.1727
104,1,0,1,5,0,40,6,6,8,5,4,1,1,1,1.3209
104,1,0,1,5,0,41,1,6,6,3,4,1,1,1,0.84618
104,1,0,1,5,0,42,1,6,6,3,4,1,1,1,0.83243
104,1,0,1,5,0,43,10,6,8,7,4,2,2,1,0.71329
104,1,0,1,5,0,44,8,6,8,6,4,2,2,1,1.0213
104,1,0,1,5,0,45,2,6,8,3,4,1,1,1,0.60245
104,1,0,1,5,0,46,12,6,8,8,4,2,2,1,0.65034
104,1,0,1,5,0,47,5,6,6,5,4,1,1,1,1.0066
104,1,0,1,5,0,48,3,6,6,4,4,1,1,1,0.96421
104,1,0,1,5,0,49,6,6,8,5,4,1,1,1,1.1509
104,1,0,1,5,0,50,3,6,6,4,4,1,1,1,0.53905
104,1,0,1,5,0,51,10,6,8,7,4,2,2,1,0.54033
104,1,0,1,5,0,52,4,6,8,4,4,1,1,1,0.77673
104,1,0,1,5,0,53,3,6,6,4,4,1,1,1,0.72546
104,1,0,1,5,0,54,6,6,8,5,4,1,2,0,2.0454
104,1,0,1,5,0,55,11,6,6,8,4,2,2,1,0.64398
104,1,0,1,5,0,56,7,6,6,6,4,2,2,1,1.2258
104,1,0,1,5,0,57,7,6,6,6,4,2,2,1,2.0204
104,1,0,1,5,0,58,9,6,6,7,4,2,2,1,0.71406
104,1,0,1,5,0,59,1,6,6,3,4,1,1,1,0.80877
104,1,0,1,5,0,60,11,6,6,8,4,2,2,1,0.59098
104,1,0,1,5,0,61,12,6,8,8,4,2,2,1,0.49485
104,1,0,1,5,0,62,2,6,8,3,4,1,1,1,0.4848
104,1,0,1,5,0,63,1,6,6,3,4,1,1,1,0.54524
104,1,0,1,5,0,64,5,6,6,5,4,1,1,1,0.98387
104,1,0,1,5,0,65,3,6,6,4,4,1,1,1,0.60296
104,1,0,1,5,0,66,7,6,6,6,4,2,2,1,0.7325
104,1,0,1,5,0,67,10,6,8,7,4,2,2,1,0.62995
104,1,0,1,5,0,68,12,6,8,8,4,2,2,1,0.68852
104,1,0,1,5,0,69,7,6,6,6,4,2,2,1,0.93032
104,1,0,1,5,0,70,10,6,8,7,4,2,2,1,0.51342
104,1,0,1,5,0,71,12,6,8,8,4,2,2,1,0.51047
104,1,0,1,5,0,72,4,6,8,4,4,1,1,1,0.71873
104,1,0,1,5,0,73,4,6,8,4,4,1,1,1,0.65151
104,1,0,1,5,0,74,3,6,6,4,4,1,1,1,0.74892
104,1,0,1,5,0,75,6,6,8,5,4,1,1,1,1.1319
104,1,0,1,5,0,76,12,6,8,8,4,2,2,1,0.56598
104,1,0,1,5,0,77,1,6,6,3,4,1,1,1,0.60107
104,1,0,1,5,0,78,8,6,8,6,4,2,2,1,0.73652
104,1,0,1,5,0,79,9,6,6,7,4,2,2,1,0.55181
104,1,0,1,5,0,80,11,6,6,8,4,2,2,1,0.72279
104,1,0,1,5,0,81,11,6,6,8,4,2,2,1,1.3997
104,1,0,1,5,0,82,9,6,6,7,4,2,2,1,1.2734
104,1,0,1,5,0,83,2,6,8,3,4,1,1,1,0.61572
104,1,0,1,5,0,84,6,6,8,5,4,1,1,1,0.96897
104,1,0,1,5,0,85,4,6,8,4,4,1,1,1,0.54645
104,1,0,1,5,0,86,6,6,8,5,4,1,1,1,0.60002
104,1,0,1,5,0,87,2,6,8,3,4,1,1,1,0.68844
104,1,0,1,5,0,88,12,6,8,8,4,2,2,1,0.5753
104,1,0,1,5,0,89,8,6,8,6,4,2,2,1,1.1243
104,1,0,1,5,0,90,11,6,6,8,4,2,2,1,1.1406
104,1,0,1,5,0,91,2,6,8,3,4,1,1,1,0.55193
104,1,0,1,5,0,92,12,6,8,8,4,2,2,1,0.85635
104,1,0,1,5,0,93,10,6,8,7,4,2,2,1,0.56044
104,1,0,1,5,0,94,11,6,6,8,4,2,2,1,0.6132
104,1,0,1,5,0,95,5,6,6,5,4,1,1,1,0.82335
104,1,0,1,5,0,96,5,6,6,5,4,1,1,1,1.4576
104,1,0,1,5,0,97,12,6,8,8,4,2,2,1,0.62398
104,1,0,1,5,0,98,5,6,6,5,4,1,1,1,0.63375
104,1,0,1,5,0,99,3,6,6,4,4,1,1,1,0.58541
104,1,0,1,5,0,100,5,6,6,5,4,1,1,1,0.71229
104,1,0,1,5,0,101,2,6,8,3,4,1,1,1,0.94021
104,1,0,1,5,0,102,9,6,6,7,4,2,2,1,0.56671
104,1,0,1,5,0,103,1,6,6,3,4,1,1,1,0.50834
104,1,0,1,5,0,104,8,6,8,6,4,2,2,1,0.69967
104,1,0,1,5,0,105,5,6,6,5,4,1,1,1,1.4845
104,1,0,1,5,0,106,1,6,6,3,4,1,1,1,0.5781
104,1,0,1,5,0,107,4,6,8,4,4,1,1,1,0.80638
104,1,0,1,5,0,108,10,6,8,7,4,2,2,1,1.0622
104,1,0,1,5,0,109,3,6,6,4,4,1,1,1,0.92943
104,1,0,1,5,0,110,10,6,8,7,4,2,2,1,0.63472
104,1,0,1,5,0,111,8,6,8,6,4,2,2,1,1.0966
104,1,0,1,5,0,112,1,6,6,3,4,1,1,1,0.57209
104,1,0,1,5,0,113,7,6,6,6,4,2,2,1,0.86458
104,1,0,1,5,0,114,11,6,6,8,4,2,2,1,0.54257
104,1,0,1,5,0,115,12,6,8,8,4,2,2,1,0.81916
104,1,0,1,5,0,116,7,6,6,6,4,2,2,1,1.9718
104,1,0,1,5,0,117,10,6,8,7,4,2,2,1,0.6604
104,1,0,1,5,0,118,3,6,6,4,4,1,1,1,1.0054
104,1,0,1,5,0,119,10,6,8,7,4,2,2,1,0.62222
104,1,0,1,5,0,120,7,6,6,6,4,2,2,1,0.8202
104,1,0,1,6,0,1,12,6,8,8,4,2,2,1,0.97257
104,1,0,1,6,0,2,3,6,6,4,4,1,1,1,0.70704
104,1,0,1,6,0,3,10,6,8,7,4,2,2,1,0.48389
104,1,0,1,6,0,4,3,6,6,4,4,1,1,1,0.48458
104,1,0,1,6,0,5,11,6,6,8,4,2,2,1,0.40641
104,1,0,1,6,0,6,10,6,8,7,4,2,2,1,0.5034
104,1,0,1,6,0,7,4,6,8,4,4,1,1,1,0.58704
104,1,0,1,6,0,8,7,6,6,6,4,2,2,1,0.87633
104,1,0,1,6,0,9,5,6,6,5,4,1,1,1,0.58985
104,1,0,1,6,0,10,6,6,8,5,4,1,1,1,0.72712
104,1,0,1,6,0,11,7,6,6,6,4,2,2,1,0.7633
104,1,0,1,6,0,12,4,6,8,4,4,1,1,1,0.59304
104,1,0,1,6,0,13,7,6,6,6,4,2,2,1,0.5933
104,1,0,1,6,0,14,1,6,6,3,4,1,1,1,0.58369
104,1,0,1,6,0,15,11,6,6,8,4,2,2,1,0.52462
104,1,0,1,6,0,16,3,6,6,4,4,1,1,1,0.44821
104,1,0,1,6,0,17,11,6,6,8,4,2,2,1,0.36295
104,1,0,1,6,0,18,3,6,6,4,4,1,1,1,0.48175
104,1,0,1,6,0,19,7,6,6,6,4,2,1,0,0.82749
104,1,0,1,6,0,20,12,6,8,8,4,2,2,1,0.53865
104,1,0,1,6,0,21,1,6,6,3,4,1,1,1,0.6909
104,1,0,1,6,0,22,10,6,8,7,4,2,2,1,0.60966
104,1,0,1,6,0,23,10,6,8,7,4,2,2,1,0.66022
104,1,0,1,6,0,24,4,6,8,4,4,1,1,1,0.55114
104,1,0,1,6,0,25,2,6,8,3,4,1,1,1,0.50878
104,1,0,1,6,0,26,1,6,6,3,4,1,1,1,0.8924
104,1,0,1,6,0,27,12,6,8,8,4,2,2,1,0.63759
104,1,0,1,6,0,28,5,6,6,5,4,1,1,1,1.0061
104,1,0,1,6,0,29,9,6,6,7,4,2,2,1,1.23
104,1,0,1,6,0,30,6,6,8,5,4,1,1,1,0.64427
104,1,0,1,6,0,31,11,6,6,8,4,2,2,1,0.80782
104,1,0,1,6,0,32,8,6,8,6,4,2,2,1,1.0644
104,1,0,1,6,0,33,4,6,8,4,4,1,1,1,0.53351
104,1,0,1,6,0,34,2,6,8,3,4,1,1,1,0.51369
104,1,0,1,6,0,35,3,6,6,4,4,1,1,1,0.70276
104,1,0,1,6,0,36,5,6,6,5,4,1,1,1,0.51422
104,1,0,1,6,0,37,2,6,8,3,4,1,1,1,0.514
104,1,0,1,6,0,38,10,6,8,7,4,2,2,1,0.62919
104,1,0,1,6,0,39,11,6,6,8,4,2,2,1,0.75188
104,1,0,1,6,0,40,3,6,6,4,4,1,1,1,1.0615
104,1,0,1,6,0,41,10,6,8,7,4,2,2,1,0.60142
104,1,0,1,6,0,42,9,6,6,7,4,2,2,1,0.85826
104,1,0,1,6,0,43,2,6,8,3,4,1,1,1,1.3759
104,1,0,1,6,0,44,2,6,8,3,4,1,1,1,1.1701
104,1,0,1,6,0,45,3,6,6,4,4,1,1,1,0.97305
104,1,0,1,6,0,46,6,6,8,5,4,1,2,0,1.0098
104,1,0,1,6,0,47,8,6,8,6,4,2,2,1,1.0938
104,1,0,1,6,0,48,4,6,8,4,4,1,1,1,1.0465
104,1,0,1,6,0,49,2,6,8,3,4,1,1,1,1.0098
104,1,0,1,6,0,50,6,6,8,5,4,1,2,0,1.1491
104,1,0,1,6,0,51,11,6,6,8,4,2,2,1,1.0074
104,1,0,1,6,0,52,10,6,8,7,4,2,2,1,0.80614
104,1,0,1,6,0,53,1,6,6,3,4,1,1,1,0.8668
104,1,0,1,6,0,54,8,6,8,6,4,2,2,1,0.94863
104,1,0,1,6,0,55,7,6,6,6,4,2,2,1,1.639
104,1,0,1,6,0,56,7,6,6,6,4,2,2,1,2.4989
104,1,0,1,6,0,57,8,6,8,6,4,2,2,1,0.57272
104,1,0,1,6,0,58,6,6,8,5,4,1,1,1,0.52843
104,1,0,1,6,0,59,12,6,8,8,4,2,2,1,0.4754
104,1,0,1,6,0,60,5,6,6,5,4,1,1,1,0.4697
104,1,0,1,6,0,61,4,6,8,4,4,1,1,1,0.58056
104,1,0,1,6,0,62,6,6,8,5,4,1,1,1,0.50028
104,1,0,1,6,0,63,10,6,8,7,4,2,2,1,0.82812
104,1,0,1,6,0,64,5,6,6,5,4,1,1,1,0.68481
104,1,0,1,6,0,65,1,6,6,3,4,1,1,1,0.61148
104,1,0,1,6,0,66,8,6,8,6,4,2,2,1,1.0827
104,1,0,1,6,0,67,2,6,8,3,4,1,1,1,0.90712
104,1,0,1,6,0,68,9,6,6,7,4,2,2,1,0.6534
104,1,0,1,6,0,69,4,6,8,4,4,1,1,1,0.54567
104,1,0,1,6,0,70,8,6,8,6,4,2,2,1,1.5919
104,1,0,1,6,0,71,7,6,6,6,4,2,2,1,0.68265
104,1,0,1,6,0,72,10,6,8,7,4,2,2,1,0.61433
104,1,0,1,6,0,73,12,6,8,8,4,2,2,1,1.8132
104,1,0,1,6,0,74,5,6,6,5,4,1,1,1,1.1472
104,1,0,1,6,0,75,12,6,8,8,4,2,2,1,0.71353
104,1,0,1,6,0,76,9,6,6,7,4,2,2,1,1.1855
104,1,0,1,6,0,77,1,6,6,3,4,1,1,1,0.76431
104,1,0,1,6,0,78,9,6,6,7,4,2,2,1,0.90131
104,1,0,1,6,0,79,10,6,8,7,4,2,2,1,0.76068
104,1,0,1,6,0,80,8,6,8,6,4,2,2,1,1.58
104,1,0,1,6,0,81,1,6,6,3,4,1,1,1,0.9694
104,1,0,1,6,0,82,9,6,6,7,4,2,2,1,1.169
104,1,0,1,6,0,83,9,6,6,7,4,2,2,1,1.1859
104,1,0,1,6,0,84,7,6,6,6,4,2,2,1,2.3018
104,1,0,1,6,0,85,12,6,8,8,4,2,2,1,0.82352
104,1,0,1,6,0,86,1,6,6,3,4,1,1,1,0.84147
104,1,0,1,6,0,87,1,6,6,3,4,1,1,1,0.94951
104,1,0,1,6,0,88,3,6,6,4,4,1,1,1,1.082
104,1,0,1,6,0,89,4,6,8,4,4,1,1,1,1.0154
104,1,0,1,6,0,90,6,6,8,5,4,1,1,1,0.65572
104,1,0,1,6,0,91,2,6,8,3,4,1,1,1,1.1226
104,1,0,1,6,0,92,11,6,6,8,4,2,2,1,0.76919
104,1,0,1,6,0,93,11,6,6,8,4,2,2,1,0.96216
104,1,0,1,6,0,94,5,6,6,5,4,1,1,1,1.1452
104,1,0,1,6,0,95,5,6,6,5,4,1,1,1,0.88755
104,1,0,1,6,0,96,7,6,6,6,4,2,2,1,1.0837
104,1,0,1,6,0,97,8,6,8,6,4,2,2,1,1.545
104,1,0,1,6,0,98,12,6,8,8,4,2,2,1,0.98182
104,1,0,1,6,0,99,9,6,6,7,4,2,2,1,0.74336
104,1,0,1,6,0,100,11,6,6,8,4,2,2,1,0.93202
104,1,0,1,6,0,101,3,6,6,4,4,1,1,1,0.94256
104,1,0,1,6,0,102,6,6,8,5,4,1,1,1,1.1285
104,1,0,1,6,0,103,4,6,8,4,4,1,1,1,0.92152
104,1,0,1,6,0,104,1,6,6,3,4,1,1,1,1.0371
104,1,0,1,6,0,105,9,6,6,7,4,2,2,1,1.0201
104,1,0,1,6,0,106,4,6,8,4,4,1,1,1,1.3213
104,1,0,1,6,0,107,5,6,6,5,4,1,1,1,1.0645
104,1,0,1,6,0,108,5,6,6,5,4,1,1,1,0.61491
104,1,0,1,6,0,109,9,6,6,7,4,2,2,1,0.98969
104,1,0,1,6,0,110,2,6,8,3,4,1,1,1,0.79341
104,1,0,1,6,0,111,6,6,8,5,4,1,1,1,1.1858
104,1,0,1,6,0,112,6,6,8,5,4,1,1,1,1.0623
104,1,0,1,6,0,113,3,6,6,4,4,1,1,1,0.7802
104,1,0,1,6,0,114,2,6,8,3,4,1,1,1,0.82088
104,1,0,1,6,0,115,12,6,8,8,4,2,2,1,1.1331
104,1,0,1,6,0,116,11,6,6,8,4,2,2,1,0.63079
104,1,0,1,6,0,117,8,6,8,6,4,2,2,1,1.1237
104,1,0,1,6,0,118,8,6,8,6,4,2,2,1,0.78915
104,1,0,1,6,0,119,12,6,8,8,4,2,2,1,0.5471
104,1,0,1,6,0,120,7,6,6,6,4,2,2,1,0.76318
