101,1,6,4,1,1,7,80,8,2,2,1,0.7212
101,1,6,4,1,2,6,60,10,1,1,1,1.0097
101,1,6,4,1,3,9,100,8,2,2,1,0.47293
101,1,6,4,1,4,7,80,8,2,2,1,0.71457
101,1,6,4,1,5,9,100,8,2,2,1,0.36231
101,1,6,4,1,6,2,20,10,1,1,1,0.3882
101,1,6,4,1,7,11,120,8,2,2,1,0.36275
101,1,6,4,1,8,6,60,10,1,1,1,0.39218
101,1,6,4,1,9,4,40,10,1,1,1,0.37077
101,1,6,4,1,10,7,80,8,2,2,1,0.38347
101,1,6,4,1,11,2,20,10,1,1,1,0.37293
101,1,6,4,1,12,4,40,10,1,1,1,0.40725
101,1,6,4,1,13,9,100,8,2,2,1,0.35529
101,1,6,4,1,14,2,20,10,1,1,1,0.33673
101,1,6,4,1,15,9,100,8,2,2,1,0.29507
101,1,6,4,1,16,11,120,8,2,2,1,0.34969
101,1,6,4,1,17,6,60,10,1,1,1,0.57534
101,1,6,4,1,18,6,60,10,1,1,1,0.55078
101,1,6,4,1,19,4,40,10,1,1,1,0.37109
101,1,6,4,1,20,11,120,8,2,2,1,0.34604
101,1,6,4,1,21,11,120,8,2,2,1,0.35646
101,1,6,4,1,22,4,40,10,1,1,1,0.38389
101,1,6,4,1,23,2,20,10,1,1,1,0.40282
101,1,6,4,1,24,7,80,8,2,2,1,0.48845
101,1,6,4,0,1,6,60,10,1,1,1,0.792
101,1,6,4,0,2,2,20,10,1,1,1,0.34721
101,1,6,4,0,3,4,40,10,1,1,1,0.40893
101,1,6,4,0,4,9,100,8,2,2,1,0.68818
101,1,6,4,0,5,9,100,8,2,2,1,0.41153
101,1,6,4,0,6,7,80,8,2,2,1,0.63173
101,1,6,4,0,7,11,120,8,2,2,1,0.35727
101,1,6,4,0,8,11,120,8,2,2,1,0.33822
101,1,6,4,0,9,7,80,8,2,1,0,0.45323
101,1,6,4,0,10,6,60,10,1,1,1,1.0183
101,1,6,4,0,11,11,120,8,2,2,1,0.92882
101,1,6,4,0,12,11,120,8,2,2,1,1.0925
101,1,6,4,0,13,2,20,10,1,1,1,0.75064
101,1,6,4,0,14,2,20,10,1,1,1,0.7729
101,1,6,4,0,15,11,120,8,2,2,1,0.88586
101,1,6,4,0,16,4,40,10,1,1,1,1.1195
101,1,6,4,0,17,4,40,10,1,1,1,0.68728
101,1,6,4,0,18,6,60,10,1,1,1,0.46907
101,1,6,4,0,19,11,120,8,2,2,1,0.80239
101,1,6,4,0,20,7,80,8,2,2,1,0.94474
101,1,6,4,0,21,6,60,10,1,1,1,1.2031
101,1,6,4,0,22,7,80,8,2,2,1,0.93487
101,1,6,4,0,23,6,60,10,1,1,1,0.67141
101,1,6,4,0,24,4,40,10,1,1,1,1.1077
101,1,6,4,0,25,7,80,8,2,2,1,3.3861
101,1,6,4,0,26,7,80,8,2,2,1,2.5393
101,1,6,4,0,27,9,100,8,2,2,1,2.829
101,1,6,4,0,28,2,20,10,1,1,1,1.2778
101,1,6,4,0,29,11,120,8,2,2,1,1.3075
101,1,6,4,0,30,7,80,8,2,2,1,1.3666
101,1,6,4,0,31,2,20,10,1,1,1,0.67394
101,1,6,4,0,32,4,40,10,1,1,1,1.2468
101,1,6,4,0,33,9,100,8,2,2,1,0.43521
101,1,6,4,0,34,6,60,10,1,1,1,0.68639
101,1,6,4,0,35,4,40,10,1,1,1,0.65891
101,1,6,4,0,36,7,80,8,2,2,1,0.60661
101,1,6,4,0,37,11,120,8,2,2,1,0.79447
101,1,6,4,0,38,4,40,10,1,1,1,0.37333
101,1,6,4,0,39,6,60,10,1,1,1,0.98203
101,1,6,4,0,40,2,20,10,1,1,1,0.55731
101,1,6,4,0,41,6,60,10,1,1,1,0.64936
101,1,6,4,0,42,2,20,10,1,1,1,0.61941
101,1,6,4,0,43,4,40,10,1,1,1,0.38154
101,1,6,4,0,44,2,20,10,1,1,1,1.3685
101,1,6,4,0,45,7,80,8,2,2,1,2.3735
101,1,6,4,0,46,4,40,10,1,1,1,0.45529
101,1,6,4,0,47,6,60,10,1,1,1,0.39971
101,1,6,4,0,48,6,60,10,1,1,1,0.82445
101,1,6,4,0,49,2,20,10,1,1,1,0.39078
101,1,6,4,0,50,9,100,8,2,2,1,0.64346
101,1,6,4,0,51,9,100,8,2,2,1,0.64457
101,1,6,4,0,52,9,100,8,2,2,1,0.51027
101,1,6,4,0,53,9,100,8,2,2,1,0.5033
101,1,6,4,0,54,4,40,10,1,1,1,0.46989
101,1,6,4,0,55,2,20,10,1,1,1,0.43258
101,1,6,4,0,56,11,120,8,2,2,1,0.5985
101,1,6,4,0,57,4,40,10,1,1,1,0.66664
101,1,6,4,0,58,11,120,8,2,2,1,0.34869
101,1,6,4,0,59,4,40,10,1,1,1,0.66802
101,1,6,4,0,60,11,120,8,2,2,1,0.35179
101,1,6,4,0,61,9,100,8,2,2,1,0.52372
101,1,6,4,0,62,4,40,10,1,1,1,0.78305
101,1,6,4,0,63,7,80,8,2,2,1,0.45077
101,1,6,4,0,64,11,120,8,2,2,1,0.39512
101,1,6,4,0,65,11,120,8,2,2,1,0.37053
101,1,6,4,0,66,11,120,8,2,2,1,0.33371
101,1,6,4,0,67,6,60,10,1,1,1,0.87089
101,1,6,4,0,68,11,120,8,2,2,1,0.39674
101,1,6,4,0,69,4,40,10,1,1,1,0.59117
101,1,6,4,0,70,9,100,8,2,2,1,0.51905
101,1,6,4,0,71,2,20,10,1,1,1,0.57038
101,1,6,4,0,72,4,40,10,1,1,1,0.89116
101,1,6,4,0,73,2,20,10,1,1,1,0.61994
101,1,6,4,0,74,6,60,10,1,1,1,0.88077
101,1,6,4,0,75,2,20,10,1,1,1,0.50556
101,1,6,4,0,76,9,100,8,2,2,1,1.068
101,1,6,4,0,77,6,60,10,1,1,1,1.1247
101,1,6,4,0,78,4,40,10,1,1,1,0.48646
101,1,6,4,0,79,11,120,8,2,2,1,0.62562
101,1,6,4,0,80,7,80,8,2,2,1,0.99141
101,1,6,4,0,81,6,60,10,1,1,1,0.88714
101,1,6,4,0,82,9,100,8,2,2,1,0.76757
101,1,6,4,0,83,7,80,8,2,2,1,0.64756
101,1,6,4,0,84,9,100,8,2,2,1,0.43945
101,1,6,4,0,85,7,80,8,2,2,1,0.3974
101,1,6,4,0,86,7,80,8,2,2,1,0.40558
101,1,6,4,0,87,7,80,8,2,2,1,0.35712
101,1,6,4,0,88,2,20,10,1,1,1,0.85018
101,1,6,4,0,89,11,120,8,2,2,1,0.40509
101,1,6,4,0,90,7,80,8,2,2,1,0.51555
101,1,6,4,0,91,9,100,8,2,2,1,0.35916
101,1,6,4,0,92,2,20,10,1,1,1,0.70444
101,1,6,4,0,93,9,100,8,2,2,1,0.55039
101,1,6,4,0,94,6,60,10,1,1,1,0.96019
101,1,6,4,0,95,2,20,10,1,1,1,0.74365
101,1,6,4,0,96,9,100,8,2,2,1,0.54717
101,1,6,4,0,97,7,80,8,2,2,1,1.4857
101,1,6,4,0,98,4,40,10,1,1,1,1.0318
101,1,6,4,0,99,2,20,10,1,1,1,0.7816
101,1,6,4,0,100,9,100,8,2,2,1,0.41527
101,1,6,4,0,101,11,120,8,2,2,1,0.50533
101,1,6,4,0,102,6,60,10,1,1,1,0.84683
101,1,6,4,0,103,4,40,10,1,1,1,1.4047
101,1,6,4,0,104,7,80,8,2,2,1,0.80126
101,1,6,4,0,105,6,60,10,1,1,1,0.89015
101,1,6,4,0,106,2,20,10,1,1,1,0.63487
101,1,6,4,0,107,2,20,10,1,1,1,0.56423
101,1,6,4,0,108,7,80,8,2,2,1,0.901
101,1,6,4,0,109,9,100,8,2,2,1,0.85668
101,1,6,4,0,110,7,80,8,2,2,1,0.56041
101,1,6,4,0,111,4,40,10,1,1,1,0.55012
101,1,6,4,0,112,6,60,10,1,1,1,0.59484
101,1,6,4,0,113,9,100,8,2,2,1,0.67268
101,1,6,4,0,114,9,100,8,2,2,1,0.45083
101,1,6,4,0,115,4,40,10,1,1,1,0.58654
101,1,6,4,0,116,11,120,8,2,2,1,0.42249
101,1,6,4,0,117,6,60,10,1,1,1,0.6861
101,1,6,4,0,118,2,20,10,1,1,1,0.6505
101,1,6,4,0,119,6,60,10,1,2,0,0.47427
101,1,6,4,0,120,11,120,8,2,2,1,0.4888
101,1,6,3,1,1,1,20,8,1,1,1,0.58452
101,1,6,3,1,2,8,80,10,2,2,1,0.88931
101,1,6,3,1,3,10,100,10,2,2,1,0.81234
101,1,6,3,1,4,12,120,10,2,2,1,0.62759
101,1,6,3,1,5,10,100,10,2,2,1,2.5033
101,1,6,3,1,6,1,20,8,1,1,1,0.53022
101,1,6,3,1,7,12,120,10,2,2,1,0.35492
101,1,6,3,1,8,5,60,8,1,1,1,0.54071
101,1,6,3,1,9,1,20,8,1,1,1,0.52265
101,1,6,3,1,10,1,20,8,1,1,1,0.50096
101,1,6,3,1,11,10,100,10,2,2,1,0.44294
101,1,6,3,1,12,8,80,10,2,2,1,1.0611
101,1,6,3,1,13,3,40,8,1,1,1,0.54882
101,1,6,3,1,14,3,40,8,1,1,1,0.51497
101,1,6,3,1,15,5,60,8,1,1,1,0.55838
101,1,6,3,1,16,8,80,10,2,2,1,0.5062
101,1,6,3,1,17,5,60,8,1,1,1,0.51377
101,1,6,3,1,18,5,60,8,1,1,1,0.58627
101,1,6,3,1,19,10,100,10,2,2,1,0.50383
101,1,6,3,1,20,12,120,10,2,2,1,0.38828
101,1,6,3,1,21,3,40,8,1,1,1,0.59371
101,1,6,3,1,22,3,40,8,1,1,1,0.51023
101,1,6,3,1,23,8,80,10,2,2,1,0.4416
101,1,6,3,1,24,12,120,10,2,2,1,0.36878
101,1,6,3,0,1,12,120,10,2,2,1,1.9688
101,1,6,3,0,2,3,40,8,1,1,1,0.41629
101,1,6,3,0,3,5,60,8,1,1,1,0.93134
101,1,6,3,0,4,12,120,10,2,2,1,0.35498
101,1,6,3,0,5,5,60,8,1,1,1,0.4556
101,1,6,3,0,6,12,120,10,2,2,1,0.40741
101,1,6,3,0,7,3,40,8,1,1,1,0.35388
101,1,6,3,0,8,10,100,10,2,2,1,0.65023
101,1,6,3,0,9,5,60,8,1,1,1,0.37768
101,1,6,3,0,10,1,20,8,1,1,1,0.40933
101,1,6,3,0,11,1,20,8,1,1,1,0.41666
101,1,6,3,0,12,12,120,10,2,2,1,0.42681
101,1,6,3,0,13,8,80,10,2,2,1,3.9862
101,1,6,3,0,14,12,120,10,2,NaN,9,NaN
101,1,6,3,0,15,5,60,8,1,1,1,1.8037
101,1,6,3,0,16,10,100,10,2,2,1,1.181
101,1,6,3,0,17,10,100,10,2,2,1,0.50125
101,1,6,3,0,18,5,60,8,1,1,1,0.43737
101,1,6,3,0,19,5,60,8,1,1,1,3.4943
101,1,6,3,0,20,1,20,8,1,1,1,3.2519
101,1,6,3,0,21,5,60,8,1,1,1,1.9775
101,1,6,3,0,22,12,120,10,2,2,1,0.39478
101,1,6,3,0,23,8,80,10,2,1,0,0.69384
101,1,6,3,0,24,8,80,10,2,2,1,1.4349
101,1,6,3,0,25,8,80,10,2,2,1,0.79451
101,1,6,3,0,26,5,60,8,1,1,1,0.62038
101,1,6,3,0,27,1,20,8,1,1,1,0.39571
101,1,6,3,0,28,1,20,8,1,1,1,0.3533
101,1,6,3,0,29,3,40,8,1,1,1,0.37028
101,1,6,3,0,30,1,20,8,1,1,1,0.31036
101,1,6,3,0,31,3,40,8,1,1,1,0.3512
101,1,6,3,0,32,8,80,10,2,2,1,1.2802
101,1,6,3,0,33,12,120,10,2,2,1,0.58119
101,1,6,3,0,34,12,120,10,2,2,1,0.83869
101,1,6,3,0,35,3,40,8,1,1,1,0.37473
101,1,6,3,0,36,5,60,8,1,1,1,0.42713
101,1,6,3,0,37,1,20,8,1,1,1,0.36562
101,1,6,3,0,38,12,120,10,2,2,1,0.37993
101,1,6,3,0,39,12,120,10,2,2,1,0.34685
101,1,6,3,0,40,10,100,10,2,2,1,0.34701
101,1,6,3,0,41,3,40,8,1,1,1,0.41114
101,1,6,3,0,42,3,40,8,1,1,1,0.34736
101,1,6,3,0,43,5,60,8,1,1,1,0.37404
101,1,6,3,0,44,8,80,10,2,2,1,0.85301
101,1,6,3,0,45,3,40,8,1,1,1,0.68249
101,1,6,3,0,46,8,80,10,2,2,1,1.2573
101,1,6,3,0,47,12,120,10,2,2,1,1.6651
101,1,6,3,0,48,8,80,10,2,2,1,1.9644
101,1,6,3,0,49,10,100,10,2,2,1,2.5838
101,1,6,3,0,50,5,60,8,1,1,1,3.6026
101,1,6,3,0,51,3,40,8,1,NaN,9,NaN
101,1,6,3,0,52,12,120,10,2,2,1,0.70697
101,1,6,3,0,53,5,60,8,1,1,1,3.0556
101,1,6,3,0,54,10,100,10,2,2,1,3.5634
101,1,6,3,0,55,8,80,10,2,1,0,1.5649
101,1,6,3,0,56,10,100,10,2,2,1,0.52832
101,1,6,3,0,57,10,100,10,2,2,1,1.2766
101,1,6,3,0,58,5,60,8,1,1,1,0.55975
101,1,6,3,0,59,3,40,8,1,1,1,1.2466
101,1,6,3,0,60,3,40,8,1,1,1,3.1067
101,1,6,3,0,61,8,80,10,2,2,1,1.0894
101,1,6,3,0,62,1,20,8,1,1,1,0.44467
101,1,6,3,0,63,1,20,8,1,1,1,0.37232
101,1,6,3,0,64,1,20,8,1,1,1,1.5127
101,1,6,3,0,65,8,80,10,2,2,1,2.4012
101,1,6,3,0,66,10,100,10,2,2,1,2.0755
101,1,6,3,0,67,1,20,8,1,1,1,0.41189
101,1,6,3,0,68,8,80,10,2,2,1,0.92037
101,1,6,3,0,69,1,20,8,1,1,1,0.38449
101,1,6,3,0,70,10,100,10,2,2,1,0.49384
101,1,6,3,0,71,1,20,8,1,1,1,0.31823
101,1,6,3,0,72,10,100,10,2,2,1,0.40533
101,1,6,3,0,73,1,20,8,1,1,1,1.1262
101,1,6,3,0,74,10,100,10,2,2,1,0.95758
101,1,6,3,0,75,12,120,10,2,2,1,1.0359
101,1,6,3,0,76,3,40,8,1,1,1,0.37932
101,1,6,3,0,77,3,40,8,1,1,1,0.48656
101,1,6,3,0,78,5,60,8,1,1,1,0.9984
101,1,6,3,0,79,12,120,10,2,2,1,1.2191
101,1,6,3,0,80,10,100,10,2,2,1,0.40155
101,1,6,3,0,81,10,100,10,2,2,1,0.58121
101,1,6,3,0,82,5,60,8,1,1,1,0.86947
101,1,6,3,0,83,8,80,10,2,1,0,0.77374
101,1,6,3,0,84,3,40,8,1,1,1,0.46985
101,1,6,3,0,85,10,100,10,2,2,1,0.71976
101,1,6,3,0,86,10,100,10,2,2,1,0.55086
101,1,6,3,0,87,12,120,10,2,2,1,0.93648
101,1,6,3,0,88,5,60,8,1,1,1,0.78855
101,1,6,3,0,89,1,20,8,1,1,1,0.42404
101,1,6,3,0,90,8,80,10,2,1,0,0.63465
101,1,6,3,0,91,3,40,8,1,1,1,0.42784
101,1,6,3,0,92,1,20,8,1,1,1,0.39697
101,1,6,3,0,93,3,40,8,1,1,1,0.34107
101,1,6,3,0,94,3,40,8,1,1,1,0.37896
101,1,6,3,0,95,12,120,10,2,2,1,0.5314
101,1,6,3,0,96,5,60,8,1,1,1,0.7504
101,1,6,3,0,97,8,80,10,2,2,1,0.42864
101,1,6,3,0,98,10,100,10,2,2,1,0.5117
101,1,6,3,0,99,5,60,8,1,1,1,0.77099
101,1,6,3,0,100,10,100,10,2,2,1,0.4249
101,1,6,3,0,101,8,80,10,2,2,1,0.50506
101,1,6,3,0,102,3,40,8,1,1,1,0.42948
101,1,6,3,0,103,10,100,10,2,2,1,0.38253
101,1,6,3,0,104,8,80,10,2,2,1,0.42631
101,1,6,3,0,105,5,60,8,1,1,1,0.5946
101,1,6,3,0,106,10,100,10,2,2,1,0.64883
101,1,6,3,0,107,1,20,8,1,1,1,0.38837
101,1,6,3,0,108,5,60,8,1,1,1,0.78642
101,1,6,3,0,109,3,40,8,1,1,1,0.38896
101,1,6,3,0,110,3,40,8,1,1,1,0.40713
101,1,6,3,0,111,8,80,10,2,2,1,1.5616
101,1,6,3,0,112,12,120,10,2,2,1,0.88231
101,1,6,3,0,113,1,20,8,1,1,1,0.40563
101,1,6,3,0,114,1,20,8,1,1,1,0.42518
101,1,6,3,0,115,8,80,10,2,2,1,0.68341
101,1,6,3,0,116,12,120,10,2,2,1,0.48317
101,1,6,3,0,117,1,20,8,1,1,1,0.38116
101,1,6,3,0,118,12,120,10,2,2,1,0.41469
101,1,6,3,0,119,8,80,10,2,2,1,0.49157
101,1,6,3,0,120,12,120,10,2,2,1,0.48292
101,1,6,1,1,1,7,80,8,2,2,1,1.8517
101,1,6,1,1,2,9,100,8,2,2,1,0.46674
101,1,6,1,1,3,7,80,8,2,2,1,0.46387
101,1,6,1,1,4,11,120,8,2,2,1,0.37302
101,1,6,1,1,5,11,120,8,2,2,1,0.33535
101,1,6,1,1,6,11,120,8,2,2,1,0.37597
101,1,6,1,1,7,9,100,8,2,2,1,1.5638
101,1,6,1,1,8,5,60,8,1,1,1,0.49058
101,1,6,1,1,9,1,20,8,1,1,1,0.37902
101,1,6,1,1,10,5,60,8,1,1,1,0.59443
101,1,6,1,1,11,7,80,8,2,2,1,0.8959
101,1,6,1,1,12,1,20,8,1,1,1,0.3422
101,1,6,1,1,13,7,80,8,2,2,1,0.48458
101,1,6,1,1,14,11,120,8,2,2,1,0.38627
101,1,6,1,1,15,9,100,8,2,2,1,0.46566
101,1,6,1,1,16,1,20,8,1,1,1,0.36135
101,1,6,1,1,17,3,40,8,1,1,1,0.40765
101,1,6,1,1,18,3,40,8,1,1,1,0.34653
101,1,6,1,1,19,5,60,8,1,1,1,0.72789
101,1,6,1,1,20,3,40,8,1,1,1,0.32996
101,1,6,1,1,21,9,100,8,2,2,1,0.46614
101,1,6,1,1,22,1,20,8,1,1,1,0.36832
101,1,6,1,1,23,5,60,8,1,1,1,0.65061
101,1,6,1,1,24,3,40,8,1,1,1,0.35103
101,1,6,1,0,1,3,40,8,1,1,1,0.68427
101,1,6,1,0,2,11,120,8,2,2,1,0.4951
101,1,6,1,0,3,11,120,8,2,2,1,0.55352
101,1,6,1,0,4,3,40,8,1,1,1,0.62874
101,1,6,1,0,5,1,20,8,1,1,1,0.43044
101,1,6,1,0,6,7,80,8,2,2,1,0.47327
101,1,6,1,0,7,11,120,8,2,2,1,0.3593
101,1,6,1,0,8,9,100,8,2,2,1,0.47353
101,1,6,1,0,9,7,80,8,2,2,1,0.41501
101,1,6,1,0,10,5,60,8,1,1,1,0.57182
101,1,6,1,0,11,11,120,8,2,2,1,0.50347
101,1,6,1,0,12,11,120,8,2,2,1,0.38717
101,1,6,1,0,13,3,40,8,1,1,1,0.37138
101,1,6,1,0,14,1,20,8,1,1,1,0.48441
101,1,6,1,0,15,9,100,8,2,2,1,0.45254
101,1,6,1,0,16,1,20,8,1,1,1,0.34939
101,1,6,1,0,17,9,100,8,2,2,1,0.62866
101,1,6,1,0,18,5,60,8,1,1,1,0.4919
101,1,6,1,0,19,1,20,8,1,1,1,0.35219
101,1,6,1,0,20,3,40,8,1,1,1,0.32157
101,1,6,1,0,21,5,60,8,1,1,1,0.52389
101,1,6,1,0,22,5,60,8,1,1,1,0.43526
101,1,6,1,0,23,11,120,8,2,2,1,0.43344
101,1,6,1,0,24,3,40,8,1,1,1,0.36624
101,1,6,1,0,25,3,40,8,1,1,1,0.35234
101,1,6,1,0,26,5,60,8,1,1,1,0.81475
101,1,6,1,0,27,11,120,8,2,2,1,0.46401
101,1,6,1,0,28,11,120,8,2,2,1,0.39593
101,1,6,1,0,29,9,100,8,2,2,1,0.42111
101,1,6,1,0,30,3,40,8,1,1,1,0.38948
101,1,6,1,0,31,9,100,8,2,2,1,0.50748
101,1,6,1,0,32,11,120,8,2,2,1,0.39236
101,1,6,1,0,33,9,100,8,2,2,1,0.39965
101,1,6,1,0,34,3,40,8,1,1,1,0.37119
101,1,6,1,0,35,5,60,8,1,1,1,0.375
101,1,6,1,0,36,1,20,8,1,1,1,0.35182
101,1,6,1,0,37,7,80,8,2,2,1,0.51253
101,1,6,1,0,38,3,40,8,1,1,1,0.37937
101,1,6,1,0,39,3,40,8,1,1,1,0.31467
101,1,6,1,0,40,9,100,8,2,2,1,0.4044
101,1,6,1,0,41,5,60,8,1,1,1,0.37913
101,1,6,1,0,42,3,40,8,1,1,1,0.34234
101,1,6,1,0,43,7,80,8,2,2,1,0.44472
101,1,6,1,0,44,11,120,8,2,2,1,0.40749
101,1,6,1,0,45,7,80,8,2,2,1,0.46823
101,1,6,1,0,46,7,80,8,2,2,1,0.33589
101,1,6,1,0,47,1,20,8,1,1,1,0.38109
101,1,6,1,0,48,3,40,8,1,1,1,0.33991
101,1,6,1,0,49,7,80,8,2,2,1,1.08
101,1,6,1,0,50,7,80,8,2,2,1,0.39995
101,1,6,1,0,51,5,60,8,1,1,1,0.57504
101,1,6,1,0,52,3,40,8,1,1,1,0.34685
101,1,6,1,0,53,7,80,8,2,2,1,0.42153
101,1,6,1,0,54,5,60,8,1,1,1,0.3427
101,1,6,1,0,55,5,60,8,1,1,1,0.39053
101,1,6,1,0,56,5,60,8,1,1,1,0.35516
101,1,6,1,0,57,11,120,8,2,2,1,0.39073
101,1,6,1,0,58,9,100,8,2,2,1,0.419
101,1,6,1,0,59,1,20,8,1,1,1,0.37761
101,1,6,1,0,60,1,20,8,1,1,1,0.39505
101,1,6,1,0,61,5,60,8,1,1,1,0.75107
101,1,6,1,0,62,1,20,8,1,1,1,0.3279
101,1,6,1,0,63,9,100,8,2,2,1,0.37664
101,1,6,1,0,64,3,40,8,1,1,1,0.41503
101,1,6,1,0,65,5,60,8,1,1,1,0.50106
101,1,6,1,0,66,3,40,8,1,1,1,0.44782
101,1,6,1,0,67,1,20,8,1,1,1,0.35068
101,1,6,1,0,68,1,20,8,1,1,1,0.30361
101,1,6,1,0,69,5,60,8,1,1,1,0.57254
101,1,6,1,0,70,5,60,8,1,1,1,0.50087
101,1,6,1,0,71,11,120,8,2,2,1,0.42158
101,1,6,1,0,72,9,100,8,2,2,1,0.3969
101,1,6,1,0,73,1,20,8,1,1,1,0.36596
101,1,6,1,0,74,1,20,8,1,1,1,0.33204
101,1,6,1,0,75,3,40,8,1,1,1,0.38378
101,1,6,1,0,76,11,120,8,2,2,1,0.41026
101,1,6,1,0,77,1,20,8,1,1,1,0.35405
101,1,6,1,0,78,7,80,8,2,2,1,0.79222
101,1,6,1,0,79,7,80,8,2,2,1,0.45311
101,1,6,1,0,80,7,80,8,2,2,1,0.34683
101,1,6,1,0,81,7,80,8,2,2,1,0.395
101,1,6,1,0,82,1,20,8,1,1,1,0.38808
101,1,6,1,0,83,3,40,8,1,1,1,0.38339
101,1,6,1,0,84,1,20,8,1,1,1,0.28961
101,1,6,1,0,85,9,100,8,2,2,1,0.37882
101,1,6,1,0,86,5,60,8,1,1,1,0.82502
101,1,6,1,0,87,5,60,8,1,1,1,0.32665
101,1,6,1,0,88,3,40,8,1,1,1,0.36536
101,1,6,1,0,89,1,20,8,1,1,1,0.35751
101,1,6,1,0,90,9,100,8,2,2,1,0.39372
101,1,6,1,0,91,9,100,8,2,2,1,0.35485
101,1,6,1,0,92,7,80,8,2,2,1,0.34812
101,1,6,1,0,93,7,80,8,2,2,1,0.35947
101,1,6,1,0,94,11,120,8,2,2,1,0.32368
101,1,6,1,0,95,11,120,8,2,2,1,0.31675
101,1,6,1,0,96,7,80,8,2,2,1,0.8036
101,1,6,1,0,97,11,120,8,2,2,1,0.38319
101,1,6,1,0,98,1,20,8,1,1,1,0.39978
101,1,6,1,0,99,7,80,8,2,1,0,0.36884
101,1,6,1,0,100,5,60,8,1,1,1,0.52357
101,1,6,1,0,101,5,60,8,1,1,1,0.83528
101,1,6,1,0,102,11,120,8,2,2,1,0.58473
101,1,6,1,0,103,9,100,8,2,2,1,1.298
101,1,6,1,0,104,1,20,8,1,1,1,0.61637
101,1,6,1,0,105,7,80,8,2,2,1,0.58194
101,1,6,1,0,106,3,40,8,1,1,1,0.42301
101,1,6,1,0,107,5,60,8,1,1,1,0.43501
101,1,6,1,0,108,11,120,8,2,2,1,0.43603
101,1,6,1,0,109,9,100,8,2,2,1,0.53133
101,1,6,1,0,110,9,100,8,2,2,1,3.963
101,1,6,1,0,111,7,80,8,2,2,1,1.9083
101,1,6,1,0,112,7,80,8,2,2,1,1.1513
101,1,6,1,0,113,9,100,8,2,2,1,0.36946
101,1,6,1,0,114,11,120,8,2,2,1,2.6101
101,1,6,1,0,115,9,100,8,2,2,1,0.97436
101,1,6,1,0,116,9,100,8,2,2,1,0.88341
101,1,6,1,0,117,11,120,8,2,2,1,0.74618
101,1,6,1,0,118,3,40,8,1,1,1,0.4349
101,1,6,1,0,119,9,100,8,2,2,1,1.446
101,1,6,1,0,120,1,20,8,1,1,1,0.46879
101,1,6,2,1,1,2,20,10,1,1,1,1.0399
101,1,6,2,1,2,4,40,10,1,1,1,0.36806
101,1,6,2,1,3,12,120,10,2,2,1,0.37252
101,1,6,2,1,4,2,20,10,1,1,1,0.37342
101,1,6,2,1,5,4,40,10,1,1,1,0.36286
101,1,6,2,1,6,4,40,10,1,1,1,0.52251
101,1,6,2,1,7,8,80,10,2,2,1,0.62785
101,1,6,2,1,8,2,20,10,1,1,1,0.31671
101,1,6,2,1,9,10,100,10,2,2,1,0.45254
101,1,6,2,1,10,6,60,10,1,1,1,0.53545
101,1,6,2,1,11,12,120,10,2,2,1,0.41735
101,1,6,2,1,12,6,60,10,1,1,1,0.47816
101,1,6,2,1,13,12,120,10,2,2,1,0.37751
101,1,6,2,1,14,2,20,10,1,1,1,0.34563
101,1,6,2,1,15,8,80,10,2,2,1,0.71108
101,1,6,2,1,16,6,60,10,1,1,1,0.30893
101,1,6,2,1,17,8,80,10,2,2,1,0.38966
101,1,6,2,1,18,10,100,10,2,2,1,0.44123
101,1,6,2,1,19,8,80,10,2,2,1,0.36929
101,1,6,2,1,20,4,40,10,1,1,1,0.44407
101,1,6,2,1,21,10,100,10,2,2,1,0.45057
101,1,6,2,1,22,6,60,10,1,1,1,0.67866
101,1,6,2,1,23,10,100,10,2,2,1,0.39497
101,1,6,2,1,24,12,120,10,2,2,1,0.43081
101,1,6,2,0,1,2,20,10,1,1,1,0.4702
101,1,6,2,0,2,8,80,10,2,2,1,0.35652
101,1,6,2,0,3,2,20,10,1,1,1,0.36331
101,1,6,2,0,4,8,80,10,2,2,1,0.46646
101,1,6,2,0,5,8,80,10,2,2,1,0.60562
101,1,6,2,0,6,4,40,10,1,1,1,0.54077
101,1,6,2,0,7,4,40,10,1,1,1,0.48715
101,1,6,2,0,8,10,100,10,2,2,1,0.45341
101,1,6,2,0,9,6,60,10,1,1,1,0.87731
101,1,6,2,0,10,10,100,10,2,2,1,0.38367
101,1,6,2,0,11,2,20,10,1,1,1,0.8804
101,1,6,2,0,12,2,20,10,1,1,1,0.37299
101,1,6,2,0,13,10,100,10,2,2,1,0.37822
101,1,6,2,0,14,12,120,10,2,2,1,0.37745
101,1,6,2,0,15,2,20,10,1,1,1,0.37443
101,1,6,2,0,16,10,100,10,2,2,1,0.35018
101,1,6,2,0,17,6,60,10,1,1,1,0.61677
101,1,6,2,0,18,4,40,10,1,1,1,0.37898
101,1,6,2,0,19,4,40,10,1,1,1,0.32992
101,1,6,2,0,20,6,60,10,1,1,1,0.40293
101,1,6,2,0,21,2,20,10,1,1,1,0.3743
101,1,6,2,0,22,10,100,10,2,2,1,0.38668
101,1,6,2,0,23,12,120,10,2,2,1,0.34067
101,1,6,2,0,24,8,80,10,2,2,1,0.30163
101,1,6,2,0,25,10,100,10,2,2,1,0.31784
101,1,6,2,0,26,12,120,10,2,2,1,0.37555
101,1,6,2,0,27,8,80,10,2,2,1,0.39657
101,1,6,2,0,28,4,40,10,1,1,1,0.41969
101,1,6,2,0,29,4,40,10,1,1,1,0.3513
101,1,6,2,0,30,6,60,10,1,1,1,0.3741
101,1,6,2,0,31,8,80,10,2,2,1,0.74677
101,1,6,2,0,32,10,100,10,2,2,1,0.35409
101,1,6,2,0,33,6,60,10,1,1,1,0.52159
101,1,6,2,0,34,12,120,10,2,2,1,0.43694
101,1,6,2,0,35,10,100,10,2,2,1,0.39034
101,1,6,2,0,36,10,100,10,2,2,1,0.34792
101,1,6,2,0,37,8,80,10,2,2,1,0.36074
101,1,6,2,0,38,10,100,10,2,2,1,0.289
101,1,6,2,0,39,4,40,10,1,1,1,0.6072
101,1,6,2,0,40,4,40,10,1,1,1,0.32986
101,1,6,2,0,41,4,40,10,1,1,1,0.30795
101,1,6,2,0,42,8,80,10,2,2,1,0.46272
101,1,6,2,0,43,12,120,10,2,2,1,0.35977
101,1,6,2,0,44,2,20,10,1,1,1,0.40995
101,1,6,2,0,45,12,120,10,2,2,1,0.41573
101,1,6,2,0,46,4,40,10,1,1,1,0.40684
101,1,6,2,0,47,2,20,10,1,1,1,0.35328
101,1,6,2,0,48,6,60,10,1,1,1,0.93492
101,1,6,2,0,49,10,100,10,2,2,1,0.49338
101,1,6,2,0,50,6,60,10,1,1,1,0.82965
101,1,6,2,0,51,8,80,10,2,1,0,0.581
101,1,6,2,0,52,2,20,10,1,1,1,0.42307
101,1,6,2,0,53,12,120,10,2,2,1,0.42547
101,1,6,2,0,54,6,60,10,1,1,1,0.61675
101,1,6,2,0,55,10,100,10,2,2,1,0.49425
101,1,6,2,0,56,12,120,10,2,2,1,0.39978
101,1,6,2,0,57,8,80,10,2,2,1,0.91095
101,1,6,2,0,58,6,60,10,1,1,1,0.56049
101,1,6,2,0,59,4,40,10,1,1,1,0.45394
101,1,6,2,0,60,2,20,10,1,1,1,0.47304
101,1,6,2,0,61,2,20,10,1,1,1,0.58879
101,1,6,2,0,62,8,80,10,2,2,1,0.65246
101,1,6,2,0,63,8,80,10,2,2,1,0.6243
101,1,6,2,0,64,2,20,10,1,1,1,0.41465
101,1,6,2,0,65,4,40,10,1,1,1,0.4296
101,1,6,2,0,66,8,80,10,2,2,1,1.0647
101,1,6,2,0,67,4,40,10,1,1,1,1.821
101,1,6,2,0,68,8,80,10,2,2,1,0.89427
101,1,6,2,0,69,8,80,10,2,2,1,1.0579
101,1,6,2,0,70,6,60,10,1,1,1,0.38717
101,1,6,2,0,71,12,120,10,2,2,1,0.44112
101,1,6,2,0,72,10,100,10,2,2,1,0.62522
101,1,6,2,0,73,12,120,10,2,2,1,0.48196
101,1,6,2,0,74,6,60,10,1,1,1,0.47751
101,1,6,2,0,75,12,120,10,2,2,1,0.52913
101,1,6,2,0,76,2,20,10,1,1,1,0.45058
101,1,6,2,0,77,8,80,10,2,2,1,1.2752
101,1,6,2,0,78,12,120,10,2,2,1,0.4267
101,1,6,2,0,79,6,60,10,1,1,1,0.63343
101,1,6,2,0,80,4,40,10,1,1,1,0.34587
101,1,6,2,0,81,6,60,10,1,1,1,0.73138
101,1,6,2,0,82,6,60,10,1,1,1,0.42002
101,1,6,2,0,83,8,80,10,2,2,1,0.95551
101,1,6,2,0,84,4,40,10,1,1,1,0.45625
101,1,6,2,0,85,10,100,10,2,2,1,0.66747
101,1,6,2,0,86,4,40,10,1,1,1,0.39446
101,1,6,2,0,87,10,100,10,2,2,1,0.4154
101,1,6,2,0,88,2,20,10,1,1,1,0.67924
101,1,6,2,0,89,2,20,10,1,1,1,0.46123
101,1,6,2,0,90,8,80,10,2,2,1,0.62418
101,1,6,2,0,91,12,120,10,2,2,1,0.38584
101,1,6,2,0,92,10,100,10,2,2,1,0.49491
101,1,6,2,0,93,6,60,10,1,1,1,0.67317
101,1,6,2,0,94,2,20,10,1,1,1,0.86116
101,1,6,2,0,95,4,40,10,1,1,1,0.38335
101,1,6,2,0,96,12,120,10,2,2,1,0.38938
101,1,6,2,0,97,10,100,10,2,2,1,0.4014
101,1,6,2,0,98,12,120,10,2,2,1,0.69413
101,1,6,2,0,99,12,120,10,2,2,1,0.43797
101,1,6,2,0,100,6,60,10,1,1,1,0.81685
101,1,6,2,0,101,2,20,10,1,1,1,0.3775
101,1,6,2,0,102,6,60,10,1,1,1,0.47132
101,1,6,2,0,103,2,20,10,1,1,1,0.37051
101,1,6,2,0,104,2,20,10,1,1,1,0.84679
101,1,6,2,0,105,10,100,10,2,2,1,0.63661
101,1,6,2,0,106,6,60,10,1,1,1,1.0442
101,1,6,2,0,107,8,80,10,2,2,1,2.3187
101,1,6,2,0,108,4,40,10,1,1,1,0.56501
101,1,6,2,0,109,10,100,10,2,2,1,1.0012
101,1,6,2,0,110,12,120,10,2,2,1,0.49979
101,1,6,2,0,111,8,80,10,2,2,1,1.7434
101,1,6,2,0,112,12,120,10,2,2,1,0.54925
101,1,6,2,0,113,10,100,10,2,2,1,0.59081
101,1,6,2,0,114,2,20,10,1,1,1,0.73104
101,1,6,2,0,115,4,40,10,1,1,1,0.38251
101,1,6,2,0,116,6,60,10,1,1,1,1.2139
101,1,6,2,0,117,12,120,10,2,2,1,0.40715
101,1,6,2,0,118,6,60,10,1,1,1,0.60559
101,1,6,2,0,119,12,120,10,2,2,1,0.52591
101,1,6,2,0,120,4,40,10,1,1,1,0.91782
101,1,6,5,1,1,12,120,10,2,2,1,0.52294
101,1,6,5,1,2,10,100,10,2,2,1,0.38719
101,1,6,5,1,3,6,60,10,1,1,1,0.39818
101,1,6,5,1,4,3,40,8,1,1,1,0.3319
101,1,6,5,1,5,7,80,8,2,2,1,0.60642
101,1,6,5,1,6,8,80,10,2,2,1,0.39697
101,1,6,5,1,7,1,20,8,1,1,1,0.41878
101,1,6,5,1,8,2,20,10,1,1,1,0.40748
101,1,6,5,1,9,9,100,8,2,2,1,0.44314
101,1,6,5,1,10,9,100,8,2,2,1,0.46257
101,1,6,5,1,11,5,60,8,1,1,1,0.41652
101,1,6,5,1,12,2,20,10,1,1,1,0.38192
101,1,6,5,1,13,7,80,8,2,2,1,2.1585
101,1,6,5,1,14,1,20,8,1,1,1,0.67411
101,1,6,5,1,15,12,120,10,2,2,1,1.7051
101,1,6,5,1,16,4,40,10,1,1,1,0.40415
101,1,6,5,1,17,3,40,8,1,1,1,1.0514
101,1,6,5,1,18,10,100,10,2,2,1,0.61591
101,1,6,5,1,19,5,60,8,1,1,1,0.53077
101,1,6,5,1,20,6,60,10,1,1,1,0.40081
101,1,6,5,1,21,8,80,10,2,2,1,1.3362
101,1,6,5,1,22,11,120,8,2,2,1,0.93311
101,1,6,5,1,23,11,120,8,2,2,1,0.52749
101,1,6,5,1,24,4,40,10,1,1,1,0.43863
101,1,6,5,0,1,6,60,10,1,1,1,1.1792
101,1,6,5,0,2,3,40,8,1,1,1,0.54758
101,1,6,5,0,3,4,40,10,1,1,1,0.43516
101,1,6,5,0,4,3,40,8,1,1,1,0.57207
101,1,6,5,0,5,1,20,8,1,1,1,0.8914
101,1,6,5,0,6,2,20,10,1,1,1,0.57305
101,1,6,5,0,7,6,60,10,1,1,1,0.48721
101,1,6,5,0,8,12,120,10,2,2,1,0.43838
101,1,6,5,0,9,10,100,10,2,2,1,0.39156
101,1,6,5,0,10,5,60,8,1,1,1,0.41827
101,1,6,5,0,11,3,40,8,1,1,1,0.41761
101,1,6,5,0,12,5,60,8,1,1,1,0.34185
101,1,6,5,0,13,10,100,10,2,2,1,0.41606
101,1,6,5,0,14,8,80,10,2,2,1,0.38971
101,1,6,5,0,15,4,40,10,1,1,1,0.37435
101,1,6,5,0,16,9,100,8,2,2,1,1.1741
101,1,6,5,0,17,10,100,10,2,2,1,0.34922
101,1,6,5,0,18,6,60,10,1,2,0,0.74125
101,1,6,5,0,19,8,80,10,2,2,1,0.74725
101,1,6,5,0,20,2,20,10,1,1,1,0.42055
101,1,6,5,0,21,9,100,8,2,2,1,0.34733
101,1,6,5,0,22,3,40,8,1,1,1,2.6036
101,1,6,5,0,23,8,80,10,2,2,1,1.1106
101,1,6,5,0,24,12,120,10,2,2,1,2.1457
101,1,6,5,0,25,12,120,10,2,2,1,1.0199
101,1,6,5,0,26,5,60,8,1,1,1,0.69182
101,1,6,5,0,27,11,120,8,2,2,1,0.52494
101,1,6,5,0,28,6,60,10,1,1,1,1.1956
101,1,6,5,0,29,6,60,10,1,1,1,1.2582
101,1,6,5,0,30,9,100,8,2,2,1,0.37881
101,1,6,5,0,31,12,120,10,2,2,1,3.0743
101,1,6,5,0,32,11,120,8,2,2,1,1.5066
101,1,6,5,0,33,9,100,8,2,2,1,1.8003
101,1,6,5,0,34,11,120,8,2,2,1,1.238
101,1,6,5,0,35,7,80,8,2,2,1,0.6636
101,1,6,5,0,36,1,20,8,1,1,1,0.90329
101,1,6,5,0,37,9,100,8,2,2,1,0.52872
101,1,6,5,0,38,9,100,8,2,2,1,1.0838
101,1,6,5,0,39,8,80,10,2,1,0,0.93034
101,1,6,5,0,40,10,100,10,2,2,1,0.4369
101,1,6,5,0,41,7,80,8,2,2,1,0.38812
101,1,6,5,0,42,2,20,10,1,1,1,0.74961
101,1,6,5,0,43,4,40,10,1,1,1,0.71665
101,1,6,5,0,44,2,20,10,1,1,1,0.72556
101,1,6,5,0,45,10,100,10,2,2,1,0.70768
101,1,6,5,0,46,6,60,10,1,1,1,0.72683
101,1,6,5,0,47,11,120,8,2,2,1,0.46068
101,1,6,5,0,48,11,120,8,2,2,1,1.1604
101,1,6,5,0,49,4,40,10,1,1,1,1.1101
101,1,6,5,0,50,7,80,8,2,2,1,0.84598
101,1,6,5,0,51,5,60,8,1,1,1,0.626
101,1,6,5,0,52,1,20,8,1,1,1,0.60038
101,1,6,5,0,53,12,120,10,2,2,1,0.37578
101,1,6,5,0,54,2,20,10,1,1,1,0.63214
101,1,6,5,0,55,1,20,8,1,1,1,0.58237
101,1,6,5,0,56,6,60,10,1,1,1,0.99596
101,1,6,5,0,57,8,80,10,2,2,1,0.56614
101,1,6,5,0,58,10,100,10,2,2,1,0.46884
101,1,6,5,0,59,1,20,8,1,1,1,0.94642
101,1,6,5,0,60,1,20,8,1,1,1,0.83572
101,1,6,5,0,61,2,20,10,1,1,1,1.4662
101,1,6,5,0,62,9,100,8,2,2,1,0.38656
101,1,6,5,0,63,4,40,10,1,1,1,0.61415
101,1,6,5,0,64,12,120,10,2,2,1,0.90884
101,1,6,5,0,65,10,100,10,2,2,1,1.2578
101,1,6,5,0,66,3,40,8,1,1,1,1.6188
101,1,6,5,0,67,3,40,8,1,1,1,0.7142
101,1,6,5,0,68,6,60,10,1,1,1,1.0341
101,1,6,5,0,69,3,40,8,1,1,1,1.0007
101,1,6,5,0,70,1,20,8,1,1,1,0.57818
101,1,6,5,0,71,5,60,8,1,1,1,0.45248
101,1,6,5,0,72,11,120,8,2,2,1,0.70195
101,1,6,5,0,73,1,20,8,1,1,1,0.658
101,1,6,5,0,74,10,100,10,2,2,1,0.50454
101,1,6,5,0,75,3,40,8,1,1,1,0.35656
101,1,6,5,0,76,5,60,8,1,1,1,1.1274
101,1,6,5,0,77,1,20,8,1,1,1,0.72612
101,1,6,5,0,78,4,40,10,1,1,1,0.42335
101,1,6,5,0,79,12,120,10,2,2,1,0.76201
101,1,6,5,0,80,4,40,10,1,1,1,0.51182
101,1,6,5,0,81,2,20,10,1,1,1,1.1373
101,1,6,5,0,82,4,40,10,1,1,1,0.35979
101,1,6,5,0,83,7,80,8,2,2,1,0.91181
101,1,6,5,0,84,6,60,10,1,1,1,0.61672
101,1,6,5,0,85,7,80,8,2,2,1,1.0871
101,1,6,5,0,86,1,20,8,1,1,1,0.64806
101,1,6,5,0,87,10,100,10,2,2,1,0.9288
101,1,6,5,0,88,4,40,10,1,1,1,0.6897
101,1,6,5,0,89,11,120,8,2,2,1,1.2466
101,1,6,5,0,90,2,20,10,1,1,1,0.40962
101,1,6,5,0,91,12,120,10,2,2,1,0.42324
101,1,6,5,0,92,5,60,8,1,2,0,0.45944
101,1,6,5,0,93,7,80,8,2,2,1,0.61207
101,1,6,5,0,94,2,20,10,1,1,1,0.38785
101,1,6,5,0,95,10,100,10,2,2,1,0.41359
101,1,6,5,0,96,5,60,8,1,1,1,1.2559
101,1,6,5,0,97,7,80,8,2,2,1,1.1421
101,1,6,5,0,98,12,120,10,2,2,1,1.1513
101,1,6,5,0,99,2,20,10,1,1,1,0.7337
101,1,6,5,0,100,12,120,10,2,2,1,0.51103
101,1,6,5,0,101,5,60,8,1,1,1,0.46076
101,1,6,5,0,102,8,80,10,2,2,1,2.9045
101,1,6,5,0,103,7,80,8,2,1,0,0.79214
101,1,6,5,0,104,8,80,10,2,2,1,0.77867
101,1,6,5,0,105,8,80,10,2,2,1,1.0509
101,1,6,5,0,106,3,40,8,1,1,1,0.7657
101,1,6,5,0,107,3,40,8,1,1,1,0.64366
101,1,6,5,0,108,11,120,8,2,2,1,0.60673
101,1,6,5,0,109,7,80,8,2,2,1,0.42243
101,1,6,5,0,110,11,120,8,2,2,1,0.39766
101,1,6,5,0,111,9,100,8,2,2,1,0.45287
101,1,6,5,0,112,5,60,8,1,1,1,0.70941
101,1,6,5,0,113,7,80,8,2,2,1,0.74376
101,1,6,5,0,114,9,100,8,2,2,1,0.45115
101,1,6,5,0,115,11,120,8,2,2,1,0.60379
101,1,6,5,0,116,9,100,8,2,2,1,0.39073
101,1,6,5,0,117,8,80,10,2,2,1,0.40826
101,1,6,5,0,118,4,40,10,1,1,1,0.7003
101,1,6,5,0,119,6,60,10,1,1,1,0.53929
101,1,6,5,0,120,8,80,10,2,2,1,1.235
101,1,6,6,0,1,5,60,8,1,1,1,1.1259
101,1,6,6,0,2,2,20,10,1,1,1,0.34979
101,1,6,6,0,3,1,20,8,1,1,1,0.34785
101,1,6,6,0,4,9,100,8,2,2,1,0.36506
101,1,6,6,0,5,10,100,10,2,2,1,0.3696
101,1,6,6,0,6,9,100,8,2,2,1,0.37675
101,1,6,6,0,7,6,60,10,1,1,1,0.47175
101,1,6,6,0,8,5,60,8,1,1,1,0.59382
101,1,6,6,0,9,8,80,10,2,2,1,0.78442
101,1,6,6,0,10,3,40,8,1,1,1,0.36092
101,1,6,6,0,11,7,80,8,2,2,1,1.3039
101,1,6,6,0,12,12,120,10,2,2,1,0.42359
101,1,6,6,0,13,9,100,8,2,2,1,0.36558
101,1,6,6,0,14,1,20,8,1,1,1,0.3675
101,1,6,6,0,15,2,20,10,1,1,1,0.34831
101,1,6,6,0,16,4,40,10,1,1,1,0.3228
101,1,6,6,0,17,1,20,8,1,1,1,0.35234
101,1,6,6,0,18,10,100,10,2,2,1,0.41404
101,1,6,6,0,19,7,80,8,2,2,1,0.5048
101,1,6,6,0,20,1,20,8,1,1,1,0.36274
101,1,6,6,0,21,11,120,8,2,2,1,0.38739
101,1,6,6,0,22,11,120,8,2,2,1,0.38761
101,1,6,6,0,23,2,20,10,1,1,1,0.3447
101,1,6,6,0,24,2,20,10,1,1,1,0.35479
101,1,6,6,0,25,4,40,10,1,1,1,0.351
101,1,6,6,0,26,2,20,10,1,1,1,0.35944
101,1,6,6,0,27,9,100,8,2,2,1,0.34438
101,1,6,6,0,28,3,40,8,1,1,1,0.41077
101,1,6,6,0,29,7,80,8,2,2,1,0.67387
101,1,6,6,0,30,3,40,8,1,1,1,0.35646
101,1,6,6,0,31,11,120,8,2,2,1,0.38607
101,1,6,6,0,32,8,80,10,2,2,1,0.6006
101,1,6,6,0,33,5,60,8,1,1,1,0.64202
101,1,6,6,0,34,7,80,8,2,2,1,0.47852
101,1,6,6,0,35,4,40,10,1,1,1,0.38255
101,1,6,6,0,36,2,20,10,1,1,1,0.33858
101,1,6,6,0,37,10,100,10,2,2,1,0.42299
101,1,6,6,0,38,12,120,10,2,2,1,0.38029
101,1,6,6,0,39,6,60,10,1,1,1,0.45211
101,1,6,6,0,40,11,120,8,2,2,1,0.38111
101,1,6,6,0,41,9,100,8,2,2,1,0.3484
101,1,6,6,0,42,12,120,10,2,2,1,1.2394
101,1,6,6,0,43,1,20,8,1,1,1,1.6628
101,1,6,6,0,44,8,80,10,2,2,1,0.71308
101,1,6,6,0,45,5,60,8,1,1,1,0.44186
101,1,6,6,0,46,3,40,8,1,1,1,0.39051
101,1,6,6,0,47,6,60,10,1,1,1,0.45574
101,1,6,6,0,48,8,80,10,2,2,1,0.77461
101,1,6,6,0,49,4,40,10,1,1,1,0.48873
101,1,6,6,0,50,1,20,8,1,1,1,0.35494
101,1,6,6,0,51,4,40,10,1,1,1,0.3913
101,1,6,6,0,52,11,120,8,2,2,1,0.41685
101,1,6,6,0,53,8,80,10,2,2,1,0.43009
101,1,6,6,0,54,7,80,8,2,2,1,0.96388
101,1,6,6,0,55,12,120,10,2,2,1,0.38269
101,1,6,6,0,56,3,40,8,1,1,1,0.39723
101,1,6,6,0,57,2,20,10,1,1,1,0.3689
101,1,6,6,0,58,11,120,8,2,2,1,0.38877
101,1,6,6,0,59,2,20,10,1,1,1,0.33602
101,1,6,6,0,60,5,60,8,1,1,1,0.56192
101,1,6,6,0,61,6,60,10,1,1,1,0.70447
101,1,6,6,0,62,3,40,8,1,1,1,0.37355
101,1,6,6,0,63,1,20,8,1,1,1,0.34324
101,1,6,6,0,64,3,40,8,1,1,1,0.35568
101,1,6,6,0,65,4,40,10,1,1,1,0.37865
101,1,6,6,0,66,4,40,10,1,1,1,0.31688
101,1,6,6,0,67,6,60,10,1,1,1,1.0161
101,1,6,6,0,68,5,60,8,1,1,1,0.31465
101,1,6,6,0,69,12,120,10,2,2,1,0.39847
101,1,6,6,0,70,8,80,10,2,2,1,0.39331
101,1,6,6,0,71,11,120,8,2,2,1,0.40244
101,1,6,6,0,72,7,80,8,2,2,1,0.60619
101,1,6,6,0,73,5,60,8,1,1,1,0.56626
101,1,6,6,0,74,6,60,10,1,1,1,0.39889
101,1,6,6,0,75,6,60,10,1,1,1,0.52523
101,1,6,6,0,76,12,120,10,2,2,1,0.42437
101,1,6,6,0,77,12,120,10,2,2,1,0.39451
101,1,6,6,0,78,1,20,8,1,1,1,0.39242
101,1,6,6,0,79,4,40,10,1,1,1,0.35805
101,1,6,6,0,80,5,60,8,1,1,1,0.48309
101,1,6,6,0,81,10,100,10,2,2,1,0.40309
101,1,6,6,0,82,1,20,8,1,1,1,0.37798
101,1,6,6,0,83,4,40,10,1,1,1,0.34946
101,1,6,6,0,84,10,100,10,2,2,1,0.38636
101,1,6,6,0,85,7,80,8,2,2,1,0.38453
101,1,6,6,0,86,11,120,8,2,2,1,0.33404
101,1,6,6,0,87,7,80,8,2,2,1,0.39701
101,1,6,6,0,88,7,80,8,2,2,1,0.39514
101,1,6,6,0,89,8,80,10,2,2,1,0.32679
101,1,6,6,0,90,6,60,10,1,1,1,0.55638
101,1,6,6,0,91,5,60,8,1,1,1,0.35642
101,1,6,6,0,92,11,120,8,2,2,1,0.40838
101,1,6,6,0,93,8,80,10,2,2,1,0.35477
101,1,6,6,0,94,3,40,8,1,1,1,0.3984
101,1,6,6,0,95,10,100,10,2,2,1,0.39687
101,1,6,6,0,96,10,100,10,2,2,1,0.35201
101,1,6,6,0,97,12,120,10,2,2,1,0.36134
101,1,6,6,0,98,8,80,10,2,2,1,0.45981
101,1,6,6,0,99,12,120,10,2,2,1,0.35555
101,1,6,6,0,100,6,60,10,1,1,1,0.55137
101,1,6,6,0,101,5,60,8,1,1,1,0.34565
101,1,6,6,0,102,4,40,10,1,1,1,0.34122
101,1,6,6,0,103,12,120,10,2,2,1,0.35408
101,1,6,6,0,104,9,100,8,2,2,1,0.3923
101,1,6,6,0,105,6,60,10,1,1,1,0.44717
101,1,6,6,0,106,2,20,10,1,1,1,0.33876
101,1,6,6,0,107,2,20,10,1,1,1,0.31824
101,1,6,6,0,108,10,100,10,2,2,1,0.44107
101,1,6,6,0,109,9,100,8,2,2,1,0.33657
101,1,6,6,0,110,8,80,10,2,1,0,0.68571
101,1,6,6,0,111,10,100,10,2,2,1,0.32179
101,1,6,6,0,112,9,100,8,2,2,1,0.35026
101,1,6,6,0,113,7,80,8,2,2,1,0.29241
101,1,6,6,0,114,9,100,8,2,2,1,0.3466
101,1,6,6,0,115,1,20,8,1,1,1,0.4192
101,1,6,6,0,116,9,100,8,2,2,1,0.34509
101,1,6,6,0,117,10,100,10,2,2,1,0.37362
101,1,6,6,0,118,11,120,8,2,2,1,0.31154
101,1,6,6,0,119,3,40,8,1,1,1,0.41293
101,1,6,6,0,120,3,40,8,1,1,1,0.41897
