202,2,0,5,4,1,1,9,6,12,5,4,2,2,1,0.3278
202,2,0,5,4,1,2,6,6,8,6,4,1,2,0,0.83616
202,2,0,5,4,1,3,4,6,6,6,4,1,1,1,0.52629
202,2,0,5,4,1,4,2,6,4,6,4,1,1,1,0.67742
202,2,0,5,4,1,5,9,6,12,5,4,2,2,1,0.74824
202,2,0,5,4,1,6,7,6,10,5,4,2,2,1,0.31193
202,2,0,5,4,1,7,6,6,8,6,4,1,2,0,0.38653
202,2,0,5,4,1,8,4,6,6,6,4,1,1,1,0.39001
202,2,0,5,4,1,9,6,6,8,6,4,1,1,1,0.52798
202,2,0,5,4,1,10,11,6,14,5,4,2,2,1,0.36599
202,2,0,5,4,1,11,2,6,4,6,4,1,1,1,0.4754
202,2,0,5,4,1,12,11,6,14,5,4,2,2,1,0.4997
202,2,0,5,4,1,13,9,6,12,5,4,2,2,1,0.43262
202,2,0,5,4,1,14,11,6,14,5,4,2,2,1,0.39887
202,2,0,5,4,1,15,7,6,10,5,4,2,2,1,0.38473
202,2,0,5,4,1,16,11,6,14,5,4,2,2,1,0.30253
202,2,0,5,4,1,17,6,6,8,6,4,1,1,1,0.80721
202,2,0,5,4,1,18,7,6,10,5,4,2,2,1,1.4202
202,2,0,5,4,1,19,4,6,6,6,4,1,1,1,0.63996
202,2,0,5,4,1,20,2,6,4,6,4,1,1,1,0.55002
202,2,0,5,4,1,21,4,6,6,6,4,1,1,1,0.32789
202,2,0,5,4,1,22,9,6,12,5,4,2,2,1,0.60383
202,2,0,5,4,1,23,2,6,4,6,4,1,1,1,0.5948
202,2,0,5,4,1,24,7,6,10,5,4,2,2,1,0.30384
202,2,0,5,4,0,1,4,6,6,6,4,1,1,1,0.5348
202,2,0,5,4,0,2,6,6,8,6,4,1,1,1,0.8305
202,2,0,5,4,0,3,9,6,12,5,4,2,2,1,0.3975
202,2,0,5,4,0,4,11,6,14,5,4,2,2,1,0.36397
202,2,0,5,4,0,5,9,6,12,5,4,2,2,1,0.26585
202,2,0,5,4,0,6,9,6,12,5,4,2,2,1,0.32602
202,2,0,5,4,0,7,7,6,10,5,4,2,2,1,0.3059
202,2,0,5,4,0,8,9,6,12,5,4,2,2,1,0.29238
202,2,0,5,4,0,9,4,6,6,6,4,1,2,0,0.29041
202,2,0,5,4,0,10,6,6,8,6,4,1,1,1,0.56865
202,2,0,5,4,0,11,11,6,14,5,4,2,2,1,0.47664
202,2,0,5,4,0,12,4,6,6,6,4,1,1,1,0.4125
202,2,0,5,4,0,13,6,6,8,6,4,1,1,1,0.5658
202,2,0,5,4,0,14,7,6,10,5,4,2,2,1,0.41725
202,2,0,5,4,0,15,2,6,4,6,4,1,1,1,0.52132
202,2,0,5,4,0,16,7,6,10,5,4,2,2,1,0.54539
202,2,0,5,4,0,17,9,6,12,5,4,2,2,1,0.59253
202,2,0,5,4,0,18,7,6,10,5,4,2,2,1,0.68749
202,2,0,5,4,0,19,4,6,6,6,4,1,1,1,0.43448
202,2,0,5,4,0,20,7,6,10,5,4,2,2,1,0.77628
202,2,0,5,4,0,21,11,6,14,5,4,2,2,1,0.48095
202,2,0,5,4,0,22,2,6,4,6,4,1,1,1,0.65641
202,2,0,5,4,0,23,6,6,8,6,4,1,1,1,0.36456
202,2,0,5,4,0,24,9,6,12,5,4,2,2,1,0.6427
202,2,0,5,4,0,25,6,6,8,6,4,1,1,1,0.48537
202,2,0,5,4,0,26,11,6,14,5,4,2,2,1,0.30225
202,2,0,5,4,0,27,4,6,6,6,4,1,1,1,0.43893
202,2,0,5,4,0,28,9,6,12,5,4,2,2,1,0.50968
202,2,0,5,4,0,29,4,6,6,6,4,1,1,1,0.48755
202,2,0,5,4,0,30,2,6,4,6,4,1,1,1,0.44796
202,2,0,5,4,0,31,2,6,4,6,4,1,1,1,0.4873
202,2,0,5,4,0,32,7,6,10,5,4,2,2,1,0.35279
202,2,0,5,4,0,33,2,6,4,6,4,1,1,1,0.45866
202,2,0,5,4,0,34,9,6,12,5,4,2,2,1,0.35055
202,2,0,5,4,0,35,2,6,4,6,4,1,1,1,0.47177
202,2,0,5,4,0,36,6,6,8,6,4,1,1,1,0.57401
202,2,0,5,4,0,37,6,6,8,6,4,1,1,1,0.4909
202,2,0,5,4,0,38,6,6,8,6,4,1,1,1,0.57631
202,2,0,5,4,0,39,11,6,14,5,4,2,2,1,0.48938
202,2,0,5,4,0,40,2,6,4,6,4,1,1,1,0.43267
202,2,0,5,4,0,41,11,6,14,5,4,2,2,1,0.41194
202,2,0,5,4,0,42,9,6,12,5,4,2,2,1,0.48023
202,2,0,5,4,0,43,11,6,14,5,4,2,2,1,0.33982
202,2,0,5,4,0,44,4,6,6,6,4,1,1,1,0.43996
202,2,0,5,4,0,45,6,6,8,6,4,1,1,1,0.46678
202,2,0,5,4,0,46,4,6,6,6,4,1,1,1,0.5657
202,2,0,5,4,0,47,6,6,8,6,4,1,1,1,0.56637
202,2,0,5,4,0,48,4,6,6,6,4,1,1,1,0.40021
202,2,0,5,4,0,49,4,6,6,6,4,1,1,1,0.40171
202,2,0,5,4,0,50,2,6,4,6,4,1,1,1,0.45696
202,2,0,5,4,0,51,4,6,6,6,4,1,1,1,0.34002
202,2,0,5,4,0,52,7,6,10,5,4,2,2,1,0.87466
202,2,0,5,4,0,53,9,6,12,5,4,2,2,1,0.39508
202,2,0,5,4,0,54,7,6,10,5,4,2,2,1,0.33353
202,2,0,5,4,0,55,2,6,4,6,4,1,1,1,0.44374
202,2,0,5,4,0,56,9,6,12,5,4,2,2,1,0.38691
202,2,0,5,4,0,57,2,6,4,6,4,1,1,1,0.41373
202,2,0,5,4,0,58,11,6,14,5,4,2,2,1,0.3314
202,2,0,5,4,0,59,11,6,14,5,4,2,2,1,0.31944
202,2,0,5,4,0,60,7,6,10,5,4,2,2,1,0.34508
202,2,0,5,4,0,61,2,6,4,6,4,1,1,1,0.53145
202,2,0,5,4,0,62,4,6,6,6,4,1,1,1,0.3568
202,2,0,5,4,0,63,9,6,12,5,4,2,2,1,0.38284
202,2,0,5,4,0,64,9,6,12,5,4,2,2,1,0.34559
202,2,0,5,4,0,65,4,6,6,6,4,1,1,1,0.58273
202,2,0,5,4,0,66,6,6,8,6,4,1,1,1,0.50818
202,2,0,5,4,0,67,11,6,14,5,4,2,2,1,0.37558
202,2,0,5,4,0,68,2,6,4,6,4,1,1,1,0.51198
202,2,0,5,4,0,69,4,6,6,6,4,1,1,1,0.48582
202,2,0,5,4,0,70,11,6,14,5,4,2,2,1,0.45069
202,2,0,5,4,0,71,6,6,8,6,4,1,1,1,0.41211
202,2,0,5,4,0,72,7,6,10,5,4,2,2,1,0.65421
202,2,0,5,4,0,73,11,6,14,5,4,2,2,1,0.49892
202,2,0,5,4,0,74,7,6,10,5,4,2,2,1,0.29639
202,2,0,5,4,0,75,2,6,4,6,4,1,1,1,0.4954
202,2,0,5,4,0,76,7,6,10,5,4,2,2,1,0.39611
202,2,0,5,4,0,77,2,6,4,6,4,1,1,1,0.43425
202,2,0,5,4,0,78,6,6,8,6,4,1,1,1,0.51391
202,2,0,5,4,0,79,4,6,6,6,4,1,1,1,0.46402
202,2,0,5,4,0,80,2,6,4,6,4,1,1,1,0.45402
202,2,0,5,4,0,81,11,6,14,5,4,2,2,1,0.37727
202,2,0,5,4,0,82,7,6,10,5,4,2,2,1,0.42934
202,2,0,5,4,0,83,2,6,4,6,4,1,1,1,0.40403
202,2,0,5,4,0,84,7,6,10,5,4,2,2,1,0.43543
202,2,0,5,4,0,85,11,6,14,5,4,2,1,0,0.49225
202,2,0,5,4,0,86,11,6,14,5,4,2,2,1,0.38056
202,2,0,5,4,0,87,6,6,8,6,4,1,1,1,0.46945
202,2,0,5,4,0,88,9,6,12,5,4,2,2,1,0.41392
202,2,0,5,4,0,89,7,6,10,5,4,2,2,1,0.31478
202,2,0,5,4,0,90,2,6,4,6,4,1,1,1,0.4537
202,2,0,5,4,0,91,6,6,8,6,4,1,1,1,0.54506
202,2,0,5,4,0,92,7,6,10,5,4,2,2,1,0.40416
202,2,0,5,4,0,93,4,6,6,6,4,1,1,1,0.50193
202,2,0,5,4,0,94,4,6,6,6,4,1,1,1,0.56819
202,2,0,5,4,0,95,11,6,14,5,4,2,2,1,0.50885
202,2,0,5,4,0,96,11,6,14,5,4,2,2,1,0.58699
202,2,0,5,4,0,97,7,6,10,5,4,2,2,1,0.47508
202,2,0,5,4,0,98,9,6,12,5,4,2,2,1,0.49489
202,2,0,5,4,0,99,7,6,10,5,4,2,2,1,0.48083
202,2,0,5,4,0,100,6,6,8,6,4,1,1,1,0.5845
202,2,0,5,4,0,101,9,6,12,5,4,2,2,1,0.65572
202,2,0,5,4,0,102,2,6,4,6,4,1,1,1,0.47599
202,2,0,5,4,0,103,2,6,4,6,4,1,1,1,0.85944
202,2,0,5,4,0,104,7,6,10,5,4,2,2,1,0.87485
202,2,0,5,4,0,105,11,6,14,5,4,2,1,0,2.7547
202,2,0,5,4,0,106,9,6,12,5,4,2,2,1,0.99203
202,2,0,5,4,0,107,2,6,4,6,4,1,1,1,0.43687
202,2,0,5,4,0,108,6,6,8,6,4,1,1,1,0.48887
202,2,0,5,4,0,109,9,6,12,5,4,2,2,1,0.57031
202,2,0,5,4,0,110,7,6,10,5,4,2,2,1,0.33362
202,2,0,5,4,0,111,6,6,8,6,4,1,1,1,0.43677
202,2,0,5,4,0,112,4,6,6,6,4,1,1,1,0.41704
202,2,0,5,4,0,113,11,6,14,5,4,2,2,1,0.31968
202,2,0,5,4,0,114,6,6,8,6,4,1,1,1,0.42657
202,2,0,5,4,0,115,4,6,6,6,4,1,1,1,0.36373
202,2,0,5,4,0,116,9,6,12,5,4,2,2,1,0.41755
202,2,0,5,4,0,117,9,6,12,5,4,2,2,1,0.4153
202,2,0,5,4,0,118,11,6,14,5,4,2,2,1,0.31603
202,2,0,5,4,0,119,6,6,8,6,4,1,1,1,0.45349
202,2,0,5,4,0,120,4,6,6,6,4,1,1,1,0.4869
202,2,0,5,3,1,1,8,6,10,6,4,2,1,0,0.5277
202,2,0,5,3,1,2,10,6,12,6,4,2,2,1,0.80454
202,2,0,5,3,1,3,3,6,6,5,4,1,2,0,0.48863
202,2,0,5,3,1,4,12,6,14,6,4,2,2,1,2.1497
202,2,0,5,3,1,5,5,6,8,5,4,1,1,1,1.2517
202,2,0,5,3,1,6,12,6,14,6,4,2,2,1,1.3408
202,2,0,5,3,1,7,5,6,8,5,4,1,1,1,2.1505
202,2,0,5,3,1,8,8,6,10,6,4,2,2,1,1.3786
202,2,0,5,3,1,9,3,6,6,5,4,1,1,1,0.94127
202,2,0,5,3,1,10,3,6,6,5,4,1,1,1,0.48521
202,2,0,5,3,1,11,10,6,12,6,4,2,2,1,0.50509
202,2,0,5,3,1,12,5,6,8,5,4,1,1,1,0.52625
202,2,0,5,3,1,13,8,6,10,6,4,2,2,1,0.53867
202,2,0,5,3,1,14,12,6,14,6,4,2,2,1,0.41313
202,2,0,5,3,1,15,12,6,14,6,4,2,2,1,0.35334
202,2,0,5,3,1,16,1,6,4,5,4,1,1,1,0.50429
202,2,0,5,3,1,17,1,6,4,5,4,1,1,1,0.604
202,2,0,5,3,1,18,10,6,12,6,4,2,2,1,1.1235
202,2,0,5,3,1,19,10,6,12,6,4,2,2,1,0.69153
202,2,0,5,3,1,20,1,6,4,5,4,1,1,1,0.54831
202,2,0,5,3,1,21,5,6,8,5,4,1,1,1,0.54925
202,2,0,5,3,1,22,8,6,10,6,4,2,2,1,1.787
202,2,0,5,3,1,23,3,6,6,5,4,1,1,1,0.43554
202,2,0,5,3,1,24,1,6,4,5,4,1,1,1,0.47935
202,2,0,5,3,0,1,3,6,6,5,4,1,1,1,0.5759
202,2,0,5,3,0,2,3,6,6,5,4,1,1,1,0.4161
202,2,0,5,3,0,3,1,6,4,5,4,1,1,1,0.31998
202,2,0,5,3,0,4,12,6,14,6,4,2,2,1,0.3709
202,2,0,5,3,0,5,10,6,12,6,4,2,2,1,0.27292
202,2,0,5,3,0,6,5,6,8,5,4,1,1,1,2.1635
202,2,0,5,3,0,7,12,6,14,6,4,2,2,1,0.29523
202,2,0,5,3,0,8,1,6,4,5,4,1,1,1,0.32954
202,2,0,5,3,0,9,10,6,12,6,4,2,2,1,0.33056
202,2,0,5,3,0,10,1,6,4,5,4,1,1,1,0.37173
202,2,0,5,3,0,11,8,6,10,6,4,2,2,1,0.4021
202,2,0,5,3,0,12,1,6,4,5,4,1,1,1,0.33085
202,2,0,5,3,0,13,1,6,4,5,4,1,1,1,0.37463
202,2,0,5,3,0,14,3,6,6,5,4,1,1,1,0.42348
202,2,0,5,3,0,15,12,6,14,6,4,2,2,1,0.37536
202,2,0,5,3,0,16,5,6,8,5,4,1,1,1,0.43743
202,2,0,5,3,0,17,12,6,14,6,4,2,2,1,0.42023
202,2,0,5,3,0,18,12,6,14,6,4,2,2,1,0.30108
202,2,0,5,3,0,19,12,6,14,6,4,2,2,1,0.32963
202,2,0,5,3,0,20,8,6,10,6,4,2,2,1,0.6306
202,2,0,5,3,0,21,10,6,12,6,4,2,2,1,0.35367
202,2,0,5,3,0,22,5,6,8,5,4,1,1,1,0.6009
202,2,0,5,3,0,23,10,6,12,6,4,2,2,1,0.30833
202,2,0,5,3,0,24,5,6,8,5,4,1,1,1,0.44267
202,2,0,5,3,0,25,8,6,10,6,4,2,2,1,0.74175
202,2,0,5,3,0,26,12,6,14,6,4,2,2,1,0.41751
202,2,0,5,3,0,27,3,6,6,5,4,1,1,1,0.38553
202,2,0,5,3,0,28,8,6,10,6,4,2,2,1,1.2232
202,2,0,5,3,0,29,8,6,10,6,4,2,2,1,0.36413
202,2,0,5,3,0,30,12,6,14,6,4,2,2,1,0.42086
202,2,0,5,3,0,31,10,6,12,6,4,2,2,1,0.34481
202,2,0,5,3,0,32,8,6,10,6,4,2,2,1,0.362
202,2,0,5,3,0,33,8,6,10,6,4,2,2,1,0.37636
202,2,0,5,3,0,34,10,6,12,6,4,2,2,1,0.34461
202,2,0,5,3,0,35,12,6,14,6,4,2,2,1,0.27498
202,2,0,5,3,0,36,5,6,8,5,4,1,1,1,0.51161
202,2,0,5,3,0,37,8,6,10,6,4,2,2,1,1.0444
202,2,0,5,3,0,38,5,6,8,5,4,1,1,1,0.58026
202,2,0,5,3,0,39,1,6,4,5,4,1,1,1,0.39546
202,2,0,5,3,0,40,3,6,6,5,4,1,1,1,0.33151
202,2,0,5,3,0,41,3,6,6,5,4,1,1,1,0.34493
202,2,0,5,3,0,42,3,6,6,5,4,1,1,1,0.3482
202,2,0,5,3,0,43,8,6,10,6,4,2,2,1,0.3494
202,2,0,5,3,0,44,10,6,12,6,4,2,2,1,0.43241
202,2,0,5,3,0,45,3,6,6,5,4,1,1,1,0.38607
202,2,0,5,3,0,46,12,6,14,6,4,2,2,1,0.33464
202,2,0,5,3,0,47,8,6,10,6,4,2,2,1,0.45603
202,2,0,5,3,0,48,1,6,4,5,4,1,1,1,0.42453
202,2,0,5,3,0,49,3,6,6,5,4,1,1,1,0.45557
202,2,0,5,3,0,50,12,6,14,6,4,2,2,1,0.30448
202,2,0,5,3,0,51,3,6,6,5,4,1,1,1,0.4147
202,2,0,5,3,0,52,10,6,12,6,4,2,2,1,0.29017
202,2,0,5,3,0,53,5,6,8,5,4,1,1,1,0.38072
202,2,0,5,3,0,54,12,6,14,6,4,2,2,1,0.35435
202,2,0,5,3,0,55,10,6,12,6,4,2,2,1,0.30495
202,2,0,5,3,0,56,3,6,6,5,4,1,1,1,0.4286
202,2,0,5,3,0,57,3,6,6,5,4,1,1,1,0.54021
202,2,0,5,3,0,58,10,6,12,6,4,2,2,1,0.73231
202,2,0,5,3,0,59,8,6,10,6,4,2,2,1,0.71713
202,2,0,5,3,0,60,8,6,10,6,4,2,2,1,0.32925
202,2,0,5,3,0,61,12,6,14,6,4,2,2,1,0.32584
202,2,0,5,3,0,62,1,6,4,5,4,1,1,1,0.4473
202,2,0,5,3,0,63,10,6,12,6,4,2,2,1,0.34877
202,2,0,5,3,0,64,5,6,8,5,4,1,1,1,0.50513
202,2,0,5,3,0,65,3,6,6,5,4,1,1,1,0.4652
202,2,0,5,3,0,66,12,6,14,6,4,2,2,1,0.31885
202,2,0,5,3,0,67,5,6,8,5,4,1,1,1,0.43138
202,2,0,5,3,0,68,8,6,10,6,4,2,2,1,1.4958
202,2,0,5,3,0,69,5,6,8,5,4,1,1,1,0.5034
202,2,0,5,3,0,70,1,6,4,5,4,1,1,1,0.3846
202,2,0,5,3,0,71,8,6,10,6,4,2,2,1,0.32007
202,2,0,5,3,0,72,12,6,14,6,4,2,2,1,0.40763
202,2,0,5,3,0,73,12,6,14,6,4,2,2,1,0.31568
202,2,0,5,3,0,74,1,6,4,5,4,1,1,1,0.5847
202,2,0,5,3,0,75,3,6,6,5,4,1,1,1,0.52981
202,2,0,5,3,0,76,8,6,10,6,4,2,1,0,0.42737
202,2,0,5,3,0,77,1,6,4,5,4,1,1,1,0.39167
202,2,0,5,3,0,78,8,6,10,6,4,2,2,1,0.46598
202,2,0,5,3,0,79,12,6,14,6,4,2,2,1,0.37583
202,2,0,5,3,0,80,1,6,4,5,4,1,1,1,0.34985
202,2,0,5,3,0,81,3,6,6,5,4,1,1,1,0.37886
202,2,0,5,3,0,82,8,6,10,6,4,2,2,1,1.3258
202,2,0,5,3,0,83,5,6,8,5,4,1,1,1,0.45527
202,2,0,5,3,0,84,10,6,12,6,4,2,2,1,0.26632
202,2,0,5,3,0,85,12,6,14,6,4,2,2,1,0.32002
202,2,0,5,3,0,86,12,6,14,6,4,2,2,1,0.34614
202,2,0,5,3,0,87,1,6,4,5,4,1,1,1,0.40428
202,2,0,5,3,0,88,5,6,8,5,4,1,2,0,0.30702
202,2,0,5,3,0,89,3,6,6,5,4,1,1,1,0.42396
202,2,0,5,3,0,90,1,6,4,5,4,1,1,1,0.28575
202,2,0,5,3,0,91,10,6,12,6,4,2,2,1,0.43805
202,2,0,5,3,0,92,10,6,12,6,4,2,2,1,0.46505
202,2,0,5,3,0,93,5,6,8,5,4,1,1,1,0.55842
202,2,0,5,3,0,94,1,6,4,5,4,1,1,1,0.55463
202,2,0,5,3,0,95,5,6,8,5,4,1,1,1,1.9996
202,2,0,5,3,0,96,1,6,4,5,4,1,1,1,0.30601
202,2,0,5,3,0,97,8,6,10,6,4,2,2,1,0.37916
202,2,0,5,3,0,98,10,6,12,6,4,2,2,1,0.40009
202,2,0,5,3,0,99,5,6,8,5,4,1,1,1,0.45687
202,2,0,5,3,0,100,1,6,4,5,4,1,1,1,0.37742
202,2,0,5,3,0,101,3,6,6,5,4,1,1,1,0.39926
202,2,0,5,3,0,102,8,6,10,6,4,2,2,1,0.82155
202,2,0,5,3,0,103,5,6,8,5,4,1,2,0,2.2828
202,2,0,5,3,0,104,1,6,4,5,4,1,1,1,0.38447
202,2,0,5,3,0,105,5,6,8,5,4,1,1,1,1.087
202,2,0,5,3,0,106,8,6,10,6,4,2,2,1,0.76895
202,2,0,5,3,0,107,10,6,12,6,4,2,2,1,0.58628
202,2,0,5,3,0,108,3,6,6,5,4,1,1,1,0.50395
202,2,0,5,3,0,109,1,6,4,5,4,1,1,1,0.47759
202,2,0,5,3,0,110,10,6,12,6,4,2,2,1,0.74509
202,2,0,5,3,0,111,1,6,4,5,4,1,1,1,0.49564
202,2,0,5,3,0,112,5,6,8,5,4,1,1,1,3.2291
202,2,0,5,3,0,113,12,6,14,6,4,2,2,1,0.62748
202,2,0,5,3,0,114,3,6,6,5,4,1,1,1,0.60336
202,2,0,5,3,0,115,10,6,12,6,4,2,2,1,0.43777
202,2,0,5,3,0,116,10,6,12,6,4,2,2,1,0.39884
202,2,0,5,3,0,117,5,6,8,5,4,1,1,1,0.52815
202,2,0,5,3,0,118,10,6,12,6,4,2,2,1,0.56698
202,2,0,5,3,0,119,5,6,8,5,4,1,1,1,0.79529
202,2,0,5,3,0,120,3,6,6,5,4,1,1,1,0.4425
202,2,0,5,2,1,1,8,6,10,6,4,2,2,1,1.3147
202,2,0,5,2,1,2,6,6,8,6,4,1,2,0,1.4855
202,2,0,5,2,1,3,4,6,6,6,4,1,1,1,0.52519
202,2,0,5,2,1,4,12,6,14,6,4,2,2,1,0.56727
202,2,0,5,2,1,5,2,6,4,6,4,1,1,1,0.40438
202,2,0,5,2,1,6,2,6,4,6,4,1,1,1,0.39051
202,2,0,5,2,1,7,12,6,14,6,4,2,2,1,0.4903
202,2,0,5,2,1,8,12,6,14,6,4,2,2,1,0.40526
202,2,0,5,2,1,9,10,6,12,6,4,2,2,1,0.37864
202,2,0,5,2,1,10,8,6,10,6,4,2,2,1,0.37816
202,2,0,5,2,1,11,10,6,12,6,4,2,2,1,0.37453
202,2,0,5,2,1,12,2,6,4,6,4,1,1,1,0.4269
202,2,0,5,2,1,13,8,6,10,6,4,2,2,1,0.46266
202,2,0,5,2,1,14,10,6,12,6,4,2,2,1,0.52431
202,2,0,5,2,1,15,4,6,6,6,4,1,1,1,0.54317
202,2,0,5,2,1,16,2,6,4,6,4,1,1,1,0.80695
202,2,0,5,2,1,17,4,6,6,6,4,1,1,1,0.52223
202,2,0,5,2,1,18,6,6,8,6,4,1,1,1,1.2996
202,2,0,5,2,1,19,8,6,10,6,4,2,1,0,0.45505
202,2,0,5,2,1,20,6,6,8,6,4,1,1,1,0.46503
202,2,0,5,2,1,21,4,6,6,6,4,1,1,1,0.42491
202,2,0,5,2,1,22,10,6,12,6,4,2,2,1,0.4864
202,2,0,5,2,1,23,12,6,14,6,4,2,2,1,0.47887
202,2,0,5,2,1,24,6,6,8,6,4,1,1,1,1.3121
202,2,0,5,2,0,1,6,6,8,6,4,1,1,1,2.3649
202,2,0,5,2,0,2,6,6,8,6,4,1,1,1,0.43776
202,2,0,5,2,0,3,2,6,4,6,4,1,1,1,0.74155
202,2,0,5,2,0,4,6,6,8,6,4,1,1,1,0.43016
202,2,0,5,2,0,5,6,6,8,6,4,1,1,1,0.34375
202,2,0,5,2,0,6,10,6,12,6,4,2,2,1,0.37831
202,2,0,5,2,0,7,12,6,14,6,4,2,2,1,0.31339
202,2,0,5,2,0,8,8,6,10,6,4,2,2,1,1.0815
202,2,0,5,2,0,9,4,6,6,6,4,1,1,1,0.62624
202,2,0,5,2,0,10,2,6,4,6,4,1,1,1,0.38604
202,2,0,5,2,0,11,8,6,10,6,4,2,2,1,0.67726
202,2,0,5,2,0,12,6,6,8,6,4,1,1,1,0.98425
202,2,0,5,2,0,13,6,6,8,6,4,1,1,1,0.62244
202,2,0,5,2,0,14,10,6,12,6,4,2,2,1,0.54883
202,2,0,5,2,0,15,4,6,6,6,4,1,1,1,0.55926
202,2,0,5,2,0,16,6,6,8,6,4,1,1,1,2.4102
202,2,0,5,2,0,17,8,6,10,6,4,2,1,0,0.73106
202,2,0,5,2,0,18,8,6,10,6,4,2,2,1,0.50192
202,2,0,5,2,0,19,12,6,14,6,4,2,2,1,0.41779
202,2,0,5,2,0,20,8,6,10,6,4,2,2,1,1.3065
202,2,0,5,2,0,21,6,6,8,6,4,1,1,1,2.8063
202,2,0,5,2,0,22,4,6,6,6,4,1,1,1,0.55773
202,2,0,5,2,0,23,6,6,8,6,4,1,1,1,0.7072
202,2,0,5,2,0,24,8,6,10,6,4,2,2,1,2.5775
202,2,0,5,2,0,25,4,6,6,6,4,1,1,1,0.48935
202,2,0,5,2,0,26,2,6,4,6,4,1,1,1,0.33533
202,2,0,5,2,0,27,2,6,4,6,4,1,1,1,0.52303
202,2,0,5,2,0,28,8,6,10,6,4,2,2,1,0.83419
202,2,0,5,2,0,29,10,6,12,6,4,2,1,0,0.71913
202,2,0,5,2,0,30,10,6,12,6,4,2,2,1,0.40063
202,2,0,5,2,0,31,2,6,4,6,4,1,1,1,0.41594
202,2,0,5,2,0,32,8,6,10,6,4,2,2,1,0.49473
202,2,0,5,2,0,33,2,6,4,6,4,1,1,1,0.38289
202,2,0,5,2,0,34,2,6,4,6,4,1,1,1,0.55061
202,2,0,5,2,0,35,6,6,8,6,4,1,2,0,0.86081
202,2,0,5,2,0,36,10,6,12,6,4,2,2,1,0.36058
202,2,0,5,2,0,37,8,6,10,6,4,2,2,1,0.38812
202,2,0,5,2,0,38,10,6,12,6,4,2,2,1,0.35344
202,2,0,5,2,0,39,10,6,12,6,4,2,2,1,0.52106
202,2,0,5,2,0,40,10,6,12,6,4,2,2,1,0.3682
202,2,0,5,2,0,41,10,6,12,6,4,2,2,1,0.35319
202,2,0,5,2,0,42,12,6,14,6,4,2,2,1,0.56692
202,2,0,5,2,0,43,8,6,10,6,4,2,2,1,3.2697
202,2,0,5,2,0,44,12,6,14,6,4,2,2,1,0.43192
202,2,0,5,2,0,45,10,6,12,6,4,2,2,1,0.57898
202,2,0,5,2,0,46,6,6,8,6,4,1,1,1,1.5296
202,2,0,5,2,0,47,8,6,10,6,4,2,2,1,0.90011
202,2,0,5,2,0,48,12,6,14,6,4,2,2,1,0.48601
202,2,0,5,2,0,49,2,6,4,6,4,1,1,1,0.45084
202,2,0,5,2,0,50,6,6,8,6,4,1,1,1,0.53703
202,2,0,5,2,0,51,10,6,12,6,4,2,2,1,0.4105
202,2,0,5,2,0,52,4,6,6,6,4,1,1,1,0.62756
202,2,0,5,2,0,53,4,6,6,6,4,1,1,1,0.71811
202,2,0,5,2,0,54,12,6,14,6,4,2,2,1,0.36223
202,2,0,5,2,0,55,2,6,4,6,4,1,1,1,0.42136
202,2,0,5,2,0,56,6,6,8,6,4,1,1,1,3.207
202,2,0,5,2,0,57,4,6,6,6,4,1,1,1,0.47404
202,2,0,5,2,0,58,10,6,12,6,4,2,2,1,0.95472
202,2,0,5,2,0,59,8,6,10,6,4,2,2,1,0.43443
202,2,0,5,2,0,60,4,6,6,6,4,1,1,1,0.45439
202,2,0,5,2,0,61,4,6,6,6,4,1,1,1,0.48683
202,2,0,5,2,0,62,12,6,14,6,4,2,2,1,0.37238
202,2,0,5,2,0,63,12,6,14,6,4,2,2,1,0.36055
202,2,0,5,2,0,64,2,6,4,6,4,1,1,1,0.39272
202,2,0,5,2,0,65,12,6,14,6,4,2,2,1,0.48933
202,2,0,5,2,0,66,2,6,4,6,4,1,1,1,0.41854
202,2,0,5,2,0,67,12,6,14,6,4,2,2,1,0.45365
202,2,0,5,2,0,68,6,6,8,6,4,1,1,1,1.5417
202,2,0,5,2,0,69,4,6,6,6,4,1,1,1,0.53501
202,2,0,5,2,0,70,8,6,10,6,4,2,2,1,1.0457
202,2,0,5,2,0,71,6,6,8,6,4,1,1,1,0.74697
202,2,0,5,2,0,72,10,6,12,6,4,2,2,1,0.50411
202,2,0,5,2,0,73,4,6,6,6,4,1,1,1,0.63173
202,2,0,5,2,0,74,6,6,8,6,4,1,1,1,0.55839
202,2,0,5,2,0,75,10,6,12,6,4,2,2,1,0.57925
202,2,0,5,2,0,76,10,6,12,6,4,2,2,1,0.68106
202,2,0,5,2,0,77,12,6,14,6,4,2,2,1,0.41422
202,2,0,5,2,0,78,2,6,4,6,4,1,1,1,0.42572
202,2,0,5,2,0,79,2,6,4,6,4,1,1,1,0.351
202,2,0,5,2,0,80,8,6,10,6,4,2,2,1,0.49921
202,2,0,5,2,0,81,12,6,14,6,4,2,1,0,0.48514
202,2,0,5,2,0,82,8,6,10,6,4,2,2,1,1.8221
202,2,0,5,2,0,83,4,6,6,6,4,1,1,1,0.41316
202,2,0,5,2,0,84,6,6,8,6,4,1,1,1,0.74809
202,2,0,5,2,0,85,12,6,14,6,4,2,2,1,1.1632
202,2,0,5,2,0,86,6,6,8,6,4,1,1,1,0.49169
202,2,0,5,2,0,87,4,6,6,6,4,1,1,1,0.5195
202,2,0,5,2,0,88,4,6,6,6,4,1,1,1,0.5152
202,2,0,5,2,0,89,10,6,12,6,4,2,2,1,1.8236
202,2,0,5,2,0,90,2,6,4,6,4,1,1,1,0.42543
202,2,0,5,2,0,91,8,6,10,6,4,2,2,1,1.0122
202,2,0,5,2,0,92,12,6,14,6,4,2,1,0,0.53301
202,2,0,5,2,0,93,8,6,10,6,4,2,2,1,1.4184
202,2,0,5,2,0,94,12,6,14,6,4,2,2,1,0.5042
202,2,0,5,2,0,95,12,6,14,6,4,2,2,1,0.34792
202,2,0,5,2,0,96,10,6,12,6,4,2,2,1,0.62875
202,2,0,5,2,0,97,4,6,6,6,4,1,1,1,0.66341
202,2,0,5,2,0,98,10,6,12,6,4,2,2,1,0.69224
202,2,0,5,2,0,99,12,6,14,6,4,2,2,1,0.4156
202,2,0,5,2,0,100,2,6,4,6,4,1,1,1,0.54864
202,2,0,5,2,0,101,2,6,4,6,4,1,NaN,9,NaN
202,2,0,5,2,0,102,8,6,10,6,4,2,2,1,1.7683
202,2,0,5,2,0,103,6,6,8,6,4,1,1,1,1.1373
202,2,0,5,2,0,104,4,6,6,6,4,1,1,1,0.6723
202,2,0,5,2,0,105,2,6,4,6,4,1,1,1,0.46248
202,2,0,5,2,0,106,6,6,8,6,4,1,1,1,0.69482
202,2,0,5,2,0,107,10,6,12,6,4,2,2,1,0.45187
202,2,0,5,2,0,108,12,6,14,6,4,2,2,1,0.45407
202,2,0,5,2,0,109,10,6,12,6,4,2,2,1,0.31542
202,2,0,5,2,0,110,2,6,4,6,4,1,1,1,0.39022
202,2,0,5,2,0,111,2,6,4,6,4,1,1,1,0.49949
202,2,0,5,2,0,112,2,6,4,6,4,1,1,1,0.38902
202,2,0,5,2,0,113,4,6,6,6,4,1,1,1,0.41133
202,2,0,5,2,0,114,12,6,14,6,4,2,2,1,0.23988
202,2,0,5,2,0,115,8,6,10,6,4,2,2,1,1.225
202,2,0,5,2,0,116,4,6,6,6,4,1,1,1,0.39105
202,2,0,5,2,0,117,4,6,6,6,4,1,1,1,0.37564
202,2,0,5,2,0,118,4,6,6,6,4,1,1,1,0.36208
202,2,0,5,2,0,119,8,6,10,6,4,2,2,1,0.94347
202,2,0,5,2,0,120,12,6,14,6,4,2,2,1,0.32944
202,2,0,5,1,1,1,5,6,8,5,4,1,2,0,2.8668
202,2,0,5,1,1,2,9,6,12,5,4,2,2,1,0.36414
202,2,0,5,1,1,3,9,6,12,5,4,2,2,1,0.42094
202,2,0,5,1,1,4,1,6,4,5,4,1,1,1,0.6308
202,2,0,5,1,1,5,11,6,14,5,4,2,2,1,0.54561
202,2,0,5,1,1,6,1,6,4,5,4,1,1,1,0.88326
202,2,0,5,1,1,7,3,6,6,5,4,1,1,1,0.48204
202,2,0,5,1,1,8,5,6,8,5,4,1,1,1,0.61089
202,2,0,5,1,1,9,11,6,14,5,4,2,2,1,0.32483
202,2,0,5,1,1,10,1,6,4,5,4,1,1,1,0.45089
202,2,0,5,1,1,11,7,6,10,5,4,2,2,1,1.1373
202,2,0,5,1,1,12,9,6,12,5,4,2,2,1,0.41608
202,2,0,5,1,1,13,9,6,12,5,4,2,2,1,0.43721
202,2,0,5,1,1,14,3,6,6,5,4,1,1,1,0.44866
202,2,0,5,1,1,15,3,6,6,5,4,1,1,1,0.5616
202,2,0,5,1,1,16,7,6,10,5,4,2,2,1,0.96763
202,2,0,5,1,1,17,7,6,10,5,4,2,2,1,0.39197
202,2,0,5,1,1,18,5,6,8,5,4,1,1,1,1.0582
202,2,0,5,1,1,19,5,6,8,5,4,1,1,1,0.51177
202,2,0,5,1,1,20,3,6,6,5,4,1,1,1,0.47224
202,2,0,5,1,1,21,11,6,14,5,4,2,2,1,0.60959
202,2,0,5,1,1,22,7,6,10,5,4,2,2,1,1.833
202,2,0,5,1,1,23,1,6,4,5,4,1,1,1,0.49535
202,2,0,5,1,1,24,11,6,14,5,4,2,2,1,0.39125
202,2,0,5,1,0,1,9,6,12,5,4,2,2,1,0.62493
202,2,0,5,1,0,2,1,6,4,5,4,1,1,1,0.45389
202,2,0,5,1,0,3,9,6,12,5,4,2,2,1,0.4326
202,2,0,5,1,0,4,5,6,8,5,4,1,1,1,1.1616
202,2,0,5,1,0,5,7,6,10,5,4,2,2,1,0.56306
202,2,0,5,1,0,6,1,6,4,5,4,1,1,1,0.38694
202,2,0,5,1,0,7,1,6,4,5,4,1,1,1,0.45654
202,2,0,5,1,0,8,3,6,6,5,4,1,1,1,0.54439
202,2,0,5,1,0,9,9,6,12,5,4,2,2,1,0.31584
202,2,0,5,1,0,10,9,6,12,5,4,2,2,1,0.37768
202,2,0,5,1,0,11,3,6,6,5,4,1,1,1,0.59704
202,2,0,5,1,0,12,11,6,14,5,4,2,2,1,0.4641
202,2,0,5,1,0,13,11,6,14,5,4,2,2,1,0.64079
202,2,0,5,1,0,14,7,6,10,5,4,2,2,1,0.64157
202,2,0,5,1,0,15,11,6,14,5,4,2,2,1,0.45542
202,2,0,5,1,0,16,11,6,14,5,4,2,2,1,0.35793
202,2,0,5,1,0,17,11,6,14,5,4,2,2,1,0.31309
202,2,0,5,1,0,18,7,6,10,5,4,2,2,1,1.1017
202,2,0,5,1,0,19,5,6,8,5,4,1,1,1,0.93134
202,2,0,5,1,0,20,3,6,6,5,4,1,1,1,0.46967
202,2,0,5,1,0,21,3,6,6,5,4,1,1,1,0.41902
202,2,0,5,1,0,22,1,6,4,5,4,1,1,1,0.48077
202,2,0,5,1,0,23,7,6,10,5,4,2,2,1,0.42463
202,2,0,5,1,0,24,3,6,6,5,4,1,1,1,0.59914
202,2,0,5,1,0,25,1,6,4,5,4,1,1,1,0.51555
202,2,0,5,1,0,26,1,6,4,5,4,1,1,1,0.43748
202,2,0,5,1,0,27,11,6,14,5,4,2,2,1,0.53369
202,2,0,5,1,0,28,5,6,8,5,4,1,1,1,0.62162
202,2,0,5,1,0,29,7,6,10,5,4,2,2,1,0.33228
202,2,0,5,1,0,30,5,6,8,5,4,1,1,1,0.97178
202,2,0,5,1,0,31,5,6,8,5,4,1,1,1,0.41003
202,2,0,5,1,0,32,11,6,14,5,4,2,2,1,0.41571
202,2,0,5,1,0,33,9,6,12,5,4,2,2,1,0.36947
202,2,0,5,1,0,34,1,6,4,5,4,1,1,1,0.40335
202,2,0,5,1,0,35,11,6,14,5,4,2,2,1,0.4343
202,2,0,5,1,0,36,5,6,8,5,4,1,1,1,0.45306
202,2,0,5,1,0,37,3,6,6,5,4,1,1,1,0.45233
202,2,0,5,1,0,38,3,6,6,5,4,1,1,1,0.40548
202,2,0,5,1,0,39,9,6,12,5,4,2,2,1,0.41343
202,2,0,5,1,0,40,3,6,6,5,4,1,1,1,0.34613
202,2,0,5,1,0,41,11,6,14,5,4,2,2,1,0.42513
202,2,0,5,1,0,42,7,6,10,5,4,2,2,1,0.82744
202,2,0,5,1,0,43,3,6,6,5,4,1,1,1,0.42858
202,2,0,5,1,0,44,3,6,6,5,4,1,1,1,0.44721
202,2,0,5,1,0,45,11,6,14,5,4,2,2,1,0.60807
202,2,0,5,1,0,46,9,6,12,5,4,2,2,1,0.34912
202,2,0,5,1,0,47,7,6,10,5,4,2,2,1,0.32933
202,2,0,5,1,0,48,7,6,10,5,4,2,2,1,0.44815
202,2,0,5,1,0,49,3,6,6,5,4,1,1,1,0.36491
202,2,0,5,1,0,50,1,6,4,5,4,1,1,1,0.43545
202,2,0,5,1,0,51,9,6,12,5,4,2,2,1,0.33056
202,2,0,5,1,0,52,7,6,10,5,4,2,2,1,0.405
202,2,0,5,1,0,53,1,6,4,5,4,1,1,1,0.31333
202,2,0,5,1,0,54,7,6,10,5,4,2,2,1,0.51506
202,2,0,5,1,0,55,5,6,8,5,4,1,1,1,0.88573
202,2,0,5,1,0,56,5,6,8,5,4,1,1,1,1.1304
202,2,0,5,1,0,57,5,6,8,5,4,1,1,1,0.71361
202,2,0,5,1,0,58,9,6,12,5,4,2,2,1,0.37821
202,2,0,5,1,0,59,9,6,12,5,4,2,2,1,0.40195
202,2,0,5,1,0,60,1,6,4,5,4,1,1,1,0.38841
202,2,0,5,1,0,61,7,6,10,5,4,2,2,1,1.2739
202,2,0,5,1,0,62,9,6,12,5,4,2,2,1,0.39675
202,2,0,5,1,0,63,7,6,10,5,4,2,2,1,0.804
202,2,0,5,1,0,64,7,6,10,5,4,2,2,1,0.76233
202,2,0,5,1,0,65,7,6,10,5,4,2,2,1,0.57264
202,2,0,5,1,0,66,3,6,6,5,4,1,1,1,0.4383
202,2,0,5,1,0,67,3,6,6,5,4,1,1,1,0.6416
202,2,0,5,1,0,68,9,6,12,5,4,2,2,1,0.46998
202,2,0,5,1,0,69,9,6,12,5,4,2,2,1,0.49446
202,2,0,5,1,0,70,3,6,6,5,4,1,1,1,0.42617
202,2,0,5,1,0,71,9,6,12,5,4,2,2,1,0.86668
202,2,0,5,1,0,72,5,6,8,5,4,1,1,1,0.53988
202,2,0,5,1,0,73,11,6,14,5,4,2,2,1,0.3756
202,2,0,5,1,0,74,1,6,4,5,4,1,1,1,0.45946
202,2,0,5,1,0,75,1,6,4,5,4,1,1,1,0.52112
202,2,0,5,1,0,76,11,6,14,5,4,2,2,1,0.41616
202,2,0,5,1,0,77,5,6,8,5,4,1,1,1,0.92071
202,2,0,5,1,0,78,11,6,14,5,4,2,2,1,0.33772
202,2,0,5,1,0,79,5,6,8,5,4,1,1,1,0.81945
202,2,0,5,1,0,80,7,6,10,5,4,2,1,0,1.1381
202,2,0,5,1,0,81,7,6,10,5,4,2,2,1,0.55034
202,2,0,5,1,0,82,5,6,8,5,4,1,1,1,0.80853
202,2,0,5,1,0,83,1,6,4,5,4,1,1,1,0.46523
202,2,0,5,1,0,84,5,6,8,5,4,1,1,1,0.55529
202,2,0,5,1,0,85,11,6,14,5,4,2,2,1,0.35406
202,2,0,5,1,0,86,3,6,6,5,4,1,1,1,0.41368
202,2,0,5,1,0,87,1,6,4,5,4,1,1,1,0.42869
202,2,0,5,1,0,88,1,6,4,5,4,1,1,1,0.51891
202,2,0,5,1,0,89,3,6,6,5,4,1,1,1,0.39578
202,2,0,5,1,0,90,5,6,8,5,4,1,1,1,0.44237
202,2,0,5,1,0,91,1,6,4,5,4,1,1,1,0.34337
202,2,0,5,1,0,92,9,6,12,5,4,2,2,1,0.57165
202,2,0,5,1,0,93,9,6,12,5,4,2,2,1,0.50139
202,2,0,5,1,0,94,1,6,4,5,4,1,1,1,0.59533
202,2,0,5,1,0,95,9,6,12,5,4,2,2,1,0.64193
202,2,0,5,1,0,96,7,6,10,5,4,2,2,1,1.2323
202,2,0,5,1,0,97,1,6,4,5,4,1,1,1,0.37521
202,2,0,5,1,0,98,3,6,6,5,4,1,1,1,1.0361
202,2,0,5,1,0,99,7,6,10,5,4,2,2,1,0.43604
202,2,0,5,1,0,100,3,6,6,5,4,1,1,1,0.45581
202,2,0,5,1,0,101,9,6,12,5,4,2,1,0,0.57202
202,2,0,5,1,0,102,5,6,8,5,4,1,1,1,0.99344
202,2,0,5,1,0,103,5,6,8,5,4,1,1,1,0.57836
202,2,0,5,1,0,104,11,6,14,5,4,2,2,1,0.37881
202,2,0,5,1,0,105,11,6,14,5,4,2,2,1,0.3354
202,2,0,5,1,0,106,5,6,8,5,4,1,1,1,1.2461
202,2,0,5,1,0,107,11,6,14,5,4,2,2,1,0.31517
202,2,0,5,1,0,108,5,6,8,5,4,1,1,1,0.47957
202,2,0,5,1,0,109,11,6,14,5,4,2,2,1,0.34521
202,2,0,5,1,0,110,7,6,10,5,4,2,2,1,1.2374
202,2,0,5,1,0,111,9,6,12,5,4,2,2,1,0.35799
202,2,0,5,1,0,112,9,6,12,5,4,2,2,1,0.34747
202,2,0,5,1,0,113,1,6,4,5,4,1,1,1,0.37624
202,2,0,5,1,0,114,3,6,6,5,4,1,1,1,0.51458
202,2,0,5,1,0,115,5,6,8,5,4,1,1,1,0.58064
202,2,0,5,1,0,116,11,6,14,5,4,2,2,1,0.31956
202,2,0,5,1,0,117,1,6,4,5,4,1,1,1,0.33445
202,2,0,5,1,0,118,11,6,14,5,4,2,2,1,0.41745
202,2,0,5,1,0,119,3,6,6,5,4,1,1,1,0.46106
202,2,0,5,1,0,120,7,6,10,5,4,2,2,1,1.754
202,2,0,5,5,1,1,4,6,6,6,4,1,1,1,0.57471
202,2,0,5,5,1,2,2,6,4,6,4,1,1,1,0.40026
202,2,0,5,5,1,3,3,6,6,5,4,1,1,1,0.46953
202,2,0,5,5,1,4,5,6,8,5,4,1,1,1,0.82118
202,2,0,5,5,1,5,2,6,4,6,4,1,1,1,0.51261
202,2,0,5,5,1,6,7,6,10,5,4,2,2,1,0.91518
202,2,0,5,5,1,7,8,6,10,6,4,2,2,1,0.5158
202,2,0,5,5,1,8,1,6,4,5,4,1,1,1,1.408
202,2,0,5,5,1,9,10,6,12,6,4,2,2,1,0.38522
202,2,0,5,5,1,10,9,6,12,5,4,2,2,1,0.40536
202,2,0,5,5,1,11,10,6,12,6,4,2,2,1,0.34159
202,2,0,5,5,1,12,11,6,14,5,4,2,2,1,0.34767
202,2,0,5,5,1,13,12,6,14,6,4,2,2,1,0.35048
202,2,0,5,5,1,14,11,6,14,5,4,2,2,1,0.30941
202,2,0,5,5,1,15,1,6,4,5,4,1,1,1,0.4499
202,2,0,5,5,1,16,8,6,10,6,4,2,2,1,1.6326
202,2,0,5,5,1,17,6,6,8,6,4,1,1,1,2.5911
202,2,0,5,5,1,18,9,6,12,5,4,2,2,1,0.40568
202,2,0,5,5,1,19,7,6,10,5,4,2,1,0,1.3279
202,2,0,5,5,1,20,6,6,8,6,4,1,1,1,1.7464
202,2,0,5,5,1,21,5,6,8,5,4,1,1,1,0.5507
202,2,0,5,5,1,22,3,6,6,5,4,1,1,1,0.46819
202,2,0,5,5,1,23,12,6,14,6,4,2,2,1,0.46113
202,2,0,5,5,1,24,4,6,6,6,4,1,1,1,2.4119
202,2,0,5,5,0,1,10,6,12,6,4,2,2,1,0.90403
202,2,0,5,5,0,2,9,6,12,5,4,2,2,1,0.61054
202,2,0,5,5,0,3,7,6,10,5,4,2,2,1,0.67421
202,2,0,5,5,0,4,9,6,12,5,4,2,2,1,0.35859
202,2,0,5,5,0,5,2,6,4,6,4,1,1,1,0.39122
202,2,0,5,5,0,6,9,6,12,5,4,2,2,1,0.43054
202,2,0,5,5,0,7,6,6,8,6,4,1,1,1,0.73793
202,2,0,5,5,0,8,12,6,14,6,4,2,2,1,0.36994
202,2,0,5,5,0,9,3,6,6,5,4,1,1,1,0.31647
202,2,0,5,5,0,10,9,6,12,5,4,2,2,1,0.36606
202,2,0,5,5,0,11,11,6,14,5,4,2,2,1,0.65359
202,2,0,5,5,0,12,12,6,14,6,4,2,2,1,0.49229
202,2,0,5,5,0,13,1,6,4,5,4,1,1,1,0.51713
202,2,0,5,5,0,14,11,6,14,5,4,2,2,1,0.46387
202,2,0,5,5,0,15,11,6,14,5,4,2,2,1,0.41937
202,2,0,5,5,0,16,9,6,12,5,4,2,2,1,0.35065
202,2,0,5,5,0,17,4,6,6,6,4,1,1,1,0.41247
202,2,0,5,5,0,18,5,6,8,5,4,1,1,1,0.56464
202,2,0,5,5,0,19,5,6,8,5,4,1,1,1,0.45075
202,2,0,5,5,0,20,3,6,6,5,4,1,1,1,0.43588
202,2,0,5,5,0,21,5,6,8,5,4,1,1,1,0.59066
202,2,0,5,5,0,22,4,6,6,6,4,1,1,1,0.36374
202,2,0,5,5,0,23,7,6,10,5,4,2,2,1,0.42996
202,2,0,5,5,0,24,9,6,12,5,4,2,2,1,0.80459
202,2,0,5,5,0,25,3,6,6,5,4,1,1,1,0.40777
202,2,0,5,5,0,26,8,6,10,6,4,2,2,1,0.45368
202,2,0,5,5,0,27,6,6,8,6,4,1,1,1,0.67816
202,2,0,5,5,0,28,1,6,4,5,4,1,1,1,0.45215
202,2,0,5,5,0,29,2,6,4,6,4,1,1,1,0.45195
202,2,0,5,5,0,30,6,6,8,6,4,1,1,1,1.4177
202,2,0,5,5,0,31,5,6,8,5,4,1,1,1,0.46657
202,2,0,5,5,0,32,10,6,12,6,4,2,2,1,0.35446
202,2,0,5,5,0,33,2,6,4,6,4,1,1,1,0.3694
202,2,0,5,5,0,34,7,6,10,5,4,2,2,1,0.36408
202,2,0,5,5,0,35,12,6,14,6,4,2,2,1,0.35871
202,2,0,5,5,0,36,12,6,14,6,4,2,2,1,0.34489
202,2,0,5,5,0,37,9,6,12,5,4,2,2,1,0.47215
202,2,0,5,5,0,38,4,6,6,6,4,1,1,1,0.43202
202,2,0,5,5,0,39,9,6,12,5,4,2,2,1,0.37768
202,2,0,5,5,0,40,5,6,8,5,4,1,1,1,0.90252
202,2,0,5,5,0,41,10,6,12,6,4,2,2,1,0.3537
202,2,0,5,5,0,42,11,6,14,5,4,2,2,1,0.3675
202,2,0,5,5,0,43,11,6,14,5,4,2,2,1,0.38009
202,2,0,5,5,0,44,12,6,14,6,4,2,2,1,0.35243
202,2,0,5,5,0,45,10,6,12,6,4,2,2,1,0.2729
202,2,0,5,5,0,46,11,6,14,5,4,2,2,1,0.4286
202,2,0,5,5,0,47,10,6,12,6,4,2,2,1,0.3577
202,2,0,5,5,0,48,6,6,8,6,4,1,1,1,0.52821
202,2,0,5,5,0,49,7,6,10,5,4,2,1,0,0.94482
202,2,0,5,5,0,50,3,6,6,5,4,1,1,1,0.51487
202,2,0,5,5,0,51,8,6,10,6,4,2,2,1,0.42289
202,2,0,5,5,0,52,4,6,6,6,4,1,1,1,0.47766
202,2,0,5,5,0,53,7,6,10,5,4,2,2,1,0.55443
202,2,0,5,5,0,54,6,6,8,6,4,1,1,1,1.5236
202,2,0,5,5,0,55,5,6,8,5,4,1,1,1,1.195
202,2,0,5,5,0,56,12,6,14,6,4,2,2,1,0.40049
202,2,0,5,5,0,57,4,6,6,6,4,1,1,1,0.43572
202,2,0,5,5,0,58,7,6,10,5,4,2,2,1,1.1127
202,2,0,5,5,0,59,2,6,4,6,4,1,1,1,0.48805
202,2,0,5,5,0,60,7,6,10,5,4,2,2,1,0.54993
202,2,0,5,5,0,61,10,6,12,6,4,2,2,1,0.53211
202,2,0,5,5,0,62,12,6,14,6,4,2,2,1,0.53586
202,2,0,5,5,0,63,8,6,10,6,4,2,2,1,0.51109
202,2,0,5,5,0,64,1,6,4,5,4,1,1,1,0.85376
202,2,0,5,5,0,65,1,6,4,5,4,1,1,1,0.63392
202,2,0,5,5,0,66,6,6,8,6,4,1,2,0,2.006
202,2,0,5,5,0,67,8,6,10,6,4,2,2,1,0.70146
202,2,0,5,5,0,68,6,6,8,6,4,1,1,1,1.1449
202,2,0,5,5,0,69,9,6,12,5,4,2,2,1,0.55061
202,2,0,5,5,0,70,7,6,10,5,4,2,2,1,1.5322
202,2,0,5,5,0,71,8,6,10,6,4,2,2,1,1.7637
202,2,0,5,5,0,72,3,6,6,5,4,1,1,1,0.56219
202,2,0,5,5,0,73,4,6,6,6,4,1,1,1,0.4921
202,2,0,5,5,0,74,2,6,4,6,4,1,1,1,0.50264
202,2,0,5,5,0,75,5,6,8,5,4,1,1,1,1.4538
202,2,0,5,5,0,76,5,6,8,5,4,1,1,1,0.92921
202,2,0,5,5,0,77,2,6,4,6,4,1,1,1,0.39172
202,2,0,5,5,0,78,1,6,4,5,4,1,1,1,0.85263
202,2,0,5,5,0,79,12,6,14,6,4,2,2,1,0.48053
202,2,0,5,5,0,80,4,6,6,6,4,1,1,1,0.41033
202,2,0,5,5,0,81,6,6,8,6,4,1,1,1,1.1361
202,2,0,5,5,0,82,1,6,4,5,4,1,1,1,1.0575
202,2,0,5,5,0,83,11,6,14,5,4,2,2,1,0.35942
202,2,0,5,5,0,84,3,6,6,5,4,1,1,1,0.40913
202,2,0,5,5,0,85,10,6,12,6,4,2,2,1,0.51243
202,2,0,5,5,0,86,12,6,14,6,4,2,2,1,0.7292
202,2,0,5,5,0,87,1,6,4,5,4,1,1,1,0.37247
202,2,0,5,5,0,88,8,6,10,6,4,2,2,1,0.47387
202,2,0,5,5,0,89,6,6,8,6,4,1,1,1,0.42444
202,2,0,5,5,0,90,3,6,6,5,4,1,1,1,1.0137
202,2,0,5,5,0,91,8,6,10,6,4,2,2,1,1.6143
202,2,0,5,5,0,92,10,6,12,6,4,2,2,1,0.52235
202,2,0,5,5,0,93,5,6,8,5,4,1,1,1,0.40834
202,2,0,5,5,0,94,1,6,4,5,4,1,1,1,0.53171
202,2,0,5,5,0,95,11,6,14,5,4,2,2,1,0.46572
202,2,0,5,5,0,96,4,6,6,6,4,1,1,1,0.49101
202,2,0,5,5,0,97,10,6,12,6,4,2,2,1,0.81246
202,2,0,5,5,0,98,8,6,10,6,4,2,2,1,0.79263
202,2,0,5,5,0,99,8,6,10,6,4,2,2,1,0.52019
202,2,0,5,5,0,100,8,6,10,6,4,2,2,1,0.76739
202,2,0,5,5,0,101,11,6,14,5,4,2,2,1,0.72296
202,2,0,5,5,0,102,1,6,4,5,4,1,1,1,0.41296
202,2,0,5,5,0,103,3,6,6,5,4,1,1,1,0.443
202,2,0,5,5,0,104,2,6,4,6,4,1,1,1,1.1769
202,2,0,5,5,0,105,12,6,14,6,4,2,2,1,0.40159
202,2,0,5,5,0,106,2,6,4,6,4,1,1,1,0.38211
202,2,0,5,5,0,107,9,6,12,5,4,2,2,1,0.76684
202,2,0,5,5,0,108,4,6,6,6,4,1,1,1,1.0341
202,2,0,5,5,0,109,3,6,6,5,4,1,1,1,0.51285
202,2,0,5,5,0,110,2,6,4,6,4,1,1,1,1.0358
202,2,0,5,5,0,111,10,6,12,6,4,2,2,1,0.54122
202,2,0,5,5,0,112,4,6,6,6,4,1,1,1,0.36005
202,2,0,5,5,0,113,3,6,6,5,4,1,1,1,0.59597
202,2,0,5,5,0,114,2,6,4,6,4,1,1,1,0.43023
202,2,0,5,5,0,115,1,6,4,5,4,1,1,1,0.65407
202,2,0,5,5,0,116,11,6,14,5,4,2,2,1,0.5068
202,2,0,5,5,0,117,5,6,8,5,4,1,1,1,1.1426
202,2,0,5,5,0,118,6,6,8,6,4,1,2,0,0.71515
202,2,0,5,5,0,119,7,6,10,5,4,2,2,1,0.67646
202,2,0,5,5,0,120,7,6,10,5,4,2,2,1,0.55519
202,2,0,5,6,0,1,2,6,4,6,4,1,1,1,0.53999
202,2,0,5,6,0,2,6,6,8,6,4,1,1,1,0.8166
202,2,0,5,6,0,3,2,6,4,6,4,1,1,1,0.43305
202,2,0,5,6,0,4,3,6,6,5,4,1,1,1,0.361
202,2,0,5,6,0,5,1,6,4,5,4,1,1,1,0.3103
202,2,0,5,6,0,6,8,6,10,6,4,2,2,1,0.32305
202,2,0,5,6,0,7,9,6,12,5,4,2,2,1,0.53801
202,2,0,5,6,0,8,9,6,12,5,4,2,2,1,0.43232
202,2,0,5,6,0,9,9,6,12,5,4,2,2,1,0.28345
202,2,0,5,6,0,10,12,6,14,6,4,2,2,1,0.56526
202,2,0,5,6,0,11,1,6,4,5,4,1,1,1,0.53731
202,2,0,5,6,0,12,4,6,6,6,4,1,1,1,0.69523
202,2,0,5,6,0,13,10,6,12,6,4,2,2,1,0.49588
202,2,0,5,6,0,14,6,6,8,6,4,1,1,1,0.42551
202,2,0,5,6,0,15,1,6,4,5,4,1,1,1,0.48478
202,2,0,5,6,0,16,12,6,14,6,4,2,2,1,0.59758
202,2,0,5,6,0,17,11,6,14,5,4,2,2,1,0.36086
202,2,0,5,6,0,18,9,6,12,5,4,2,2,1,0.38094
202,2,0,5,6,0,19,8,6,10,6,4,2,2,1,1.0492
202,2,0,5,6,0,20,2,6,4,6,4,1,1,1,0.73763
202,2,0,5,6,0,21,4,6,6,6,4,1,1,1,1.0129
202,2,0,5,6,0,22,7,6,10,5,4,2,2,1,0.36823
202,2,0,5,6,0,23,10,6,12,6,4,2,2,1,0.50093
202,2,0,5,6,0,24,7,6,10,5,4,2,2,1,0.39032
202,2,0,5,6,0,25,3,6,6,5,4,1,1,1,0.52722
202,2,0,5,6,0,26,9,6,12,5,4,2,2,1,0.42253
202,2,0,5,6,0,27,12,6,14,6,4,2,2,1,0.7067
202,2,0,5,6,0,28,11,6,14,5,4,2,2,1,0.42831
202,2,0,5,6,0,29,10,6,12,6,4,2,2,1,0.47724
202,2,0,5,6,0,30,6,6,8,6,4,1,1,1,0.84005
202,2,0,5,6,0,31,5,6,8,5,4,1,1,1,0.63754
202,2,0,5,6,0,32,1,6,4,5,4,1,1,1,0.42726
202,2,0,5,6,0,33,12,6,14,6,4,2,2,1,0.4565
202,2,0,5,6,0,34,4,6,6,6,4,1,1,1,0.45781
202,2,0,5,6,0,35,1,6,4,5,4,1,1,1,0.38629
202,2,0,5,6,0,36,5,6,8,5,4,1,1,1,0.51118
202,2,0,5,6,0,37,6,6,8,6,4,1,1,1,0.40034
202,2,0,5,6,0,38,8,6,10,6,4,2,2,1,1.1106
202,2,0,5,6,0,39,3,6,6,5,4,1,1,1,0.41293
202,2,0,5,6,0,40,1,6,4,5,4,1,1,1,0.33779
202,2,0,5,6,0,41,2,6,4,6,4,1,1,1,0.38009
202,2,0,5,6,0,42,5,6,8,5,4,1,1,1,0.88417
202,2,0,5,6,0,43,11,6,14,5,4,2,2,1,0.39358
202,2,0,5,6,0,44,8,6,10,6,4,2,2,1,0.47061
202,2,0,5,6,0,45,4,6,6,6,4,1,1,1,0.41915
202,2,0,5,6,0,46,8,6,10,6,4,2,2,1,0.7492
202,2,0,5,6,0,47,7,6,10,5,4,2,2,1,0.64172
202,2,0,5,6,0,48,6,6,8,6,4,1,1,1,0.76422
202,2,0,5,6,0,49,10,6,12,6,4,2,2,1,0.38184
202,2,0,5,6,0,50,1,6,4,5,4,1,1,1,0.37862
202,2,0,5,6,0,51,2,6,4,6,4,1,1,1,0.42742
202,2,0,5,6,0,52,5,6,8,5,4,1,2,0,0.52571
202,2,0,5,6,0,53,10,6,12,6,4,2,2,1,0.63329
202,2,0,5,6,0,54,4,6,6,6,4,1,1,1,0.40498
202,2,0,5,6,0,55,3,6,6,5,4,1,1,1,0.73709
202,2,0,5,6,0,56,11,6,14,5,4,2,2,1,0.53115
202,2,0,5,6,0,57,6,6,8,6,4,1,1,1,0.6173
202,2,0,5,6,0,58,6,6,8,6,4,1,1,1,0.45425
202,2,0,5,6,0,59,3,6,6,5,4,1,1,1,0.63088
202,2,0,5,6,0,60,11,6,14,5,4,2,2,1,0.37383
202,2,0,5,6,0,61,4,6,6,6,4,1,1,1,0.35272
202,2,0,5,6,0,62,1,6,4,5,4,1,1,1,0.38674
202,2,0,5,6,0,63,6,6,8,6,4,1,1,1,2.2694
202,2,0,5,6,0,64,2,6,4,6,4,1,1,1,0.49768
202,2,0,5,6,0,65,2,6,4,6,4,1,1,1,0.42493
202,2,0,5,6,0,66,10,6,12,6,4,2,2,1,0.43085
202,2,0,5,6,0,67,6,6,8,6,4,1,1,1,0.67922
202,2,0,5,6,0,68,7,6,10,5,4,2,2,1,0.53297
202,2,0,5,6,0,69,8,6,10,6,4,2,2,1,0.47503
202,2,0,5,6,0,70,2,6,4,6,4,1,1,1,0.60649
202,2,0,5,6,0,71,4,6,6,6,4,1,1,1,0.51799
202,2,0,5,6,0,72,9,6,12,5,4,2,2,1,0.45142
202,2,0,5,6,0,73,11,6,14,5,4,2,2,1,0.39731
202,2,0,5,6,0,74,3,6,6,5,4,1,1,1,0.60737
202,2,0,5,6,0,75,7,6,10,5,4,2,2,1,0.46329
202,2,0,5,6,0,76,9,6,12,5,4,2,2,1,0.39916
202,2,0,5,6,0,77,10,6,12,6,4,2,2,1,0.31626
202,2,0,5,6,0,78,2,6,4,6,4,1,1,1,0.46389
202,2,0,5,6,0,79,1,6,4,5,4,1,1,1,0.47278
202,2,0,5,6,0,80,3,6,6,5,4,1,1,1,0.53997
202,2,0,5,6,0,81,3,6,6,5,4,1,1,1,0.49258
202,2,0,5,6,0,82,8,6,10,6,4,2,2,1,0.39222
202,2,0,5,6,0,83,5,6,8,5,4,1,1,1,1.3757
202,2,0,5,6,0,84,7,6,10,5,4,2,1,0,0.53279
202,2,0,5,6,0,85,5,6,8,5,4,1,1,1,0.85853
202,2,0,5,6,0,86,7,6,10,5,4,2,2,1,0.88808
202,2,0,5,6,0,87,12,6,14,6,4,2,2,1,0.4307
202,2,0,5,6,0,88,12,6,14,6,4,2,2,1,0.40769
202,2,0,5,6,0,89,8,6,10,6,4,2,2,1,0.85581
202,2,0,5,6,0,90,12,6,14,6,4,2,2,1,0.56196
202,2,0,5,6,0,91,11,6,14,5,4,2,2,1,0.5555
202,2,0,5,6,0,92,5,6,8,5,4,1,1,1,0.39535
202,2,0,5,6,0,93,4,6,6,6,4,1,1,1,0.52811
202,2,0,5,6,0,94,9,6,12,5,4,2,2,1,0.46614
202,2,0,5,6,0,95,8,6,10,6,4,2,2,1,1.0533
202,2,0,5,6,0,96,12,6,14,6,4,2,2,1,0.5066
202,2,0,5,6,0,97,12,6,14,6,4,2,2,1,0.42428
202,2,0,5,6,0,98,11,6,14,5,4,2,2,1,0.4609
202,2,0,5,6,0,99,3,6,6,5,4,1,1,1,0.46211
202,2,0,5,6,0,100,7,6,10,5,4,2,2,1,1.2421
202,2,0,5,6,0,101,11,6,14,5,4,2,2,1,0.35253
202,2,0,5,6,0,102,1,6,4,5,4,1,1,1,0.36189
202,2,0,5,6,0,103,8,6,10,6,4,2,2,1,0.53856
202,2,0,5,6,0,104,9,6,12,5,4,2,2,1,0.49737
202,2,0,5,6,0,105,11,6,14,5,4,2,2,1,0.35535
202,2,0,5,6,0,106,10,6,12,6,4,2,2,1,0.32826
202,2,0,5,6,0,107,4,6,6,6,4,1,1,1,0.42895
202,2,0,5,6,0,108,7,6,10,5,4,2,2,1,1.0611
202,2,0,5,6,0,109,4,6,6,6,4,1,1,1,0.45915
202,2,0,5,6,0,110,6,6,8,6,4,1,1,1,0.59054
202,2,0,5,6,0,111,2,6,4,6,4,1,1,1,0.49313
202,2,0,5,6,0,112,5,6,8,5,4,1,1,1,1.7091
202,2,0,5,6,0,113,10,6,12,6,4,2,2,1,0.38725
202,2,0,5,6,0,114,7,6,10,5,4,2,2,1,0.56099
202,2,0,5,6,0,115,5,6,8,5,4,1,1,1,0.66734
202,2,0,5,6,0,116,10,6,12,6,4,2,2,1,0.40628
202,2,0,5,6,0,117,3,6,6,5,4,1,1,1,0.39424
202,2,0,5,6,0,118,9,6,12,5,4,2,2,1,0.41765
202,2,0,5,6,0,119,12,6,14,6,4,2,2,1,0.54732
202,2,0,5,6,0,120,5,6,8,5,4,1,1,1,0.43301
