102,1,1,2,1,1,8,80,10,2,1,0,3.3823
102,1,1,2,1,2,12,120,10,2,2,1,1.9838
102,1,1,2,1,3,2,20,10,1,2,0,1.223
102,1,1,2,1,4,4,40,10,1,1,1,1.5207
102,1,1,2,1,5,10,100,10,2,1,0,0.89301
102,1,1,2,1,6,6,60,10,1,1,1,1.0403
102,1,1,2,1,7,2,20,10,1,1,1,0.69373
102,1,1,2,1,8,12,120,10,2,2,1,0.81318
102,1,1,2,1,9,10,100,10,2,2,1,1.6144
102,1,1,2,1,10,2,20,10,1,1,1,0.71558
102,1,1,2,1,11,12,120,10,2,2,1,0.52392
102,1,1,2,1,12,6,60,10,1,1,1,0.66541
102,1,1,2,1,13,4,40,10,1,1,1,1.3069
102,1,1,2,1,14,6,60,10,1,1,1,0.47526
102,1,1,2,1,15,8,80,10,2,2,1,2.7526
102,1,1,2,1,16,6,60,10,1,1,1,0.61709
102,1,1,2,1,17,2,20,10,1,1,1,0.59827
102,1,1,2,1,18,10,100,10,2,2,1,0.73038
102,1,1,2,1,19,4,40,10,1,1,1,0.62495
102,1,1,2,1,20,10,100,10,2,2,1,0.68988
102,1,1,2,1,21,8,80,10,2,2,1,0.78665
102,1,1,2,1,22,8,80,10,2,2,1,0.73922
102,1,1,2,1,23,4,40,10,1,1,1,0.53378
102,1,1,2,1,24,12,120,10,2,2,1,0.53624
102,1,1,2,0,1,8,80,10,2,2,1,0.93431
102,1,1,2,0,2,12,120,10,2,2,1,0.48529
102,1,1,2,0,3,12,120,10,2,2,1,0.59653
102,1,1,2,0,4,4,40,10,1,1,1,0.41376
102,1,1,2,0,5,10,100,10,2,2,1,0.48317
102,1,1,2,0,6,2,20,10,1,1,1,0.43227
102,1,1,2,0,7,4,40,10,1,1,1,0.5995
102,1,1,2,0,8,8,80,10,2,2,1,0.91943
102,1,1,2,0,9,2,20,10,1,1,1,0.60004
102,1,1,2,0,10,2,20,10,1,1,1,0.54253
102,1,1,2,0,11,6,60,10,1,1,1,2.3492
102,1,1,2,0,12,2,20,10,1,1,1,0.57743
102,1,1,2,0,13,10,100,10,2,2,1,0.75598
102,1,1,2,0,14,4,40,10,1,1,1,0.65734
102,1,1,2,0,15,8,80,10,2,2,1,0.72492
102,1,1,2,0,16,12,120,10,2,2,1,0.89642
102,1,1,2,0,17,8,80,10,2,1,0,0.53056
102,1,1,2,0,18,2,20,10,1,1,1,0.60344
102,1,1,2,0,19,10,100,10,2,2,1,0.59733
102,1,1,2,0,20,6,60,10,1,1,1,0.73036
102,1,1,2,0,21,2,20,10,1,1,1,1.074
102,1,1,2,0,22,6,60,10,1,1,1,1.7714
102,1,1,2,0,23,6,60,10,1,1,1,0.51278
102,1,1,2,0,24,4,40,10,1,1,1,3.0432
102,1,1,2,0,25,6,60,10,1,1,1,0.83262
102,1,1,2,0,26,6,60,10,1,1,1,0.58171
102,1,1,2,0,27,8,80,10,2,2,1,1.3811
102,1,1,2,0,28,10,100,10,2,2,1,0.64446
102,1,1,2,0,29,8,80,10,2,2,1,2.2235
102,1,1,2,0,30,12,120,10,2,2,1,0.74028
102,1,1,2,0,31,2,20,10,1,1,1,0.62432
102,1,1,2,0,32,6,60,10,1,1,1,4.007
102,1,1,2,0,33,2,20,10,1,1,1,0.71569
102,1,1,2,0,34,10,100,10,2,2,1,0.85531
102,1,1,2,0,35,2,20,10,1,1,1,0.64115
102,1,1,2,0,36,4,40,10,1,1,1,0.68612
102,1,1,2,0,37,2,20,10,1,1,1,0.5749
102,1,1,2,0,38,8,80,10,2,2,1,0.88747
102,1,1,2,0,39,12,120,10,2,2,1,0.65571
102,1,1,2,0,40,12,120,10,2,2,1,0.81077
102,1,1,2,0,41,12,120,10,2,2,1,0.73058
102,1,1,2,0,42,4,40,10,1,1,1,0.62042
102,1,1,2,0,43,8,80,10,2,2,1,1.2718
102,1,1,2,0,44,8,80,10,2,2,1,0.99034
102,1,1,2,0,45,4,40,10,1,1,1,0.64481
102,1,1,2,0,46,10,100,10,2,2,1,0.62862
102,1,1,2,0,47,8,80,10,2,1,0,0.9019
102,1,1,2,0,48,4,40,10,1,1,1,0.73693
102,1,1,2,0,49,4,40,10,1,1,1,2.8148
102,1,1,2,0,50,6,60,10,1,1,1,1.7399
102,1,1,2,0,51,2,20,10,1,1,1,0.64349
102,1,1,2,0,52,10,100,10,2,2,1,0.6617
102,1,1,2,0,53,6,60,10,1,1,1,0.89336
102,1,1,2,0,54,8,80,10,2,2,1,1.2307
102,1,1,2,0,55,6,60,10,1,1,1,1.3028
102,1,1,2,0,56,12,120,10,2,2,1,0.56237
102,1,1,2,0,57,10,100,10,2,2,1,0.94261
102,1,1,2,0,58,8,80,10,2,2,1,1.7652
102,1,1,2,0,59,10,100,10,2,2,1,0.8312
102,1,1,2,0,60,12,120,10,2,2,1,0.67478
102,1,1,2,0,61,10,100,10,2,2,1,0.82552
102,1,1,2,0,62,10,100,10,2,2,1,0.95333
102,1,1,2,0,63,12,120,10,2,2,1,1.0295
102,1,1,2,0,64,6,60,10,1,1,1,1.1966
102,1,1,2,0,65,2,20,10,1,1,1,0.68162
102,1,1,2,0,66,12,120,10,2,2,1,0.74858
102,1,1,2,0,67,6,60,10,1,1,1,0.62824
102,1,1,2,0,68,12,120,10,2,2,1,0.50197
102,1,1,2,0,69,10,100,10,2,2,1,1.0132
102,1,1,2,0,70,4,40,10,1,1,1,0.81866
102,1,1,2,0,71,10,100,10,2,2,1,0.76579
102,1,1,2,0,72,4,40,10,1,1,1,0.69845
102,1,1,2,0,73,12,120,10,2,2,1,0.60215
102,1,1,2,0,74,10,100,10,2,2,1,1.2007
102,1,1,2,0,75,12,120,10,2,2,1,0.4895
102,1,1,2,0,76,4,40,10,1,1,1,0.57516
102,1,1,2,0,77,6,60,10,1,1,1,0.66824
102,1,1,2,0,78,8,80,10,2,2,1,1.3191
102,1,1,2,0,79,4,40,10,1,1,1,0.63559
102,1,1,2,0,80,4,40,10,1,1,1,0.49855
102,1,1,2,0,81,2,20,10,1,1,1,0.52896
102,1,1,2,0,82,10,100,10,2,2,1,1.7152
102,1,1,2,0,83,10,100,10,2,2,1,0.71072
102,1,1,2,0,84,2,20,10,1,1,1,0.73555
102,1,1,2,0,85,8,80,10,2,2,1,1.322
102,1,1,2,0,86,8,80,10,2,1,0,0.93543
102,1,1,2,0,87,4,40,10,1,1,1,1.4635
102,1,1,2,0,88,6,60,10,1,1,1,1.1747
102,1,1,2,0,89,4,40,10,1,1,1,0.73009
102,1,1,2,0,90,6,60,10,1,1,1,0.56887
102,1,1,2,0,91,12,120,10,2,2,1,0.58768
102,1,1,2,0,92,6,60,10,1,1,1,0.64839
102,1,1,2,0,93,6,60,10,1,1,1,0.71626
102,1,1,2,0,94,8,80,10,2,2,1,1.9746
102,1,1,2,0,95,2,20,10,1,1,1,0.68596
102,1,1,2,0,96,2,20,10,1,1,1,0.60653
102,1,1,2,0,97,10,100,10,2,2,1,0.94137
102,1,1,2,0,98,8,80,10,2,2,1,2.1724
102,1,1,2,0,99,6,60,10,1,1,1,1.7321
102,1,1,2,0,100,6,60,10,1,1,1,1.4531
102,1,1,2,0,101,12,120,10,2,2,1,1.9917
102,1,1,2,0,102,10,100,10,2,2,1,0.9611
102,1,1,2,0,103,12,120,10,2,2,1,0.49435
102,1,1,2,0,104,4,40,10,1,1,1,0.70472
102,1,1,2,0,105,8,80,10,2,2,1,1.1791
102,1,1,2,0,106,12,120,10,2,2,1,0.99576
102,1,1,2,0,107,12,120,10,2,2,1,1.0066
102,1,1,2,0,108,2,20,10,1,1,1,0.68785
102,1,1,2,0,109,6,60,10,1,1,1,0.72688
102,1,1,2,0,110,4,40,10,1,1,1,0.81629
102,1,1,2,0,111,4,40,10,1,1,1,0.67304
102,1,1,2,0,112,2,20,10,1,1,1,0.65506
102,1,1,2,0,113,10,100,10,2,2,1,0.89416
102,1,1,2,0,114,8,80,10,2,2,1,1.4121
102,1,1,2,0,115,10,100,10,2,2,1,1.4428
102,1,1,2,0,116,4,40,10,1,1,1,0.82321
102,1,1,2,0,117,8,80,10,2,2,1,2.2836
102,1,1,2,0,118,2,20,10,1,1,1,0.4431
102,1,1,2,0,119,2,20,10,1,1,1,0.52342
102,1,1,2,0,120,12,120,10,2,2,1,0.81211
102,1,1,1,1,1,9,100,8,2,2,1,1.3307
102,1,1,1,1,2,7,80,8,2,2,1,1.2313
102,1,1,1,1,3,5,60,8,1,1,1,0.95455
102,1,1,1,1,4,7,80,8,2,2,1,0.95855
102,1,1,1,1,5,9,100,8,2,2,1,0.79252
102,1,1,1,1,6,3,40,8,1,1,1,0.88541
102,1,1,1,1,7,7,80,8,2,2,1,0.8354
102,1,1,1,1,8,1,20,8,1,1,1,0.63158
102,1,1,1,1,9,11,120,8,2,2,1,0.5515
102,1,1,1,1,10,9,100,8,2,2,1,1.0088
102,1,1,1,1,11,9,100,8,2,2,1,0.97929
102,1,1,1,1,12,3,40,8,1,1,1,0.52608
102,1,1,1,1,13,1,20,8,1,1,1,0.70039
102,1,1,1,1,14,5,60,8,1,1,1,0.64474
102,1,1,1,1,15,7,80,8,2,2,1,0.96542
102,1,1,1,1,16,11,120,8,2,2,1,0.72528
102,1,1,1,1,17,11,120,8,2,2,1,0.85074
102,1,1,1,1,18,5,60,8,1,1,1,0.88273
102,1,1,1,1,19,5,60,8,1,1,1,0.67833
102,1,1,1,1,20,1,20,8,1,1,1,0.53649
102,1,1,1,1,21,3,40,8,1,1,1,0.72587
102,1,1,1,1,22,3,40,8,1,1,1,0.54748
102,1,1,1,1,23,11,120,8,2,2,1,0.6371
102,1,1,1,1,24,1,20,8,1,1,1,0.73034
102,1,1,1,0,1,3,40,8,1,1,1,2.4546
102,1,1,1,0,2,11,120,8,2,2,1,0.65652
102,1,1,1,0,3,11,120,8,2,2,1,0.47557
102,1,1,1,0,4,1,20,8,1,1,1,0.47409
102,1,1,1,0,5,3,40,8,1,1,1,0.7401
102,1,1,1,0,6,5,60,8,1,1,1,0.38618
102,1,1,1,0,7,1,20,8,1,1,1,0.35116
102,1,1,1,0,8,7,80,8,2,2,1,0.70246
102,1,1,1,0,9,5,60,8,1,1,1,1.3812
102,1,1,1,0,10,7,80,8,2,2,1,0.95166
102,1,1,1,0,11,1,20,8,1,1,1,0.43166
102,1,1,1,0,12,11,120,8,2,2,1,0.55296
102,1,1,1,0,13,9,100,8,2,2,1,0.8052
102,1,1,1,0,14,7,80,8,2,1,0,0.96689
102,1,1,1,0,15,5,60,8,1,1,1,0.84007
102,1,1,1,0,16,3,40,8,1,1,1,0.54086
102,1,1,1,0,17,5,60,8,1,1,1,0.61275
102,1,1,1,0,18,5,60,8,1,1,1,0.83526
102,1,1,1,0,19,11,120,8,2,2,1,0.5162
102,1,1,1,0,20,7,80,8,2,1,0,0.58314
102,1,1,1,0,21,11,120,8,2,2,1,0.56599
102,1,1,1,0,22,9,100,8,2,2,1,0.93921
102,1,1,1,0,23,11,120,8,2,2,1,0.60807
102,1,1,1,0,24,7,80,8,2,2,1,1.3004
102,1,1,1,0,25,7,80,8,2,2,1,1.0654
102,1,1,1,0,26,11,120,8,2,2,1,0.49994
102,1,1,1,0,27,9,100,8,2,2,1,0.67628
102,1,1,1,0,28,5,60,8,1,1,1,0.92586
102,1,1,1,0,29,11,120,8,2,2,1,0.55553
102,1,1,1,0,30,3,40,8,1,1,1,0.50513
102,1,1,1,0,31,9,100,8,2,2,1,0.82924
102,1,1,1,0,32,9,100,8,2,2,1,0.94898
102,1,1,1,0,33,7,80,8,2,2,1,1.0983
102,1,1,1,0,34,3,40,8,1,1,1,0.45069
102,1,1,1,0,35,9,100,8,2,2,1,0.80118
102,1,1,1,0,36,9,100,8,2,2,1,0.67238
102,1,1,1,0,37,7,80,8,2,2,1,1.622
102,1,1,1,0,38,3,40,8,1,1,1,0.48327
102,1,1,1,0,39,3,40,8,1,1,1,0.77561
102,1,1,1,0,40,5,60,8,1,1,1,0.67968
102,1,1,1,0,41,5,60,8,1,1,1,0.98949
102,1,1,1,0,42,1,20,8,1,1,1,0.8135
102,1,1,1,0,43,5,60,8,1,1,1,1.4743
102,1,1,1,0,44,9,100,8,2,2,1,0.6048
102,1,1,1,0,45,7,80,8,2,2,1,1.534
102,1,1,1,0,46,11,120,8,2,2,1,0.45427
102,1,1,1,0,47,5,60,8,1,1,1,1.0861
102,1,1,1,0,48,9,100,8,2,2,1,0.55869
102,1,1,1,0,49,5,60,8,1,1,1,1.4234
102,1,1,1,0,50,11,120,8,2,2,1,0.62349
102,1,1,1,0,51,1,20,8,1,1,1,0.38503
102,1,1,1,0,52,1,20,8,1,1,1,1.2971
102,1,1,1,0,53,7,80,8,2,2,1,1.3722
102,1,1,1,0,54,1,20,8,1,1,1,0.80184
102,1,1,1,0,55,3,40,8,1,1,1,0.47619
102,1,1,1,0,56,11,120,8,2,2,1,1.1232
102,1,1,1,0,57,3,40,8,1,1,1,0.41924
102,1,1,1,0,58,11,120,8,2,2,1,0.73603
102,1,1,1,0,59,9,100,8,2,2,1,0.96987
102,1,1,1,0,60,3,40,8,1,1,1,0.95758
102,1,1,1,0,61,7,80,8,2,2,1,1.5078
102,1,1,1,0,62,11,120,8,2,2,1,0.54445
102,1,1,1,0,63,11,120,8,2,2,1,0.62145
102,1,1,1,0,64,5,60,8,1,1,1,0.63178
102,1,1,1,0,65,7,80,8,2,2,1,1.2869
102,1,1,1,0,66,9,100,8,2,2,1,1.5363
102,1,1,1,0,67,5,60,8,1,1,1,2.1485
102,1,1,1,0,68,9,100,8,2,2,1,0.86054
102,1,1,1,0,69,1,20,8,1,1,1,0.5169
102,1,1,1,0,70,5,60,8,1,1,1,1.2949
102,1,1,1,0,71,3,40,8,1,1,1,0.59779
102,1,1,1,0,72,1,20,8,1,1,1,0.47517
102,1,1,1,0,73,1,20,8,1,1,1,0.4306
102,1,1,1,0,74,1,20,8,1,1,1,0.51355
102,1,1,1,0,75,11,120,8,2,2,1,1.0603
102,1,1,1,0,76,7,80,8,2,2,1,1.4916
102,1,1,1,0,77,7,80,8,2,2,1,0.99734
102,1,1,1,0,78,3,40,8,1,1,1,0.66147
102,1,1,1,0,79,9,100,8,2,2,1,0.89347
102,1,1,1,0,80,1,20,8,1,1,1,0.81018
102,1,1,1,0,81,1,20,8,1,1,1,0.34539
102,1,1,1,0,82,5,60,8,1,1,1,1.0201
102,1,1,1,0,83,3,40,8,1,1,1,0.5226
102,1,1,1,0,84,3,40,8,1,1,1,0.75067
102,1,1,1,0,85,7,80,8,2,2,1,0.98643
102,1,1,1,0,86,9,100,8,2,2,1,0.82935
102,1,1,1,0,87,3,40,8,1,1,1,0.49951
102,1,1,1,0,88,3,40,8,1,1,1,0.88865
102,1,1,1,0,89,7,80,8,2,2,1,1.1179
102,1,1,1,0,90,1,20,8,1,1,1,0.55083
102,1,1,1,0,91,1,20,8,1,1,1,0.39203
102,1,1,1,0,92,7,80,8,2,2,1,0.67417
102,1,1,1,0,93,3,40,8,1,1,1,0.57857
102,1,1,1,0,94,5,60,8,1,1,1,0.76752
102,1,1,1,0,95,7,80,8,2,2,1,1.3548
102,1,1,1,0,96,5,60,8,1,1,1,0.841
102,1,1,1,0,97,5,60,8,1,1,1,1.3834
102,1,1,1,0,98,9,100,8,2,2,1,0.65679
102,1,1,1,0,99,1,20,8,1,1,1,0.62577
102,1,1,1,0,100,9,100,8,2,2,1,1.2168
102,1,1,1,0,101,3,40,8,1,1,1,0.66781
102,1,1,1,0,102,1,20,8,1,1,1,0.62561
102,1,1,1,0,103,5,60,8,1,1,1,1.6783
102,1,1,1,0,104,11,120,8,2,2,1,1.0279
102,1,1,1,0,105,9,100,8,2,2,1,1.2357
102,1,1,1,0,106,5,60,8,1,1,1,0.49139
102,1,1,1,0,107,9,100,8,2,2,1,0.62364
102,1,1,1,0,108,11,120,8,2,2,1,0.62531
102,1,1,1,0,109,9,100,8,2,2,1,0.49851
102,1,1,1,0,110,1,20,8,1,1,1,0.53867
102,1,1,1,0,111,7,80,8,2,1,0,1.639
102,1,1,1,0,112,11,120,8,2,2,1,0.56537
102,1,1,1,0,113,1,20,8,1,1,1,0.81717
102,1,1,1,0,114,7,80,8,2,2,1,0.83785
102,1,1,1,0,115,1,20,8,1,1,1,1.0283
102,1,1,1,0,116,9,100,8,2,2,1,0.70341
102,1,1,1,0,117,3,40,8,1,1,1,0.61586
102,1,1,1,0,118,3,40,8,1,1,1,0.93825
102,1,1,1,0,119,11,120,8,2,2,1,0.56096
102,1,1,1,0,120,11,120,8,2,2,1,0.80965
102,1,1,3,1,1,10,100,10,2,2,1,0.97464
102,1,1,3,1,2,5,60,8,1,1,1,0.51944
102,1,1,3,1,3,12,120,10,2,2,1,0.57556
102,1,1,3,1,4,10,100,10,2,2,1,0.83039
102,1,1,3,1,5,3,40,8,1,1,1,0.62221
102,1,1,3,1,6,8,80,10,2,2,1,1.311
102,1,1,3,1,7,8,80,10,2,2,1,0.93939
102,1,1,3,1,8,5,60,8,1,1,1,1.6019
102,1,1,3,1,9,12,120,10,2,2,1,0.69816
102,1,1,3,1,10,3,40,8,1,1,1,0.74799
102,1,1,3,1,11,3,40,8,1,1,1,0.66672
102,1,1,3,1,12,12,120,10,2,2,1,0.95262
102,1,1,3,1,13,1,20,8,1,1,1,0.57721
102,1,1,3,1,14,12,120,10,2,2,1,0.74459
102,1,1,3,1,15,3,40,8,1,1,1,0.41879
102,1,1,3,1,16,1,20,8,1,1,1,0.46916
102,1,1,3,1,17,8,80,10,2,2,1,1.7382
102,1,1,3,1,18,10,100,10,2,2,1,0.67485
102,1,1,3,1,19,8,80,10,2,1,0,1.0944
102,1,1,3,1,20,1,20,8,1,1,1,0.79274
102,1,1,3,1,21,10,100,10,2,2,1,0.80561
102,1,1,3,1,22,5,60,8,1,1,1,0.79398
102,1,1,3,1,23,1,20,8,1,1,1,0.72654
102,1,1,3,1,24,5,60,8,1,1,1,1.0826
102,1,1,3,0,1,5,60,8,1,1,1,1.1666
102,1,1,3,0,2,8,80,10,2,1,0,0.94795
102,1,1,3,0,3,12,120,10,2,2,1,0.59124
102,1,1,3,0,4,5,60,8,1,1,1,0.71978
102,1,1,3,0,5,3,40,8,1,1,1,0.54962
102,1,1,3,0,6,10,100,10,2,2,1,0.59267
102,1,1,3,0,7,1,20,8,1,1,1,0.5687
102,1,1,3,0,8,10,100,10,2,2,1,1.2581
102,1,1,3,0,9,1,20,8,1,1,1,0.68263
102,1,1,3,0,10,12,120,10,2,2,1,1.8697
102,1,1,3,0,11,12,120,10,2,2,1,0.61977
102,1,1,3,0,12,1,20,8,1,1,1,1.0267
102,1,1,3,0,13,10,100,10,2,2,1,1.1346
102,1,1,3,0,14,12,120,10,2,2,1,1.2519
102,1,1,3,0,15,1,20,8,1,1,1,0.51582
102,1,1,3,0,16,10,100,10,2,2,1,0.86866
102,1,1,3,0,17,5,60,8,1,1,1,0.7387
102,1,1,3,0,18,1,20,8,1,1,1,0.59067
102,1,1,3,0,19,3,40,8,1,1,1,0.90054
102,1,1,3,0,20,8,80,10,2,1,0,1.365
102,1,1,3,0,21,8,80,10,2,2,1,1.3588
102,1,1,3,0,22,3,40,8,1,1,1,0.49756
102,1,1,3,0,23,5,60,8,1,1,1,0.75829
102,1,1,3,0,24,3,40,8,1,1,1,1.2116
102,1,1,3,0,25,8,80,10,2,2,1,3.0946
102,1,1,3,0,26,8,80,10,2,1,0,1.6069
102,1,1,3,0,27,8,80,10,2,1,0,4.5518
102,1,1,3,0,28,12,120,10,2,2,1,0.47335
102,1,1,3,0,29,12,120,10,2,2,1,0.47884
102,1,1,3,0,30,1,20,8,1,1,1,0.55456
102,1,1,3,0,31,10,100,10,2,2,1,0.41358
102,1,1,3,0,32,12,120,10,2,2,1,0.80736
102,1,1,3,0,33,10,100,10,2,2,1,1.8647
102,1,1,3,0,34,5,60,8,1,1,1,0.93311
102,1,1,3,0,35,3,40,8,1,1,1,1.0018
102,1,1,3,0,36,12,120,10,2,2,1,0.62173
102,1,1,3,0,37,8,80,10,2,1,0,0.70057
102,1,1,3,0,38,3,40,8,1,1,1,0.44366
102,1,1,3,0,39,8,80,10,2,2,1,0.91595
102,1,1,3,0,40,8,80,10,2,2,1,0.79087
102,1,1,3,0,41,5,60,8,1,1,1,0.50294
102,1,1,3,0,42,10,100,10,2,2,1,0.74693
102,1,1,3,0,43,8,80,10,2,2,1,2.019
102,1,1,3,0,44,8,80,10,2,2,1,1.1296
102,1,1,3,0,45,12,120,10,2,2,1,1.2712
102,1,1,3,0,46,5,60,8,1,1,1,0.72114
102,1,1,3,0,47,12,120,10,2,2,1,0.51893
102,1,1,3,0,48,3,40,8,1,1,1,0.52377
102,1,1,3,0,49,12,120,10,2,2,1,0.42558
102,1,1,3,0,50,10,100,10,2,2,1,1.2185
102,1,1,3,0,51,8,80,10,2,1,0,0.69111
102,1,1,3,0,52,8,80,10,2,2,1,1.2763
102,1,1,3,0,53,12,120,10,2,2,1,0.73318
102,1,1,3,0,54,3,40,8,1,1,1,0.90763
102,1,1,3,0,55,8,80,10,2,1,0,4.3228
102,1,1,3,0,56,10,100,10,2,2,1,0.76514
102,1,1,3,0,57,5,60,8,1,1,1,0.45948
102,1,1,3,0,58,12,120,10,2,2,1,0.45427
102,1,1,3,0,59,3,40,8,1,1,1,0.5424
102,1,1,3,0,60,5,60,8,1,1,1,0.40239
102,1,1,3,0,61,8,80,10,2,1,0,0.87763
102,1,1,3,0,62,5,60,8,1,1,1,0.45371
102,1,1,3,0,63,12,120,10,2,2,1,0.33247
102,1,1,3,0,64,3,40,8,1,1,1,0.27861
102,1,1,3,0,65,10,100,10,2,2,1,0.36908
102,1,1,3,0,66,5,60,8,1,1,1,0.74258
102,1,1,3,0,67,8,80,10,2,2,1,0.59733
102,1,1,3,0,68,3,40,8,1,1,1,0.40195
102,1,1,3,0,69,1,20,8,1,1,1,0.52479
102,1,1,3,0,70,5,60,8,1,2,0,1.6609
102,1,1,3,0,71,3,40,8,1,1,1,0.57612
102,1,1,3,0,72,1,20,8,1,1,1,0.31308
102,1,1,3,0,73,3,40,8,1,1,1,0.39216
102,1,1,3,0,74,5,60,8,1,1,1,0.40156
102,1,1,3,0,75,8,80,10,2,2,1,0.69446
102,1,1,3,0,76,5,60,8,1,1,1,0.40754
102,1,1,3,0,77,5,60,8,1,1,1,0.70117
102,1,1,3,0,78,12,120,10,2,2,1,0.43174
102,1,1,3,0,79,3,40,8,1,1,1,0.43384
102,1,1,3,0,80,10,100,10,2,2,1,1.6972
102,1,1,3,0,81,5,60,8,1,1,1,0.78691
102,1,1,3,0,82,8,80,10,2,2,1,0.88105
102,1,1,3,0,83,1,20,8,1,1,1,0.50236
102,1,1,3,0,84,12,120,10,2,2,1,0.62409
102,1,1,3,0,85,3,40,8,1,1,1,0.54259
102,1,1,3,0,86,12,120,10,2,2,1,0.68314
102,1,1,3,0,87,5,60,8,1,1,1,0.62296
102,1,1,3,0,88,5,60,8,1,1,1,0.81734
102,1,1,3,0,89,10,100,10,2,2,1,0.966
102,1,1,3,0,90,10,100,10,2,2,1,0.70612
102,1,1,3,0,91,1,20,8,1,1,1,0.50242
102,1,1,3,0,92,10,100,10,2,2,1,0.95302
102,1,1,3,0,93,10,100,10,2,2,1,0.59973
102,1,1,3,0,94,3,40,8,1,1,1,0.49047
102,1,1,3,0,95,5,60,8,1,1,1,0.6106
102,1,1,3,0,96,10,100,10,2,2,1,0.67805
102,1,1,3,0,97,3,40,8,1,1,1,0.58135
102,1,1,3,0,98,1,20,8,1,1,1,0.80024
102,1,1,3,0,99,12,120,10,2,2,1,0.53328
102,1,1,3,0,100,1,20,8,1,1,1,1.7649
102,1,1,3,0,101,1,20,8,1,1,1,0.39823
102,1,1,3,0,102,1,20,8,1,1,1,0.3874
102,1,1,3,0,103,3,40,8,1,1,1,0.38557
102,1,1,3,0,104,1,20,8,1,1,1,0.8876
102,1,1,3,0,105,1,20,8,1,1,1,0.54302
102,1,1,3,0,106,12,120,10,2,2,1,0.37416
102,1,1,3,0,107,3,40,8,1,1,1,0.40398
102,1,1,3,0,108,10,100,10,2,2,1,0.57702
102,1,1,3,0,109,10,100,10,2,2,1,0.62116
102,1,1,3,0,110,1,20,8,1,1,1,0.46585
102,1,1,3,0,111,8,80,10,2,2,1,0.75843
102,1,1,3,0,112,8,80,10,2,2,1,1.6082
102,1,1,3,0,113,5,60,8,1,1,1,0.79956
102,1,1,3,0,114,3,40,8,1,1,1,0.62055
102,1,1,3,0,115,10,100,10,2,2,1,0.81247
102,1,1,3,0,116,1,20,8,1,1,1,0.41881
102,1,1,3,0,117,1,20,8,1,1,1,0.47333
102,1,1,3,0,118,10,100,10,2,2,1,0.64568
102,1,1,3,0,119,1,20,8,1,1,1,1.0829
102,1,1,3,0,120,12,120,10,2,2,1,0.45028
102,1,1,4,1,1,2,20,10,1,1,1,1.0053
102,1,1,4,1,2,9,100,8,2,2,1,0.53515
102,1,1,4,1,3,11,120,8,2,2,1,0.38947
102,1,1,4,1,4,2,20,10,1,1,1,0.45316
102,1,1,4,1,5,6,60,10,1,1,1,0.45472
102,1,1,4,1,6,4,40,10,1,1,1,0.39463
102,1,1,4,1,7,7,80,8,2,2,1,0.83033
102,1,1,4,1,8,9,100,8,2,2,1,1.0772
102,1,1,4,1,9,2,20,10,1,1,1,0.54654
102,1,1,4,1,10,4,40,10,1,1,1,0.64491
102,1,1,4,1,11,4,40,10,1,1,1,0.53128
102,1,1,4,1,12,7,80,8,2,2,1,1.5179
102,1,1,4,1,13,11,120,8,2,2,1,0.4031
102,1,1,4,1,14,6,60,10,1,1,1,0.41299
102,1,1,4,1,15,6,60,10,1,1,1,1.6206
102,1,1,4,1,16,7,80,8,2,2,1,2.9358
102,1,1,4,1,17,9,100,8,2,2,1,0.63619
102,1,1,4,1,18,6,60,10,1,1,1,0.39154
102,1,1,4,1,19,2,20,10,1,1,1,0.47201
102,1,1,4,1,20,4,40,10,1,1,1,0.51994
102,1,1,4,1,21,11,120,8,2,2,1,0.42125
102,1,1,4,1,22,7,80,8,2,2,1,2.2138
102,1,1,4,1,23,11,120,8,2,2,1,0.46673
102,1,1,4,1,24,9,100,8,2,2,1,0.65993
102,1,1,4,0,1,11,120,8,2,2,1,1.8384
102,1,1,4,0,2,7,80,8,2,1,0,0.89238
102,1,1,4,0,3,6,60,10,1,1,1,0.65188
102,1,1,4,0,4,2,20,10,1,1,1,0.58335
102,1,1,4,0,5,7,80,8,2,2,1,0.57334
102,1,1,4,0,6,7,80,8,2,2,1,1.0596
102,1,1,4,0,7,11,120,8,2,2,1,0.53241
102,1,1,4,0,8,11,120,8,2,2,1,0.51864
102,1,1,4,0,9,11,120,8,2,2,1,0.55469
102,1,1,4,0,10,7,80,8,2,1,0,0.85058
102,1,1,4,0,11,6,60,10,1,1,1,0.62234
102,1,1,4,0,12,2,20,10,1,1,1,0.39491
102,1,1,4,0,13,9,100,8,2,2,1,0.64745
102,1,1,4,0,14,2,20,10,1,1,1,0.58387
102,1,1,4,0,15,11,120,8,2,2,1,1.0457
102,1,1,4,0,16,7,80,8,2,2,1,0.85205
102,1,1,4,0,17,9,100,8,2,2,1,0.72391
102,1,1,4,0,18,11,120,8,2,2,1,0.51761
102,1,1,4,0,19,6,60,10,1,1,1,0.37458
102,1,1,4,0,20,4,40,10,1,1,1,0.57567
102,1,1,4,0,21,9,100,8,2,2,1,0.79167
102,1,1,4,0,22,11,120,8,2,2,1,0.44547
102,1,1,4,0,23,7,80,8,2,2,1,1.1621
102,1,1,4,0,24,11,120,8,2,2,1,0.40332
102,1,1,4,0,25,6,60,10,1,1,1,0.35059
102,1,1,4,0,26,4,40,10,1,1,1,0.39573
102,1,1,4,0,27,6,60,10,1,1,1,0.44985
102,1,1,4,0,28,7,80,8,2,1,0,0.87126
102,1,1,4,0,29,2,20,10,1,1,1,0.44043
102,1,1,4,0,30,9,100,8,2,2,1,0.81827
102,1,1,4,0,31,9,100,8,2,2,1,0.73311
102,1,1,4,0,32,2,20,10,1,1,1,0.53357
102,1,1,4,0,33,9,100,8,2,2,1,0.68261
102,1,1,4,0,34,6,60,10,1,1,1,0.71157
102,1,1,4,0,35,7,80,8,2,2,1,1.1448
102,1,1,4,0,36,2,20,10,1,1,1,0.41422
102,1,1,4,0,37,9,100,8,2,2,1,0.53321
102,1,1,4,0,38,9,100,8,2,2,1,0.53216
102,1,1,4,0,39,9,100,8,2,2,1,0.60719
102,1,1,4,0,40,11,120,8,2,2,1,0.83998
102,1,1,4,0,41,4,40,10,1,1,1,0.82887
102,1,1,4,0,42,2,20,10,1,1,1,0.49278
102,1,1,4,0,43,6,60,10,1,1,1,0.4548
102,1,1,4,0,44,6,60,10,1,1,1,0.35661
102,1,1,4,0,45,7,80,8,2,1,0,0.33886
102,1,1,4,0,46,2,20,10,1,1,1,0.35966
102,1,1,4,0,47,9,100,8,2,2,1,0.5179
102,1,1,4,0,48,11,120,8,2,2,1,0.43424
102,1,1,4,0,49,6,60,10,1,1,1,0.32412
102,1,1,4,0,50,11,120,8,2,2,1,0.42685
102,1,1,4,0,51,4,40,10,1,1,1,0.53577
102,1,1,4,0,52,7,80,8,2,1,0,0.7658
102,1,1,4,0,53,2,20,10,1,1,1,0.44746
102,1,1,4,0,54,11,120,8,2,2,1,0.49908
102,1,1,4,0,55,9,100,8,2,2,1,0.93266
102,1,1,4,0,56,9,100,8,2,2,1,0.65804
102,1,1,4,0,57,7,80,8,2,1,0,0.62521
102,1,1,4,0,58,7,80,8,2,2,1,0.84399
102,1,1,4,0,59,11,120,8,2,2,1,0.44839
102,1,1,4,0,60,7,80,8,2,2,1,0.89492
102,1,1,4,0,61,4,40,10,1,1,1,0.55537
102,1,1,4,0,62,4,40,10,1,1,1,0.41183
102,1,1,4,0,63,9,100,8,2,2,1,0.60097
102,1,1,4,0,64,4,40,10,1,1,1,0.44032
102,1,1,4,0,65,2,20,10,1,1,1,0.48712
102,1,1,4,0,66,4,40,10,1,1,1,0.4081
102,1,1,4,0,67,11,120,8,2,2,1,0.36035
102,1,1,4,0,68,4,40,10,1,1,1,0.40849
102,1,1,4,0,69,2,20,10,1,1,1,0.38767
102,1,1,4,0,70,4,40,10,1,1,1,0.41571
102,1,1,4,0,71,11,120,8,2,2,1,0.36687
102,1,1,4,0,72,4,40,10,1,1,1,0.37355
102,1,1,4,0,73,11,120,8,2,2,1,0.949
102,1,1,4,0,74,7,80,8,2,1,0,0.34656
102,1,1,4,0,75,2,20,10,1,1,1,0.47334
102,1,1,4,0,76,2,20,10,1,1,1,0.44652
102,1,1,4,0,77,2,20,10,1,1,1,0.52789
102,1,1,4,0,78,6,60,10,1,1,1,0.38164
102,1,1,4,0,79,6,60,10,1,1,1,0.38323
102,1,1,4,0,80,9,100,8,2,2,1,0.42865
102,1,1,4,0,81,2,20,10,1,1,1,0.33534
102,1,1,4,0,82,6,60,10,1,1,1,0.66656
102,1,1,4,0,83,6,60,10,1,1,1,0.54366
102,1,1,4,0,84,11,120,8,2,2,1,0.43825
102,1,1,4,0,85,6,60,10,1,1,1,0.5292
102,1,1,4,0,86,4,40,10,1,1,1,0.44025
102,1,1,4,0,87,7,80,8,2,2,1,0.57358
102,1,1,4,0,88,11,120,8,2,2,1,0.73575
102,1,1,4,0,89,4,40,10,1,1,1,0.53908
102,1,1,4,0,90,2,20,10,1,1,1,0.5137
102,1,1,4,0,91,9,100,8,2,2,1,0.47451
102,1,1,4,0,92,6,60,10,1,1,1,0.7039
102,1,1,4,0,93,4,40,10,1,1,1,0.66264
102,1,1,4,0,94,2,20,10,1,1,1,0.45285
102,1,1,4,0,95,7,80,8,2,2,1,0.76735
102,1,1,4,0,96,9,100,8,2,2,1,0.58365
102,1,1,4,0,97,2,20,10,1,1,1,0.31244
102,1,1,4,0,98,6,60,10,1,2,0,0.68795
102,1,1,4,0,99,9,100,8,2,2,1,0.64132
102,1,1,4,0,100,4,40,10,1,1,1,0.40088
102,1,1,4,0,101,4,40,10,1,1,1,0.50627
102,1,1,4,0,102,2,20,10,1,1,1,0.41042
102,1,1,4,0,103,6,60,10,1,1,1,0.65157
102,1,1,4,0,104,6,60,10,1,1,1,0.5685
102,1,1,4,0,105,4,40,10,1,1,1,0.40466
102,1,1,4,0,106,2,20,10,1,1,1,0.61642
102,1,1,4,0,107,7,80,8,2,2,1,0.4845
102,1,1,4,0,108,7,80,8,2,2,1,0.69154
102,1,1,4,0,109,11,120,8,2,2,1,0.7105
102,1,1,4,0,110,11,120,8,2,2,1,0.41565
102,1,1,4,0,111,6,60,10,1,1,1,0.5171
102,1,1,4,0,112,4,40,10,1,1,1,0.53667
102,1,1,4,0,113,4,40,10,1,1,1,0.45383
102,1,1,4,0,114,7,80,8,2,2,1,1.3642
102,1,1,4,0,115,9,100,8,2,2,1,0.38153
102,1,1,4,0,116,7,80,8,2,2,1,0.61804
102,1,1,4,0,117,9,100,8,2,2,1,0.77342
102,1,1,4,0,118,9,100,8,2,2,1,0.62589
102,1,1,4,0,119,4,40,10,1,1,1,0.28292
102,1,1,4,0,120,6,60,10,1,1,1,0.36923
102,1,1,5,1,1,6,60,10,1,1,1,0.60101
102,1,1,5,1,2,7,80,8,2,1,0,0.46143
102,1,1,5,1,3,5,60,8,1,2,0,1.5723
102,1,1,5,1,4,2,20,10,1,1,1,0.7073
102,1,1,5,1,5,11,120,8,2,2,1,0.37936
102,1,1,5,1,6,12,120,10,2,2,1,0.89698
102,1,1,5,1,7,4,40,10,1,1,1,0.43813
102,1,1,5,1,8,8,80,10,2,2,1,1.4636
102,1,1,5,1,9,3,40,8,1,1,1,0.85574
102,1,1,5,1,10,3,40,8,1,1,1,0.46847
102,1,1,5,1,11,9,100,8,2,2,1,0.40765
102,1,1,5,1,12,5,60,8,1,1,1,0.39869
102,1,1,5,1,13,2,20,10,1,1,1,0.50024
102,1,1,5,1,14,11,120,8,2,2,1,0.40588
102,1,1,5,1,15,6,60,10,1,1,1,0.26384
102,1,1,5,1,16,12,120,10,2,2,1,0.60679
102,1,1,5,1,17,7,80,8,2,1,0,0.37787
102,1,1,5,1,18,1,20,8,1,1,1,0.45481
102,1,1,5,1,19,1,20,8,1,1,1,0.5134
102,1,1,5,1,20,8,80,10,2,2,1,0.61639
102,1,1,5,1,21,10,100,10,2,2,1,0.59196
102,1,1,5,1,22,4,40,10,1,1,1,0.39654
102,1,1,5,1,23,9,100,8,2,2,1,0.54221
102,1,1,5,1,24,10,100,10,2,2,1,0.81731
102,1,1,5,0,1,11,120,8,2,2,1,1.912
102,1,1,5,0,2,11,120,8,2,2,1,0.50859
102,1,1,5,0,3,10,100,10,2,1,0,0.92632
102,1,1,5,0,4,1,20,8,1,1,1,0.54825
102,1,1,5,0,5,6,60,10,1,1,1,0.83923
102,1,1,5,0,6,6,60,10,1,1,1,0.57149
102,1,1,5,0,7,3,40,8,1,1,1,0.41669
102,1,1,5,0,8,1,20,8,1,1,1,0.34098
102,1,1,5,0,9,6,60,10,1,1,1,0.95802
102,1,1,5,0,10,1,20,8,1,1,1,0.36099
102,1,1,5,0,11,3,40,8,1,1,1,0.4263
102,1,1,5,0,12,8,80,10,2,1,0,0.30856
102,1,1,5,0,13,3,40,8,1,1,1,0.41033
102,1,1,5,0,14,12,120,10,2,2,1,0.5014
102,1,1,5,0,15,3,40,8,1,1,1,0.43995
102,1,1,5,0,16,1,20,8,1,1,1,0.49637
102,1,1,5,0,17,7,80,8,2,2,1,1.3981
102,1,1,5,0,18,12,120,10,2,2,1,0.48336
102,1,1,5,0,19,3,40,8,1,1,1,0.32474
102,1,1,5,0,20,10,100,10,2,2,1,0.6467
102,1,1,5,0,21,11,120,8,2,2,1,0.37843
102,1,1,5,0,22,2,20,10,1,1,1,0.33865
102,1,1,5,0,23,7,80,8,2,2,1,0.52623
102,1,1,5,0,24,2,20,10,1,1,1,0.40004
102,1,1,5,0,25,5,60,8,1,1,1,1.0769
102,1,1,5,0,26,12,120,10,2,2,1,0.48614
102,1,1,5,0,27,2,20,10,1,1,1,0.44602
102,1,1,5,0,28,8,80,10,2,1,0,0.34472
102,1,1,5,0,29,7,80,8,2,2,1,0.83085
102,1,1,5,0,30,9,100,8,2,2,1,0.47222
102,1,1,5,0,31,2,20,10,1,1,1,0.51808
102,1,1,5,0,32,9,100,8,2,2,1,0.39964
102,1,1,5,0,33,2,20,10,1,1,1,0.44957
102,1,1,5,0,34,7,80,8,2,1,0,0.68556
102,1,1,5,0,35,11,120,8,2,2,1,0.49715
102,1,1,5,0,36,7,80,8,2,1,0,0.57476
102,1,1,5,0,37,6,60,10,1,1,1,0.36293
102,1,1,5,0,38,6,60,10,1,1,1,0.3945
102,1,1,5,0,39,2,20,10,1,1,1,0.40794
102,1,1,5,0,40,10,100,10,2,2,1,0.67927
102,1,1,5,0,41,4,40,10,1,1,1,0.51125
102,1,1,5,0,42,6,60,10,1,1,1,0.47847
102,1,1,5,0,43,11,120,8,2,2,1,0.42031
102,1,1,5,0,44,10,100,10,2,2,1,0.72468
102,1,1,5,0,45,4,40,10,1,1,1,0.49548
102,1,1,5,0,46,4,40,10,1,1,1,0.41912
102,1,1,5,0,47,1,20,8,1,1,1,0.36705
102,1,1,5,0,48,10,100,10,2,2,1,0.52284
102,1,1,5,0,49,5,60,8,1,1,1,0.72397
102,1,1,5,0,50,10,100,10,2,2,1,1.0716
102,1,1,5,0,51,4,40,10,1,1,1,0.6081
102,1,1,5,0,52,12,120,10,2,2,1,0.66328
102,1,1,5,0,53,9,100,8,2,2,1,0.84704
102,1,1,5,0,54,2,20,10,1,1,1,1.5315
102,1,1,5,0,55,4,40,10,1,1,1,1.5366
102,1,1,5,0,56,1,20,8,1,1,1,0.53231
102,1,1,5,0,57,11,120,8,2,2,1,0.69103
102,1,1,5,0,58,8,80,10,2,1,0,0.91964
102,1,1,5,0,59,12,120,10,2,2,1,0.5299
102,1,1,5,0,60,8,80,10,2,1,0,0.40795
102,1,1,5,0,61,5,60,8,1,1,1,0.49583
102,1,1,5,0,62,11,120,8,2,2,1,1.0267
102,1,1,5,0,63,3,40,8,1,1,1,0.577
102,1,1,5,0,64,5,60,8,1,1,1,0.57825
102,1,1,5,0,65,2,20,10,1,1,1,0.55187
102,1,1,5,0,66,7,80,8,2,1,0,0.48634
102,1,1,5,0,67,5,60,8,1,1,1,0.44499
102,1,1,5,0,68,11,120,8,2,2,1,0.94207
102,1,1,5,0,69,5,60,8,1,1,1,0.65372
102,1,1,5,0,70,3,40,8,1,1,1,0.68091
102,1,1,5,0,71,6,60,10,1,1,1,0.55712
102,1,1,5,0,72,3,40,8,1,1,1,0.42375
102,1,1,5,0,73,8,80,10,2,1,0,0.6919
102,1,1,5,0,74,4,40,10,1,1,1,2.5176
102,1,1,5,0,75,9,100,8,2,2,1,0.67372
102,1,1,5,0,76,7,80,8,2,1,0,0.6382
102,1,1,5,0,77,12,120,10,2,2,1,0.60622
102,1,1,5,0,78,9,100,8,2,2,1,0.85757
102,1,1,5,0,79,6,60,10,1,1,1,0.867
102,1,1,5,0,80,10,100,10,2,2,1,2.1409
102,1,1,5,0,81,6,60,10,1,1,1,0.57052
102,1,1,5,0,82,12,120,10,2,2,1,0.63513
102,1,1,5,0,83,9,100,8,2,2,1,1.2559
102,1,1,5,0,84,7,80,8,2,2,1,1.127
102,1,1,5,0,85,4,40,10,1,1,1,0.45101
102,1,1,5,0,86,12,120,10,2,2,1,0.39686
102,1,1,5,0,87,9,100,8,2,2,1,0.71987
102,1,1,5,0,88,9,100,8,2,2,1,0.63654
102,1,1,5,0,89,10,100,10,2,2,1,0.57216
102,1,1,5,0,90,8,80,10,2,2,1,0.82453
102,1,1,5,0,91,3,40,8,1,1,1,0.71216
102,1,1,5,0,92,10,100,10,2,2,1,0.7433
102,1,1,5,0,93,7,80,8,2,2,1,0.81612
102,1,1,5,0,94,3,40,8,1,1,1,0.60438
102,1,1,5,0,95,10,100,10,2,2,1,0.6477
102,1,1,5,0,96,1,20,8,1,1,1,0.38254
102,1,1,5,0,97,1,20,8,1,1,1,0.38915
102,1,1,5,0,98,8,80,10,2,1,0,0.70673
102,1,1,5,0,99,8,80,10,2,2,1,0.67443
102,1,1,5,0,100,9,100,8,2,2,1,0.38404
102,1,1,5,0,101,5,60,8,1,1,1,0.75819
102,1,1,5,0,102,4,40,10,1,1,1,0.54668
102,1,1,5,0,103,2,20,10,1,1,1,0.48666
102,1,1,5,0,104,1,20,8,1,1,1,0.39615
102,1,1,5,0,105,2,20,10,1,1,1,0.40478
102,1,1,5,0,106,4,40,10,1,1,1,0.37921
102,1,1,5,0,107,11,120,8,2,2,1,0.62097
102,1,1,5,0,108,5,60,8,1,1,1,1.4901
102,1,1,5,0,109,7,80,8,2,2,1,1.2464
102,1,1,5,0,110,9,100,8,2,2,1,0.60502
102,1,1,5,0,111,6,60,10,1,1,1,0.47293
102,1,1,5,0,112,8,80,10,2,2,1,0.99645
102,1,1,5,0,113,12,120,10,2,2,1,0.41043
102,1,1,5,0,114,1,20,8,1,1,1,0.54067
102,1,1,5,0,115,5,60,8,1,1,1,0.84898
102,1,1,5,0,116,5,60,8,1,1,1,0.53919
102,1,1,5,0,117,12,120,10,2,2,1,0.56081
102,1,1,5,0,118,8,80,10,2,2,1,1.356
102,1,1,5,0,119,11,120,8,2,2,1,0.44158
102,1,1,5,0,120,4,40,10,1,1,1,0.44324
102,1,1,6,0,1,2,20,10,1,1,1,1.3166
102,1,1,6,0,2,5,60,8,1,1,1,1.1749
102,1,1,6,0,3,2,20,10,1,1,1,0.46899
102,1,1,6,0,4,12,120,10,2,2,1,0.42154
102,1,1,6,0,5,3,40,8,1,1,1,0.36633
102,1,1,6,0,6,6,60,10,1,1,1,0.85055
102,1,1,6,0,7,9,100,8,2,2,1,0.77562
102,1,1,6,0,8,11,120,8,2,2,1,0.46407
102,1,1,6,0,9,4,40,10,1,1,1,0.56785
102,1,1,6,0,10,11,120,8,2,2,1,0.44098
102,1,1,6,0,11,6,60,10,1,1,1,0.36086
102,1,1,6,0,12,9,100,8,2,2,1,0.75979
102,1,1,6,0,13,3,40,8,1,1,1,1.222
102,1,1,6,0,14,12,120,10,2,2,1,0.58792
102,1,1,6,0,15,7,80,8,2,1,0,0.76698
102,1,1,6,0,16,4,40,10,1,1,1,0.7012
102,1,1,6,0,17,11,120,8,2,2,1,3.0899
102,1,1,6,0,18,6,60,10,1,1,1,1.1262
102,1,1,6,0,19,4,40,10,1,1,1,0.66734
102,1,1,6,0,20,12,120,10,2,2,1,0.81195
102,1,1,6,0,21,6,60,10,1,1,1,1.0897
102,1,1,6,0,22,9,100,8,2,2,1,1.8505
102,1,1,6,0,23,8,80,10,2,2,1,1.5043
102,1,1,6,0,24,10,100,10,2,2,1,1.4905
102,1,1,6,0,25,4,40,10,1,1,1,0.88996
102,1,1,6,0,26,11,120,8,2,2,1,0.82947
102,1,1,6,0,27,3,40,8,1,1,1,0.75262
102,1,1,6,0,28,4,40,10,1,1,1,0.63333
102,1,1,6,0,29,6,60,10,1,1,1,1.0402
102,1,1,6,0,30,7,80,8,2,2,1,0.7996
102,1,1,6,0,31,9,100,8,2,2,1,0.60877
102,1,1,6,0,32,5,60,8,1,1,1,1.6517
102,1,1,6,0,33,8,80,10,2,1,0,0.4418
102,1,1,6,0,34,4,40,10,1,1,1,0.6728
102,1,1,6,0,35,2,20,10,1,1,1,0.45664
102,1,1,6,0,36,11,120,8,2,2,1,0.65447
102,1,1,6,0,37,12,120,10,2,2,1,0.61085
102,1,1,6,0,38,11,120,8,2,2,1,0.40601
102,1,1,6,0,39,7,80,8,2,1,0,0.59409
102,1,1,6,0,40,4,40,10,1,1,1,0.60794
102,1,1,6,0,41,10,100,10,2,2,1,0.8516
102,1,1,6,0,42,1,20,8,1,1,1,0.49496
102,1,1,6,0,43,4,40,10,1,1,1,0.65014
102,1,1,6,0,44,9,100,8,2,2,1,0.6403
102,1,1,6,0,45,5,60,8,1,1,1,0.75739
102,1,1,6,0,46,5,60,8,1,1,1,0.65335
102,1,1,6,0,47,9,100,8,2,2,1,0.71464
102,1,1,6,0,48,12,120,10,2,2,1,0.69189
102,1,1,6,0,49,10,100,10,2,2,1,1.3271
102,1,1,6,0,50,7,80,8,2,1,0,1.7875
102,1,1,6,0,51,1,20,8,1,1,1,0.63252
102,1,1,6,0,52,1,20,8,1,1,1,0.53522
102,1,1,6,0,53,3,40,8,1,1,1,0.53113
102,1,1,6,0,54,6,60,10,1,1,1,0.81045
102,1,1,6,0,55,2,20,10,1,1,1,0.45613
102,1,1,6,0,56,1,20,8,1,1,1,0.68501
102,1,1,6,0,57,3,40,8,1,1,1,0.48835
102,1,1,6,0,58,2,20,10,1,1,1,0.41773
102,1,1,6,0,59,7,80,8,2,1,0,0.37208
102,1,1,6,0,60,12,120,10,2,2,1,0.66409
102,1,1,6,0,61,5,60,8,1,1,1,1.1057
102,1,1,6,0,62,10,100,10,2,2,1,0.60523
102,1,1,6,0,63,2,20,10,1,1,1,0.57329
102,1,1,6,0,64,10,100,10,2,2,1,0.89782
102,1,1,6,0,65,8,80,10,2,2,1,1.3456
102,1,1,6,0,66,10,100,10,2,2,1,0.67641
102,1,1,6,0,67,10,100,10,2,2,1,1.1033
102,1,1,6,0,68,11,120,8,2,2,1,0.68035
102,1,1,6,0,69,7,80,8,2,1,0,1.4701
102,1,1,6,0,70,9,100,8,2,2,1,0.71735
102,1,1,6,0,71,12,120,10,2,2,1,0.75915
102,1,1,6,0,72,6,60,10,1,1,1,0.588
102,1,1,6,0,73,7,80,8,2,2,1,1.2962
102,1,1,6,0,74,8,80,10,2,2,1,1.4963
102,1,1,6,0,75,6,60,10,1,1,1,1.2661
102,1,1,6,0,76,2,20,10,1,1,1,1.0859
102,1,1,6,0,77,10,100,10,2,2,1,3.2165
102,1,1,6,0,78,5,60,8,1,1,1,1.3211
102,1,1,6,0,79,1,20,8,1,1,1,0.71017
102,1,1,6,0,80,7,80,8,2,2,1,1.2098
102,1,1,6,0,81,2,20,10,1,1,1,0.51934
102,1,1,6,0,82,8,80,10,2,2,1,0.48177
102,1,1,6,0,83,1,20,8,1,1,1,0.46829
102,1,1,6,0,84,3,40,8,1,1,1,0.81212
102,1,1,6,0,85,3,40,8,1,1,1,0.58265
102,1,1,6,0,86,5,60,8,1,1,1,1.061
102,1,1,6,0,87,7,80,8,2,2,1,0.80783
102,1,1,6,0,88,4,40,10,1,1,1,0.70825
102,1,1,6,0,89,12,120,10,2,2,1,0.58504
102,1,1,6,0,90,5,60,8,1,1,1,0.69816
102,1,1,6,0,91,11,120,8,2,2,1,0.6327
102,1,1,6,0,92,12,120,10,2,2,1,0.6006
102,1,1,6,0,93,3,40,8,1,1,1,0.56446
102,1,1,6,0,94,8,80,10,2,2,1,1.053
102,1,1,6,0,95,8,80,10,2,2,1,0.75565
102,1,1,6,0,96,11,120,8,2,2,1,0.60762
102,1,1,6,0,97,1,20,8,1,1,1,0.59747
102,1,1,6,0,98,9,100,8,2,2,1,0.81044
102,1,1,6,0,99,9,100,8,2,2,1,0.74943
102,1,1,6,0,100,3,40,8,1,1,1,0.59743
102,1,1,6,0,101,7,80,8,2,1,0,1.293
102,1,1,6,0,102,11,120,8,2,2,1,0.73552
102,1,1,6,0,103,2,20,10,1,1,1,1.1218
102,1,1,6,0,104,1,20,8,1,1,1,1.7462
102,1,1,6,0,105,5,60,8,1,1,1,1.2465
102,1,1,6,0,106,1,20,8,1,1,1,1.3139
102,1,1,6,0,107,3,40,8,1,1,1,0.77725
102,1,1,6,0,108,6,60,10,1,1,1,0.51762
102,1,1,6,0,109,4,40,10,1,1,1,0.44651
102,1,1,6,0,110,6,60,10,1,1,1,0.43901
102,1,1,6,0,111,12,120,10,2,2,1,0.49537
102,1,1,6,0,112,10,100,10,2,2,1,0.74092
102,1,1,6,0,113,8,80,10,2,2,1,1.1125
102,1,1,6,0,114,1,20,8,1,1,1,0.5921
102,1,1,6,0,115,8,80,10,2,2,1,0.73648
102,1,1,6,0,116,9,100,8,2,2,1,0.97198
102,1,1,6,0,117,5,60,8,1,1,1,1.5285
102,1,1,6,0,118,2,20,10,1,1,1,0.70748
102,1,1,6,0,119,8,80,10,2,1,0,0.44889
102,1,1,6,0,120,10,100,10,2,2,1,0.55977
