104,1,4,1,1,1,1,20,8,1,1,1,0.46199
104,1,4,1,1,2,7,80,8,2,2,1,0.53602
104,1,4,1,1,3,9,100,8,2,2,1,0.43754
104,1,4,1,1,4,3,40,8,1,1,1,0.48989
104,1,4,1,1,5,11,120,8,2,2,1,0.54546
104,1,4,1,1,6,9,100,8,2,2,1,0.54637
104,1,4,1,1,7,11,120,8,2,2,1,0.64116
104,1,4,1,1,8,7,80,8,2,2,1,3.2012
104,1,4,1,1,9,11,120,8,2,2,1,1.2147
104,1,4,1,1,10,11,120,8,2,2,1,0.62907
104,1,4,1,1,11,1,20,8,1,1,1,0.47252
104,1,4,1,1,12,5,60,8,1,1,1,0.77403
104,1,4,1,1,13,7,80,8,2,2,1,0.58873
104,1,4,1,1,14,9,100,8,2,2,1,0.47639
104,1,4,1,1,15,3,40,8,1,1,1,0.43851
104,1,4,1,1,16,5,60,8,1,1,1,0.56408
104,1,4,1,1,17,1,20,8,1,1,1,0.42291
104,1,4,1,1,18,5,60,8,1,1,1,0.601
104,1,4,1,1,19,9,100,8,2,2,1,0.52753
104,1,4,1,1,20,7,80,8,2,2,1,1.0321
104,1,4,1,1,21,1,20,8,1,1,1,0.67596
104,1,4,1,1,22,3,40,8,1,1,1,0.37314
104,1,4,1,1,23,5,60,8,1,2,0,0.63066
104,1,4,1,1,24,3,40,8,1,1,1,0.57876
104,1,4,1,0,1,1,20,8,1,1,1,0.44715
104,1,4,1,0,2,11,120,8,2,2,1,0.47502
104,1,4,1,0,3,7,80,8,2,2,1,0.64204
104,1,4,1,0,4,9,100,8,2,2,1,0.52376
104,1,4,1,0,5,9,100,8,2,2,1,0.47317
104,1,4,1,0,6,5,60,8,1,1,1,0.78387
104,1,4,1,0,7,7,80,8,2,2,1,1.4688
104,1,4,1,0,8,3,40,8,1,1,1,0.4319
104,1,4,1,0,9,3,40,8,1,1,1,0.50933
104,1,4,1,0,10,9,100,8,2,2,1,0.51135
104,1,4,1,0,11,5,60,8,1,1,1,0.52118
104,1,4,1,0,12,1,20,8,1,1,1,0.40594
104,1,4,1,0,13,11,120,8,2,2,1,0.43607
104,1,4,1,0,14,5,60,8,1,1,1,0.73323
104,1,4,1,0,15,3,40,8,1,1,1,0.42521
104,1,4,1,0,16,7,80,8,2,2,1,0.51507
104,1,4,1,0,17,11,120,8,2,2,1,0.49009
104,1,4,1,0,18,7,80,8,2,2,1,0.95042
104,1,4,1,0,19,11,120,8,2,2,1,0.51191
104,1,4,1,0,20,9,100,8,2,2,1,1.3583
104,1,4,1,0,21,5,60,8,1,1,1,0.96394
104,1,4,1,0,22,5,60,8,1,1,1,0.56106
104,1,4,1,0,23,7,80,8,2,2,1,1.1305
104,1,4,1,0,24,1,20,8,1,1,1,0.69716
104,1,4,1,0,25,1,20,8,1,1,1,0.64811
104,1,4,1,0,26,5,60,8,1,1,1,1.1287
104,1,4,1,0,27,11,120,8,2,2,1,1.9644
104,1,4,1,0,28,1,20,8,1,1,1,0.35815
104,1,4,1,0,29,7,80,8,2,2,1,1.0525
104,1,4,1,0,30,7,80,8,2,2,1,0.59569
104,1,4,1,0,31,1,20,8,1,1,1,0.49578
104,1,4,1,0,32,1,20,8,1,1,1,0.42485
104,1,4,1,0,33,9,100,8,2,2,1,0.41025
104,1,4,1,0,34,9,100,8,2,2,1,0.38796
104,1,4,1,0,35,9,100,8,2,2,1,0.41713
104,1,4,1,0,36,11,120,8,2,2,1,0.6936
104,1,4,1,0,37,1,20,8,1,1,1,0.41863
104,1,4,1,0,38,9,100,8,2,2,1,0.92512
104,1,4,1,0,39,11,120,8,2,2,1,0.49572
104,1,4,1,0,40,5,60,8,1,1,1,0.8524
104,1,4,1,0,41,11,120,8,2,2,1,0.59756
104,1,4,1,0,42,1,20,8,1,1,1,0.49026
104,1,4,1,0,43,7,80,8,2,2,1,0.9005
104,1,4,1,0,44,3,40,8,1,1,1,0.53276
104,1,4,1,0,45,11,120,8,2,2,1,0.53457
104,1,4,1,0,46,3,40,8,1,1,1,0.42032
104,1,4,1,0,47,11,120,8,2,2,1,1.0806
104,1,4,1,0,48,3,40,8,1,1,1,0.47149
104,1,4,1,0,49,3,40,8,1,1,1,0.70973
104,1,4,1,0,50,11,120,8,2,2,1,0.74391
104,1,4,1,0,51,5,60,8,1,1,1,0.69228
104,1,4,1,0,52,11,120,8,2,2,1,1.679
104,1,4,1,0,53,3,40,8,1,1,1,0.51023
104,1,4,1,0,54,11,120,8,2,2,1,1.2866
104,1,4,1,0,55,11,120,8,2,2,1,1.1707
104,1,4,1,0,56,11,120,8,2,2,1,0.42074
104,1,4,1,0,57,3,40,8,1,1,1,0.84833
104,1,4,1,0,58,1,20,8,1,1,1,0.39759
104,1,4,1,0,59,5,60,8,1,1,1,0.82354
104,1,4,1,0,60,7,80,8,2,2,1,0.62658
104,1,4,1,0,61,3,40,8,1,1,1,0.54601
104,1,4,1,0,62,1,20,8,1,1,1,0.38016
104,1,4,1,0,63,9,100,8,2,2,1,0.61862
104,1,4,1,0,64,9,100,8,2,2,1,0.44285
104,1,4,1,0,65,7,80,8,2,2,1,0.76353
104,1,4,1,0,66,3,40,8,1,1,1,0.5132
104,1,4,1,0,67,1,20,8,1,1,1,0.4143
104,1,4,1,0,68,5,60,8,1,1,1,0.47128
104,1,4,1,0,69,9,100,8,2,2,1,0.56173
104,1,4,1,0,70,3,40,8,1,1,1,0.75625
104,1,4,1,0,71,3,40,8,1,1,1,0.67524
104,1,4,1,0,72,3,40,8,1,1,1,0.73103
104,1,4,1,0,73,11,120,8,2,2,1,0.80999
104,1,4,1,0,74,11,120,8,2,2,1,1.7442
104,1,4,1,0,75,1,20,8,1,1,1,0.4371
104,1,4,1,0,76,3,40,8,1,1,1,0.55387
104,1,4,1,0,77,3,40,8,1,1,1,0.95484
104,1,4,1,0,78,3,40,8,1,1,1,0.41404
104,1,4,1,0,79,9,100,8,2,2,1,0.55458
104,1,4,1,0,80,3,40,8,1,1,1,0.43202
104,1,4,1,0,81,5,60,8,1,1,1,0.68049
104,1,4,1,0,82,5,60,8,1,1,1,0.55055
104,1,4,1,0,83,9,100,8,2,2,1,0.47484
104,1,4,1,0,84,9,100,8,2,2,1,0.57321
104,1,4,1,0,85,7,80,8,2,2,1,1.3829
104,1,4,1,0,86,7,80,8,2,2,1,0.7461
104,1,4,1,0,87,1,20,8,1,1,1,0.49315
104,1,4,1,0,88,9,100,8,2,2,1,0.50527
104,1,4,1,0,89,5,60,8,1,1,1,1.5613
104,1,4,1,0,90,7,80,8,2,2,1,1.0776
104,1,4,1,0,91,1,20,8,1,1,1,0.53767
104,1,4,1,0,92,9,100,8,2,2,1,0.50345
104,1,4,1,0,93,5,60,8,1,1,1,0.64666
104,1,4,1,0,94,9,100,8,2,2,1,0.48592
104,1,4,1,0,95,9,100,8,2,2,1,0.6738
104,1,4,1,0,96,7,80,8,2,2,1,0.68169
104,1,4,1,0,97,5,60,8,1,1,1,1.226
104,1,4,1,0,98,9,100,8,2,2,1,0.66018
104,1,4,1,0,99,7,80,8,2,2,1,0.87406
104,1,4,1,0,100,5,60,8,1,1,1,0.65807
104,1,4,1,0,101,7,80,8,2,2,1,1.0631
104,1,4,1,0,102,1,20,8,1,1,1,0.51778
104,1,4,1,0,103,7,80,8,2,2,1,0.79027
104,1,4,1,0,104,11,120,8,2,2,1,0.56843
104,1,4,1,0,105,5,60,8,1,1,1,0.84342
104,1,4,1,0,106,5,60,8,1,1,1,0.79434
104,1,4,1,0,107,1,20,8,1,1,1,0.42129
104,1,4,1,0,108,3,40,8,1,1,1,0.61304
104,1,4,1,0,109,1,20,8,1,1,1,0.43597
104,1,4,1,0,110,5,60,8,1,1,1,0.72933
104,1,4,1,0,111,1,20,8,1,1,1,0.39781
104,1,4,1,0,112,3,40,8,1,1,1,0.43226
104,1,4,1,0,113,7,80,8,2,2,1,0.8815
104,1,4,1,0,114,11,120,8,2,2,1,0.50452
104,1,4,1,0,115,11,120,8,2,2,1,0.45951
104,1,4,1,0,116,9,100,8,2,2,1,0.43205
104,1,4,1,0,117,7,80,8,2,2,1,0.61469
104,1,4,1,0,118,5,60,8,1,1,1,0.83022
104,1,4,1,0,119,1,20,8,1,1,1,0.45077
104,1,4,1,0,120,7,80,8,2,2,1,0.86948
104,1,4,2,1,1,2,20,10,1,1,1,0.39768
104,1,4,2,1,2,8,80,10,2,2,1,0.7893
104,1,4,2,1,3,2,20,10,1,1,1,0.43178
104,1,4,2,1,4,12,120,10,2,2,1,0.43698
104,1,4,2,1,5,8,80,10,2,2,1,1.002
104,1,4,2,1,6,6,60,10,1,1,1,0.99601
104,1,4,2,1,7,8,80,10,2,2,1,0.77144
104,1,4,2,1,8,12,120,10,2,2,1,0.7331
104,1,4,2,1,9,4,40,10,1,1,1,0.53234
104,1,4,2,1,10,10,100,10,2,2,1,0.94577
104,1,4,2,1,11,10,100,10,2,2,1,0.59989
104,1,4,2,1,12,4,40,10,1,1,1,0.55907
104,1,4,2,1,13,6,60,10,1,1,1,0.953
104,1,4,2,1,14,6,60,10,1,1,1,0.59006
104,1,4,2,1,15,6,60,10,1,1,1,0.75057
104,1,4,2,1,16,12,120,10,2,2,1,1.1734
104,1,4,2,1,17,4,40,10,1,1,1,0.48108
104,1,4,2,1,18,8,80,10,2,2,1,0.62679
104,1,4,2,1,19,4,40,10,1,1,1,0.43763
104,1,4,2,1,20,10,100,10,2,2,1,0.50888
104,1,4,2,1,21,2,20,10,1,1,1,0.50206
104,1,4,2,1,22,10,100,10,2,2,1,0.52383
104,1,4,2,1,23,2,20,10,1,1,1,0.72495
104,1,4,2,1,24,12,120,10,2,2,1,0.71758
104,1,4,2,0,1,2,20,10,1,1,1,0.5227
104,1,4,2,0,2,10,100,10,2,2,1,1.0437
104,1,4,2,0,3,12,120,10,2,2,1,0.48359
104,1,4,2,0,4,6,60,10,1,1,1,0.68588
104,1,4,2,0,5,12,120,10,2,2,1,0.53599
104,1,4,2,0,6,2,20,10,1,1,1,0.6205
104,1,4,2,0,7,4,40,10,1,1,1,0.55108
104,1,4,2,0,8,6,60,10,1,1,1,0.82632
104,1,4,2,0,9,8,80,10,2,2,1,0.57606
104,1,4,2,0,10,12,120,10,2,2,1,0.51726
104,1,4,2,0,11,12,120,10,2,2,1,0.47447
104,1,4,2,0,12,2,20,10,1,1,1,0.47179
104,1,4,2,0,13,12,120,10,2,2,1,0.497
104,1,4,2,0,14,2,20,10,1,1,1,0.48081
104,1,4,2,0,15,2,20,10,1,1,1,0.39701
104,1,4,2,0,16,10,100,10,2,2,1,1.0013
104,1,4,2,0,17,10,100,10,2,2,1,0.84592
104,1,4,2,0,18,12,120,10,2,2,1,0.53574
104,1,4,2,0,19,10,100,10,2,2,1,0.70969
104,1,4,2,0,20,2,20,10,1,1,1,0.42659
104,1,4,2,0,21,10,100,10,2,2,1,0.58233
104,1,4,2,0,22,8,80,10,2,2,1,0.62578
104,1,4,2,0,23,10,100,10,2,2,1,0.3948
104,1,4,2,0,24,12,120,10,2,2,1,0.38438
104,1,4,2,0,25,4,40,10,1,1,1,0.43531
104,1,4,2,0,26,8,80,10,2,2,1,1.8056
104,1,4,2,0,27,4,40,10,1,1,1,0.5083
104,1,4,2,0,28,12,120,10,2,2,1,0.40673
104,1,4,2,0,29,10,100,10,2,2,1,1.0568
104,1,4,2,0,30,2,20,10,1,1,1,1.8166
104,1,4,2,0,31,6,60,10,1,1,1,1.3467
104,1,4,2,0,32,6,60,10,1,1,1,0.67729
104,1,4,2,0,33,4,40,10,1,1,1,0.6484
104,1,4,2,0,34,8,80,10,2,2,1,0.60845
104,1,4,2,0,35,2,20,10,1,1,1,0.51718
104,1,4,2,0,36,8,80,10,2,2,1,0.6238
104,1,4,2,0,37,2,20,10,1,1,1,0.4784
104,1,4,2,0,38,12,120,10,2,2,1,1.2305
104,1,4,2,0,39,4,40,10,1,1,1,0.4528
104,1,4,2,0,40,10,100,10,2,2,1,0.56298
104,1,4,2,0,41,8,80,10,2,2,1,0.53043
104,1,4,2,0,42,6,60,10,1,1,1,1.0961
104,1,4,2,0,43,8,80,10,2,2,1,0.63851
104,1,4,2,0,44,10,100,10,2,2,1,0.43007
104,1,4,2,0,45,10,100,10,2,2,1,0.57077
104,1,4,2,0,46,8,80,10,2,2,1,0.55088
104,1,4,2,0,47,2,20,10,1,1,1,0.49354
104,1,4,2,0,48,12,120,10,2,2,1,0.49068
104,1,4,2,0,49,8,80,10,2,2,1,2.7511
104,1,4,2,0,50,4,40,10,1,1,1,0.55
104,1,4,2,0,51,10,100,10,2,2,1,0.58118
104,1,4,2,0,52,4,40,10,1,1,1,0.49386
104,1,4,2,0,53,8,80,10,2,2,1,0.97998
104,1,4,2,0,54,12,120,10,2,2,1,0.52602
104,1,4,2,0,55,12,120,10,2,2,1,0.4639
104,1,4,2,0,56,4,40,10,1,1,1,0.5994
104,1,4,2,0,57,12,120,10,2,2,1,0.70074
104,1,4,2,0,58,2,20,10,1,1,1,0.49261
104,1,4,2,0,59,8,80,10,2,2,1,0.64238
104,1,4,2,0,60,10,100,10,2,2,1,0.54543
104,1,4,2,0,61,10,100,10,2,2,1,0.38027
104,1,4,2,0,62,12,120,10,2,2,1,0.35838
104,1,4,2,0,63,2,20,10,1,1,1,0.41055
104,1,4,2,0,64,10,100,10,2,2,1,0.48378
104,1,4,2,0,65,4,40,10,1,1,1,0.41956
104,1,4,2,0,66,4,40,10,1,1,1,0.40861
104,1,4,2,0,67,6,60,10,1,1,1,0.869
104,1,4,2,0,68,6,60,10,1,1,1,0.71215
104,1,4,2,0,69,6,60,10,1,1,1,0.78732
104,1,4,2,0,70,8,80,10,2,2,1,1.3103
104,1,4,2,0,71,8,80,10,2,2,1,1.7165
104,1,4,2,0,72,4,40,10,1,1,1,0.47804
104,1,4,2,0,73,12,120,10,2,2,1,0.47746
104,1,4,2,0,74,6,60,10,1,1,1,0.72685
104,1,4,2,0,75,12,120,10,2,2,1,0.43653
104,1,4,2,0,76,4,40,10,1,1,1,0.44221
104,1,4,2,0,77,8,80,10,2,2,1,0.6818
104,1,4,2,0,78,10,100,10,2,2,1,0.45822
104,1,4,2,0,79,10,100,10,2,2,1,0.43772
104,1,4,2,0,80,2,20,10,1,1,1,0.45979
104,1,4,2,0,81,6,60,10,1,1,1,0.61104
104,1,4,2,0,82,12,120,10,2,2,1,1.393
104,1,4,2,0,83,10,100,10,2,2,1,0.57749
104,1,4,2,0,84,12,120,10,2,2,1,0.62497
104,1,4,2,0,85,4,40,10,1,1,1,0.46344
104,1,4,2,0,86,6,60,10,1,1,1,0.47262
104,1,4,2,0,87,6,60,10,1,1,1,0.36338
104,1,4,2,0,88,2,20,10,1,1,1,0.4362
104,1,4,2,0,89,2,20,10,1,1,1,0.58307
104,1,4,2,0,90,12,120,10,2,2,1,0.70562
104,1,4,2,0,91,6,60,10,1,1,1,0.91282
104,1,4,2,0,92,8,80,10,2,2,1,0.67454
104,1,4,2,0,93,4,40,10,1,1,1,0.42452
104,1,4,2,0,94,6,60,10,1,1,1,0.49779
104,1,4,2,0,95,6,60,10,1,1,1,0.54963
104,1,4,2,0,96,4,40,10,1,1,1,0.37331
104,1,4,2,0,97,10,100,10,2,2,1,1.0815
104,1,4,2,0,98,2,20,10,1,1,1,0.72285
104,1,4,2,0,99,10,100,10,2,2,1,0.64972
104,1,4,2,0,100,8,80,10,2,2,1,0.48991
104,1,4,2,0,101,4,40,10,1,1,1,0.43186
104,1,4,2,0,102,12,120,10,2,2,1,0.5354
104,1,4,2,0,103,4,40,10,1,1,1,0.40588
104,1,4,2,0,104,2,20,10,1,1,1,0.41089
104,1,4,2,0,105,2,20,10,1,1,1,0.38159
104,1,4,2,0,106,4,40,10,1,1,1,0.53137
104,1,4,2,0,107,6,60,10,1,1,1,1.3033
104,1,4,2,0,108,4,40,10,1,1,1,0.44914
104,1,4,2,0,109,8,80,10,2,2,1,0.58768
104,1,4,2,0,110,8,80,10,2,2,1,0.77149
104,1,4,2,0,111,2,20,10,1,1,1,0.41684
104,1,4,2,0,112,8,80,10,2,2,1,0.59192
104,1,4,2,0,113,6,60,10,1,1,1,0.96152
104,1,4,2,0,114,10,100,10,2,2,1,0.46671
104,1,4,2,0,115,6,60,10,1,1,1,0.72786
104,1,4,2,0,116,6,60,10,1,2,0,1.5417
104,1,4,2,0,117,4,40,10,1,1,1,0.52179
104,1,4,2,0,118,2,20,10,1,1,1,0.42951
104,1,4,2,0,119,6,60,10,1,1,1,0.77936
104,1,4,2,0,120,8,80,10,2,2,1,0.55399
104,1,4,5,1,1,10,100,10,2,2,1,0.56947
104,1,4,5,1,2,2,20,10,1,1,1,0.3944
104,1,4,5,1,3,8,80,10,2,2,1,0.81319
104,1,4,5,1,4,3,40,8,1,1,1,0.34535
104,1,4,5,1,5,3,40,8,1,1,1,0.36185
104,1,4,5,1,6,7,80,8,2,2,1,0.49615
104,1,4,5,1,7,12,120,10,2,2,1,0.40116
104,1,4,5,1,8,10,100,10,2,2,1,0.44889
104,1,4,5,1,9,6,60,10,1,1,1,0.94361
104,1,4,5,1,10,9,100,8,2,2,1,2.9968
104,1,4,5,1,11,4,40,10,1,1,1,0.44239
104,1,4,5,1,12,7,80,8,2,2,1,0.74999
104,1,4,5,1,13,11,120,8,2,2,1,0.61502
104,1,4,5,1,14,1,20,8,1,1,1,0.39016
104,1,4,5,1,15,5,60,8,1,1,1,0.50522
104,1,4,5,1,16,4,40,10,1,1,1,0.48064
104,1,4,5,1,17,6,60,10,1,1,1,1.4391
104,1,4,5,1,18,8,80,10,2,2,1,0.73118
104,1,4,5,1,19,9,100,8,2,2,1,0.80451
104,1,4,5,1,20,1,20,8,1,1,1,2.2518
104,1,4,5,1,21,5,60,8,1,1,1,0.46816
104,1,4,5,1,22,2,20,10,1,1,1,0.44701
104,1,4,5,1,23,11,120,8,2,2,1,0.72067
104,1,4,5,1,24,12,120,10,2,2,1,0.42673
104,1,4,5,0,1,7,80,8,2,2,1,0.82414
104,1,4,5,0,2,5,60,8,1,1,1,0.65501
104,1,4,5,0,3,10,100,10,2,2,1,0.43434
104,1,4,5,0,4,2,20,10,1,1,1,0.46809
104,1,4,5,0,5,10,100,10,2,2,1,1.7366
104,1,4,5,0,6,8,80,10,2,2,1,0.6183
104,1,4,5,0,7,3,40,8,1,1,1,0.61691
104,1,4,5,0,8,11,120,8,2,2,1,0.49345
104,1,4,5,0,9,2,20,10,1,1,1,0.63173
104,1,4,5,0,10,1,20,8,1,1,1,0.61163
104,1,4,5,0,11,9,100,8,2,2,1,0.71811
104,1,4,5,0,12,8,80,10,2,2,1,0.65941
104,1,4,5,0,13,6,60,10,1,1,1,0.60928
104,1,4,5,0,14,3,40,8,1,1,1,0.52791
104,1,4,5,0,15,3,40,8,1,1,1,0.48986
104,1,4,5,0,16,6,60,10,1,1,1,1.378
104,1,4,5,0,17,5,60,8,1,1,1,1.366
104,1,4,5,0,18,8,80,10,2,2,1,1.0732
104,1,4,5,0,19,5,60,8,1,1,1,1.2477
104,1,4,5,0,20,1,20,8,1,1,1,0.48192
104,1,4,5,0,21,1,20,8,1,1,1,0.46982
104,1,4,5,0,22,5,60,8,1,1,1,0.37941
104,1,4,5,0,23,9,100,8,2,2,1,0.72677
104,1,4,5,0,24,11,120,8,2,2,1,0.47027
104,1,4,5,0,25,11,120,8,2,2,1,0.47675
104,1,4,5,0,26,10,100,10,2,2,1,0.4297
104,1,4,5,0,27,7,80,8,2,2,1,1.0565
104,1,4,5,0,28,2,20,10,1,1,1,0.43114
104,1,4,5,0,29,4,40,10,1,1,1,0.4951
104,1,4,5,0,30,5,60,8,1,1,1,1.6931
104,1,4,5,0,31,1,20,8,1,1,1,0.53797
104,1,4,5,0,32,12,120,10,2,2,1,0.38465
104,1,4,5,0,33,7,80,8,2,2,1,0.63409
104,1,4,5,0,34,9,100,8,2,2,1,0.56078
104,1,4,5,0,35,5,60,8,1,1,1,0.86831
104,1,4,5,0,36,1,20,8,1,1,1,0.4138
104,1,4,5,0,37,10,100,10,2,2,1,1.358
104,1,4,5,0,38,8,80,10,2,2,1,0.76595
104,1,4,5,0,39,7,80,8,2,2,1,0.81435
104,1,4,5,0,40,11,120,8,2,2,1,0.57857
104,1,4,5,0,41,7,80,8,2,2,1,0.59882
104,1,4,5,0,42,12,120,10,2,2,1,0.42291
104,1,4,5,0,43,4,40,10,1,1,1,0.5698
104,1,4,5,0,44,10,100,10,2,2,1,1.2972
104,1,4,5,0,45,12,120,10,2,2,1,0.49647
104,1,4,5,0,46,3,40,8,1,1,1,0.51427
104,1,4,5,0,47,11,120,8,2,2,1,0.55772
104,1,4,5,0,48,10,100,10,2,2,1,0.51367
104,1,4,5,0,49,3,40,8,1,1,1,0.35698
104,1,4,5,0,50,3,40,8,1,1,1,0.59879
104,1,4,5,0,51,8,80,10,2,2,1,0.89326
104,1,4,5,0,52,9,100,8,2,2,1,0.60921
104,1,4,5,0,53,1,20,8,1,1,1,0.50629
104,1,4,5,0,54,9,100,8,2,2,1,0.65919
104,1,4,5,0,55,8,80,10,2,2,1,0.5761
104,1,4,5,0,56,2,20,10,1,1,1,0.65309
104,1,4,5,0,57,8,80,10,2,2,1,0.71649
104,1,4,5,0,58,5,60,8,1,1,1,0.79388
104,1,4,5,0,59,5,60,8,1,1,1,0.97442
104,1,4,5,0,60,2,20,10,1,1,1,0.58594
104,1,4,5,0,61,5,60,8,1,1,1,0.88337
104,1,4,5,0,62,10,100,10,2,2,1,0.58711
104,1,4,5,0,63,2,20,10,1,1,1,0.49092
104,1,4,5,0,64,10,100,10,2,2,1,0.80294
104,1,4,5,0,65,6,60,10,1,1,1,0.76313
104,1,4,5,0,66,12,120,10,2,2,1,0.53398
104,1,4,5,0,67,10,100,10,2,2,1,0.59017
104,1,4,5,0,68,7,80,8,2,2,1,0.70552
104,1,4,5,0,69,9,100,8,2,2,1,0.60921
104,1,4,5,0,70,12,120,10,2,2,1,1.2467
104,1,4,5,0,71,4,40,10,1,1,1,0.5023
104,1,4,5,0,72,6,60,10,1,1,1,0.68293
104,1,4,5,0,73,5,60,8,1,1,1,0.47514
104,1,4,5,0,74,12,120,10,2,2,1,0.54276
104,1,4,5,0,75,12,120,10,2,2,1,0.54658
104,1,4,5,0,76,9,100,8,2,2,1,0.71248
104,1,4,5,0,77,7,80,8,2,2,1,0.63945
104,1,4,5,0,78,1,20,8,1,1,1,0.71028
104,1,4,5,0,79,2,20,10,1,1,1,0.51405
104,1,4,5,0,80,1,20,8,1,1,1,0.56956
104,1,4,5,0,81,11,120,8,2,2,1,0.71858
104,1,4,5,0,82,7,80,8,2,2,1,0.79174
104,1,4,5,0,83,9,100,8,2,2,1,1.1065
104,1,4,5,0,84,12,120,10,2,2,1,0.56238
104,1,4,5,0,85,8,80,10,2,2,1,1.494
104,1,4,5,0,86,1,20,8,1,1,1,0.41534
104,1,4,5,0,87,3,40,8,1,1,1,0.41451
104,1,4,5,0,88,12,120,10,2,2,1,0.55243
104,1,4,5,0,89,11,120,8,2,2,1,0.45553
104,1,4,5,0,90,4,40,10,1,1,1,1.0886
104,1,4,5,0,91,6,60,10,1,1,1,0.97145
104,1,4,5,0,92,9,100,8,2,2,1,0.66955
104,1,4,5,0,93,3,40,8,1,1,1,0.51311
104,1,4,5,0,94,11,120,8,2,2,1,0.59101
104,1,4,5,0,95,4,40,10,1,1,1,1.3
104,1,4,5,0,96,4,40,10,1,1,1,0.6934
104,1,4,5,0,97,11,120,8,2,2,1,0.56214
104,1,4,5,0,98,11,120,8,2,2,1,0.64503
104,1,4,5,0,99,3,40,8,1,1,1,0.87601
104,1,4,5,0,100,3,40,8,1,1,1,1.0666
104,1,4,5,0,101,7,80,8,2,2,1,1.1633
104,1,4,5,0,102,6,60,10,1,1,1,1.43
104,1,4,5,0,103,4,40,10,1,1,1,0.70784
104,1,4,5,0,104,6,60,10,1,1,1,0.8446
104,1,4,5,0,105,4,40,10,1,1,1,0.42516
104,1,4,5,0,106,4,40,10,1,1,1,0.5997
104,1,4,5,0,107,6,60,10,1,1,1,0.90729
104,1,4,5,0,108,6,60,10,1,1,1,0.87143
104,1,4,5,0,109,1,20,8,1,1,1,0.91891
104,1,4,5,0,110,6,60,10,1,1,1,1.0838
104,1,4,5,0,111,8,80,10,2,2,1,1.0593
104,1,4,5,0,112,9,100,8,2,2,1,1.1009
104,1,4,5,0,113,10,100,10,2,2,1,0.64667
104,1,4,5,0,114,2,20,10,1,1,1,0.63628
104,1,4,5,0,115,7,80,8,2,2,1,1.3466
104,1,4,5,0,116,2,20,10,1,1,1,0.66054
104,1,4,5,0,117,4,40,10,1,1,1,1.4673
104,1,4,5,0,118,8,80,10,2,2,1,0.77362
104,1,4,5,0,119,12,120,10,2,2,1,0.76052
104,1,4,5,0,120,2,20,10,1,1,1,0.44039
104,1,4,6,0,1,6,60,10,1,1,1,0.66234
104,1,4,6,0,2,11,120,8,2,2,1,0.45088
104,1,4,6,0,3,3,40,8,1,1,1,0.39322
104,1,4,6,0,4,7,80,8,2,2,1,0.61185
104,1,4,6,0,5,1,20,8,1,1,1,0.39808
104,1,4,6,0,6,8,80,10,2,2,1,0.81361
104,1,4,6,0,7,5,60,8,1,1,1,3.0228
104,1,4,6,0,8,4,40,10,1,1,1,0.43661
104,1,4,6,0,9,5,60,8,1,1,1,0.49109
104,1,4,6,0,10,2,20,10,1,1,1,0.47122
104,1,4,6,0,11,3,40,8,1,1,1,0.55967
104,1,4,6,0,12,2,20,10,1,1,1,0.39113
104,1,4,6,0,13,6,60,10,1,1,1,0.99741
104,1,4,6,0,14,4,40,10,1,1,1,0.73347
104,1,4,6,0,15,6,60,10,1,1,1,1.8048
104,1,4,6,0,16,10,100,10,2,2,1,1.6117
104,1,4,6,0,17,8,80,10,2,2,1,1.4309
104,1,4,6,0,18,4,40,10,1,1,1,0.57366
104,1,4,6,0,19,1,20,8,1,1,1,0.46828
104,1,4,6,0,20,9,100,8,2,2,1,0.73408
104,1,4,6,0,21,4,40,10,1,1,1,0.65024
104,1,4,6,0,22,8,80,10,2,2,1,0.55413
104,1,4,6,0,23,5,60,8,1,1,1,0.66816
104,1,4,6,0,24,8,80,10,2,2,1,0.99163
104,1,4,6,0,25,3,40,8,1,1,1,0.42983
104,1,4,6,0,26,12,120,10,2,2,1,0.43809
104,1,4,6,0,27,12,120,10,2,2,1,0.60423
104,1,4,6,0,28,11,120,8,2,2,1,1.5511
104,1,4,6,0,29,2,20,10,1,1,1,1.061
104,1,4,6,0,30,6,60,10,1,1,1,1.1302
104,1,4,6,0,31,9,100,8,2,2,1,2.6709
104,1,4,6,0,32,10,100,10,2,2,1,1.8468
104,1,4,6,0,33,11,120,8,2,2,1,2.3575
104,1,4,6,0,34,3,40,8,1,1,1,0.80381
104,1,4,6,0,35,9,100,8,2,2,1,0.49706
104,1,4,6,0,36,7,80,8,2,2,1,0.36721
104,1,4,6,0,37,1,20,8,1,1,1,0.40756
104,1,4,6,0,38,12,120,10,2,2,1,0.52598
104,1,4,6,0,39,10,100,10,2,2,1,0.48697
104,1,4,6,0,40,10,100,10,2,2,1,0.52219
104,1,4,6,0,41,1,20,8,1,1,1,0.40052
104,1,4,6,0,42,4,40,10,1,1,1,1.1046
104,1,4,6,0,43,8,80,10,2,2,1,1.7938
104,1,4,6,0,44,5,60,8,1,1,1,1.0097
104,1,4,6,0,45,10,100,10,2,2,1,0.71927
104,1,4,6,0,46,12,120,10,2,2,1,1.8732
104,1,4,6,0,47,5,60,8,1,1,1,0.94314
104,1,4,6,0,48,1,20,8,1,1,1,0.41876
104,1,4,6,0,49,12,120,10,2,2,1,0.50912
104,1,4,6,0,50,11,120,8,2,2,1,0.45796
104,1,4,6,0,51,6,60,10,1,1,1,0.44484
104,1,4,6,0,52,12,120,10,2,2,1,0.54345
104,1,4,6,0,53,1,20,8,1,1,1,0.96753
104,1,4,6,0,54,2,20,10,1,1,1,0.50278
104,1,4,6,0,55,2,20,10,1,1,1,0.43965
104,1,4,6,0,56,10,100,10,2,2,1,0.96983
104,1,4,6,0,57,11,120,8,2,2,1,0.46311
104,1,4,6,0,58,5,60,8,1,1,1,0.6744
104,1,4,6,0,59,1,20,8,1,1,1,0.58061
104,1,4,6,0,60,10,100,10,2,2,1,1.7532
104,1,4,6,0,61,3,40,8,1,1,1,0.34763
104,1,4,6,0,62,7,80,8,2,2,1,0.92432
104,1,4,6,0,63,6,60,10,1,1,1,1.2491
104,1,4,6,0,64,7,80,8,2,2,1,0.85393
104,1,4,6,0,65,9,100,8,2,2,1,1.2012
104,1,4,6,0,66,9,100,8,2,2,1,0.62232
104,1,4,6,0,67,3,40,8,1,1,1,0.53594
104,1,4,6,0,68,9,100,8,2,2,1,1.0161
104,1,4,6,0,69,7,80,8,2,2,1,0.84619
104,1,4,6,0,70,11,120,8,2,2,1,0.65621
104,1,4,6,0,71,3,40,8,1,1,1,0.62266
104,1,4,6,0,72,5,60,8,1,1,1,1.2732
104,1,4,6,0,73,7,80,8,2,2,1,1.1095
104,1,4,6,0,74,9,100,8,2,2,1,0.86897
104,1,4,6,0,75,4,40,10,1,1,1,0.83819
104,1,4,6,0,76,9,100,8,2,2,1,0.63289
104,1,4,6,0,77,6,60,10,1,1,1,0.87305
104,1,4,6,0,78,2,20,10,1,1,1,0.90903
104,1,4,6,0,79,2,20,10,1,1,1,0.47287
104,1,4,6,0,80,3,40,8,1,1,1,0.78981
104,1,4,6,0,81,9,100,8,2,2,1,1.8129
104,1,4,6,0,82,3,40,8,1,1,1,1.5449
104,1,4,6,0,83,4,40,10,1,1,1,1.641
104,1,4,6,0,84,2,20,10,1,1,1,1.4734
104,1,4,6,0,85,1,20,8,1,1,1,1.7488
104,1,4,6,0,86,11,120,8,2,2,1,2.2669
104,1,4,6,0,87,12,120,10,2,2,1,1.99
104,1,4,6,0,88,9,100,8,2,2,1,1.1212
104,1,4,6,0,89,10,100,10,2,2,1,0.94524
104,1,4,6,0,90,8,80,10,2,2,1,2.2789
104,1,4,6,0,91,4,40,10,1,1,1,2.2529
104,1,4,6,0,92,12,120,10,2,2,1,2.4915
104,1,4,6,0,93,10,100,10,2,2,1,1.2176
104,1,4,6,0,94,10,100,10,2,2,1,1.1598
104,1,4,6,0,95,2,20,10,1,1,1,1.7773
104,1,4,6,0,96,8,80,10,2,2,1,1.6452
104,1,4,6,0,97,3,40,8,1,1,1,2.2262
104,1,4,6,0,98,8,80,10,2,2,1,3.9127
104,1,4,6,0,99,6,60,10,1,1,1,2.2614
104,1,4,6,0,100,11,120,8,2,2,1,1.8597
104,1,4,6,0,101,11,120,8,2,2,1,3.7642
104,1,4,6,0,102,12,120,10,2,2,1,1.7405
104,1,4,6,0,103,8,80,10,2,1,0,1.6712
104,1,4,6,0,104,6,60,10,1,1,1,1.2713
104,1,4,6,0,105,4,40,10,1,1,1,0.98462
104,1,4,6,0,106,1,20,8,1,1,1,0.88595
104,1,4,6,0,107,6,60,10,1,1,1,0.86202
104,1,4,6,0,108,5,60,8,1,1,1,0.50069
104,1,4,6,0,109,11,120,8,2,2,1,0.46516
104,1,4,6,0,110,12,120,10,2,2,1,0.40088
104,1,4,6,0,111,5,60,8,1,1,1,0.54681
104,1,4,6,0,112,1,20,8,1,1,1,0.63688
104,1,4,6,0,113,7,80,8,2,2,1,0.73909
104,1,4,6,0,114,4,40,10,1,1,1,0.49817
104,1,4,6,0,115,7,80,8,2,2,1,1.0031
104,1,4,6,0,116,7,80,8,2,2,1,0.62183
104,1,4,6,0,117,5,60,8,1,1,1,0.88624
104,1,4,6,0,118,7,80,8,2,2,1,0.52927
104,1,4,6,0,119,2,20,10,1,1,1,0.46655
104,1,4,6,0,120,8,80,10,2,2,1,2.3674
104,1,4,3,1,1,10,100,10,2,2,1,0.65647
104,1,4,3,1,2,5,60,8,1,1,1,0.47112
104,1,4,3,1,3,12,120,10,2,2,1,0.37923
104,1,4,3,1,4,12,120,10,2,2,1,0.41735
104,1,4,3,1,5,8,80,10,2,2,1,0.93438
104,1,4,3,1,6,1,20,8,1,1,1,0.5197
104,1,4,3,1,7,1,20,8,1,1,1,0.57795
104,1,4,3,1,8,10,100,10,2,2,1,0.75172
104,1,4,3,1,9,3,40,8,1,1,1,0.45224
104,1,4,3,1,10,8,80,10,2,2,1,0.54554
104,1,4,3,1,11,12,120,10,2,2,1,0.43772
104,1,4,3,1,12,5,60,8,1,1,1,0.57337
104,1,4,3,1,13,1,20,8,1,1,1,0.5885
104,1,4,3,1,14,8,80,10,2,2,1,0.67116
104,1,4,3,1,15,10,100,10,2,2,1,0.56397
104,1,4,3,1,16,5,60,8,1,1,1,0.42532
104,1,4,3,1,17,1,20,8,1,1,1,0.4586
104,1,4,3,1,18,3,40,8,1,1,1,1.0144
104,1,4,3,1,19,5,60,8,1,1,1,2.1756
104,1,4,3,1,20,8,80,10,2,2,1,0.56145
104,1,4,3,1,21,3,40,8,1,1,1,0.4513
104,1,4,3,1,22,12,120,10,2,2,1,0.49818
104,1,4,3,1,23,3,40,8,1,1,1,0.40906
104,1,4,3,1,24,10,100,10,2,2,1,0.46903
104,1,4,3,0,1,5,60,8,1,1,1,0.47454
104,1,4,3,0,2,1,20,8,1,1,1,0.40662
104,1,4,3,0,3,12,120,10,2,2,1,0.56225
104,1,4,3,0,4,1,20,8,1,1,1,0.37663
104,1,4,3,0,5,1,20,8,1,1,1,0.47427
104,1,4,3,0,6,3,40,8,1,1,1,0.36064
104,1,4,3,0,7,10,100,10,2,2,1,0.4714
104,1,4,3,0,8,5,60,8,1,1,1,0.37544
104,1,4,3,0,9,5,60,8,1,1,1,1.2678
104,1,4,3,0,10,8,80,10,2,2,1,0.52101
104,1,4,3,0,11,8,80,10,2,2,1,0.51186
104,1,4,3,0,12,12,120,10,2,2,1,0.49989
104,1,4,3,0,13,1,20,8,1,1,1,0.58569
104,1,4,3,0,14,8,80,10,2,2,1,1.6775
104,1,4,3,0,15,10,100,10,2,2,1,0.5892
104,1,4,3,0,16,3,40,8,1,1,1,0.70287
104,1,4,3,0,17,1,20,8,1,1,1,0.42938
104,1,4,3,0,18,5,60,8,1,1,1,0.94932
104,1,4,3,0,19,8,80,10,2,2,1,0.78489
104,1,4,3,0,20,10,100,10,2,2,1,0.56689
104,1,4,3,0,21,8,80,10,2,2,1,0.87072
104,1,4,3,0,22,12,120,10,2,2,1,0.48245
104,1,4,3,0,23,3,40,8,1,1,1,0.56922
104,1,4,3,0,24,8,80,10,2,2,1,1.4682
104,1,4,3,0,25,1,20,8,1,1,1,0.62379
104,1,4,3,0,26,10,100,10,2,2,1,1.0555
104,1,4,3,0,27,8,80,10,2,2,1,1.2066
104,1,4,3,0,28,12,120,10,2,2,1,0.64631
104,1,4,3,0,29,12,120,10,2,2,1,0.60938
104,1,4,3,0,30,5,60,8,1,1,1,1.0209
104,1,4,3,0,31,12,120,10,2,2,1,0.64015
104,1,4,3,0,32,1,20,8,1,1,1,0.79259
104,1,4,3,0,33,8,80,10,2,2,1,1.7034
104,1,4,3,0,34,1,20,8,1,1,1,0.63007
104,1,4,3,0,35,5,60,8,1,1,1,1.2557
104,1,4,3,0,36,3,40,8,1,1,1,0.7882
104,1,4,3,0,37,5,60,8,1,1,1,1.4277
104,1,4,3,0,38,12,120,10,2,2,1,0.82052
104,1,4,3,0,39,8,80,10,2,2,1,0.81864
104,1,4,3,0,40,5,60,8,1,1,1,0.8493
104,1,4,3,0,41,1,20,8,1,1,1,0.57362
104,1,4,3,0,42,10,100,10,2,2,1,0.60955
104,1,4,3,0,43,1,20,8,1,1,1,0.57691
104,1,4,3,0,44,12,120,10,2,2,1,0.41906
104,1,4,3,0,45,10,100,10,2,2,1,0.47699
104,1,4,3,0,46,5,60,8,1,1,1,0.51789
104,1,4,3,0,47,5,60,8,1,1,1,0.61751
104,1,4,3,0,48,8,80,10,2,2,1,0.96262
104,1,4,3,0,49,8,80,10,2,2,1,0.72186
104,1,4,3,0,50,3,40,8,1,1,1,1.1971
104,1,4,3,0,51,8,80,10,2,2,1,0.51447
104,1,4,3,0,52,10,100,10,2,2,1,0.43324
104,1,4,3,0,53,10,100,10,2,2,1,0.50196
104,1,4,3,0,54,1,20,8,1,1,1,0.53276
104,1,4,3,0,55,10,100,10,2,2,1,0.58687
104,1,4,3,0,56,1,20,8,1,1,1,0.5456
104,1,4,3,0,57,5,60,8,1,1,1,0.7954
104,1,4,3,0,58,12,120,10,2,2,1,0.55674
104,1,4,3,0,59,8,80,10,2,2,1,1.5861
104,1,4,3,0,60,1,20,8,1,1,1,0.43115
104,1,4,3,0,61,1,20,8,1,1,1,0.41648
104,1,4,3,0,62,3,40,8,1,1,1,0.87332
104,1,4,3,0,63,3,40,8,1,1,1,0.61102
104,1,4,3,0,64,10,100,10,2,2,1,0.83998
104,1,4,3,0,65,12,120,10,2,2,1,1.7349
104,1,4,3,0,66,5,60,8,1,1,1,1.2268
104,1,4,3,0,67,8,80,10,2,2,1,0.97805
104,1,4,3,0,68,5,60,8,1,1,1,0.95141
104,1,4,3,0,69,3,40,8,1,1,1,0.50768
104,1,4,3,0,70,5,60,8,1,1,1,0.58394
104,1,4,3,0,71,12,120,10,2,2,1,0.47631
104,1,4,3,0,72,12,120,10,2,2,1,0.48241
104,1,4,3,0,73,1,20,8,1,1,1,0.66752
104,1,4,3,0,74,1,20,8,1,1,1,0.44958
104,1,4,3,0,75,10,100,10,2,2,1,0.43766
104,1,4,3,0,76,5,60,8,1,1,1,0.57942
104,1,4,3,0,77,3,40,8,1,1,1,0.43558
104,1,4,3,0,78,8,80,10,2,2,1,0.56498
104,1,4,3,0,79,3,40,8,1,1,1,0.58453
104,1,4,3,0,80,12,120,10,2,2,1,1.773
104,1,4,3,0,81,8,80,10,2,2,1,1.2074
104,1,4,3,0,82,1,20,8,1,1,1,0.53837
104,1,4,3,0,83,10,100,10,2,2,1,0.68623
104,1,4,3,0,84,3,40,8,1,1,1,0.46186
104,1,4,3,0,85,3,40,8,1,1,1,0.47885
104,1,4,3,0,86,10,100,10,2,2,1,0.68573
104,1,4,3,0,87,3,40,8,1,1,1,0.41759
104,1,4,3,0,88,12,120,10,2,2,1,0.88332
104,1,4,3,0,89,5,60,8,1,1,1,0.58971
104,1,4,3,0,90,12,120,10,2,2,1,0.6971
104,1,4,3,0,91,10,100,10,2,2,1,1.4022
104,1,4,3,0,92,3,40,8,1,1,1,2.392
104,1,4,3,0,93,3,40,8,1,1,1,2.3346
104,1,4,3,0,94,12,120,10,2,2,1,4.6151
104,1,4,3,0,95,1,20,8,1,1,1,1.2706
104,1,4,3,0,96,12,120,10,2,2,1,1.7931
104,1,4,3,0,97,8,80,10,2,2,1,3.649
104,1,4,3,0,98,1,20,8,1,1,1,3.4715
104,1,4,3,0,99,5,60,8,1,1,1,2.8219
104,1,4,3,0,100,8,80,10,2,2,1,2.2325
104,1,4,3,0,101,8,80,10,2,2,1,2.0903
104,1,4,3,0,102,5,60,8,1,1,1,2.9328
104,1,4,3,0,103,10,100,10,2,2,1,3.1873
104,1,4,3,0,104,5,60,8,1,1,1,2.0832
104,1,4,3,0,105,1,20,8,1,1,1,1.946
104,1,4,3,0,106,3,40,8,1,1,1,3.5863
104,1,4,3,0,107,3,40,8,1,1,1,0.94155
104,1,4,3,0,108,10,100,10,2,2,1,0.52172
104,1,4,3,0,109,10,100,10,2,2,1,0.60324
104,1,4,3,0,110,12,120,10,2,2,1,0.52228
104,1,4,3,0,111,12,120,10,2,2,1,0.50068
104,1,4,3,0,112,8,80,10,2,2,1,1.1941
104,1,4,3,0,113,10,100,10,2,2,1,0.6104
104,1,4,3,0,114,3,40,8,1,1,1,0.48178
104,1,4,3,0,115,10,100,10,2,2,1,2.3407
104,1,4,3,0,116,10,100,10,2,2,1,0.7508
104,1,4,3,0,117,5,60,8,1,1,1,0.98723
104,1,4,3,0,118,12,120,10,2,2,1,0.46231
104,1,4,3,0,119,3,40,8,1,1,1,0.47273
104,1,4,3,0,120,3,40,8,1,1,1,0.54759
104,1,4,4,1,1,2,20,10,1,1,1,0.39988
104,1,4,4,1,2,6,60,10,1,1,1,0.62553
104,1,4,4,1,3,6,60,10,1,1,1,0.71498
104,1,4,4,1,4,11,120,8,2,2,1,0.44093
104,1,4,4,1,5,7,80,8,2,2,1,0.95284
104,1,4,4,1,6,7,80,8,2,2,1,0.67494
104,1,4,4,1,7,6,60,10,1,1,1,0.64649
104,1,4,4,1,8,7,80,8,2,2,1,0.59714
104,1,4,4,1,9,2,20,10,1,1,1,0.7396
104,1,4,4,1,10,4,40,10,1,1,1,0.70073
104,1,4,4,1,11,11,120,8,2,2,1,0.70326
104,1,4,4,1,12,9,100,8,2,2,1,1.1742
104,1,4,4,1,13,2,20,10,1,1,1,0.46534
104,1,4,4,1,14,2,20,10,1,1,1,0.51417
104,1,4,4,1,15,4,40,10,1,1,1,0.47666
104,1,4,4,1,16,11,120,8,2,2,1,0.53432
104,1,4,4,1,17,9,100,8,2,2,1,0.57773
104,1,4,4,1,18,7,80,8,2,2,1,0.94168
104,1,4,4,1,19,4,40,10,1,1,1,0.39708
104,1,4,4,1,20,9,100,8,2,2,1,0.50452
104,1,4,4,1,21,6,60,10,1,1,1,0.68053
104,1,4,4,1,22,9,100,8,2,2,1,0.38226
104,1,4,4,1,23,11,120,8,2,2,1,0.41248
104,1,4,4,1,24,4,40,10,1,1,1,0.36184
104,1,4,4,0,1,7,80,8,2,2,1,0.91445
104,1,4,4,0,2,4,40,10,1,1,1,0.34883
104,1,4,4,0,3,2,20,10,1,1,1,0.38342
104,1,4,4,0,4,4,40,10,1,1,1,0.36744
104,1,4,4,0,5,7,80,8,2,2,1,0.4928
104,1,4,4,0,6,9,100,8,2,2,1,0.47141
104,1,4,4,0,7,6,60,10,1,1,1,2.6264
104,1,4,4,0,8,11,120,8,2,2,1,0.57665
104,1,4,4,0,9,7,80,8,2,2,1,0.70862
104,1,4,4,0,10,2,20,10,1,1,1,0.49832
104,1,4,4,0,11,4,40,10,1,1,1,0.94164
104,1,4,4,0,12,4,40,10,1,1,1,1.0578
104,1,4,4,0,13,7,80,8,2,2,1,1.2451
104,1,4,4,0,14,2,20,10,1,1,1,0.61708
104,1,4,4,0,15,2,20,10,1,1,1,0.56462
104,1,4,4,0,16,11,120,8,2,2,1,3.037
104,1,4,4,0,17,7,80,8,2,2,1,1.9644
104,1,4,4,0,18,11,120,8,2,2,1,0.7038
104,1,4,4,0,19,6,60,10,1,1,1,1.1864
104,1,4,4,0,20,7,80,8,2,2,1,1.5805
104,1,4,4,0,21,7,80,8,2,2,1,2.0318
104,1,4,4,0,22,7,80,8,2,2,1,0.59318
104,1,4,4,0,23,2,20,10,1,1,1,1.2224
104,1,4,4,0,24,9,100,8,2,2,1,3.0403
104,1,4,4,0,25,4,40,10,1,1,1,1.1799
104,1,4,4,0,26,6,60,10,1,1,1,3.4888
104,1,4,4,0,27,4,40,10,1,1,1,3.9648
104,1,4,4,0,28,2,20,10,1,1,1,1.5881
104,1,4,4,0,29,6,60,10,1,1,1,1.9717
104,1,4,4,0,30,2,20,10,1,1,1,0.9752
104,1,4,4,0,31,7,80,8,2,2,1,2.6683
104,1,4,4,0,32,6,60,10,1,1,1,1.5742
104,1,4,4,0,33,9,100,8,2,2,1,1.4719
104,1,4,4,0,34,11,120,8,2,2,1,1.4955
104,1,4,4,0,35,6,60,10,1,1,1,0.45703
104,1,4,4,0,36,9,100,8,2,2,1,0.62978
104,1,4,4,0,37,6,60,10,1,1,1,1.2131
104,1,4,4,0,38,7,80,8,2,2,1,1.0261
104,1,4,4,0,39,4,40,10,1,1,1,0.90439
104,1,4,4,0,40,11,120,8,2,2,1,0.86433
104,1,4,4,0,41,2,20,10,1,1,1,0.65522
104,1,4,4,0,42,6,60,10,1,1,1,1.0008
104,1,4,4,0,43,9,100,8,2,2,1,1.9678
104,1,4,4,0,44,6,60,10,1,1,1,1.1062
104,1,4,4,0,45,4,40,10,1,1,1,0.62208
104,1,4,4,0,46,9,100,8,2,2,1,0.66988
104,1,4,4,0,47,7,80,8,2,1,0,0.75907
104,1,4,4,0,48,7,80,8,2,2,1,0.9173
104,1,4,4,0,49,11,120,8,2,2,1,0.96945
104,1,4,4,0,50,7,80,8,2,2,1,1.6541
104,1,4,4,0,51,4,40,10,1,1,1,0.87277
104,1,4,4,0,52,4,40,10,1,1,1,0.46639
104,1,4,4,0,53,6,60,10,1,1,1,0.86055
104,1,4,4,0,54,7,80,8,2,2,1,1.4716
104,1,4,4,0,55,2,20,10,1,1,1,1.823
104,1,4,4,0,56,4,40,10,1,1,1,3.7403
104,1,4,4,0,57,4,40,10,1,1,1,3.3311
104,1,4,4,0,58,7,80,8,2,2,1,2.3571
104,1,4,4,0,59,11,120,8,2,2,1,2.7452
104,1,4,4,0,60,9,100,8,2,2,1,0.56038
104,1,4,4,0,61,2,20,10,1,1,1,1.9218
104,1,4,4,0,62,11,120,8,2,2,1,1.1568
104,1,4,4,0,63,9,100,8,2,2,1,3.1289
104,1,4,4,0,64,2,20,10,1,1,1,2.9638
104,1,4,4,0,65,11,120,8,2,2,1,3.0048
104,1,4,4,0,66,2,20,10,1,1,1,2.7843
104,1,4,4,0,67,4,40,10,1,1,1,2.6678
104,1,4,4,0,68,2,20,10,1,1,1,1.8293
104,1,4,4,0,69,4,40,10,1,1,1,0.70576
104,1,4,4,0,70,6,60,10,1,1,1,1.8695
104,1,4,4,0,71,6,60,10,1,1,1,1.9105
104,1,4,4,0,72,11,120,8,2,2,1,2.6429
104,1,4,4,0,73,11,120,8,2,2,1,0.59294
104,1,4,4,0,74,4,40,10,1,1,1,2.2572
104,1,4,4,0,75,9,100,8,2,2,1,2.1581
104,1,4,4,0,76,6,60,10,1,1,1,2.2199
104,1,4,4,0,77,2,20,10,1,1,1,2.2055
104,1,4,4,0,78,6,60,10,1,1,1,1.8012
104,1,4,4,0,79,6,60,10,1,1,1,0.66631
104,1,4,4,0,80,9,100,8,2,2,1,1.2428
104,1,4,4,0,81,11,120,8,2,2,1,0.76627
104,1,4,4,0,82,2,20,10,1,1,1,0.50679
104,1,4,4,0,83,2,20,10,1,1,1,2.9419
104,1,4,4,0,84,6,60,10,1,1,1,2.112
104,1,4,4,0,85,9,100,8,2,2,1,0.51691
104,1,4,4,0,86,11,120,8,2,2,1,0.5881
104,1,4,4,0,87,6,60,10,1,1,1,0.73024
104,1,4,4,0,88,9,100,8,2,2,1,1.6971
104,1,4,4,0,89,11,120,8,2,2,1,0.57655
104,1,4,4,0,90,4,40,10,1,1,1,0.51045
104,1,4,4,0,91,4,40,10,1,1,1,0.7543
104,1,4,4,0,92,9,100,8,2,2,1,2.1834
104,1,4,4,0,93,9,100,8,2,2,1,2.0578
104,1,4,4,0,94,2,20,10,1,1,1,0.87001
104,1,4,4,0,95,11,120,8,2,2,1,3.5042
104,1,4,4,0,96,7,80,8,2,2,1,1.2057
104,1,4,4,0,97,2,20,10,1,1,1,0.9444
104,1,4,4,0,98,7,80,8,2,2,1,3.3211
104,1,4,4,0,99,11,120,8,2,2,1,0.84587
104,1,4,4,0,100,7,80,8,2,2,1,0.88145
104,1,4,4,0,101,6,60,10,1,1,1,0.63924
104,1,4,4,0,102,4,40,10,1,1,1,0.40183
104,1,4,4,0,103,2,20,10,1,1,1,0.41855
104,1,4,4,0,104,9,100,8,2,2,1,0.59516
104,1,4,4,0,105,6,60,10,1,1,1,3.4883
104,1,4,4,0,106,7,80,8,2,2,1,3.9091
104,1,4,4,0,107,4,40,10,1,1,1,2.4884
104,1,4,4,0,108,9,100,8,2,2,1,3.6594
104,1,4,4,0,109,9,100,8,2,2,1,3.2578
104,1,4,4,0,110,11,120,8,2,2,1,0.80642
104,1,4,4,0,111,4,40,10,1,1,1,0.43769
104,1,4,4,0,112,6,60,10,1,1,1,0.82977
104,1,4,4,0,113,11,120,8,2,2,1,1.1233
104,1,4,4,0,114,11,120,8,2,NaN,9,NaN
104,1,4,4,0,115,2,20,10,1,1,1,0.37844
104,1,4,4,0,116,11,120,8,2,2,1,0.89614
104,1,4,4,0,117,7,80,8,2,2,1,2.711
104,1,4,4,0,118,9,100,8,2,2,1,1.4073
104,1,4,4,0,119,9,100,8,2,2,1,3.7593
104,1,4,4,0,120,9,100,8,2,2,1,4.5148
