204,2,1,2,1,1,1,3,5,4,6,6,1,1,1,1.709
204,2,1,2,1,1,2,5,5,4,6,8,1,1,1,1.1521
204,2,1,2,1,1,3,11,5,4,6,14,2,2,1,0.5457
204,2,1,2,1,1,4,7,5,4,6,10,2,2,1,3.3283
204,2,1,2,1,1,5,11,5,4,6,14,2,2,1,0.43722
204,2,1,2,1,1,6,3,5,4,6,6,1,1,1,0.54902
204,2,1,2,1,1,7,5,5,4,6,8,1,1,1,0.5017
204,2,1,2,1,1,8,7,5,4,6,10,2,1,0,2.0431
204,2,1,2,1,1,9,9,5,4,6,12,2,2,1,0.58641
204,2,1,2,1,1,10,1,5,4,6,4,1,1,1,0.70015
204,2,1,2,1,1,11,3,5,4,6,6,1,1,1,0.56139
204,2,1,2,1,1,12,1,5,4,6,4,1,1,1,0.55357
204,2,1,2,1,1,13,11,5,4,6,14,2,2,1,0.54637
204,2,1,2,1,1,14,9,5,4,6,12,2,2,1,0.47017
204,2,1,2,1,1,15,3,5,4,6,6,1,1,1,0.68924
204,2,1,2,1,1,16,7,5,4,6,10,2,2,1,0.52849
204,2,1,2,1,1,17,5,5,4,6,8,1,1,1,0.6574
204,2,1,2,1,1,18,9,5,4,6,12,2,2,1,0.48827
204,2,1,2,1,1,19,1,5,4,6,4,1,1,1,0.46752
204,2,1,2,1,1,20,7,5,4,6,10,2,2,1,0.41726
204,2,1,2,1,1,21,5,5,4,6,8,1,1,1,0.6098
204,2,1,2,1,1,22,9,5,4,6,12,2,2,1,0.41957
204,2,1,2,1,1,23,1,5,4,6,4,1,1,1,0.71664
204,2,1,2,1,1,24,11,5,4,6,14,2,2,1,1.2363
204,2,1,2,1,0,1,1,5,4,6,4,1,1,1,1.0592
204,2,1,2,1,0,2,3,5,4,6,6,1,1,1,0.49361
204,2,1,2,1,0,3,5,5,4,6,8,1,1,1,1.1039
204,2,1,2,1,0,4,7,5,4,6,10,2,2,1,0.514
204,2,1,2,1,0,5,9,5,4,6,12,2,2,1,0.43177
204,2,1,2,1,0,6,5,5,4,6,8,1,1,1,0.48546
204,2,1,2,1,0,7,5,5,4,6,8,1,1,1,0.83525
204,2,1,2,1,0,8,3,5,4,6,6,1,1,1,0.44553
204,2,1,2,1,0,9,5,5,4,6,8,1,1,1,0.49828
204,2,1,2,1,0,10,1,5,4,6,4,1,1,1,0.424
204,2,1,2,1,0,11,11,5,4,6,14,2,2,1,0.35792
204,2,1,2,1,0,12,11,5,4,6,14,2,2,1,0.50389
204,2,1,2,1,0,13,3,5,4,6,6,1,1,1,0.40045
204,2,1,2,1,0,14,3,5,4,6,6,1,1,1,0.37943
204,2,1,2,1,0,15,5,5,4,6,8,1,1,1,0.47127
204,2,1,2,1,0,16,11,5,4,6,14,2,2,1,0.47498
204,2,1,2,1,0,17,7,5,4,6,10,2,2,1,1.61
204,2,1,2,1,0,18,9,5,4,6,12,2,2,1,0.49183
204,2,1,2,1,0,19,9,5,4,6,12,2,2,1,0.40678
204,2,1,2,1,0,20,11,5,4,6,14,2,2,1,0.36798
204,2,1,2,1,0,21,9,5,4,6,12,2,2,1,0.32639
204,2,1,2,1,0,22,3,5,4,6,6,1,1,1,0.40005
204,2,1,2,1,0,23,11,5,4,6,14,2,2,1,0.43118
204,2,1,2,1,0,24,1,5,4,6,4,1,1,1,0.46384
204,2,1,2,1,0,25,7,5,4,6,10,2,2,1,1.8576
204,2,1,2,1,0,26,11,5,4,6,14,2,2,1,0.36312
204,2,1,2,1,0,27,1,5,4,6,4,1,1,1,0.40148
204,2,1,2,1,0,28,7,5,4,6,10,2,2,1,1.0677
204,2,1,2,1,0,29,1,5,4,6,4,1,1,1,0.44878
204,2,1,2,1,0,30,1,5,4,6,4,1,1,1,0.40734
204,2,1,2,1,0,31,5,5,4,6,8,1,2,0,1.4169
204,2,1,2,1,0,32,1,5,4,6,4,1,1,1,0.585
204,2,1,2,1,0,33,9,5,4,6,12,2,2,1,0.46329
204,2,1,2,1,0,34,3,5,4,6,6,1,1,1,0.59694
204,2,1,2,1,0,35,7,5,4,6,10,2,2,1,0.66857
204,2,1,2,1,0,36,9,5,4,6,12,2,2,1,0.44976
204,2,1,2,1,0,37,1,5,4,6,4,1,1,1,0.40982
204,2,1,2,1,0,38,11,5,4,6,14,2,2,1,0.38637
204,2,1,2,1,0,39,7,5,4,6,10,2,2,1,0.97162
204,2,1,2,1,0,40,9,5,4,6,12,2,2,1,0.41987
204,2,1,2,1,0,41,7,5,4,6,10,2,2,1,0.53427
204,2,1,2,1,0,42,3,5,4,6,6,1,1,1,0.55485
204,2,1,2,1,0,43,1,5,4,6,4,1,1,1,0.4506
204,2,1,2,1,0,44,7,5,4,6,10,2,2,1,0.63956
204,2,1,2,1,0,45,9,5,4,6,12,2,2,1,0.44778
204,2,1,2,1,0,46,1,5,4,6,4,1,1,1,0.40947
204,2,1,2,1,0,47,9,5,4,6,12,2,2,1,0.4268
204,2,1,2,1,0,48,5,5,4,6,8,1,1,1,0.81936
204,2,1,2,1,0,49,5,5,4,6,8,1,1,1,0.42903
204,2,1,2,1,0,50,3,5,4,6,6,1,1,1,0.3749
204,2,1,2,1,0,51,7,5,4,6,10,2,2,1,0.45231
204,2,1,2,1,0,52,3,5,4,6,6,1,1,1,0.43789
204,2,1,2,1,0,53,3,5,4,6,6,1,1,1,0.46506
204,2,1,2,1,0,54,3,5,4,6,6,1,1,1,0.35174
204,2,1,2,1,0,55,9,5,4,6,12,2,2,1,0.36613
204,2,1,2,1,0,56,11,5,4,6,14,2,2,1,0.32715
204,2,1,2,1,0,57,7,5,4,6,10,2,2,1,0.40358
204,2,1,2,1,0,58,1,5,4,6,4,1,1,1,0.35693
204,2,1,2,1,0,59,5,5,4,6,8,1,1,1,1.1911
204,2,1,2,1,0,60,7,5,4,6,10,2,2,1,0.52613
204,2,1,2,1,0,61,5,5,4,6,8,1,1,1,0.74446
204,2,1,2,1,0,62,5,5,4,6,8,1,1,1,0.50902
204,2,1,2,1,0,63,1,5,4,6,4,1,1,1,0.67304
204,2,1,2,1,0,64,5,5,4,6,8,1,2,0,1.1222
204,2,1,2,1,0,65,11,5,4,6,14,2,2,1,0.51389
204,2,1,2,1,0,66,11,5,4,6,14,2,2,1,0.41144
204,2,1,2,1,0,67,9,5,4,6,12,2,2,1,0.36584
204,2,1,2,1,0,68,11,5,4,6,14,2,2,1,0.33838
204,2,1,2,1,0,69,9,5,4,6,12,2,2,1,0.3296
204,2,1,2,1,0,70,3,5,4,6,6,1,1,1,0.45982
204,2,1,2,1,0,71,5,5,4,6,8,1,1,1,0.81251
204,2,1,2,1,0,72,9,5,4,6,12,2,2,1,0.43803
204,2,1,2,1,0,73,11,5,4,6,14,2,2,1,0.84558
204,2,1,2,1,0,74,7,5,4,6,10,2,1,0,0.77548
204,2,1,2,1,0,75,3,5,4,6,6,1,1,1,0.51279
204,2,1,2,1,0,76,7,5,4,6,10,2,2,1,0.92735
204,2,1,2,1,0,77,7,5,4,6,10,2,2,1,0.38848
204,2,1,2,1,0,78,9,5,4,6,12,2,2,1,0.35352
204,2,1,2,1,0,79,3,5,4,6,6,1,1,1,0.41514
204,2,1,2,1,0,80,3,5,4,6,6,1,2,0,0.4086
204,2,1,2,1,0,81,5,5,4,6,8,1,1,1,0.71584
204,2,1,2,1,0,82,5,5,4,6,8,1,1,1,0.48134
204,2,1,2,1,0,83,11,5,4,6,14,2,2,1,0.46963
204,2,1,2,1,0,84,9,5,4,6,12,2,2,1,0.45543
204,2,1,2,1,0,85,1,5,4,6,4,1,1,1,0.42614
204,2,1,2,1,0,86,1,5,4,6,4,1,1,1,0.46511
204,2,1,2,1,0,87,7,5,4,6,10,2,2,1,0.77407
204,2,1,2,1,0,88,5,5,4,6,8,1,1,1,0.7529
204,2,1,2,1,0,89,11,5,4,6,14,2,2,1,0.41001
204,2,1,2,1,0,90,9,5,4,6,12,2,2,1,0.35927
204,2,1,2,1,0,91,5,5,4,6,8,1,1,1,0.77573
204,2,1,2,1,0,92,5,5,4,6,8,1,1,1,1.288
204,2,1,2,1,0,93,1,5,4,6,4,1,1,1,0.5091
204,2,1,2,1,0,94,1,5,4,6,4,1,1,1,0.36433
204,2,1,2,1,0,95,7,5,4,6,10,2,2,1,0.43777
204,2,1,2,1,0,96,11,5,4,6,14,2,2,1,0.39112
204,2,1,2,1,0,97,11,5,4,6,14,2,2,1,0.37121
204,2,1,2,1,0,98,1,5,4,6,4,1,1,1,0.48899
204,2,1,2,1,0,99,7,5,4,6,10,2,2,1,1.7479
204,2,1,2,1,0,100,1,5,4,6,4,1,1,1,0.38289
204,2,1,2,1,0,101,3,5,4,6,6,1,1,1,0.44631
204,2,1,2,1,0,102,5,5,4,6,8,1,1,1,1.1708
204,2,1,2,1,0,103,11,5,4,6,14,2,2,1,0.43966
204,2,1,2,1,0,104,1,5,4,6,4,1,1,1,0.40281
204,2,1,2,1,0,105,9,5,4,6,12,2,2,1,0.41799
204,2,1,2,1,0,106,1,5,4,6,4,1,1,1,0.49989
204,2,1,2,1,0,107,3,5,4,6,6,1,1,1,0.37677
204,2,1,2,1,0,108,9,5,4,6,12,2,2,1,0.40922
204,2,1,2,1,0,109,7,5,4,6,10,2,2,1,0.46602
204,2,1,2,1,0,110,5,5,4,6,8,1,1,1,0.51044
204,2,1,2,1,0,111,7,5,4,6,10,2,2,1,0.64361
204,2,1,2,1,0,112,11,5,4,6,14,2,2,1,0.40983
204,2,1,2,1,0,113,3,5,4,6,6,1,1,1,0.40964
204,2,1,2,1,0,114,11,5,4,6,14,2,2,1,0.44833
204,2,1,2,1,0,115,9,5,4,6,12,2,2,1,0.34016
204,2,1,2,1,0,116,11,5,4,6,14,2,2,1,0.37043
204,2,1,2,1,0,117,3,5,4,6,6,1,1,1,0.38986
204,2,1,2,1,0,118,7,5,4,6,10,2,2,1,0.66369
204,2,1,2,1,0,119,9,5,4,6,12,2,2,1,0.35455
204,2,1,2,1,0,120,3,5,4,6,6,1,1,1,0.51035
204,2,1,2,2,1,1,10,6,4,6,12,2,2,1,0.85608
204,2,1,2,2,1,2,8,6,4,6,10,2,2,1,1.1822
204,2,1,2,2,1,3,6,6,4,6,8,1,1,1,1.0427
204,2,1,2,2,1,4,10,6,4,6,12,2,2,1,0.64833
204,2,1,2,2,1,5,4,6,4,6,6,1,1,1,0.4684
204,2,1,2,2,1,6,12,6,4,6,14,2,2,1,0.67317
204,2,1,2,2,1,7,12,6,4,6,14,2,2,1,0.40723
204,2,1,2,2,1,8,10,6,4,6,12,2,2,1,0.42174
204,2,1,2,2,1,9,6,6,4,6,8,1,1,1,0.43902
204,2,1,2,2,1,10,6,6,4,6,8,1,1,1,0.45279
204,2,1,2,2,1,11,6,6,4,6,8,1,1,1,0.50688
204,2,1,2,2,1,12,2,6,4,6,4,1,1,1,0.54048
204,2,1,2,2,1,13,12,6,4,6,14,2,2,1,0.41113
204,2,1,2,2,1,14,2,6,4,6,4,1,1,1,0.37685
204,2,1,2,2,1,15,8,6,4,6,10,2,2,1,1.132
204,2,1,2,2,1,16,8,6,4,6,10,2,2,1,0.43685
204,2,1,2,2,1,17,4,6,4,6,6,1,1,1,0.60147
204,2,1,2,2,1,18,2,6,4,6,4,1,1,1,0.44209
204,2,1,2,2,1,19,2,6,4,6,4,1,1,1,0.37776
204,2,1,2,2,1,20,12,6,4,6,14,2,2,1,0.60091
204,2,1,2,2,1,21,10,6,4,6,12,2,2,1,0.39273
204,2,1,2,2,1,22,8,6,4,6,10,2,2,1,0.5327
204,2,1,2,2,1,23,4,6,4,6,6,1,1,1,0.46184
204,2,1,2,2,1,24,4,6,4,6,6,1,1,1,0.41852
204,2,1,2,2,0,1,6,6,4,6,8,1,1,1,2.0124
204,2,1,2,2,0,2,8,6,4,6,10,2,2,1,0.44815
204,2,1,2,2,0,3,12,6,4,6,14,2,2,1,0.43106
204,2,1,2,2,0,4,4,6,4,6,6,1,1,1,0.38542
204,2,1,2,2,0,5,2,6,4,6,4,1,1,1,0.45198
204,2,1,2,2,0,6,4,6,4,6,6,1,1,1,0.41064
204,2,1,2,2,0,7,8,6,4,6,10,2,2,1,0.43814
204,2,1,2,2,0,8,12,6,4,6,14,2,2,1,0.46158
204,2,1,2,2,0,9,12,6,4,6,14,2,2,1,0.34866
204,2,1,2,2,0,10,6,6,4,6,8,1,1,1,0.76694
204,2,1,2,2,0,11,8,6,4,6,10,2,2,1,0.94891
204,2,1,2,2,0,12,4,6,4,6,6,1,1,1,0.42563
204,2,1,2,2,0,13,10,6,4,6,12,2,2,1,0.42644
204,2,1,2,2,0,14,12,6,4,6,14,2,2,1,0.32958
204,2,1,2,2,0,15,6,6,4,6,8,1,1,1,0.38823
204,2,1,2,2,0,16,10,6,4,6,12,2,2,1,0.46205
204,2,1,2,2,0,17,10,6,4,6,12,2,2,1,0.44286
204,2,1,2,2,0,18,12,6,4,6,14,2,2,1,0.39578
204,2,1,2,2,0,19,10,6,4,6,12,2,2,1,0.3519
204,2,1,2,2,0,20,12,6,4,6,14,2,2,1,0.33329
204,2,1,2,2,0,21,6,6,4,6,8,1,1,1,0.55443
204,2,1,2,2,0,22,12,6,4,6,14,2,2,1,0.33967
204,2,1,2,2,0,23,2,6,4,6,4,1,1,1,0.59595
204,2,1,2,2,0,24,6,6,4,6,8,1,1,1,0.40495
204,2,1,2,2,0,25,10,6,4,6,12,2,2,1,0.36826
204,2,1,2,2,0,26,4,6,4,6,6,1,1,1,0.64757
204,2,1,2,2,0,27,12,6,4,6,14,2,2,1,0.50034
204,2,1,2,2,0,28,12,6,4,6,14,2,2,1,0.4233
204,2,1,2,2,0,29,2,6,4,6,4,1,1,1,0.74439
204,2,1,2,2,0,30,8,6,4,6,10,2,1,0,0.55903
204,2,1,2,2,0,31,2,6,4,6,4,1,1,1,0.49576
204,2,1,2,2,0,32,6,6,4,6,8,1,1,1,1.9395
204,2,1,2,2,0,33,8,6,4,6,10,2,2,1,0.93509
204,2,1,2,2,0,34,4,6,4,6,6,1,1,1,0.5067
204,2,1,2,2,0,35,10,6,4,6,12,2,2,1,0.45345
204,2,1,2,2,0,36,2,6,4,6,4,1,1,1,0.4221
204,2,1,2,2,0,37,2,6,4,6,4,1,1,1,0.39478
204,2,1,2,2,0,38,2,6,4,6,4,1,1,1,0.36746
204,2,1,2,2,0,39,10,6,4,6,12,2,2,1,0.39616
204,2,1,2,2,0,40,6,6,4,6,8,1,1,1,0.49621
204,2,1,2,2,0,41,10,6,4,6,12,2,2,1,0.34871
204,2,1,2,2,0,42,8,6,4,6,10,2,2,1,0.40497
204,2,1,2,2,0,43,4,6,4,6,6,1,1,1,0.62091
204,2,1,2,2,0,44,2,6,4,6,4,1,1,1,0.45987
204,2,1,2,2,0,45,10,6,4,6,12,2,2,1,0.32993
204,2,1,2,2,0,46,4,6,4,6,6,1,1,1,0.37282
204,2,1,2,2,0,47,4,6,4,6,6,1,1,1,0.42875
204,2,1,2,2,0,48,2,6,4,6,4,1,1,1,0.3812
204,2,1,2,2,0,49,8,6,4,6,10,2,2,1,0.38652
204,2,1,2,2,0,50,8,6,4,6,10,2,2,1,0.34528
204,2,1,2,2,0,51,4,6,4,6,6,1,1,1,0.37049
204,2,1,2,2,0,52,4,6,4,6,6,1,1,1,0.49024
204,2,1,2,2,0,53,6,6,4,6,8,1,1,1,1.298
204,2,1,2,2,0,54,8,6,4,6,10,2,2,1,1.0414
204,2,1,2,2,0,55,6,6,4,6,8,1,2,0,0.82356
204,2,1,2,2,0,56,8,6,4,6,10,2,1,0,1.0426
204,2,1,2,2,0,57,12,6,4,6,14,2,2,1,0.52356
204,2,1,2,2,0,58,2,6,4,6,4,1,1,1,0.53902
204,2,1,2,2,0,59,8,6,4,6,10,2,2,1,0.72235
204,2,1,2,2,0,60,8,6,4,6,10,2,2,1,0.43342
204,2,1,2,2,0,61,8,6,4,6,10,2,2,1,0.40012
204,2,1,2,2,0,62,2,6,4,6,4,1,1,1,0.57344
204,2,1,2,2,0,63,12,6,4,6,14,2,2,1,0.39164
204,2,1,2,2,0,64,2,6,4,6,4,1,1,1,0.31054
204,2,1,2,2,0,65,10,6,4,6,12,2,2,1,0.35864
204,2,1,2,2,0,66,6,6,4,6,8,1,1,1,0.44169
204,2,1,2,2,0,67,12,6,4,6,14,2,2,1,0.4155
204,2,1,2,2,0,68,4,6,4,6,6,1,1,1,0.43969
204,2,1,2,2,0,69,4,6,4,6,6,1,1,1,0.33593
204,2,1,2,2,0,70,10,6,4,6,12,2,2,1,0.38408
204,2,1,2,2,0,71,6,6,4,6,8,1,1,1,0.37259
204,2,1,2,2,0,72,4,6,4,6,6,1,1,1,0.51625
204,2,1,2,2,0,73,2,6,4,6,4,1,1,1,0.32369
204,2,1,2,2,0,74,8,6,4,6,10,2,2,1,0.38779
204,2,1,2,2,0,75,10,6,4,6,12,2,2,1,0.40144
204,2,1,2,2,0,76,10,6,4,6,12,2,2,1,0.32741
204,2,1,2,2,0,77,8,6,4,6,10,2,2,1,0.3313
204,2,1,2,2,0,78,12,6,4,6,14,2,2,1,0.32767
204,2,1,2,2,0,79,4,6,4,6,6,1,1,1,0.34882
204,2,1,2,2,0,80,6,6,4,6,8,1,1,1,1.2993
204,2,1,2,2,0,81,10,6,4,6,12,2,2,1,0.47621
204,2,1,2,2,0,82,6,6,4,6,8,1,1,1,0.61707
204,2,1,2,2,0,83,10,6,4,6,12,2,2,1,0.45283
204,2,1,2,2,0,84,10,6,4,6,12,2,2,1,0.37076
204,2,1,2,2,0,85,4,6,4,6,6,1,1,1,0.38627
204,2,1,2,2,0,86,2,6,4,6,4,1,1,1,0.41959
204,2,1,2,2,0,87,8,6,4,6,10,2,2,1,0.40764
204,2,1,2,2,0,88,4,6,4,6,6,1,1,1,0.45776
204,2,1,2,2,0,89,8,6,4,6,10,2,2,1,0.37491
204,2,1,2,2,0,90,10,6,4,6,12,2,2,1,0.50416
204,2,1,2,2,0,91,10,6,4,6,12,2,2,1,0.41141
204,2,1,2,2,0,92,10,6,4,6,12,2,2,1,0.34034
204,2,1,2,2,0,93,2,6,4,6,4,1,1,1,0.37168
204,2,1,2,2,0,94,6,6,4,6,8,1,1,1,0.49572
204,2,1,2,2,0,95,8,6,4,6,10,2,2,1,0.38335
204,2,1,2,2,0,96,2,6,4,6,4,1,1,1,0.42042
204,2,1,2,2,0,97,4,6,4,6,6,1,1,1,0.60004
204,2,1,2,2,0,98,4,6,4,6,6,1,1,1,0.55757
204,2,1,2,2,0,99,2,6,4,6,4,1,1,1,1.3079
204,2,1,2,2,0,100,2,6,4,6,4,1,1,1,0.42484
204,2,1,2,2,0,101,12,6,4,6,14,2,2,1,0.40153
204,2,1,2,2,0,102,4,6,4,6,6,1,1,1,0.57264
204,2,1,2,2,0,103,6,6,4,6,8,1,1,1,1.5646
204,2,1,2,2,0,104,10,6,4,6,12,2,2,1,0.41099
204,2,1,2,2,0,105,12,6,4,6,14,2,2,1,0.33883
204,2,1,2,2,0,106,12,6,4,6,14,2,2,1,0.31639
204,2,1,2,2,0,107,12,6,4,6,14,2,2,1,0.26459
204,2,1,2,2,0,108,8,6,4,6,10,2,2,1,0.27444
204,2,1,2,2,0,109,6,6,4,6,8,1,1,1,0.79501
204,2,1,2,2,0,110,12,6,4,6,14,2,2,1,0.32477
204,2,1,2,2,0,111,6,6,4,6,8,1,1,1,0.69655
204,2,1,2,2,0,112,6,6,4,6,8,1,1,1,0.52918
204,2,1,2,2,0,113,6,6,4,6,8,1,1,1,0.69606
204,2,1,2,2,0,114,12,6,4,6,14,2,2,1,0.49422
204,2,1,2,2,0,115,4,6,4,6,6,1,1,1,0.41007
204,2,1,2,2,0,116,12,6,4,6,14,2,2,1,0.43239
204,2,1,2,2,0,117,8,6,4,6,10,2,2,1,1.4888
204,2,1,2,2,0,118,2,6,4,6,4,1,1,1,0.38437
204,2,1,2,2,0,119,2,6,4,6,4,1,1,1,0.42001
204,2,1,2,2,0,120,6,6,4,6,8,1,1,1,1.933
204,2,1,2,4,1,1,7,5,4,6,10,2,2,1,1.1365
204,2,1,2,4,1,2,4,6,4,6,6,1,1,1,0.41127
204,2,1,2,4,1,3,11,5,4,6,14,2,2,1,0.33892
204,2,1,2,4,1,4,6,6,4,6,8,1,1,1,0.61767
204,2,1,2,4,1,5,11,5,4,6,14,2,2,1,0.37683
204,2,1,2,4,1,6,11,5,4,6,14,2,2,1,0.33354
204,2,1,2,4,1,7,9,5,4,6,12,2,2,1,0.29846
204,2,1,2,4,1,8,4,6,4,6,6,1,1,1,0.38325
204,2,1,2,4,1,9,6,6,4,6,8,1,1,1,0.50016
204,2,1,2,4,1,10,2,6,4,6,4,1,1,1,0.5068
204,2,1,2,4,1,11,2,6,4,6,4,1,1,1,0.30307
204,2,1,2,4,1,12,9,5,4,6,12,2,2,1,0.39849
204,2,1,2,4,1,13,9,5,4,6,12,2,2,1,0.44795
204,2,1,2,4,1,14,2,6,4,6,4,1,1,1,0.47846
204,2,1,2,4,1,15,6,6,4,6,8,1,1,1,0.45249
204,2,1,2,4,1,16,4,6,4,6,6,1,1,1,0.39327
204,2,1,2,4,1,17,9,5,4,6,12,2,2,1,0.54099
204,2,1,2,4,1,18,11,5,4,6,14,2,2,1,0.60688
204,2,1,2,4,1,19,6,6,4,6,8,1,1,1,0.4372
204,2,1,2,4,1,20,7,5,4,6,10,2,2,1,0.35556
204,2,1,2,4,1,21,7,5,4,6,10,2,2,1,0.38491
204,2,1,2,4,1,22,2,6,4,6,4,1,1,1,0.48024
204,2,1,2,4,1,23,7,5,4,6,10,2,2,1,0.60374
204,2,1,2,4,1,24,4,6,4,6,6,1,1,1,0.46354
204,2,1,2,4,0,1,7,5,4,6,10,2,2,1,1.0887
204,2,1,2,4,0,2,2,6,4,6,4,1,1,1,0.49719
204,2,1,2,4,0,3,7,5,4,6,10,2,2,1,0.34657
204,2,1,2,4,0,4,11,5,4,6,14,2,2,1,0.33277
204,2,1,2,4,0,5,6,6,4,6,8,1,1,1,0.66102
204,2,1,2,4,0,6,4,6,4,6,6,1,1,1,0.4427
204,2,1,2,4,0,7,2,6,4,6,4,1,1,1,0.46836
204,2,1,2,4,0,8,6,6,4,6,8,1,1,1,1.011
204,2,1,2,4,0,9,7,5,4,6,10,2,2,1,0.28603
204,2,1,2,4,0,10,6,6,4,6,8,1,1,1,0.41076
204,2,1,2,4,0,11,2,6,4,6,4,1,1,1,0.39672
204,2,1,2,4,0,12,2,6,4,6,4,1,1,1,0.40075
204,2,1,2,4,0,13,11,5,4,6,14,2,2,1,0.42302
204,2,1,2,4,0,14,7,5,4,6,10,2,2,1,0.40838
204,2,1,2,4,0,15,9,5,4,6,12,2,2,1,0.35557
204,2,1,2,4,0,16,9,5,4,6,12,2,2,1,0.33198
204,2,1,2,4,0,17,2,6,4,6,4,1,1,1,0.68718
204,2,1,2,4,0,18,7,5,4,6,10,2,2,1,0.35841
204,2,1,2,4,0,19,7,5,4,6,10,2,2,1,0.54077
204,2,1,2,4,0,20,9,5,4,6,12,2,2,1,0.34369
204,2,1,2,4,0,21,11,5,4,6,14,2,2,1,0.34134
204,2,1,2,4,0,22,9,5,4,6,12,2,2,1,0.31859
204,2,1,2,4,0,23,6,6,4,6,8,1,1,1,0.42954
204,2,1,2,4,0,24,9,5,4,6,12,2,2,1,0.35743
204,2,1,2,4,0,25,6,6,4,6,8,1,1,1,0.52956
204,2,1,2,4,0,26,7,5,4,6,10,2,2,1,0.48152
204,2,1,2,4,0,27,2,6,4,6,4,1,1,1,0.56389
204,2,1,2,4,0,28,9,5,4,6,12,2,2,1,0.32512
204,2,1,2,4,0,29,7,5,4,6,10,2,2,1,0.31143
204,2,1,2,4,0,30,7,5,4,6,10,2,2,1,0.58814
204,2,1,2,4,0,31,6,6,4,6,8,1,1,1,0.51221
204,2,1,2,4,0,32,9,5,4,6,12,2,2,1,0.39073
204,2,1,2,4,0,33,7,5,4,6,10,2,2,1,0.43707
204,2,1,2,4,0,34,2,6,4,6,4,1,1,1,0.56462
204,2,1,2,4,0,35,2,6,4,6,4,1,1,1,0.40785
204,2,1,2,4,0,36,9,5,4,6,12,2,2,1,0.37338
204,2,1,2,4,0,37,9,5,4,6,12,2,2,1,0.3283
204,2,1,2,4,0,38,9,5,4,6,12,2,2,1,0.34441
204,2,1,2,4,0,39,4,6,4,6,6,1,1,1,0.41718
204,2,1,2,4,0,40,11,5,4,6,14,2,2,1,0.35908
204,2,1,2,4,0,41,4,6,4,6,6,1,1,1,0.67775
204,2,1,2,4,0,42,4,6,4,6,6,1,1,1,0.57427
204,2,1,2,4,0,43,11,5,4,6,14,2,2,1,0.36752
204,2,1,2,4,0,44,2,6,4,6,4,1,1,1,0.40855
204,2,1,2,4,0,45,2,6,4,6,4,1,1,1,0.40561
204,2,1,2,4,0,46,2,6,4,6,4,1,1,1,0.38596
204,2,1,2,4,0,47,7,5,4,6,10,2,2,1,0.4291
204,2,1,2,4,0,48,7,5,4,6,10,2,2,1,0.40098
204,2,1,2,4,0,49,7,5,4,6,10,2,2,1,0.40967
204,2,1,2,4,0,50,9,5,4,6,12,2,2,1,0.34068
204,2,1,2,4,0,51,6,6,4,6,8,1,1,1,0.43269
204,2,1,2,4,0,52,7,5,4,6,10,2,2,1,0.42929
204,2,1,2,4,0,53,4,6,4,6,6,1,1,1,0.52168
204,2,1,2,4,0,54,11,5,4,6,14,2,2,1,0.33531
204,2,1,2,4,0,55,9,5,4,6,12,2,2,1,0.4357
204,2,1,2,4,0,56,4,6,4,6,6,1,1,1,0.56261
204,2,1,2,4,0,57,9,5,4,6,12,2,2,1,0.32114
204,2,1,2,4,0,58,6,6,4,6,8,1,1,1,0.44783
204,2,1,2,4,0,59,6,6,4,6,8,1,1,1,1.2161
204,2,1,2,4,0,60,4,6,4,6,6,1,1,1,0.48285
204,2,1,2,4,0,61,11,5,4,6,14,2,2,1,0.37752
204,2,1,2,4,0,62,6,6,4,6,8,1,1,1,0.47617
204,2,1,2,4,0,63,9,5,4,6,12,2,2,1,0.47471
204,2,1,2,4,0,64,2,6,4,6,4,1,1,1,0.39328
204,2,1,2,4,0,65,2,6,4,6,4,1,1,1,0.98496
204,2,1,2,4,0,66,6,6,4,6,8,1,1,1,0.98723
204,2,1,2,4,0,67,4,6,4,6,6,1,1,1,0.41116
204,2,1,2,4,0,68,11,5,4,6,14,2,2,1,0.41751
204,2,1,2,4,0,69,6,6,4,6,8,1,1,1,1.1977
204,2,1,2,4,0,70,7,5,4,6,10,2,2,1,0.53657
204,2,1,2,4,0,71,11,5,4,6,14,2,2,1,0.4008
204,2,1,2,4,0,72,6,6,4,6,8,1,1,1,0.56909
204,2,1,2,4,0,73,11,5,4,6,14,2,2,1,0.35082
204,2,1,2,4,0,74,7,5,4,6,10,2,2,1,0.3669
204,2,1,2,4,0,75,6,6,4,6,8,1,1,1,2.0644
204,2,1,2,4,0,76,11,5,4,6,14,2,2,1,0.33596
204,2,1,2,4,0,77,4,6,4,6,6,1,1,1,0.42349
204,2,1,2,4,0,78,2,6,4,6,4,1,1,1,0.53445
204,2,1,2,4,0,79,11,5,4,6,14,2,2,1,0.33704
204,2,1,2,4,0,80,4,6,4,6,6,1,1,1,0.47494
204,2,1,2,4,0,81,2,6,4,6,4,1,1,1,0.42569
204,2,1,2,4,0,82,2,6,4,6,4,1,1,1,0.51245
204,2,1,2,4,0,83,9,5,4,6,12,2,2,1,0.40078
204,2,1,2,4,0,84,6,6,4,6,8,1,1,1,0.42158
204,2,1,2,4,0,85,6,6,4,6,8,1,1,1,0.36536
204,2,1,2,4,0,86,2,6,4,6,4,1,1,1,0.3574
204,2,1,2,4,0,87,9,5,4,6,12,2,2,1,0.42281
204,2,1,2,4,0,88,4,6,4,6,6,1,1,1,0.56166
204,2,1,2,4,0,89,6,6,4,6,8,1,1,1,1.2347
204,2,1,2,4,0,90,11,5,4,6,14,2,2,1,0.35174
204,2,1,2,4,0,91,4,6,4,6,6,1,1,1,0.49855
204,2,1,2,4,0,92,2,6,4,6,4,1,1,1,0.3563
204,2,1,2,4,0,93,4,6,4,6,6,1,1,1,0.30875
204,2,1,2,4,0,94,4,6,4,6,6,1,1,1,0.33161
204,2,1,2,4,0,95,11,5,4,6,14,2,2,1,0.35091
204,2,1,2,4,0,96,4,6,4,6,6,1,1,1,0.37872
204,2,1,2,4,0,97,11,5,4,6,14,2,2,1,0.40961
204,2,1,2,4,0,98,9,5,4,6,12,2,2,1,0.47826
204,2,1,2,4,0,99,7,5,4,6,10,2,2,1,0.55005
204,2,1,2,4,0,100,7,5,4,6,10,2,2,1,0.32845
204,2,1,2,4,0,101,7,5,4,6,10,2,2,1,0.29869
204,2,1,2,4,0,102,6,6,4,6,8,1,1,1,0.65325
204,2,1,2,4,0,103,11,5,4,6,14,2,2,1,0.39363
204,2,1,2,4,0,104,6,6,4,6,8,1,1,1,0.37778
204,2,1,2,4,0,105,9,5,4,6,12,2,2,1,0.29916
204,2,1,2,4,0,106,11,5,4,6,14,2,2,1,0.46269
204,2,1,2,4,0,107,6,6,4,6,8,1,1,1,0.44899
204,2,1,2,4,0,108,11,5,4,6,14,2,2,1,0.30226
204,2,1,2,4,0,109,9,5,4,6,12,2,2,1,0.31314
204,2,1,2,4,0,110,11,5,4,6,14,2,2,1,0.31245
204,2,1,2,4,0,111,4,6,4,6,6,1,1,1,0.42389
204,2,1,2,4,0,112,4,6,4,6,6,1,1,1,0.39818
204,2,1,2,4,0,113,2,6,4,6,4,1,1,1,0.31278
204,2,1,2,4,0,114,4,6,4,6,6,1,1,1,0.33042
204,2,1,2,4,0,115,9,5,4,6,12,2,2,1,0.50731
204,2,1,2,4,0,116,7,5,4,6,10,2,2,1,0.35503
204,2,1,2,4,0,117,4,6,4,6,6,1,1,1,0.55695
204,2,1,2,4,0,118,4,6,4,6,6,1,1,1,0.38621
204,2,1,2,4,0,119,11,5,4,6,14,2,2,1,0.41062
204,2,1,2,4,0,120,2,6,4,6,4,1,1,1,0.49041
204,2,1,2,3,1,1,8,6,4,6,10,2,2,1,0.74178
204,2,1,2,3,1,2,3,5,4,6,6,1,1,1,0.3604
204,2,1,2,3,1,3,8,6,4,6,10,2,2,1,0.7948
204,2,1,2,3,1,4,10,6,4,6,12,2,2,1,0.35013
204,2,1,2,3,1,5,3,5,4,6,6,1,1,1,0.54429
204,2,1,2,3,1,6,3,5,4,6,6,1,1,1,0.45008
204,2,1,2,3,1,7,1,5,4,6,4,1,1,1,0.39765
204,2,1,2,3,1,8,12,6,4,6,14,2,2,1,0.54901
204,2,1,2,3,1,9,8,6,4,6,10,2,2,1,0.74445
204,2,1,2,3,1,10,8,6,4,6,10,2,2,1,0.42521
204,2,1,2,3,1,11,10,6,4,6,12,2,2,1,0.35862
204,2,1,2,3,1,12,12,6,4,6,14,2,2,1,0.44142
204,2,1,2,3,1,13,10,6,4,6,12,2,2,1,0.27302
204,2,1,2,3,1,14,10,6,4,6,12,2,2,1,0.31012
204,2,1,2,3,1,15,5,5,4,6,8,1,1,1,0.44562
204,2,1,2,3,1,16,12,6,4,6,14,2,2,1,0.26954
204,2,1,2,3,1,17,1,5,4,6,4,1,1,1,0.58466
204,2,1,2,3,1,18,5,5,4,6,8,1,1,1,0.50653
204,2,1,2,3,1,19,3,5,4,6,6,1,1,1,0.49444
204,2,1,2,3,1,20,1,5,4,6,4,1,1,1,0.29622
204,2,1,2,3,1,21,12,6,4,6,14,2,2,1,0.38439
204,2,1,2,3,1,22,5,5,4,6,8,1,1,1,0.45143
204,2,1,2,3,1,23,1,5,4,6,4,1,1,1,0.34411
204,2,1,2,3,1,24,5,5,4,6,8,1,1,1,0.40735
204,2,1,2,3,0,1,12,6,4,6,14,2,2,1,1.2415
204,2,1,2,3,0,2,3,5,4,6,6,1,1,1,0.33821
204,2,1,2,3,0,3,12,6,4,6,14,2,2,1,0.47054
204,2,1,2,3,0,4,10,6,4,6,12,2,2,1,0.32591
204,2,1,2,3,0,5,8,6,4,6,10,2,2,1,0.30324
204,2,1,2,3,0,6,3,5,4,6,6,1,1,1,0.4621
204,2,1,2,3,0,7,3,5,4,6,6,1,1,1,0.36727
204,2,1,2,3,0,8,8,6,4,6,10,2,2,1,0.35283
204,2,1,2,3,0,9,5,5,4,6,8,1,1,1,1.7478
204,2,1,2,3,0,10,5,5,4,6,8,1,1,1,0.41391
204,2,1,2,3,0,11,3,5,4,6,6,1,1,1,0.41923
204,2,1,2,3,0,12,3,5,4,6,6,1,1,1,0.29947
204,2,1,2,3,0,13,8,6,4,6,10,2,2,1,0.3346
204,2,1,2,3,0,14,8,6,4,6,10,2,2,1,0.34782
204,2,1,2,3,0,15,10,6,4,6,12,2,2,1,0.37615
204,2,1,2,3,0,16,1,5,4,6,4,1,1,1,0.54349
204,2,1,2,3,0,17,1,5,4,6,4,1,1,1,0.50328
204,2,1,2,3,0,18,5,5,4,6,8,1,1,1,0.41036
204,2,1,2,3,0,19,5,5,4,6,8,1,1,1,0.39393
204,2,1,2,3,0,20,12,6,4,6,14,2,2,1,0.47428
204,2,1,2,3,0,21,10,6,4,6,12,2,2,1,0.51554
204,2,1,2,3,0,22,12,6,4,6,14,2,2,1,0.31729
204,2,1,2,3,0,23,8,6,4,6,10,2,2,1,1.021
204,2,1,2,3,0,24,12,6,4,6,14,2,2,1,0.31013
204,2,1,2,3,0,25,5,5,4,6,8,1,1,1,0.39606
204,2,1,2,3,0,26,3,5,4,6,6,1,1,1,0.36025
204,2,1,2,3,0,27,1,5,4,6,4,1,1,1,0.29969
204,2,1,2,3,0,28,1,5,4,6,4,1,1,1,0.32355
204,2,1,2,3,0,29,3,5,4,6,6,1,1,1,0.27986
204,2,1,2,3,0,30,3,5,4,6,6,1,1,1,0.27529
204,2,1,2,3,0,31,10,6,4,6,12,2,2,1,0.49943
204,2,1,2,3,0,32,10,6,4,6,12,2,2,1,0.3533
204,2,1,2,3,0,33,8,6,4,6,10,2,2,1,1.4999
204,2,1,2,3,0,34,8,6,4,6,10,2,2,1,0.31682
204,2,1,2,3,0,35,1,5,4,6,4,1,1,1,0.34621
204,2,1,2,3,0,36,5,5,4,6,8,1,1,1,0.36792
204,2,1,2,3,0,37,1,5,4,6,4,1,1,1,0.32398
204,2,1,2,3,0,38,1,5,4,6,4,1,1,1,0.28852
204,2,1,2,3,0,39,1,5,4,6,4,1,1,1,0.33171
204,2,1,2,3,0,40,5,5,4,6,8,1,2,0,0.72708
204,2,1,2,3,0,41,10,6,4,6,12,2,2,1,0.42743
204,2,1,2,3,0,42,8,6,4,6,10,2,2,1,0.82321
204,2,1,2,3,0,43,3,5,4,6,6,1,1,1,0.54635
204,2,1,2,3,0,44,8,6,4,6,10,2,2,1,0.37304
204,2,1,2,3,0,45,1,5,4,6,4,1,1,1,0.53842
204,2,1,2,3,0,46,12,6,4,6,14,2,2,1,0.3465
204,2,1,2,3,0,47,12,6,4,6,14,2,2,1,0.29707
204,2,1,2,3,0,48,8,6,4,6,10,2,2,1,0.26053
204,2,1,2,3,0,49,1,5,4,6,4,1,1,1,0.45093
204,2,1,2,3,0,50,1,5,4,6,4,1,1,1,0.36074
204,2,1,2,3,0,51,5,5,4,6,8,1,1,1,0.39007
204,2,1,2,3,0,52,10,6,4,6,12,2,2,1,0.44776
204,2,1,2,3,0,53,10,6,4,6,12,2,2,1,0.3083
204,2,1,2,3,0,54,5,5,4,6,8,1,1,1,0.49128
204,2,1,2,3,0,55,3,5,4,6,6,1,1,1,0.39175
204,2,1,2,3,0,56,8,6,4,6,10,2,2,1,0.35051
204,2,1,2,3,0,57,10,6,4,6,12,2,2,1,0.34404
204,2,1,2,3,0,58,1,5,4,6,4,1,1,1,0.42047
204,2,1,2,3,0,59,3,5,4,6,6,1,1,1,0.4245
204,2,1,2,3,0,60,10,6,4,6,12,2,2,1,0.41839
204,2,1,2,3,0,61,10,6,4,6,12,2,2,1,0.42293
204,2,1,2,3,0,62,3,5,4,6,6,1,1,1,0.35917
204,2,1,2,3,0,63,1,5,4,6,4,1,2,0,0.32501
204,2,1,2,3,0,64,5,5,4,6,8,1,1,1,1.7293
204,2,1,2,3,0,65,8,6,4,6,10,2,2,1,0.5344
204,2,1,2,3,0,66,3,5,4,6,6,1,1,1,0.46988
204,2,1,2,3,0,67,5,5,4,6,8,1,1,1,0.88587
204,2,1,2,3,0,68,1,5,4,6,4,1,1,1,0.72443
204,2,1,2,3,0,69,1,5,4,6,4,1,1,1,0.39748
204,2,1,2,3,0,70,12,6,4,6,14,2,2,1,0.41743
204,2,1,2,3,0,71,12,6,4,6,14,2,2,1,0.36645
204,2,1,2,3,0,72,5,5,4,6,8,1,1,1,0.34074
204,2,1,2,3,0,73,8,6,4,6,10,2,2,1,0.87865
204,2,1,2,3,0,74,3,5,4,6,6,1,1,1,0.54249
204,2,1,2,3,0,75,10,6,4,6,12,2,2,1,0.36629
204,2,1,2,3,0,76,5,5,4,6,8,1,1,1,0.44183
204,2,1,2,3,0,77,8,6,4,6,10,2,2,1,0.47033
204,2,1,2,3,0,78,12,6,4,6,14,2,2,1,0.39737
204,2,1,2,3,0,79,10,6,4,6,12,2,2,1,0.35307
204,2,1,2,3,0,80,3,5,4,6,6,1,1,1,0.43325
204,2,1,2,3,0,81,12,6,4,6,14,2,2,1,0.40033
204,2,1,2,3,0,82,12,6,4,6,14,2,2,1,0.30711
204,2,1,2,3,0,83,10,6,4,6,12,2,2,1,0.3074
204,2,1,2,3,0,84,12,6,4,6,14,2,2,1,0.29499
204,2,1,2,3,0,85,1,5,4,6,4,1,1,1,0.30052
204,2,1,2,3,0,86,10,6,4,6,12,2,2,1,0.31503
204,2,1,2,3,0,87,12,6,4,6,14,2,2,1,0.28578
204,2,1,2,3,0,88,5,5,4,6,8,1,1,1,0.43191
204,2,1,2,3,0,89,8,6,4,6,10,2,2,1,0.34465
204,2,1,2,3,0,90,5,5,4,6,8,1,1,1,0.37567
204,2,1,2,3,0,91,8,6,4,6,10,2,2,1,0.36967
204,2,1,2,3,0,92,3,5,4,6,6,1,1,1,0.41286
204,2,1,2,3,0,93,3,5,4,6,6,1,1,1,0.42425
204,2,1,2,3,0,94,1,5,4,6,4,1,1,1,0.4049
204,2,1,2,3,0,95,12,6,4,6,14,2,2,1,0.56081
204,2,1,2,3,0,96,3,5,4,6,6,1,1,1,0.36136
204,2,1,2,3,0,97,12,6,4,6,14,2,2,1,0.33322
204,2,1,2,3,0,98,8,6,4,6,10,2,2,1,1.2174
204,2,1,2,3,0,99,12,6,4,6,14,2,2,1,0.34744
204,2,1,2,3,0,100,10,6,4,6,12,2,2,1,0.31413
204,2,1,2,3,0,101,3,5,4,6,6,1,1,1,0.37839
204,2,1,2,3,0,102,5,5,4,6,8,1,1,1,1.0637
204,2,1,2,3,0,103,12,6,4,6,14,2,2,1,0.33514
204,2,1,2,3,0,104,3,5,4,6,6,1,1,1,0.33798
204,2,1,2,3,0,105,12,6,4,6,14,2,2,1,0.33101
204,2,1,2,3,0,106,10,6,4,6,12,2,2,1,0.38545
204,2,1,2,3,0,107,8,6,4,6,10,2,2,1,0.39771
204,2,1,2,3,0,108,1,5,4,6,4,1,1,1,0.31676
204,2,1,2,3,0,109,1,5,4,6,4,1,1,1,0.48132
204,2,1,2,3,0,110,5,5,4,6,8,1,1,1,0.82286
204,2,1,2,3,0,111,5,5,4,6,8,1,1,1,0.29788
204,2,1,2,3,0,112,10,6,4,6,12,2,2,1,0.38815
204,2,1,2,3,0,113,8,6,4,6,10,2,2,1,0.35309
204,2,1,2,3,0,114,5,5,4,6,8,1,1,1,0.84176
204,2,1,2,3,0,115,8,6,4,6,10,2,2,1,0.36001
204,2,1,2,3,0,116,5,5,4,6,8,1,1,1,0.59895
204,2,1,2,3,0,117,1,5,4,6,4,1,1,1,0.44661
204,2,1,2,3,0,118,10,6,4,6,12,2,2,1,0.39901
204,2,1,2,3,0,119,10,6,4,6,12,2,2,1,0.45538
204,2,1,2,3,0,120,12,6,4,6,14,2,2,1,0.36263
204,2,1,2,5,1,1,9,5,4,6,12,2,2,1,0.40646
204,2,1,2,5,1,2,2,6,4,6,4,1,1,1,0.40314
204,2,1,2,5,1,3,11,5,4,6,14,2,2,1,0.34779
204,2,1,2,5,1,4,1,5,4,6,4,1,1,1,0.46447
204,2,1,2,5,1,5,3,5,4,6,6,1,1,1,0.37798
204,2,1,2,5,1,6,5,5,4,6,8,1,1,1,0.58016
204,2,1,2,5,1,7,6,6,4,6,8,1,1,1,0.29194
204,2,1,2,5,1,8,11,5,4,6,14,2,2,1,0.60166
204,2,1,2,5,1,9,10,6,4,6,12,2,2,1,0.52656
204,2,1,2,5,1,10,12,6,4,6,14,2,2,1,0.2832
204,2,1,2,5,1,11,7,5,4,6,10,2,2,1,0.2791
204,2,1,2,5,1,12,7,5,4,6,10,2,2,1,0.82957
204,2,1,2,5,1,13,3,5,4,6,6,1,1,1,0.439
204,2,1,2,5,1,14,12,6,4,6,14,2,2,1,0.50599
204,2,1,2,5,1,15,8,6,4,6,10,2,2,1,0.47486
204,2,1,2,5,1,16,4,6,4,6,6,1,1,1,0.41095
204,2,1,2,5,1,17,8,6,4,6,10,2,2,1,0.56025
204,2,1,2,5,1,18,6,6,4,6,8,1,1,1,0.41662
204,2,1,2,5,1,19,10,6,4,6,12,2,2,1,0.28479
204,2,1,2,5,1,20,2,6,4,6,4,1,1,1,0.32676
204,2,1,2,5,1,21,5,5,4,6,8,1,1,1,0.45809
204,2,1,2,5,1,22,4,6,4,6,6,1,1,1,0.30703
204,2,1,2,5,1,23,1,5,4,6,4,1,1,1,0.3206
204,2,1,2,5,1,24,9,5,4,6,12,2,2,1,0.49996
204,2,1,2,5,0,1,4,6,4,6,6,1,1,1,1.5973
204,2,1,2,5,0,2,4,6,4,6,6,1,1,1,0.49035
204,2,1,2,5,0,3,11,5,4,6,14,2,2,1,0.50515
204,2,1,2,5,0,4,2,6,4,6,4,1,1,1,0.33455
204,2,1,2,5,0,5,10,6,4,6,12,2,2,1,0.37081
204,2,1,2,5,0,6,11,5,4,6,14,2,2,1,0.34352
204,2,1,2,5,0,7,1,5,4,6,4,1,1,1,0.31998
204,2,1,2,5,0,8,1,5,4,6,4,1,1,1,0.33033
204,2,1,2,5,0,9,9,5,4,6,12,2,2,1,0.3517
204,2,1,2,5,0,10,3,5,4,6,6,1,1,1,0.31433
204,2,1,2,5,0,11,6,6,4,6,8,1,1,1,1.7046
204,2,1,2,5,0,12,6,6,4,6,8,1,1,1,0.38785
204,2,1,2,5,0,13,7,5,4,6,10,2,2,1,0.57893
204,2,1,2,5,0,14,8,6,4,6,10,2,2,1,0.29678
204,2,1,2,5,0,15,7,5,4,6,10,2,2,1,0.28955
204,2,1,2,5,0,16,8,6,4,6,10,2,2,1,0.30473
204,2,1,2,5,0,17,9,5,4,6,12,2,2,1,0.3228
204,2,1,2,5,0,18,10,6,4,6,12,2,2,1,0.44947
204,2,1,2,5,0,19,7,5,4,6,10,2,2,1,0.35319
204,2,1,2,5,0,20,4,6,4,6,6,1,1,1,0.3481
204,2,1,2,5,0,21,7,5,4,6,10,2,2,1,0.41277
204,2,1,2,5,0,22,6,6,4,6,8,1,1,1,1.2557
204,2,1,2,5,0,23,5,5,4,6,8,1,1,1,0.81312
204,2,1,2,5,0,24,3,5,4,6,6,1,1,1,0.35777
204,2,1,2,5,0,25,3,5,4,6,6,1,1,1,0.46282
204,2,1,2,5,0,26,12,6,4,6,14,2,2,1,0.3348
204,2,1,2,5,0,27,10,6,4,6,12,2,2,1,0.24661
204,2,1,2,5,0,28,12,6,4,6,14,2,2,1,0.26212
204,2,1,2,5,0,29,3,5,4,6,6,1,1,1,0.36883
204,2,1,2,5,0,30,1,5,4,6,4,1,1,1,0.59572
204,2,1,2,5,0,31,5,5,4,6,8,1,2,0,0.42397
204,2,1,2,5,0,32,9,5,4,6,12,2,2,1,0.32765
204,2,1,2,5,0,33,10,6,4,6,12,2,2,1,0.33403
204,2,1,2,5,0,34,3,5,4,6,6,1,1,1,0.44108
204,2,1,2,5,0,35,5,5,4,6,8,1,1,1,0.7331
204,2,1,2,5,0,36,1,5,4,6,4,1,1,1,0.39748
204,2,1,2,5,0,37,10,6,4,6,12,2,2,1,0.40845
204,2,1,2,5,0,38,12,6,4,6,14,2,2,1,0.29827
204,2,1,2,5,0,39,1,5,4,6,4,1,1,1,0.37355
204,2,1,2,5,0,40,2,6,4,6,4,1,1,1,0.52304
204,2,1,2,5,0,41,5,5,4,6,8,1,1,1,0.41751
204,2,1,2,5,0,42,9,5,4,6,12,2,2,1,0.37093
204,2,1,2,5,0,43,12,6,4,6,14,2,2,1,0.83461
204,2,1,2,5,0,44,1,5,4,6,4,1,1,1,0.48031
204,2,1,2,5,0,45,11,5,4,6,14,2,2,1,0.48298
204,2,1,2,5,0,46,11,5,4,6,14,2,2,1,0.38778
204,2,1,2,5,0,47,9,5,4,6,12,2,2,1,0.38869
204,2,1,2,5,0,48,5,5,4,6,8,1,1,1,1.7117
204,2,1,2,5,0,49,3,5,4,6,6,1,1,1,0.47885
204,2,1,2,5,0,50,6,6,4,6,8,1,1,1,0.74227
204,2,1,2,5,0,51,4,6,4,6,6,1,1,1,0.33986
204,2,1,2,5,0,52,11,5,4,6,14,2,2,1,0.61816
204,2,1,2,5,0,53,5,5,4,6,8,1,1,1,0.43013
204,2,1,2,5,0,54,1,5,4,6,4,1,1,1,0.44937
204,2,1,2,5,0,55,6,6,4,6,8,1,1,1,0.43654
204,2,1,2,5,0,56,6,6,4,6,8,1,1,1,1.0507
204,2,1,2,5,0,57,6,6,4,6,8,1,1,1,0.79054
204,2,1,2,5,0,58,4,6,4,6,6,1,1,1,0.37764
204,2,1,2,5,0,59,2,6,4,6,4,1,1,1,0.32486
204,2,1,2,5,0,60,10,6,4,6,12,2,2,1,0.52362
204,2,1,2,5,0,61,7,5,4,6,10,2,2,1,0.38275
204,2,1,2,5,0,62,2,6,4,6,4,1,1,1,0.36436
204,2,1,2,5,0,63,9,5,4,6,12,2,2,1,0.3047
204,2,1,2,5,0,64,7,5,4,6,10,2,2,1,0.3191
204,2,1,2,5,0,65,4,6,4,6,6,1,1,1,0.39853
204,2,1,2,5,0,66,4,6,4,6,6,1,1,1,0.36974
204,2,1,2,5,0,67,1,5,4,6,4,1,1,1,0.3571
204,2,1,2,5,0,68,6,6,4,6,8,1,1,1,1.7094
204,2,1,2,5,0,69,3,5,4,6,6,1,1,1,0.40501
204,2,1,2,5,0,70,8,6,4,6,10,2,2,1,0.55106
204,2,1,2,5,0,71,7,5,4,6,10,2,2,1,0.31773
204,2,1,2,5,0,72,2,6,4,6,4,1,1,1,0.53269
204,2,1,2,5,0,73,12,6,4,6,14,2,2,1,0.47153
204,2,1,2,5,0,74,6,6,4,6,8,1,2,0,0.34536
204,2,1,2,5,0,75,4,6,4,6,6,1,1,1,0.51314
204,2,1,2,5,0,76,8,6,4,6,10,2,2,1,0.50762
204,2,1,2,5,0,77,9,5,4,6,12,2,2,1,0.34742
204,2,1,2,5,0,78,12,6,4,6,14,2,2,1,0.47714
204,2,1,2,5,0,79,9,5,4,6,12,2,2,1,0.41956
204,2,1,2,5,0,80,3,5,4,6,6,1,1,1,0.3667
204,2,1,2,5,0,81,7,5,4,6,10,2,2,1,0.45788
204,2,1,2,5,0,82,8,6,4,6,10,2,2,1,0.47014
204,2,1,2,5,0,83,8,6,4,6,10,2,2,1,0.46221
204,2,1,2,5,0,84,2,6,4,6,4,1,1,1,0.36476
204,2,1,2,5,0,85,4,6,4,6,6,1,1,1,0.39252
204,2,1,2,5,0,86,11,5,4,6,14,2,2,1,0.41904
204,2,1,2,5,0,87,10,6,4,6,12,2,2,1,0.32661
204,2,1,2,5,0,88,11,5,4,6,14,2,2,1,0.35203
204,2,1,2,5,0,89,2,6,4,6,4,1,1,1,0.36697
204,2,1,2,5,0,90,3,5,4,6,6,1,1,1,0.39569
204,2,1,2,5,0,91,8,6,4,6,10,2,2,1,0.34329
204,2,1,2,5,0,92,12,6,4,6,14,2,2,1,0.33721
204,2,1,2,5,0,93,6,6,4,6,8,1,1,1,0.92407
204,2,1,2,5,0,94,8,6,4,6,10,2,2,1,0.333
204,2,1,2,5,0,95,11,5,4,6,14,2,2,1,0.35075
204,2,1,2,5,0,96,2,6,4,6,4,1,1,1,0.36366
204,2,1,2,5,0,97,8,6,4,6,10,2,2,1,0.35658
204,2,1,2,5,0,98,5,5,4,6,8,1,1,1,0.89369
204,2,1,2,5,0,99,4,6,4,6,6,1,1,1,0.39055
204,2,1,2,5,0,100,7,5,4,6,10,2,2,1,0.36947
204,2,1,2,5,0,101,2,6,4,6,4,1,1,1,0.4348
204,2,1,2,5,0,102,1,5,4,6,4,1,1,1,0.36937
204,2,1,2,5,0,103,8,6,4,6,10,2,2,1,0.44159
204,2,1,2,5,0,104,12,6,4,6,14,2,2,1,0.39326
204,2,1,2,5,0,105,12,6,4,6,14,2,2,1,0.34257
204,2,1,2,5,0,106,9,5,4,6,12,2,2,1,0.49848
204,2,1,2,5,0,107,11,5,4,6,14,2,2,1,0.33124
204,2,1,2,5,0,108,12,6,4,6,14,2,2,1,0.3158
204,2,1,2,5,0,109,5,5,4,6,8,1,2,0,0.23349
204,2,1,2,5,0,110,9,5,4,6,12,2,2,1,0.59017
204,2,1,2,5,0,111,10,6,4,6,12,2,2,1,0.30963
204,2,1,2,5,0,112,5,5,4,6,8,1,1,1,0.35964
204,2,1,2,5,0,113,10,6,4,6,12,2,2,1,0.44166
204,2,1,2,5,0,114,7,5,4,6,10,2,2,1,0.79704
204,2,1,2,5,0,115,2,6,4,6,4,1,1,1,0.33505
204,2,1,2,5,0,116,1,5,4,6,4,1,1,1,0.3646
204,2,1,2,5,0,117,3,5,4,6,6,1,1,1,0.42952
204,2,1,2,5,0,118,11,5,4,6,14,2,2,1,0.42956
204,2,1,2,5,0,119,10,6,4,6,12,2,2,1,0.35405
204,2,1,2,5,0,120,5,5,4,6,8,1,1,1,0.40085
204,2,1,2,6,0,1,12,6,4,6,14,2,2,1,0.771
204,2,1,2,6,0,2,11,5,4,6,14,2,2,1,0.43468
204,2,1,2,6,0,3,9,5,4,6,12,2,2,1,0.2765
204,2,1,2,6,0,4,7,5,4,6,10,2,2,1,0.279
204,2,1,2,6,0,5,7,5,4,6,10,2,2,1,0.3284
204,2,1,2,6,0,6,1,5,4,6,4,1,1,1,0.33942
204,2,1,2,6,0,7,8,6,4,6,10,2,2,1,0.55809
204,2,1,2,6,0,8,10,6,4,6,12,2,2,1,0.29844
204,2,1,2,6,0,9,9,5,4,6,12,2,2,1,0.31073
204,2,1,2,6,0,10,11,5,4,6,14,2,2,1,0.29946
204,2,1,2,6,0,11,11,5,4,6,14,2,2,1,0.32512
204,2,1,2,6,0,12,9,5,4,6,12,2,2,1,0.30949
204,2,1,2,6,0,13,4,6,4,6,6,1,1,1,0.42499
204,2,1,2,6,0,14,10,6,4,6,12,2,2,1,0.30909
204,2,1,2,6,0,15,4,6,4,6,6,1,1,1,0.53737
204,2,1,2,6,0,16,4,6,4,6,6,1,1,1,0.42196
204,2,1,2,6,0,17,7,5,4,6,10,2,2,1,1.2713
204,2,1,2,6,0,18,3,5,4,6,6,1,1,1,0.53819
204,2,1,2,6,0,19,12,6,4,6,14,2,2,1,0.3087
204,2,1,2,6,0,20,4,6,4,6,6,1,1,1,0.31644
204,2,1,2,6,0,21,1,5,4,6,4,1,1,1,0.51114
204,2,1,2,6,0,22,6,6,4,6,8,1,1,1,0.49083
204,2,1,2,6,0,23,3,5,4,6,6,1,1,1,0.34342
204,2,1,2,6,0,24,8,6,4,6,10,2,2,1,0.46806
204,2,1,2,6,0,25,2,6,4,6,4,1,1,1,0.36275
204,2,1,2,6,0,26,12,6,4,6,14,2,2,1,0.46633
204,2,1,2,6,0,27,11,5,4,6,14,2,2,1,0.4516
204,2,1,2,6,0,28,11,5,4,6,14,2,2,1,0.28856
204,2,1,2,6,0,29,5,5,4,6,8,1,1,1,0.42114
204,2,1,2,6,0,30,11,5,4,6,14,2,2,1,0.33064
204,2,1,2,6,0,31,8,6,4,6,10,2,2,1,1.0645
204,2,1,2,6,0,32,11,5,4,6,14,2,2,1,0.50462
204,2,1,2,6,0,33,7,5,4,6,10,2,2,1,0.65644
204,2,1,2,6,0,34,3,5,4,6,6,1,1,1,0.48176
204,2,1,2,6,0,35,12,6,4,6,14,2,2,1,0.33372
204,2,1,2,6,0,36,6,6,4,6,8,1,1,1,1.0095
204,2,1,2,6,0,37,12,6,4,6,14,2,2,1,0.37676
204,2,1,2,6,0,38,4,6,4,6,6,1,1,1,0.36479
204,2,1,2,6,0,39,5,5,4,6,8,1,1,1,0.58378
204,2,1,2,6,0,40,8,6,4,6,10,2,2,1,0.37986
204,2,1,2,6,0,41,3,5,4,6,6,1,1,1,0.33212
204,2,1,2,6,0,42,10,6,4,6,12,2,2,1,0.29866
204,2,1,2,6,0,43,7,5,4,6,10,2,2,1,0.45297
204,2,1,2,6,0,44,5,5,4,6,8,1,2,0,0.25407
204,2,1,2,6,0,45,2,6,4,6,4,1,1,1,0.45287
204,2,1,2,6,0,46,9,5,4,6,12,2,2,1,0.35386
204,2,1,2,6,0,47,6,6,4,6,8,1,1,1,2.0496
204,2,1,2,6,0,48,10,6,4,6,12,2,2,1,0.27267
204,2,1,2,6,0,49,3,5,4,6,6,1,1,1,0.39481
204,2,1,2,6,0,50,7,5,4,6,10,2,2,1,0.29838
204,2,1,2,6,0,51,2,6,4,6,4,1,1,1,0.32781
204,2,1,2,6,0,52,2,6,4,6,4,1,1,1,0.3795
204,2,1,2,6,0,53,1,5,4,6,4,1,1,1,0.28562
204,2,1,2,6,0,54,1,5,4,6,4,1,1,1,0.46035
204,2,1,2,6,0,55,7,5,4,6,10,2,2,1,0.47024
204,2,1,2,6,0,56,4,6,4,6,6,1,1,1,0.35697
204,2,1,2,6,0,57,12,6,4,6,14,2,2,1,0.40912
204,2,1,2,6,0,58,2,6,4,6,4,1,1,1,0.2809
204,2,1,2,6,0,59,3,5,4,6,6,1,1,1,0.36704
204,2,1,2,6,0,60,8,6,4,6,10,2,2,1,0.36609
204,2,1,2,6,0,61,5,5,4,6,8,1,2,0,0.53899
204,2,1,2,6,0,62,5,5,4,6,8,1,1,1,0.94823
204,2,1,2,6,0,63,5,5,4,6,8,1,1,1,0.75921
204,2,1,2,6,0,64,12,6,4,6,14,2,2,1,0.53548
204,2,1,2,6,0,65,9,5,4,6,12,2,2,1,0.31705
204,2,1,2,6,0,66,3,5,4,6,6,1,1,1,0.36962
204,2,1,2,6,0,67,5,5,4,6,8,1,2,0,1.576
204,2,1,2,6,0,68,1,5,4,6,4,1,1,1,0.56598
204,2,1,2,6,0,69,12,6,4,6,14,2,2,1,1.2039
204,2,1,2,6,0,70,2,6,4,6,4,1,1,1,0.48188
204,2,1,2,6,0,71,6,6,4,6,8,1,1,1,0.83762
204,2,1,2,6,0,72,10,6,4,6,12,2,2,1,0.43662
204,2,1,2,6,0,73,3,5,4,6,6,1,1,1,0.43855
204,2,1,2,6,0,74,4,6,4,6,6,1,1,1,0.45376
204,2,1,2,6,0,75,7,5,4,6,10,2,2,1,1.4672
204,2,1,2,6,0,76,5,5,4,6,8,1,1,1,1.2265
204,2,1,2,6,0,77,1,5,4,6,4,1,1,1,0.56253
204,2,1,2,6,0,78,11,5,4,6,14,2,2,1,0.39093
204,2,1,2,6,0,79,3,5,4,6,6,1,1,1,0.45972
204,2,1,2,6,0,80,1,5,4,6,4,1,1,1,0.39737
204,2,1,2,6,0,81,10,6,4,6,12,2,2,1,0.54418
204,2,1,2,6,0,82,1,5,4,6,4,1,1,1,0.33304
204,2,1,2,6,0,83,3,5,4,6,6,1,2,0,0.37458
204,2,1,2,6,0,84,6,6,4,6,8,1,2,0,1.5822
204,2,1,2,6,0,85,9,5,4,6,12,2,2,1,0.54189
204,2,1,2,6,0,86,10,6,4,6,12,2,2,1,0.65669
204,2,1,2,6,0,87,11,5,4,6,14,2,2,1,0.46879
204,2,1,2,6,0,88,10,6,4,6,12,2,2,1,0.41028
204,2,1,2,6,0,89,5,5,4,6,8,1,1,1,1.0333
204,2,1,2,6,0,90,8,6,4,6,10,2,2,1,0.53502
204,2,1,2,6,0,91,6,6,4,6,8,1,1,1,1.353
204,2,1,2,6,0,92,4,6,4,6,6,1,1,1,0.39036
204,2,1,2,6,0,93,7,5,4,6,10,2,2,1,0.44359
204,2,1,2,6,0,94,9,5,4,6,12,2,2,1,0.4167
204,2,1,2,6,0,95,9,5,4,6,12,2,2,1,0.47252
204,2,1,2,6,0,96,10,6,4,6,12,2,2,1,0.45179
204,2,1,2,6,0,97,2,6,4,6,4,1,1,1,0.35836
204,2,1,2,6,0,98,8,6,4,6,10,2,2,1,0.44277
204,2,1,2,6,0,99,8,6,4,6,10,2,2,1,0.41527
204,2,1,2,6,0,100,4,6,4,6,6,1,1,1,0.4691
204,2,1,2,6,0,101,2,6,4,6,4,1,1,1,0.41266
204,2,1,2,6,0,102,2,6,4,6,4,1,1,1,0.37259
204,2,1,2,6,0,103,6,6,4,6,8,1,2,0,1.9983
204,2,1,2,6,0,104,7,5,4,6,10,2,2,1,0.59723
204,2,1,2,6,0,105,1,5,4,6,4,1,1,1,0.5888
204,2,1,2,6,0,106,1,5,4,6,4,1,1,1,0.38074
204,2,1,2,6,0,107,6,6,4,6,8,1,2,0,0.56179
204,2,1,2,6,0,108,2,6,4,6,4,1,1,1,0.57762
204,2,1,2,6,0,109,10,6,4,6,12,2,2,1,0.86368
204,2,1,2,6,0,110,12,6,4,6,14,2,2,1,0.45292
204,2,1,2,6,0,111,5,5,4,6,8,1,1,1,1.745
204,2,1,2,6,0,112,8,6,4,6,10,2,2,1,2.8637
204,2,1,2,6,0,113,9,5,4,6,12,2,2,1,0.72388
204,2,1,2,6,0,114,4,6,4,6,6,1,1,1,0.41099
204,2,1,2,6,0,115,11,5,4,6,14,2,2,1,0.53497
204,2,1,2,6,0,116,8,6,4,6,10,2,2,1,0.87803
204,2,1,2,6,0,117,12,6,4,6,14,2,2,1,0.51589
204,2,1,2,6,0,118,6,6,4,6,8,1,1,1,0.65785
204,2,1,2,6,0,119,9,5,4,6,12,2,2,1,0.59759
204,2,1,2,6,0,120,6,6,4,6,8,1,1,1,0.99741
