101,1,0,5,4,1,1,7,6,6,6,4,2,2,1,0.87439
101,1,0,5,4,1,2,6,6,8,5,4,1,1,1,1.5031
101,1,0,5,4,1,3,4,6,8,4,4,1,1,1,0.41991
101,1,0,5,4,1,4,11,6,6,8,4,2,2,1,0.7736
101,1,0,5,4,1,5,2,6,8,3,4,1,1,1,0.45952
101,1,0,5,4,1,6,4,6,8,4,4,1,1,1,1.092
101,1,0,5,4,1,7,11,6,6,8,4,2,2,1,0.54361
101,1,0,5,4,1,8,9,6,6,7,4,2,2,1,0.67026
101,1,0,5,4,1,9,4,6,8,4,4,1,1,1,0.41096
101,1,0,5,4,1,10,2,6,8,3,4,1,1,1,0.52403
101,1,0,5,4,1,11,11,6,6,8,4,2,2,1,0.44762
101,1,0,5,4,1,12,6,6,8,5,4,1,1,1,1.1309
101,1,0,5,4,1,13,7,6,6,6,4,2,2,1,0.68243
101,1,0,5,4,1,14,9,6,6,7,4,2,2,1,0.46105
101,1,0,5,4,1,15,9,6,6,7,4,2,2,1,0.91076
101,1,0,5,4,1,16,7,6,6,6,4,2,2,1,0.53525
101,1,0,5,4,1,17,4,6,8,4,4,1,1,1,1.1412
101,1,0,5,4,1,18,7,6,6,6,4,2,2,1,0.50806
101,1,0,5,4,1,19,11,6,6,8,4,2,2,1,0.54058
101,1,0,5,4,1,20,2,6,8,3,4,1,1,1,0.42818
101,1,0,5,4,1,21,9,6,6,7,4,2,2,1,0.39213
101,1,0,5,4,1,22,2,6,8,3,4,1,1,1,0.45047
101,1,0,5,4,1,23,6,6,8,5,4,1,1,1,0.67376
101,1,0,5,4,1,24,6,6,8,5,4,1,1,1,0.34523
101,1,0,5,4,0,1,11,6,6,8,4,2,2,1,0.48127
101,1,0,5,4,0,2,11,6,6,8,4,2,2,1,0.5205
101,1,0,5,4,0,3,2,6,8,3,4,1,1,1,0.41831
101,1,0,5,4,0,4,6,6,8,5,4,1,1,1,0.73457
101,1,0,5,4,0,5,7,6,6,6,4,2,2,1,0.68168
101,1,0,5,4,0,6,9,6,6,7,4,2,2,1,0.42449
101,1,0,5,4,0,7,9,6,6,7,4,2,2,1,0.40567
101,1,0,5,4,0,8,6,6,8,5,4,1,1,1,0.46492
101,1,0,5,4,0,9,2,6,8,3,4,1,1,1,0.4105
101,1,0,5,4,0,10,9,6,6,7,4,2,2,1,0.39154
101,1,0,5,4,0,11,4,6,8,4,4,1,1,1,0.37004
101,1,0,5,4,0,12,9,6,6,7,4,2,2,1,0.46205
101,1,0,5,4,0,13,7,6,6,6,4,2,2,1,0.69676
101,1,0,5,4,0,14,11,6,6,8,4,2,2,1,0.45025
101,1,0,5,4,0,15,6,6,8,5,4,1,1,1,0.38963
101,1,0,5,4,0,16,4,6,8,4,4,1,1,1,0.33027
101,1,0,5,4,0,17,11,6,6,8,4,2,2,1,0.30737
101,1,0,5,4,0,18,6,6,8,5,4,1,1,1,0.35938
101,1,0,5,4,0,19,11,6,6,8,4,2,2,1,0.34107
101,1,0,5,4,0,20,2,6,8,3,4,1,1,1,0.35238
101,1,0,5,4,0,21,11,6,6,8,4,2,2,1,0.34069
101,1,0,5,4,0,22,2,6,8,3,4,1,1,1,0.38694
101,1,0,5,4,0,23,4,6,8,4,4,1,1,1,0.68397
101,1,0,5,4,0,24,7,6,6,6,4,2,2,1,1.1296
101,1,0,5,4,0,25,9,6,6,7,4,2,2,1,0.3456
101,1,0,5,4,0,26,6,6,8,5,4,1,1,1,0.30933
101,1,0,5,4,0,27,2,6,8,3,4,1,1,1,0.36013
101,1,0,5,4,0,28,6,6,8,5,4,1,1,1,0.36176
101,1,0,5,4,0,29,9,6,6,7,4,2,2,1,0.40394
101,1,0,5,4,0,30,9,6,6,7,4,2,2,1,0.41885
101,1,0,5,4,0,31,4,6,8,4,4,1,1,1,0.37424
101,1,0,5,4,0,32,11,6,6,8,4,2,2,1,0.53456
101,1,0,5,4,0,33,7,6,6,6,4,2,2,1,0.52588
101,1,0,5,4,0,34,6,6,8,5,4,1,1,1,0.52982
101,1,0,5,4,0,35,6,6,8,5,4,1,1,1,0.54725
101,1,0,5,4,0,36,6,6,8,5,4,1,1,1,0.49165
101,1,0,5,4,0,37,6,6,8,5,4,1,1,1,0.58276
101,1,0,5,4,0,38,9,6,6,7,4,2,2,1,0.48574
101,1,0,5,4,0,39,7,6,6,6,4,2,2,1,0.5166
101,1,0,5,4,0,40,6,6,8,5,4,1,1,1,0.44162
101,1,0,5,4,0,41,11,6,6,8,4,2,2,1,0.37542
101,1,0,5,4,0,42,11,6,6,8,4,2,2,1,0.44921
101,1,0,5,4,0,43,9,6,6,7,4,2,2,1,0.35423
101,1,0,5,4,0,44,2,6,8,3,4,1,1,1,0.37706
101,1,0,5,4,0,45,4,6,8,4,4,1,1,1,0.43094
101,1,0,5,4,0,46,9,6,6,7,4,2,2,1,0.39332
101,1,0,5,4,0,47,2,6,8,3,4,1,1,1,0.38335
101,1,0,5,4,0,48,6,6,8,5,4,1,1,1,0.48438
101,1,0,5,4,0,49,7,6,6,6,4,2,2,1,0.61884
101,1,0,5,4,0,50,6,6,8,5,4,1,1,1,0.37356
101,1,0,5,4,0,51,2,6,8,3,4,1,1,1,0.31582
101,1,0,5,4,0,52,11,6,6,8,4,2,2,1,0.31654
101,1,0,5,4,0,53,4,6,8,4,4,1,1,1,0.35205
101,1,0,5,4,0,54,4,6,8,4,4,1,1,1,0.38709
101,1,0,5,4,0,55,11,6,6,8,4,2,2,1,0.36477
101,1,0,5,4,0,56,4,6,8,4,4,1,1,1,0.4154
101,1,0,5,4,0,57,2,6,8,3,4,1,1,1,0.35023
101,1,0,5,4,0,58,4,6,8,4,4,1,1,1,0.35374
101,1,0,5,4,0,59,11,6,6,8,4,2,2,1,0.31616
101,1,0,5,4,0,60,2,6,8,3,4,1,1,1,0.34945
101,1,0,5,4,0,61,6,6,8,5,4,1,1,1,0.28991
101,1,0,5,4,0,62,9,6,6,7,4,2,2,1,0.31445
101,1,0,5,4,0,63,9,6,6,7,4,2,2,1,0.45355
101,1,0,5,4,0,64,7,6,6,6,4,2,2,1,0.38202
101,1,0,5,4,0,65,2,6,8,3,4,1,1,1,0.37543
101,1,0,5,4,0,66,9,6,6,7,4,2,2,1,0.36341
101,1,0,5,4,0,67,4,6,8,4,4,1,1,1,0.34285
101,1,0,5,4,0,68,2,6,8,3,4,1,1,1,0.34761
101,1,0,5,4,0,69,7,6,6,6,4,2,2,1,0.45839
101,1,0,5,4,0,70,7,6,6,6,4,2,2,1,0.4068
101,1,0,5,4,0,71,7,6,6,6,4,2,2,1,0.46125
101,1,0,5,4,0,72,11,6,6,8,4,2,2,1,0.37703
101,1,0,5,4,0,73,11,6,6,8,4,2,2,1,0.327
101,1,0,5,4,0,74,7,6,6,6,4,2,2,1,0.4814
101,1,0,5,4,0,75,11,6,6,8,4,2,2,1,0.32553
101,1,0,5,4,0,76,2,6,8,3,4,1,1,1,0.4513
101,1,0,5,4,0,77,9,6,6,7,4,2,2,1,0.43991
101,1,0,5,4,0,78,6,6,8,5,4,1,1,1,0.6091
101,1,0,5,4,0,79,9,6,6,7,4,2,2,1,0.48794
101,1,0,5,4,0,80,7,6,6,6,4,2,2,1,0.60731
101,1,0,5,4,0,81,4,6,8,4,4,1,1,1,0.43514
101,1,0,5,4,0,82,7,6,6,6,4,2,2,1,0.539
101,1,0,5,4,0,83,11,6,6,8,4,2,2,1,0.90116
101,1,0,5,4,0,84,4,6,8,4,4,1,1,1,0.60103
101,1,0,5,4,0,85,7,6,6,6,4,2,2,1,0.66001
101,1,0,5,4,0,86,4,6,8,4,4,1,1,1,0.47481
101,1,0,5,4,0,87,11,6,6,8,4,2,2,1,0.40516
101,1,0,5,4,0,88,6,6,8,5,4,1,1,1,0.44148
101,1,0,5,4,0,89,2,6,8,3,4,1,1,1,0.41633
101,1,0,5,4,0,90,4,6,8,4,4,1,1,1,0.38134
101,1,0,5,4,0,91,7,6,6,6,4,2,2,1,0.42308
101,1,0,5,4,0,92,4,6,8,4,4,1,1,1,0.52071
101,1,0,5,4,0,93,9,6,6,7,4,2,2,1,0.51882
101,1,0,5,4,0,94,4,6,8,4,4,1,1,1,0.58652
101,1,0,5,4,0,95,4,6,8,4,4,1,1,1,0.55905
101,1,0,5,4,0,96,7,6,6,6,4,2,2,1,0.46652
101,1,0,5,4,0,97,9,6,6,7,4,2,2,1,0.42483
101,1,0,5,4,0,98,9,6,6,7,4,2,2,1,0.36132
101,1,0,5,4,0,99,11,6,6,8,4,2,2,1,0.385
101,1,0,5,4,0,100,11,6,6,8,4,2,2,1,0.31349
101,1,0,5,4,0,101,6,6,8,5,4,1,1,1,0.3909
101,1,0,5,4,0,102,2,6,8,3,4,1,1,1,0.5519
101,1,0,5,4,0,103,9,6,6,7,4,2,2,1,0.39738
101,1,0,5,4,0,104,4,6,8,4,4,1,1,1,0.85323
101,1,0,5,4,0,105,7,6,6,6,4,2,2,1,0.33296
101,1,0,5,4,0,106,2,6,8,3,4,1,1,1,0.35378
101,1,0,5,4,0,107,2,6,8,3,4,1,1,1,0.36071
101,1,0,5,4,0,108,11,6,6,8,4,2,2,1,0.38961
101,1,0,5,4,0,109,2,6,8,3,4,1,1,1,0.36719
101,1,0,5,4,0,110,7,6,6,6,4,2,2,1,0.44963
101,1,0,5,4,0,111,7,6,6,6,4,2,2,1,0.44504
101,1,0,5,4,0,112,6,6,8,5,4,1,1,1,0.85638
101,1,0,5,4,0,113,6,6,8,5,4,1,1,1,0.50827
101,1,0,5,4,0,114,2,6,8,3,4,1,1,1,0.44208
101,1,0,5,4,0,115,4,6,8,4,4,1,1,1,0.40646
101,1,0,5,4,0,116,2,6,8,3,4,1,1,1,0.31857
101,1,0,5,4,0,117,4,6,8,4,4,1,1,1,0.36689
101,1,0,5,4,0,118,9,6,6,7,4,2,2,1,0.37889
101,1,0,5,4,0,119,7,6,6,6,4,2,2,1,0.52406
101,1,0,5,4,0,120,6,6,8,5,4,1,1,1,0.49692
101,1,0,5,3,1,1,12,6,8,8,4,2,2,1,0.94698
101,1,0,5,3,1,2,5,6,6,5,4,1,2,0,1.4764
101,1,0,5,3,1,3,3,6,6,4,4,1,1,1,0.67831
101,1,0,5,3,1,4,1,6,6,3,4,1,1,1,0.4139
101,1,0,5,3,1,5,1,6,6,3,4,1,1,1,0.3486
101,1,0,5,3,1,6,3,6,6,4,4,1,1,1,0.35429
101,1,0,5,3,1,7,8,6,8,6,4,2,2,1,0.48477
101,1,0,5,3,1,8,3,6,6,4,4,1,1,1,0.44738
101,1,0,5,3,1,9,5,6,6,5,4,1,1,1,0.63254
101,1,0,5,3,1,10,10,6,8,7,4,2,2,1,0.4706
101,1,0,5,3,1,11,1,6,6,3,4,1,1,1,0.49302
101,1,0,5,3,1,12,8,6,8,6,4,2,2,1,0.35399
101,1,0,5,3,1,13,8,6,8,6,4,2,2,1,0.43105
101,1,0,5,3,1,14,10,6,8,7,4,2,2,1,0.43753
101,1,0,5,3,1,15,12,6,8,8,4,2,2,1,0.33207
101,1,0,5,3,1,16,12,6,8,8,4,2,2,1,0.32665
101,1,0,5,3,1,17,5,6,6,5,4,1,1,1,0.44445
101,1,0,5,3,1,18,10,6,8,7,4,2,2,1,0.34298
101,1,0,5,3,1,19,5,6,6,5,4,1,1,1,0.4525
101,1,0,5,3,1,20,12,6,8,8,4,2,2,1,0.35207
101,1,0,5,3,1,21,8,6,8,6,4,2,2,1,1.0094
101,1,0,5,3,1,22,1,6,6,3,4,1,1,1,0.50864
101,1,0,5,3,1,23,3,6,6,4,4,1,1,1,0.34494
101,1,0,5,3,1,24,10,6,8,7,4,2,2,1,0.396
101,1,0,5,3,0,1,12,6,8,8,4,2,2,1,0.35919
101,1,0,5,3,0,2,10,6,8,7,4,2,2,1,0.41786
101,1,0,5,3,0,3,8,6,8,6,4,2,2,1,0.63767
101,1,0,5,3,0,4,5,6,6,5,4,1,1,1,0.53443
101,1,0,5,3,0,5,10,6,8,7,4,2,2,1,0.37919
101,1,0,5,3,0,6,3,6,6,4,4,1,1,1,0.52462
101,1,0,5,3,0,7,8,6,8,6,4,2,2,1,0.54242
101,1,0,5,3,0,8,8,6,8,6,4,2,2,1,0.60689
101,1,0,5,3,0,9,1,6,6,3,4,1,1,1,0.37993
101,1,0,5,3,0,10,3,6,6,4,4,1,1,1,0.59936
101,1,0,5,3,0,11,1,6,6,3,4,1,1,1,0.38722
101,1,0,5,3,0,12,12,6,8,8,4,2,2,1,0.31067
101,1,0,5,3,0,13,3,6,6,4,4,1,2,0,0.27663
101,1,0,5,3,0,14,8,6,8,6,4,2,2,1,0.77487
101,1,0,5,3,0,15,12,6,8,8,4,2,2,1,0.50641
101,1,0,5,3,0,16,10,6,8,7,4,2,2,1,0.41923
101,1,0,5,3,0,17,12,6,8,8,4,2,2,1,0.31162
101,1,0,5,3,0,18,3,6,6,4,4,1,1,1,0.41644
101,1,0,5,3,0,19,10,6,8,7,4,2,2,1,0.48328
101,1,0,5,3,0,20,5,6,6,5,4,1,1,1,0.82834
101,1,0,5,3,0,21,1,6,6,3,4,1,1,1,0.34552
101,1,0,5,3,0,22,3,6,6,4,4,1,1,1,0.3722
101,1,0,5,3,0,23,1,6,6,3,4,1,1,1,0.31751
101,1,0,5,3,0,24,1,6,6,3,4,1,1,1,0.28428
101,1,0,5,3,0,25,1,6,6,3,4,1,1,1,0.28667
101,1,0,5,3,0,26,8,6,8,6,4,2,2,1,0.61271
101,1,0,5,3,0,27,10,6,8,7,4,2,2,1,0.44574
101,1,0,5,3,0,28,1,6,6,3,4,1,1,1,0.35422
101,1,0,5,3,0,29,8,6,8,6,4,2,2,1,0.426
101,1,0,5,3,0,30,12,6,8,8,4,2,2,1,0.34314
101,1,0,5,3,0,31,12,6,8,8,4,2,2,1,0.34284
101,1,0,5,3,0,32,12,6,8,8,4,2,2,1,0.34734
101,1,0,5,3,0,33,1,6,6,3,4,1,1,1,0.84972
101,1,0,5,3,0,34,3,6,6,4,4,1,1,1,0.46638
101,1,0,5,3,0,35,10,6,8,7,4,2,2,1,0.29919
101,1,0,5,3,0,36,10,6,8,7,4,2,2,1,0.34612
101,1,0,5,3,0,37,3,6,6,4,4,1,1,1,0.66731
101,1,0,5,3,0,38,5,6,6,5,4,1,1,1,0.91154
101,1,0,5,3,0,39,1,6,6,3,4,1,1,1,0.46522
101,1,0,5,3,0,40,3,6,6,4,4,1,1,1,0.34302
101,1,0,5,3,0,41,8,6,8,6,4,2,2,1,0.65234
101,1,0,5,3,0,42,12,6,8,8,4,2,2,1,0.3625
101,1,0,5,3,0,43,1,6,6,3,4,1,1,1,0.40363
101,1,0,5,3,0,44,5,6,6,5,4,1,1,1,0.43358
101,1,0,5,3,0,45,5,6,6,5,4,1,1,1,0.59022
101,1,0,5,3,0,46,8,6,8,6,4,2,2,1,0.50158
101,1,0,5,3,0,47,3,6,6,4,4,1,1,1,0.46456
101,1,0,5,3,0,48,5,6,6,5,4,1,1,1,0.52972
101,1,0,5,3,0,49,10,6,8,7,4,2,2,1,0.3527
101,1,0,5,3,0,50,3,6,6,4,4,1,1,1,0.46826
101,1,0,5,3,0,51,1,6,6,3,4,1,1,1,0.37097
101,1,0,5,3,0,52,1,6,6,3,4,1,1,1,0.30343
101,1,0,5,3,0,53,1,6,6,3,4,1,1,1,0.28105
101,1,0,5,3,0,54,10,6,8,7,4,2,2,1,0.31894
101,1,0,5,3,0,55,12,6,8,8,4,2,2,1,0.35218
101,1,0,5,3,0,56,5,6,6,5,4,1,1,1,0.76081
101,1,0,5,3,0,57,5,6,6,5,4,1,1,1,0.4016
101,1,0,5,3,0,58,1,6,6,3,4,1,1,1,0.3799
101,1,0,5,3,0,59,1,6,6,3,4,1,1,1,0.32202
101,1,0,5,3,0,60,5,6,6,5,4,1,1,1,0.53972
101,1,0,5,3,0,61,10,6,8,7,4,2,2,1,0.34511
101,1,0,5,3,0,62,12,6,8,8,4,2,2,1,0.43304
101,1,0,5,3,0,63,8,6,8,6,4,2,2,1,0.76423
101,1,0,5,3,0,64,1,6,6,3,4,1,1,1,0.42067
101,1,0,5,3,0,65,10,6,8,7,4,2,2,1,0.35767
101,1,0,5,3,0,66,12,6,8,8,4,2,2,1,0.50749
101,1,0,5,3,0,67,10,6,8,7,4,2,2,1,0.40711
101,1,0,5,3,0,68,8,6,8,6,4,2,2,1,0.92337
101,1,0,5,3,0,69,5,6,6,5,4,1,1,1,0.57163
101,1,0,5,3,0,70,5,6,6,5,4,1,1,1,0.45041
101,1,0,5,3,0,71,12,6,8,8,4,2,2,1,0.41281
101,1,0,5,3,0,72,8,6,8,6,4,2,2,1,1.1271
101,1,0,5,3,0,73,8,6,8,6,4,2,2,1,1.0007
101,1,0,5,3,0,74,12,6,8,8,4,2,2,1,0.34466
101,1,0,5,3,0,75,3,6,6,4,4,1,1,1,0.49163
101,1,0,5,3,0,76,12,6,8,8,4,2,2,1,0.45965
101,1,0,5,3,0,77,5,6,6,5,4,1,1,1,0.60249
101,1,0,5,3,0,78,10,6,8,7,4,2,2,1,0.34433
101,1,0,5,3,0,79,3,6,6,4,4,1,1,1,0.47127
101,1,0,5,3,0,80,5,6,6,5,4,1,1,1,0.45762
101,1,0,5,3,0,81,10,6,8,7,4,2,2,1,0.36592
101,1,0,5,3,0,82,8,6,8,6,4,2,2,1,0.48872
101,1,0,5,3,0,83,3,6,6,4,4,1,1,1,0.57487
101,1,0,5,3,0,84,5,6,6,5,4,1,1,1,0.47755
101,1,0,5,3,0,85,3,6,6,4,4,1,1,1,0.45324
101,1,0,5,3,0,86,1,6,6,3,4,1,1,1,0.47279
101,1,0,5,3,0,87,12,6,8,8,4,2,2,1,0.53456
101,1,0,5,3,0,88,10,6,8,7,4,2,2,1,0.35069
101,1,0,5,3,0,89,8,6,8,6,4,2,2,1,0.54035
101,1,0,5,3,0,90,3,6,6,4,4,1,1,1,0.42819
101,1,0,5,3,0,91,5,6,6,5,4,1,1,1,0.62472
101,1,0,5,3,0,92,5,6,6,5,4,1,1,1,0.47043
101,1,0,5,3,0,93,3,6,6,4,4,1,1,1,0.4541
101,1,0,5,3,0,94,10,6,8,7,4,2,2,1,0.32784
101,1,0,5,3,0,95,8,6,8,6,4,2,2,1,0.52062
101,1,0,5,3,0,96,8,6,8,6,4,2,2,1,0.43979
101,1,0,5,3,0,97,1,6,6,3,4,1,1,1,0.43523
101,1,0,5,3,0,98,8,6,8,6,4,2,2,1,0.40233
101,1,0,5,3,0,99,8,6,8,6,4,2,2,1,0.42432
101,1,0,5,3,0,100,5,6,6,5,4,1,1,1,0.77786
101,1,0,5,3,0,101,12,6,8,8,4,2,2,1,0.32936
101,1,0,5,3,0,102,1,6,6,3,4,1,1,1,0.43186
101,1,0,5,3,0,103,10,6,8,7,4,2,2,1,0.32397
101,1,0,5,3,0,104,5,6,6,5,4,1,1,1,0.47847
101,1,0,5,3,0,105,5,6,6,5,4,1,1,1,0.50374
101,1,0,5,3,0,106,8,6,8,6,4,2,2,1,0.42515
101,1,0,5,3,0,107,12,6,8,8,4,2,2,1,0.54384
101,1,0,5,3,0,108,3,6,6,4,4,1,1,1,0.35169
101,1,0,5,3,0,109,3,6,6,4,4,1,1,1,0.73668
101,1,0,5,3,0,110,8,6,8,6,4,2,2,1,0.40914
101,1,0,5,3,0,111,12,6,8,8,4,2,2,1,0.4258
101,1,0,5,3,0,112,10,6,8,7,4,2,2,1,0.40391
101,1,0,5,3,0,113,10,6,8,7,4,2,2,1,0.38496
101,1,0,5,3,0,114,12,6,8,8,4,2,2,1,0.30561
101,1,0,5,3,0,115,3,6,6,4,4,1,1,1,0.27135
101,1,0,5,3,0,116,1,6,6,3,4,1,1,1,0.39229
101,1,0,5,3,0,117,3,6,6,4,4,1,1,1,0.36377
101,1,0,5,3,0,118,5,6,6,5,4,1,1,1,0.59573
101,1,0,5,3,0,119,12,6,8,8,4,2,2,1,0.37345
101,1,0,5,3,0,120,10,6,8,7,4,2,2,1,0.39605
101,1,0,5,2,1,1,10,6,8,7,4,2,2,1,0.92688
101,1,0,5,2,1,2,8,6,8,6,4,2,2,1,0.60473
101,1,0,5,2,1,3,6,6,8,5,4,1,1,1,0.82896
101,1,0,5,2,1,4,6,6,8,5,4,1,1,1,1.3325
101,1,0,5,2,1,5,8,6,8,6,4,2,2,1,0.58432
101,1,0,5,2,1,6,10,6,8,7,4,2,2,1,0.36765
101,1,0,5,2,1,7,2,6,8,3,4,1,1,1,0.55689
101,1,0,5,2,1,8,8,6,8,6,4,2,2,1,0.36196
101,1,0,5,2,1,9,10,6,8,7,4,2,2,1,0.40184
101,1,0,5,2,1,10,12,6,8,8,4,2,2,1,0.37488
101,1,0,5,2,1,11,2,6,8,3,4,1,1,1,0.49186
101,1,0,5,2,1,12,6,6,8,5,4,1,1,1,0.48787
101,1,0,5,2,1,13,4,6,8,4,4,1,1,1,0.40632
101,1,0,5,2,1,14,12,6,8,8,4,2,2,1,0.33427
101,1,0,5,2,1,15,2,6,8,3,4,1,1,1,0.43545
101,1,0,5,2,1,16,6,6,8,5,4,1,1,1,0.57213
101,1,0,5,2,1,17,12,6,8,8,4,2,2,1,0.32105
101,1,0,5,2,1,18,4,6,8,4,4,1,1,1,0.47319
101,1,0,5,2,1,19,12,6,8,8,4,2,2,1,0.31961
101,1,0,5,2,1,20,4,6,8,4,4,1,1,1,0.40473
101,1,0,5,2,1,21,4,6,8,4,4,1,1,1,0.31507
101,1,0,5,2,1,22,10,6,8,7,4,2,2,1,0.31782
101,1,0,5,2,1,23,2,6,8,3,4,1,1,1,0.54608
101,1,0,5,2,1,24,8,6,8,6,4,2,2,1,0.44973
101,1,0,5,2,0,1,2,6,8,3,4,1,1,1,0.79762
101,1,0,5,2,0,2,6,6,8,5,4,1,1,1,0.60374
101,1,0,5,2,0,3,4,6,8,4,4,1,1,1,0.35249
101,1,0,5,2,0,4,2,6,8,3,4,1,1,1,0.44677
101,1,0,5,2,0,5,4,6,8,4,4,1,1,1,0.53208
101,1,0,5,2,0,6,12,6,8,8,4,2,2,1,0.98029
101,1,0,5,2,0,7,12,6,8,8,4,2,2,1,0.50812
101,1,0,5,2,0,8,6,6,8,5,4,1,1,1,0.39239
101,1,0,5,2,0,9,10,6,8,7,4,2,2,1,0.63566
101,1,0,5,2,0,10,2,6,8,3,4,1,1,1,0.45386
101,1,0,5,2,0,11,2,6,8,3,4,1,1,1,0.35294
101,1,0,5,2,0,12,6,6,8,5,4,1,1,1,0.28346
101,1,0,5,2,0,13,8,6,8,6,4,2,2,1,0.70182
101,1,0,5,2,0,14,12,6,8,8,4,2,2,1,0.35202
101,1,0,5,2,0,15,10,6,8,7,4,2,2,1,0.31908
101,1,0,5,2,0,16,12,6,8,8,4,2,2,1,0.28677
101,1,0,5,2,0,17,10,6,8,7,4,2,2,1,0.28992
101,1,0,5,2,0,18,10,6,8,7,4,2,2,1,0.28078
101,1,0,5,2,0,19,6,6,8,5,4,1,1,1,0.54954
101,1,0,5,2,0,20,10,6,8,7,4,2,2,1,0.38973
101,1,0,5,2,0,21,6,6,8,5,4,1,1,1,0.51821
101,1,0,5,2,0,22,10,6,8,7,4,2,2,1,0.34106
101,1,0,5,2,0,23,12,6,8,8,4,2,2,1,0.39762
101,1,0,5,2,0,24,4,6,8,4,4,1,1,1,0.35626
101,1,0,5,2,0,25,4,6,8,4,4,1,1,1,0.40692
101,1,0,5,2,0,26,8,6,8,6,4,2,2,1,1.1559
101,1,0,5,2,0,27,6,6,8,5,4,1,1,1,0.4896
101,1,0,5,2,0,28,4,6,8,4,4,1,1,1,0.36289
101,1,0,5,2,0,29,6,6,8,5,4,1,1,1,0.41952
101,1,0,5,2,0,30,12,6,8,8,4,2,2,1,0.4028
101,1,0,5,2,0,31,4,6,8,4,4,1,1,1,0.48414
101,1,0,5,2,0,32,6,6,8,5,4,1,1,1,0.35531
101,1,0,5,2,0,33,8,6,8,6,4,2,2,1,0.47124
101,1,0,5,2,0,34,10,6,8,7,4,2,2,1,0.36065
101,1,0,5,2,0,35,4,6,8,4,4,1,1,1,0.39737
101,1,0,5,2,0,36,6,6,8,5,4,1,1,1,0.38589
101,1,0,5,2,0,37,6,6,8,5,4,1,1,1,0.38738
101,1,0,5,2,0,38,10,6,8,7,4,2,2,1,0.38555
101,1,0,5,2,0,39,2,6,8,3,4,1,1,1,0.47362
101,1,0,5,2,0,40,10,6,8,7,4,2,2,1,0.49322
101,1,0,5,2,0,41,12,6,8,8,4,2,2,1,0.41749
101,1,0,5,2,0,42,10,6,8,7,4,2,2,1,0.4021
101,1,0,5,2,0,43,6,6,8,5,4,1,1,1,0.45391
101,1,0,5,2,0,44,2,6,8,3,4,1,1,1,0.54683
101,1,0,5,2,0,45,12,6,8,8,4,2,2,1,0.44991
101,1,0,5,2,0,46,8,6,8,6,4,2,2,1,0.97384
101,1,0,5,2,0,47,4,6,8,4,4,1,1,1,0.4091
101,1,0,5,2,0,48,8,6,8,6,4,2,2,1,0.84167
101,1,0,5,2,0,49,12,6,8,8,4,2,2,1,0.35664
101,1,0,5,2,0,50,12,6,8,8,4,2,2,1,0.36078
101,1,0,5,2,0,51,10,6,8,7,4,2,2,1,0.51274
101,1,0,5,2,0,52,8,6,8,6,4,2,2,1,0.54645
101,1,0,5,2,0,53,6,6,8,5,4,1,1,1,0.55719
101,1,0,5,2,0,54,2,6,8,3,4,1,1,1,0.39429
101,1,0,5,2,0,55,2,6,8,3,4,1,1,1,0.38431
101,1,0,5,2,0,56,12,6,8,8,4,2,2,1,0.33826
101,1,0,5,2,0,57,12,6,8,8,4,2,2,1,0.48485
101,1,0,5,2,0,58,8,6,8,6,4,2,2,1,0.65209
101,1,0,5,2,0,59,12,6,8,8,4,2,2,1,0.33496
101,1,0,5,2,0,60,2,6,8,3,4,1,1,1,0.37065
101,1,0,5,2,0,61,8,6,8,6,4,2,2,1,0.46431
101,1,0,5,2,0,62,4,6,8,4,4,1,1,1,0.40636
101,1,0,5,2,0,63,10,6,8,7,4,2,2,1,0.31419
101,1,0,5,2,0,64,6,6,8,5,4,1,1,1,0.42868
101,1,0,5,2,0,65,2,6,8,3,4,1,1,1,0.44298
101,1,0,5,2,0,66,10,6,8,7,4,2,2,1,0.37892
101,1,0,5,2,0,67,8,6,8,6,4,2,2,1,0.57198
101,1,0,5,2,0,68,4,6,8,4,4,1,1,1,0.45383
101,1,0,5,2,0,69,6,6,8,5,4,1,1,1,0.44612
101,1,0,5,2,0,70,4,6,8,4,4,1,1,1,0.32295
101,1,0,5,2,0,71,12,6,8,8,4,2,2,1,0.41021
101,1,0,5,2,0,72,4,6,8,4,4,1,1,1,0.35945
101,1,0,5,2,0,73,8,6,8,6,4,2,2,1,0.77868
101,1,0,5,2,0,74,2,6,8,3,4,1,1,1,0.36526
101,1,0,5,2,0,75,2,6,8,3,4,1,1,1,0.45335
101,1,0,5,2,0,76,4,6,8,4,4,1,1,1,0.36263
101,1,0,5,2,0,77,10,6,8,7,4,2,2,1,0.45051
101,1,0,5,2,0,78,10,6,8,7,4,2,2,1,0.72954
101,1,0,5,2,0,79,2,6,8,3,4,1,1,1,0.40888
101,1,0,5,2,0,80,6,6,8,5,4,1,1,1,0.68337
101,1,0,5,2,0,81,8,6,8,6,4,2,2,1,0.57167
101,1,0,5,2,0,82,4,6,8,4,4,1,1,1,0.41991
101,1,0,5,2,0,83,2,6,8,3,4,1,1,1,0.5219
101,1,0,5,2,0,84,6,6,8,5,4,1,1,1,0.36104
101,1,0,5,2,0,85,8,6,8,6,4,2,1,0,0.39861
101,1,0,5,2,0,86,6,6,8,5,4,1,1,1,0.57799
101,1,0,5,2,0,87,10,6,8,7,4,2,2,1,0.38367
101,1,0,5,2,0,88,2,6,8,3,4,1,1,1,0.52021
101,1,0,5,2,0,89,2,6,8,3,4,1,1,1,1.254
101,1,0,5,2,0,90,8,6,8,6,4,2,2,1,0.62936
101,1,0,5,2,0,91,8,6,8,6,4,2,2,1,1.2573
101,1,0,5,2,0,92,6,6,8,5,4,1,1,1,0.66053
101,1,0,5,2,0,93,6,6,8,5,4,1,1,1,0.62882
101,1,0,5,2,0,94,8,6,8,6,4,2,2,1,0.49012
101,1,0,5,2,0,95,2,6,8,3,4,1,1,1,0.43295
101,1,0,5,2,0,96,8,6,8,6,4,2,2,1,0.514
101,1,0,5,2,0,97,4,6,8,4,4,1,1,1,0.47305
101,1,0,5,2,0,98,10,6,8,7,4,2,2,1,0.37499
101,1,0,5,2,0,99,8,6,8,6,4,2,2,1,0.51337
101,1,0,5,2,0,100,8,6,8,6,4,2,2,1,0.41588
101,1,0,5,2,0,101,10,6,8,7,4,2,2,1,0.31892
101,1,0,5,2,0,102,2,6,8,3,4,1,1,1,0.37803
101,1,0,5,2,0,103,8,6,8,6,4,2,2,1,0.36313
101,1,0,5,2,0,104,12,6,8,8,4,2,2,1,0.34724
101,1,0,5,2,0,105,12,6,8,8,4,2,2,1,0.33371
101,1,0,5,2,0,106,10,6,8,7,4,2,2,1,0.36953
101,1,0,5,2,0,107,2,6,8,3,4,1,1,1,0.48068
101,1,0,5,2,0,108,12,6,8,8,4,2,2,1,0.35216
101,1,0,5,2,0,109,4,6,8,4,4,1,1,1,0.60345
101,1,0,5,2,0,110,12,6,8,8,4,2,2,1,0.36318
101,1,0,5,2,0,111,10,6,8,7,4,2,2,1,0.396
101,1,0,5,2,0,112,12,6,8,8,4,2,2,1,0.34294
101,1,0,5,2,0,113,6,6,8,5,4,1,1,1,0.41874
101,1,0,5,2,0,114,4,6,8,4,4,1,1,1,0.40243
101,1,0,5,2,0,115,4,6,8,4,4,1,1,1,0.33361
101,1,0,5,2,0,116,4,6,8,4,4,1,1,1,0.42479
101,1,0,5,2,0,117,2,6,8,3,4,1,1,1,0.63496
101,1,0,5,2,0,118,8,6,8,6,4,2,2,1,0.48153
101,1,0,5,2,0,119,12,6,8,8,4,2,2,1,0.42306
101,1,0,5,2,0,120,4,6,8,4,4,1,1,1,0.43624
101,1,0,5,1,1,1,3,6,6,4,4,1,1,1,0.96537
101,1,0,5,1,1,2,11,6,6,8,4,2,2,1,0.39591
101,1,0,5,1,1,3,9,6,6,7,4,2,2,1,1.4977
101,1,0,5,1,1,4,9,6,6,7,4,2,2,1,0.34684
101,1,0,5,1,1,5,1,6,6,3,4,1,1,1,0.41264
101,1,0,5,1,1,6,1,6,6,3,4,1,1,1,0.32532
101,1,0,5,1,1,7,7,6,6,6,4,2,2,1,0.40805
101,1,0,5,1,1,8,11,6,6,8,4,2,2,1,0.36286
101,1,0,5,1,1,9,9,6,6,7,4,2,2,1,0.36328
101,1,0,5,1,1,10,11,6,6,8,4,2,2,1,0.31998
101,1,0,5,1,1,11,1,6,6,3,4,1,1,1,0.32162
101,1,0,5,1,1,12,11,6,6,8,4,2,2,1,0.38587
101,1,0,5,1,1,13,7,6,6,6,4,2,2,1,0.67702
101,1,0,5,1,1,14,9,6,6,7,4,2,2,1,0.45808
101,1,0,5,1,1,15,3,6,6,4,4,1,1,1,0.6863
101,1,0,5,1,1,16,5,6,6,5,4,1,1,1,0.44101
101,1,0,5,1,1,17,1,6,6,3,4,1,1,1,0.35842
101,1,0,5,1,1,18,5,6,6,5,4,1,1,1,0.57388
101,1,0,5,1,1,19,7,6,6,6,4,2,2,1,0.50478
101,1,0,5,1,1,20,3,6,6,4,4,1,1,1,0.49101
101,1,0,5,1,1,21,3,6,6,4,4,1,1,1,0.45121
101,1,0,5,1,1,22,7,6,6,6,4,2,2,1,0.452
101,1,0,5,1,1,23,5,6,6,5,4,1,1,1,0.53707
101,1,0,5,1,1,24,5,6,6,5,4,1,1,1,0.39924
101,1,0,5,1,0,1,11,6,6,8,4,2,2,1,0.37085
101,1,0,5,1,0,2,7,6,6,6,4,2,2,1,0.56871
101,1,0,5,1,0,3,5,6,6,5,4,1,1,1,0.33724
101,1,0,5,1,0,4,7,6,6,6,4,2,2,1,0.43135
101,1,0,5,1,0,5,3,6,6,4,4,1,1,1,0.3606
101,1,0,5,1,0,6,3,6,6,4,4,1,1,1,0.3529
101,1,0,5,1,0,7,7,6,6,6,4,2,2,1,0.40214
101,1,0,5,1,0,8,7,6,6,6,4,2,2,1,0.4256
101,1,0,5,1,0,9,5,6,6,5,4,1,1,1,0.43529
101,1,0,5,1,0,10,1,6,6,3,4,1,1,1,0.56499
101,1,0,5,1,0,11,11,6,6,8,4,2,2,1,0.35897
101,1,0,5,1,0,12,5,6,6,5,4,1,1,1,0.54602
101,1,0,5,1,0,13,11,6,6,8,4,2,2,1,0.39583
101,1,0,5,1,0,14,7,6,6,6,4,2,2,1,0.46565
101,1,0,5,1,0,15,5,6,6,5,4,1,1,1,0.47718
101,1,0,5,1,0,16,1,6,6,3,4,1,1,1,0.4007
101,1,0,5,1,0,17,7,6,6,6,4,2,2,1,0.43251
101,1,0,5,1,0,18,3,6,6,4,4,1,1,1,0.38575
101,1,0,5,1,0,19,1,6,6,3,4,1,1,1,0.33435
101,1,0,5,1,0,20,3,6,6,4,4,1,1,1,0.34681
101,1,0,5,1,0,21,5,6,6,5,4,1,1,1,0.3915
101,1,0,5,1,0,22,3,6,6,4,4,1,1,1,0.37592
101,1,0,5,1,0,23,11,6,6,8,4,2,2,1,0.32441
101,1,0,5,1,0,24,5,6,6,5,4,1,1,1,0.65034
101,1,0,5,1,0,25,7,6,6,6,4,2,2,1,0.48666
101,1,0,5,1,0,26,1,6,6,3,4,1,1,1,0.40206
101,1,0,5,1,0,27,9,6,6,7,4,2,2,1,0.41212
101,1,0,5,1,0,28,3,6,6,4,4,1,1,1,0.31797
101,1,0,5,1,0,29,3,6,6,4,4,1,1,1,0.32832
101,1,0,5,1,0,30,11,6,6,8,4,2,2,1,0.30806
101,1,0,5,1,0,31,9,6,6,7,4,2,2,1,0.34075
101,1,0,5,1,0,32,7,6,6,6,4,2,2,1,0.44307
101,1,0,5,1,0,33,1,6,6,3,4,1,1,1,0.4057
101,1,0,5,1,0,34,9,6,6,7,4,2,2,1,0.47257
101,1,0,5,1,0,35,1,6,6,3,4,1,1,1,0.3285
101,1,0,5,1,0,36,11,6,6,8,4,2,2,1,0.40271
101,1,0,5,1,0,37,9,6,6,7,4,2,2,1,0.44039
101,1,0,5,1,0,38,9,6,6,7,4,2,2,1,0.35032
101,1,0,5,1,0,39,9,6,6,7,4,2,2,1,0.35707
101,1,0,5,1,0,40,3,6,6,4,4,1,1,1,0.37438
101,1,0,5,1,0,41,1,6,6,3,4,1,1,1,0.36767
101,1,0,5,1,0,42,5,6,6,5,4,1,1,1,0.51026
101,1,0,5,1,0,43,1,6,6,3,4,1,1,1,0.52955
101,1,0,5,1,0,44,1,6,6,3,4,1,1,1,0.35201
101,1,0,5,1,0,45,11,6,6,8,4,2,2,1,0.90229
101,1,0,5,1,0,46,11,6,6,8,4,2,2,1,0.82402
101,1,0,5,1,0,47,3,6,6,4,4,1,1,1,0.44892
101,1,0,5,1,0,48,11,6,6,8,4,2,2,1,0.33889
101,1,0,5,1,0,49,1,6,6,3,4,1,1,1,0.38442
101,1,0,5,1,0,50,9,6,6,7,4,2,2,1,0.48127
101,1,0,5,1,0,51,7,6,6,6,4,2,2,1,0.50964
101,1,0,5,1,0,52,11,6,6,8,4,2,2,1,0.32972
101,1,0,5,1,0,53,11,6,6,8,4,2,2,1,0.25731
101,1,0,5,1,0,54,1,6,6,3,4,1,1,1,0.39213
101,1,0,5,1,0,55,1,6,6,3,4,1,1,1,0.67121
101,1,0,5,1,0,56,11,6,6,8,4,2,2,1,0.35007
101,1,0,5,1,0,57,11,6,6,8,4,2,2,1,0.33593
101,1,0,5,1,0,58,3,6,6,4,4,1,1,1,0.63487
101,1,0,5,1,0,59,11,6,6,8,4,2,2,1,0.50212
101,1,0,5,1,0,60,1,6,6,3,4,1,1,1,0.58742
101,1,0,5,1,0,61,7,6,6,6,4,2,2,1,0.44249
101,1,0,5,1,0,62,3,6,6,4,4,1,1,1,0.47089
101,1,0,5,1,0,63,11,6,6,8,4,2,2,1,0.3495
101,1,0,5,1,0,64,3,6,6,4,4,1,1,1,0.39982
101,1,0,5,1,0,65,3,6,6,4,4,1,1,1,0.40224
101,1,0,5,1,0,66,7,6,6,6,4,2,2,1,0.66336
101,1,0,5,1,0,67,3,6,6,4,4,1,1,1,0.46318
101,1,0,5,1,0,68,5,6,6,5,4,1,1,1,1.14
101,1,0,5,1,0,69,9,6,6,7,4,2,2,1,0.38813
101,1,0,5,1,0,70,1,6,6,3,4,1,1,1,0.66381
101,1,0,5,1,0,71,1,6,6,3,4,1,1,1,0.36868
101,1,0,5,1,0,72,5,6,6,5,4,1,1,1,0.62845
101,1,0,5,1,0,73,5,6,6,5,4,1,1,1,0.40143
101,1,0,5,1,0,74,3,6,6,4,4,1,1,1,0.30754
101,1,0,5,1,0,75,7,6,6,6,4,2,2,1,0.43619
101,1,0,5,1,0,76,7,6,6,6,4,2,2,1,0.39079
101,1,0,5,1,0,77,3,6,6,4,4,1,1,1,0.44652
101,1,0,5,1,0,78,7,6,6,6,4,2,2,1,0.42438
101,1,0,5,1,0,79,9,6,6,7,4,2,2,1,0.54838
101,1,0,5,1,0,80,9,6,6,7,4,2,2,1,0.4198
101,1,0,5,1,0,81,3,6,6,4,4,1,1,1,0.40692
101,1,0,5,1,0,82,3,6,6,4,4,1,1,1,0.34977
101,1,0,5,1,0,83,7,6,6,6,4,2,2,1,0.39622
101,1,0,5,1,0,84,9,6,6,7,4,2,2,1,0.37699
101,1,0,5,1,0,85,5,6,6,5,4,1,1,1,0.77817
101,1,0,5,1,0,86,11,6,6,8,4,2,2,1,0.34026
101,1,0,5,1,0,87,7,6,6,6,4,2,2,1,0.65956
101,1,0,5,1,0,88,7,6,6,6,4,2,2,1,0.36328
101,1,0,5,1,0,89,7,6,6,6,4,2,2,1,0.3314
101,1,0,5,1,0,90,5,6,6,5,4,1,1,1,0.41532
101,1,0,5,1,0,91,1,6,6,3,4,1,1,1,0.40936
101,1,0,5,1,0,92,5,6,6,5,4,1,1,1,0.39589
101,1,0,5,1,0,93,9,6,6,7,4,2,2,1,0.33075
101,1,0,5,1,0,94,11,6,6,8,4,2,2,1,0.34346
101,1,0,5,1,0,95,11,6,6,8,4,2,2,1,0.4595
101,1,0,5,1,0,96,9,6,6,7,4,2,2,1,0.33934
101,1,0,5,1,0,97,1,6,6,3,4,1,1,1,0.36473
101,1,0,5,1,0,98,11,6,6,8,4,2,2,1,0.44028
101,1,0,5,1,0,99,9,6,6,7,4,2,2,1,0.40881
101,1,0,5,1,0,100,5,6,6,5,4,1,1,1,0.92271
101,1,0,5,1,0,101,9,6,6,7,4,2,2,1,0.36374
101,1,0,5,1,0,102,5,6,6,5,4,1,1,1,0.4871
101,1,0,5,1,0,103,1,6,6,3,4,1,1,1,0.54376
101,1,0,5,1,0,104,9,6,6,7,4,2,2,1,0.34857
101,1,0,5,1,0,105,3,6,6,4,4,1,1,1,0.43716
101,1,0,5,1,0,106,5,6,6,5,4,1,1,1,0.42948
101,1,0,5,1,0,107,9,6,6,7,4,2,2,1,0.36024
101,1,0,5,1,0,108,9,6,6,7,4,2,2,1,0.3756
101,1,0,5,1,0,109,9,6,6,7,4,2,2,1,0.45137
101,1,0,5,1,0,110,5,6,6,5,4,1,1,1,0.51687
101,1,0,5,1,0,111,11,6,6,8,4,2,2,1,0.47818
101,1,0,5,1,0,112,3,6,6,4,4,1,2,0,0.29366
101,1,0,5,1,0,113,7,6,6,6,4,2,2,1,1.0546
101,1,0,5,1,0,114,5,6,6,5,4,1,1,1,1.0919
101,1,0,5,1,0,115,9,6,6,7,4,2,2,1,0.58399
101,1,0,5,1,0,116,5,6,6,5,4,1,1,1,0.91811
101,1,0,5,1,0,117,1,6,6,3,4,1,1,1,0.50047
101,1,0,5,1,0,118,1,6,6,3,4,1,1,1,0.38419
101,1,0,5,1,0,119,7,6,6,6,4,2,2,1,1.2517
101,1,0,5,1,0,120,5,6,6,5,4,1,1,1,0.44748
101,1,0,5,5,1,1,5,6,6,5,4,1,2,0,1.897
101,1,0,5,5,1,2,11,6,6,8,4,2,2,1,0.40121
101,1,0,5,5,1,3,11,6,6,8,4,2,2,1,0.32301
101,1,0,5,5,1,4,3,6,6,4,4,1,1,1,0.59863
101,1,0,5,5,1,5,10,6,8,7,4,2,2,1,0.64376
101,1,0,5,5,1,6,4,6,8,4,4,1,1,1,0.86109
101,1,0,5,5,1,7,12,6,8,8,4,2,2,1,0.73813
101,1,0,5,5,1,8,5,6,6,5,4,1,1,1,0.52538
101,1,0,5,5,1,9,9,6,6,7,4,2,2,1,0.32912
101,1,0,5,5,1,10,6,6,8,5,4,1,1,1,0.45554
101,1,0,5,5,1,11,10,6,8,7,4,2,2,1,0.3762
101,1,0,5,5,1,12,4,6,8,4,4,1,1,1,0.73593
101,1,0,5,5,1,13,2,6,8,3,4,1,1,1,0.45311
101,1,0,5,5,1,14,3,6,6,4,4,1,1,1,0.39341
101,1,0,5,5,1,15,7,6,6,6,4,2,2,1,0.47064
101,1,0,5,5,1,16,8,6,8,6,4,2,2,1,0.60777
101,1,0,5,5,1,17,8,6,8,6,4,2,2,1,0.64063
101,1,0,5,5,1,18,2,6,8,3,4,1,1,1,0.39946
101,1,0,5,5,1,19,1,6,6,3,4,1,1,1,0.44348
101,1,0,5,5,1,20,7,6,6,6,4,2,2,1,0.53916
101,1,0,5,5,1,21,6,6,8,5,4,1,1,1,0.63983
101,1,0,5,5,1,22,9,6,6,7,4,2,2,1,0.40295
101,1,0,5,5,1,23,1,6,6,3,4,1,1,1,0.44983
101,1,0,5,5,1,24,12,6,8,8,4,2,2,1,0.42806
101,1,0,5,5,0,1,4,6,8,4,4,1,1,1,1.126
101,1,0,5,5,0,2,4,6,8,4,4,1,1,1,0.3844
101,1,0,5,5,0,3,3,6,6,4,4,1,1,1,0.43679
101,1,0,5,5,0,4,7,6,6,6,4,2,2,1,0.57601
101,1,0,5,5,0,5,6,6,8,5,4,1,1,1,0.54728
101,1,0,5,5,0,6,7,6,6,6,4,2,2,1,0.42843
101,1,0,5,5,0,7,2,6,8,3,4,1,1,1,0.38523
101,1,0,5,5,0,8,6,6,8,5,4,1,1,1,0.33845
101,1,0,5,5,0,9,3,6,6,4,4,1,1,1,0.3329
101,1,0,5,5,0,10,11,6,6,8,4,2,2,1,0.30317
101,1,0,5,5,0,11,5,6,6,5,4,1,1,1,0.27746
101,1,0,5,5,0,12,2,6,8,3,4,1,1,1,0.38776
101,1,0,5,5,0,13,5,6,6,5,4,1,1,1,0.4034
101,1,0,5,5,0,14,11,6,6,8,4,2,2,1,0.69901
101,1,0,5,5,0,15,9,6,6,7,4,2,2,1,0.84942
101,1,0,5,5,0,16,4,6,8,4,4,1,1,1,0.41718
101,1,0,5,5,0,17,1,6,6,3,4,1,1,1,0.41824
101,1,0,5,5,0,18,9,6,6,7,4,2,2,1,0.57649
101,1,0,5,5,0,19,10,6,8,7,4,2,2,1,0.41568
101,1,0,5,5,0,20,5,6,6,5,4,1,1,1,0.71291
101,1,0,5,5,0,21,11,6,6,8,4,2,2,1,0.35891
101,1,0,5,5,0,22,2,6,8,3,4,1,1,1,0.46676
101,1,0,5,5,0,23,2,6,8,3,4,1,1,1,0.38091
101,1,0,5,5,0,24,1,6,6,3,4,1,1,1,0.34689
101,1,0,5,5,0,25,8,6,8,6,4,2,2,1,0.3677
101,1,0,5,5,0,26,1,6,6,3,4,1,1,1,0.39719
101,1,0,5,5,0,27,6,6,8,5,4,1,1,1,0.33517
101,1,0,5,5,0,28,6,6,8,5,4,1,1,1,1.0739
101,1,0,5,5,0,29,7,6,6,6,4,2,2,1,0.87219
101,1,0,5,5,0,30,8,6,8,6,4,2,2,1,0.44578
101,1,0,5,5,0,31,3,6,6,4,4,1,1,1,0.43211
101,1,0,5,5,0,32,12,6,8,8,4,2,2,1,0.36626
101,1,0,5,5,0,33,5,6,6,5,4,1,1,1,0.61218
101,1,0,5,5,0,34,6,6,8,5,4,1,1,1,0.8726
101,1,0,5,5,0,35,5,6,6,5,4,1,1,1,0.47307
101,1,0,5,5,0,36,9,6,6,7,4,2,2,1,0.32198
101,1,0,5,5,0,37,9,6,6,7,4,2,2,1,0.34328
101,1,0,5,5,0,38,1,6,6,3,4,1,1,1,0.36076
101,1,0,5,5,0,39,1,6,6,3,4,1,1,1,0.42619
101,1,0,5,5,0,40,2,6,8,3,4,1,1,1,0.39944
101,1,0,5,5,0,41,8,6,8,6,4,2,2,1,0.35761
101,1,0,5,5,0,42,6,6,8,5,4,1,1,1,0.65839
101,1,0,5,5,0,43,8,6,8,6,4,2,2,1,0.40335
101,1,0,5,5,0,44,6,6,8,5,4,1,1,1,0.47285
101,1,0,5,5,0,45,12,6,8,8,4,2,2,1,0.30223
101,1,0,5,5,0,46,6,6,8,5,4,1,1,1,1.1317
101,1,0,5,5,0,47,3,6,6,4,4,1,1,1,0.50217
101,1,0,5,5,0,48,7,6,6,6,4,2,2,1,0.45014
101,1,0,5,5,0,49,2,6,8,3,4,1,1,1,0.49903
101,1,0,5,5,0,50,3,6,6,4,4,1,1,1,0.4347
101,1,0,5,5,0,51,5,6,6,5,4,1,1,1,0.44752
101,1,0,5,5,0,52,5,6,6,5,4,1,1,1,0.38479
101,1,0,5,5,0,53,12,6,8,8,4,2,2,1,0.48377
101,1,0,5,5,0,54,2,6,8,3,4,1,2,0,0.17738
101,1,0,5,5,0,55,1,6,6,3,4,1,1,1,0.42134
101,1,0,5,5,0,56,5,6,6,5,4,1,1,1,0.52801
101,1,0,5,5,0,57,7,6,6,6,4,2,2,1,0.50218
101,1,0,5,5,0,58,5,6,6,5,4,1,1,1,0.49623
101,1,0,5,5,0,59,2,6,8,3,4,1,1,1,0.45263
101,1,0,5,5,0,60,3,6,6,4,4,1,1,1,0.39241
101,1,0,5,5,0,61,7,6,6,6,4,2,2,1,0.49657
101,1,0,5,5,0,62,12,6,8,8,4,2,2,1,0.36301
101,1,0,5,5,0,63,4,6,8,4,4,1,1,1,0.48337
101,1,0,5,5,0,64,10,6,8,7,4,2,2,1,0.62267
101,1,0,5,5,0,65,9,6,6,7,4,2,2,1,0.45528
101,1,0,5,5,0,66,9,6,6,7,4,2,2,1,0.36335
101,1,0,5,5,0,67,6,6,8,5,4,1,1,1,0.36475
101,1,0,5,5,0,68,5,6,6,5,4,1,1,1,0.41286
101,1,0,5,5,0,69,12,6,8,8,4,2,2,1,0.31916
101,1,0,5,5,0,70,11,6,6,8,4,2,2,1,0.30765
101,1,0,5,5,0,71,7,6,6,6,4,2,2,1,0.35457
101,1,0,5,5,0,72,12,6,8,8,4,2,2,1,0.30751
101,1,0,5,5,0,73,4,6,8,4,4,1,1,1,0.39531
101,1,0,5,5,0,74,10,6,8,7,4,2,2,1,0.34641
101,1,0,5,5,0,75,11,6,6,8,4,2,2,1,0.3409
101,1,0,5,5,0,76,2,6,8,3,4,1,1,1,0.41317
101,1,0,5,5,0,77,4,6,8,4,4,1,1,1,0.47068
101,1,0,5,5,0,78,9,6,6,7,4,2,2,1,0.32852
101,1,0,5,5,0,79,10,6,8,7,4,2,2,1,0.55049
101,1,0,5,5,0,80,10,6,8,7,4,2,2,1,0.35889
101,1,0,5,5,0,81,12,6,8,8,4,2,2,1,0.43987
101,1,0,5,5,0,82,3,6,6,4,4,1,1,1,0.41579
101,1,0,5,5,0,83,10,6,8,7,4,2,2,1,0.77267
101,1,0,5,5,0,84,9,6,6,7,4,2,2,1,0.51694
101,1,0,5,5,0,85,3,6,6,4,4,1,1,1,0.3877
101,1,0,5,5,0,86,9,6,6,7,4,2,2,1,0.43471
101,1,0,5,5,0,87,11,6,6,8,4,2,2,1,0.3416
101,1,0,5,5,0,88,7,6,6,6,4,2,2,1,0.80497
101,1,0,5,5,0,89,1,6,6,3,4,1,1,1,0.45764
101,1,0,5,5,0,90,12,6,8,8,4,2,2,1,0.3422
101,1,0,5,5,0,91,1,6,6,3,4,1,1,1,0.41039
101,1,0,5,5,0,92,4,6,8,4,4,1,1,1,0.35738
101,1,0,5,5,0,93,8,6,8,6,4,2,2,1,0.32544
101,1,0,5,5,0,94,1,6,6,3,4,1,1,1,0.53782
101,1,0,5,5,0,95,1,6,6,3,4,1,1,1,0.34975
101,1,0,5,5,0,96,11,6,6,8,4,2,2,1,0.33173
101,1,0,5,5,0,97,2,6,8,3,4,1,1,1,0.81089
101,1,0,5,5,0,98,11,6,6,8,4,2,2,1,0.3845
101,1,0,5,5,0,99,3,6,6,4,4,1,1,1,1.0719
101,1,0,5,5,0,100,10,6,8,7,4,2,2,1,0.77499
101,1,0,5,5,0,101,12,6,8,8,4,2,2,1,0.42795
101,1,0,5,5,0,102,7,6,6,6,4,2,2,1,0.56892
101,1,0,5,5,0,103,12,6,8,8,4,2,2,1,0.3842
101,1,0,5,5,0,104,6,6,8,5,4,1,1,1,0.56614
101,1,0,5,5,0,105,8,6,8,6,4,2,2,1,0.45993
101,1,0,5,5,0,106,10,6,8,7,4,2,2,1,0.38539
101,1,0,5,5,0,107,4,6,8,4,4,1,1,1,0.43396
101,1,0,5,5,0,108,11,6,6,8,4,2,2,1,0.3881
101,1,0,5,5,0,109,8,6,8,6,4,2,2,1,0.70433
101,1,0,5,5,0,110,9,6,6,7,4,2,2,1,0.3839
101,1,0,5,5,0,111,8,6,8,6,4,2,2,1,0.57846
101,1,0,5,5,0,112,4,6,8,4,4,1,1,1,0.60109
101,1,0,5,5,0,113,10,6,8,7,4,2,2,1,0.4657
101,1,0,5,5,0,114,10,6,8,7,4,2,2,1,1.0737
101,1,0,5,5,0,115,7,6,6,6,4,2,2,1,0.46869
101,1,0,5,5,0,116,4,6,8,4,4,1,1,1,0.51773
101,1,0,5,5,0,117,3,6,6,4,4,1,1,1,0.43807
101,1,0,5,5,0,118,11,6,6,8,4,2,2,1,0.48201
101,1,0,5,5,0,119,8,6,8,6,4,2,2,1,0.52839
101,1,0,5,5,0,120,8,6,8,6,4,2,2,1,0.48766
101,1,0,5,6,0,1,7,6,6,6,4,2,1,0,0.84735
101,1,0,5,6,0,2,1,6,6,3,4,1,1,1,0.48769
101,1,0,5,6,0,3,9,6,6,7,4,2,2,1,0.94912
101,1,0,5,6,0,4,11,6,6,8,4,2,2,1,0.54854
101,1,0,5,6,0,5,11,6,6,8,4,2,2,1,0.35143
101,1,0,5,6,0,6,1,6,6,3,4,1,1,1,0.53658
101,1,0,5,6,0,7,3,6,6,4,4,1,1,1,0.87868
101,1,0,5,6,0,8,7,6,6,6,4,2,2,1,0.55949
101,1,0,5,6,0,9,3,6,6,4,4,1,1,1,0.44682
101,1,0,5,6,0,10,8,6,8,6,4,2,2,1,0.4868
101,1,0,5,6,0,11,7,6,6,6,4,2,2,1,0.35134
101,1,0,5,6,0,12,12,6,8,8,4,2,2,1,0.45581
101,1,0,5,6,0,13,2,6,8,3,4,1,1,1,0.46077
101,1,0,5,6,0,14,7,6,6,6,4,2,2,1,0.40406
101,1,0,5,6,0,15,1,6,6,3,4,1,1,1,0.48952
101,1,0,5,6,0,16,1,6,6,3,4,1,1,1,0.66546
101,1,0,5,6,0,17,1,6,6,3,4,1,1,1,0.30319
101,1,0,5,6,0,18,5,6,6,5,4,1,2,0,0.42243
101,1,0,5,6,0,19,11,6,6,8,4,2,2,1,1.025
101,1,0,5,6,0,20,3,6,6,4,4,1,1,1,0.46338
101,1,0,5,6,0,21,9,6,6,7,4,2,2,1,0.36986
101,1,0,5,6,0,22,11,6,6,8,4,2,2,1,0.40693
101,1,0,5,6,0,23,1,6,6,3,4,1,1,1,0.42464
101,1,0,5,6,0,24,7,6,6,6,4,2,2,1,0.53194
101,1,0,5,6,0,25,2,6,8,3,4,1,1,1,0.49315
101,1,0,5,6,0,26,2,6,8,3,4,1,1,1,0.34892
101,1,0,5,6,0,27,9,6,6,7,4,2,2,1,0.31962
101,1,0,5,6,0,28,5,6,6,5,4,1,1,1,0.84967
101,1,0,5,6,0,29,4,6,8,4,4,1,1,1,0.35661
101,1,0,5,6,0,30,2,6,8,3,4,1,1,1,0.52415
101,1,0,5,6,0,31,5,6,6,5,4,1,1,1,0.80828
101,1,0,5,6,0,32,6,6,8,5,4,1,1,1,0.3498
101,1,0,5,6,0,33,4,6,8,4,4,1,1,1,0.35521
101,1,0,5,6,0,34,5,6,6,5,4,1,1,1,0.44338
101,1,0,5,6,0,35,4,6,8,4,4,1,1,1,0.34337
101,1,0,5,6,0,36,9,6,6,7,4,2,2,1,0.42528
101,1,0,5,6,0,37,8,6,8,6,4,2,2,1,0.63168
101,1,0,5,6,0,38,10,6,8,7,4,2,2,1,0.5062
101,1,0,5,6,0,39,5,6,6,5,4,1,1,1,0.6371
101,1,0,5,6,0,40,1,6,6,3,4,1,1,1,0.4434
101,1,0,5,6,0,41,6,6,8,5,4,1,1,1,1.1446
101,1,0,5,6,0,42,2,6,8,3,4,1,1,1,0.5304
101,1,0,5,6,0,43,3,6,6,4,4,1,1,1,0.54375
101,1,0,5,6,0,44,9,6,6,7,4,2,2,1,1.2556
101,1,0,5,6,0,45,5,6,6,5,4,1,1,1,0.56301
101,1,0,5,6,0,46,8,6,8,6,4,2,2,1,0.66683
101,1,0,5,6,0,47,5,6,6,5,4,1,1,1,1.0644
101,1,0,5,6,0,48,7,6,6,6,4,2,2,1,0.51841
101,1,0,5,6,0,49,11,6,6,8,4,2,2,1,0.4128
101,1,0,5,6,0,50,7,6,6,6,4,2,2,1,0.43485
101,1,0,5,6,0,51,11,6,6,8,4,2,2,1,0.4204
101,1,0,5,6,0,52,1,6,6,3,4,1,1,1,0.5336
101,1,0,5,6,0,53,9,6,6,7,4,2,2,1,0.434
101,1,0,5,6,0,54,9,6,6,7,4,2,2,1,0.33247
101,1,0,5,6,0,55,10,6,8,7,4,2,2,1,0.32248
101,1,0,5,6,0,56,12,6,8,8,4,2,2,1,0.28729
101,1,0,5,6,0,57,4,6,8,4,4,1,1,1,0.44511
101,1,0,5,6,0,58,10,6,8,7,4,2,2,1,0.31523
101,1,0,5,6,0,59,6,6,8,5,4,1,1,1,0.66524
101,1,0,5,6,0,60,6,6,8,5,4,1,1,1,0.47817
101,1,0,5,6,0,61,12,6,8,8,4,2,2,1,0.35267
101,1,0,5,6,0,62,9,6,6,7,4,2,2,1,0.53327
101,1,0,5,6,0,63,2,6,8,3,4,1,1,1,0.45254
101,1,0,5,6,0,64,10,6,8,7,4,2,2,1,0.38283
101,1,0,5,6,0,65,9,6,6,7,4,2,2,1,0.31733
101,1,0,5,6,0,66,10,6,8,7,4,2,2,1,0.33845
101,1,0,5,6,0,67,4,6,8,4,4,1,2,0,0.3188
101,1,0,5,6,0,68,6,6,8,5,4,1,1,1,0.87893
101,1,0,5,6,0,69,3,6,6,4,4,1,1,1,0.33424
101,1,0,5,6,0,70,11,6,6,8,4,2,2,1,0.32478
101,1,0,5,6,0,71,12,6,8,8,4,2,2,1,1.1856
101,1,0,5,6,0,72,10,6,8,7,4,2,2,1,0.64479
101,1,0,5,6,0,73,2,6,8,3,4,1,1,1,0.3327
101,1,0,5,6,0,74,6,6,8,5,4,1,1,1,0.47038
101,1,0,5,6,0,75,7,6,6,6,4,2,2,1,0.50155
101,1,0,5,6,0,76,10,6,8,7,4,2,2,1,0.41582
101,1,0,5,6,0,77,11,6,6,8,4,2,2,1,0.38556
101,1,0,5,6,0,78,8,6,8,6,4,2,2,1,0.62349
101,1,0,5,6,0,79,12,6,8,8,4,2,2,1,0.36019
101,1,0,5,6,0,80,9,6,6,7,4,2,2,1,0.40435
101,1,0,5,6,0,81,3,6,6,4,4,1,1,1,0.56795
101,1,0,5,6,0,82,3,6,6,4,4,1,1,1,0.53365
101,1,0,5,6,0,83,10,6,8,7,4,2,2,1,0.37219
101,1,0,5,6,0,84,4,6,8,4,4,1,1,1,0.49667
101,1,0,5,6,0,85,5,6,6,5,4,1,1,1,0.52775
101,1,0,5,6,0,86,12,6,8,8,4,2,2,1,0.37602
101,1,0,5,6,0,87,3,6,6,4,4,1,1,1,0.4409
101,1,0,5,6,0,88,1,6,6,3,4,1,1,1,0.51418
101,1,0,5,6,0,89,5,6,6,5,4,1,1,1,0.31825
101,1,0,5,6,0,90,8,6,8,6,4,2,2,1,0.4958
101,1,0,5,6,0,91,12,6,8,8,4,2,2,1,0.49804
101,1,0,5,6,0,92,6,6,8,5,4,1,1,1,0.39008
101,1,0,5,6,0,93,6,6,8,5,4,1,1,1,0.46181
101,1,0,5,6,0,94,5,6,6,5,4,1,1,1,1.7432
101,1,0,5,6,0,95,8,6,8,6,4,2,2,1,1.2019
101,1,0,5,6,0,96,11,6,6,8,4,2,2,1,1.0498
101,1,0,5,6,0,97,2,6,8,3,4,1,1,1,0.81205
101,1,0,5,6,0,98,3,6,6,4,4,1,1,1,0.53813
101,1,0,5,6,0,99,12,6,8,8,4,2,2,1,0.34285
101,1,0,5,6,0,100,4,6,8,4,4,1,1,1,0.64139
101,1,0,5,6,0,101,1,6,6,3,4,1,1,1,0.42598
101,1,0,5,6,0,102,10,6,8,7,4,2,2,1,0.48304
101,1,0,5,6,0,103,12,6,8,8,4,2,2,1,0.33337
101,1,0,5,6,0,104,2,6,8,3,4,1,1,1,0.47468
101,1,0,5,6,0,105,8,6,8,6,4,2,2,1,0.49224
101,1,0,5,6,0,106,7,6,6,6,4,2,2,1,0.67023
101,1,0,5,6,0,107,3,6,6,4,4,1,1,1,0.42263
101,1,0,5,6,0,108,2,6,8,3,4,1,1,1,0.48072
101,1,0,5,6,0,109,7,6,6,6,4,2,2,1,0.51612
101,1,0,5,6,0,110,4,6,8,4,4,1,1,1,0.44229
101,1,0,5,6,0,111,8,6,8,6,4,2,2,1,0.42009
101,1,0,5,6,0,112,4,6,8,4,4,1,1,1,0.41204
101,1,0,5,6,0,113,4,6,8,4,4,1,1,1,0.45985
101,1,0,5,6,0,114,8,6,8,6,4,2,2,1,0.38152
101,1,0,5,6,0,115,6,6,8,5,4,1,1,1,0.50166
101,1,0,5,6,0,116,12,6,8,8,4,2,2,1,0.36771
101,1,0,5,6,0,117,6,6,8,5,4,1,1,1,0.66466
101,1,0,5,6,0,118,11,6,6,8,4,2,2,1,0.30688
101,1,0,5,6,0,119,8,6,8,6,4,2,2,1,0.34881
101,1,0,5,6,0,120,10,6,8,7,4,2,2,1,0.35028
