203,2,5,4,1,1,7,60,10,2,2,1,1.5324
203,2,5,4,1,2,4,80,6,1,1,1,0.44399
203,2,5,4,1,3,7,60,10,2,2,1,0.51664
203,2,5,4,1,4,4,80,6,1,1,1,0.45398
203,2,5,4,1,5,6,80,8,1,1,1,1.7487
203,2,5,4,1,6,11,60,14,2,2,1,0.43218
203,2,5,4,1,7,6,80,8,1,1,1,0.53196
203,2,5,4,1,8,7,60,10,2,2,1,2.4008
203,2,5,4,1,9,6,80,8,1,1,1,0.62305
203,2,5,4,1,10,4,80,6,1,1,1,0.66081
203,2,5,4,1,11,2,80,4,1,1,1,0.48064
203,2,5,4,1,12,7,60,10,2,2,1,0.63781
203,2,5,4,1,13,9,60,12,2,2,1,0.48483
203,2,5,4,1,14,11,60,14,2,2,1,0.44635
203,2,5,4,1,15,6,80,8,1,1,1,0.50498
203,2,5,4,1,16,4,80,6,1,1,1,0.5223
203,2,5,4,1,17,11,60,14,2,2,1,0.62747
203,2,5,4,1,18,2,80,4,1,1,1,0.40882
203,2,5,4,1,19,9,60,12,2,2,1,0.5424
203,2,5,4,1,20,9,60,12,2,2,1,0.38574
203,2,5,4,1,21,2,80,4,1,1,1,0.48692
203,2,5,4,1,22,11,60,14,2,2,1,0.45767
203,2,5,4,1,23,2,80,4,1,1,1,0.39049
203,2,5,4,1,24,9,60,12,2,2,1,0.42821
203,2,5,4,0,1,9,60,12,2,2,1,0.44684
203,2,5,4,0,2,6,80,8,1,1,1,0.60711
203,2,5,4,0,3,11,60,14,2,2,1,0.36958
203,2,5,4,0,4,6,80,8,1,1,1,0.44434
203,2,5,4,0,5,6,80,8,1,1,1,0.59774
203,2,5,4,0,6,2,80,4,1,1,1,0.44709
203,2,5,4,0,7,9,60,12,2,2,1,0.4378
203,2,5,4,0,8,7,60,10,2,2,1,0.6807
203,2,5,4,0,9,11,60,14,2,2,1,0.42592
203,2,5,4,0,10,2,80,4,1,1,1,0.37182
203,2,5,4,0,11,9,60,12,2,2,1,0.48341
203,2,5,4,0,12,4,80,6,1,1,1,0.45501
203,2,5,4,0,13,4,80,6,1,1,1,0.50107
203,2,5,4,0,14,9,60,12,2,2,1,0.4594
203,2,5,4,0,15,9,60,12,2,2,1,0.42513
203,2,5,4,0,16,11,60,14,2,2,1,0.36036
203,2,5,4,0,17,2,80,4,1,1,1,0.37375
203,2,5,4,0,18,2,80,4,1,1,1,0.39173
203,2,5,4,0,19,6,80,8,1,1,1,1.0142
203,2,5,4,0,20,7,60,10,2,2,1,0.87423
203,2,5,4,0,21,2,80,4,1,1,1,0.45982
203,2,5,4,0,22,7,60,10,2,2,1,0.77802
203,2,5,4,0,23,4,80,6,1,1,1,0.4949
203,2,5,4,0,24,2,80,4,1,1,1,0.42435
203,2,5,4,0,25,9,60,12,2,2,1,0.44215
203,2,5,4,0,26,9,60,12,2,2,1,0.34336
203,2,5,4,0,27,11,60,14,2,2,1,0.36872
203,2,5,4,0,28,6,80,8,1,1,1,0.66368
203,2,5,4,0,29,7,60,10,2,2,1,0.77043
203,2,5,4,0,30,7,60,10,2,2,1,0.50676
203,2,5,4,0,31,6,80,8,1,1,1,0.7377
203,2,5,4,0,32,9,60,12,2,2,1,0.4869
203,2,5,4,0,33,6,80,8,1,1,1,0.61427
203,2,5,4,0,34,4,80,6,1,1,1,0.45397
203,2,5,4,0,35,4,80,6,1,1,1,0.48268
203,2,5,4,0,36,11,60,14,2,2,1,0.40112
203,2,5,4,0,37,11,60,14,2,2,1,0.41574
203,2,5,4,0,38,6,80,8,1,1,1,0.9247
203,2,5,4,0,39,7,60,10,2,2,1,0.71687
203,2,5,4,0,40,4,80,6,1,1,1,0.45063
203,2,5,4,0,41,2,80,4,1,1,1,0.39849
203,2,5,4,0,42,7,60,10,2,2,1,0.43979
203,2,5,4,0,43,4,80,6,1,1,1,0.43467
203,2,5,4,0,44,11,60,14,2,2,1,0.40738
203,2,5,4,0,45,7,60,10,2,2,1,0.78716
203,2,5,4,0,46,2,80,4,1,1,1,0.45576
203,2,5,4,0,47,11,60,14,2,2,1,0.42737
203,2,5,4,0,48,4,80,6,1,1,1,0.38221
203,2,5,4,0,49,11,60,14,2,2,1,0.51504
203,2,5,4,0,50,9,60,12,2,2,1,0.59679
203,2,5,4,0,51,9,60,12,2,2,1,0.51578
203,2,5,4,0,52,2,80,4,1,1,1,0.508
203,2,5,4,0,53,2,80,4,1,1,1,0.45324
203,2,5,4,0,54,4,80,6,1,1,1,0.81656
203,2,5,4,0,55,6,80,8,1,1,1,0.89268
203,2,5,4,0,56,4,80,6,1,1,1,0.49785
203,2,5,4,0,57,7,60,10,2,2,1,0.86509
203,2,5,4,0,58,2,80,4,1,1,1,0.48538
203,2,5,4,0,59,6,80,8,1,1,1,0.64171
203,2,5,4,0,60,6,80,8,1,1,1,0.66242
203,2,5,4,0,61,2,80,4,1,1,1,0.61616
203,2,5,4,0,62,4,80,6,1,1,1,0.59782
203,2,5,4,0,63,7,60,10,2,2,1,0.62047
203,2,5,4,0,64,6,80,8,1,2,0,4.5178
203,2,5,4,0,65,9,60,12,2,2,1,0.58102
203,2,5,4,0,66,4,80,6,1,1,1,0.46163
203,2,5,4,0,67,4,80,6,1,1,1,0.42968
203,2,5,4,0,68,11,60,14,2,2,1,0.49467
203,2,5,4,0,69,7,60,10,2,2,1,0.72836
203,2,5,4,0,70,11,60,14,2,2,1,0.38838
203,2,5,4,0,71,6,80,8,1,1,1,0.70591
203,2,5,4,0,72,11,60,14,2,2,1,0.44529
203,2,5,4,0,73,11,60,14,2,2,1,0.38883
203,2,5,4,0,74,11,60,14,2,2,1,0.34565
203,2,5,4,0,75,11,60,14,2,2,1,0.37019
203,2,5,4,0,76,4,80,6,1,1,1,0.47585
203,2,5,4,0,77,2,80,4,1,1,1,0.42354
203,2,5,4,0,78,9,60,12,2,2,1,0.49011
203,2,5,4,0,79,6,80,8,1,1,1,0.79301
203,2,5,4,0,80,2,80,4,1,1,1,0.52497
203,2,5,4,0,81,4,80,6,1,1,1,0.67163
203,2,5,4,0,82,6,80,8,1,1,1,1.301
203,2,5,4,0,83,9,60,12,2,2,1,0.47105
203,2,5,4,0,84,9,60,12,2,2,1,0.53747
203,2,5,4,0,85,9,60,12,2,2,1,0.46261
203,2,5,4,0,86,4,80,6,1,1,1,0.54419
203,2,5,4,0,87,4,80,6,1,1,1,0.42748
203,2,5,4,0,88,2,80,4,1,1,1,0.37921
203,2,5,4,0,89,7,60,10,2,2,1,0.46117
203,2,5,4,0,90,2,80,4,1,1,1,0.87694
203,2,5,4,0,91,11,60,14,2,2,1,0.56209
203,2,5,4,0,92,11,60,14,2,2,1,0.43447
203,2,5,4,0,93,7,60,10,2,2,1,0.75067
203,2,5,4,0,94,6,80,8,1,1,1,0.80025
203,2,5,4,0,95,9,60,12,2,2,1,0.61915
203,2,5,4,0,96,6,80,8,1,1,1,0.75852
203,2,5,4,0,97,2,80,4,1,1,1,0.47264
203,2,5,4,0,98,4,80,6,1,1,1,0.48634
203,2,5,4,0,99,2,80,4,1,1,1,0.43366
203,2,5,4,0,100,7,60,10,2,2,1,0.56044
203,2,5,4,0,101,4,80,6,1,1,1,0.5234
203,2,5,4,0,102,7,60,10,2,2,1,0.97253
203,2,5,4,0,103,2,80,4,1,1,1,0.49065
203,2,5,4,0,104,11,60,14,2,2,1,0.59443
203,2,5,4,0,105,7,60,10,2,2,1,2.042
203,2,5,4,0,106,2,80,4,1,1,1,0.83624
203,2,5,4,0,107,7,60,10,2,2,1,0.53677
203,2,5,4,0,108,6,80,8,1,1,1,1.3302
203,2,5,4,0,109,7,60,10,2,2,1,0.56428
203,2,5,4,0,110,9,60,12,2,2,1,0.45622
203,2,5,4,0,111,7,60,10,2,2,1,0.4468
203,2,5,4,0,112,7,60,10,2,2,1,0.39293
203,2,5,4,0,113,6,80,8,1,2,0,1.3871
203,2,5,4,0,114,11,60,14,2,2,1,0.41999
203,2,5,4,0,115,11,60,14,2,2,1,0.38247
203,2,5,4,0,116,9,60,12,2,2,1,0.50147
203,2,5,4,0,117,6,80,8,1,1,1,0.87065
203,2,5,4,0,118,9,60,12,2,2,1,0.54449
203,2,5,4,0,119,9,60,12,2,2,1,0.45139
203,2,5,4,0,120,4,80,6,1,1,1,0.74538
203,2,5,3,1,1,1,60,4,1,1,1,0.47878
203,2,5,3,1,2,1,60,4,1,1,1,0.37794
203,2,5,3,1,3,3,60,6,1,1,1,0.40066
203,2,5,3,1,4,8,80,10,2,2,1,0.97551
203,2,5,3,1,5,12,80,14,2,2,1,0.5037
203,2,5,3,1,6,8,80,10,2,2,1,1.3044
203,2,5,3,1,7,5,60,8,1,1,1,0.52217
203,2,5,3,1,8,12,80,14,2,2,1,0.36558
203,2,5,3,1,9,3,60,6,1,1,1,0.46196
203,2,5,3,1,10,12,80,14,2,2,1,0.45132
203,2,5,3,1,11,5,60,8,1,1,1,0.65883
203,2,5,3,1,12,3,60,6,1,1,1,0.46731
203,2,5,3,1,13,8,80,10,2,2,1,0.93175
203,2,5,3,1,14,10,80,12,2,2,1,0.46317
203,2,5,3,1,15,12,80,14,2,2,1,0.37401
203,2,5,3,1,16,1,60,4,1,1,1,0.45661
203,2,5,3,1,17,8,80,10,2,2,1,1.8276
203,2,5,3,1,18,10,80,12,2,2,1,0.46164
203,2,5,3,1,19,1,60,4,1,1,1,0.43776
203,2,5,3,1,20,5,60,8,1,1,1,0.94669
203,2,5,3,1,21,10,80,12,2,2,1,0.43919
203,2,5,3,1,22,3,60,6,1,1,1,1.0005
203,2,5,3,1,23,10,80,12,2,2,1,0.53769
203,2,5,3,1,24,5,60,8,1,1,1,0.64862
203,2,5,3,0,1,12,80,14,2,2,1,0.51289
203,2,5,3,0,2,3,60,6,1,1,1,0.40635
203,2,5,3,0,3,12,80,14,2,2,1,0.50073
203,2,5,3,0,4,8,80,10,2,2,1,1.9363
203,2,5,3,0,5,1,60,4,1,1,1,0.39854
203,2,5,3,0,6,1,60,4,1,1,1,0.34741
203,2,5,3,0,7,5,60,8,1,1,1,0.37839
203,2,5,3,0,8,5,60,8,1,1,1,1.8316
203,2,5,3,0,9,5,60,8,1,1,1,0.49703
203,2,5,3,0,10,8,80,10,2,2,1,0.59255
203,2,5,3,0,11,12,80,14,2,2,1,0.46419
203,2,5,3,0,12,8,80,10,2,2,1,1.2282
203,2,5,3,0,13,12,80,14,2,2,1,0.70952
203,2,5,3,0,14,5,60,8,1,1,1,0.67836
203,2,5,3,0,15,5,60,8,1,1,1,0.54839
203,2,5,3,0,16,12,80,14,2,2,1,0.59018
203,2,5,3,0,17,12,80,14,2,2,1,0.43721
203,2,5,3,0,18,3,60,6,1,1,1,0.51194
203,2,5,3,0,19,3,60,6,1,1,1,0.44287
203,2,5,3,0,20,3,60,6,1,1,1,0.4522
203,2,5,3,0,21,3,60,6,1,1,1,0.64116
203,2,5,3,0,22,1,60,4,1,1,1,0.47756
203,2,5,3,0,23,3,60,6,1,1,1,0.57171
203,2,5,3,0,24,10,80,12,2,2,1,0.72525
203,2,5,3,0,25,5,60,8,1,1,1,0.5985
203,2,5,3,0,26,5,60,8,1,1,1,0.38846
203,2,5,3,0,27,5,60,8,1,1,1,0.55534
203,2,5,3,0,28,8,80,10,2,2,1,1.0698
203,2,5,3,0,29,5,60,8,1,1,1,0.61652
203,2,5,3,0,30,3,60,6,1,1,1,0.60862
203,2,5,3,0,31,10,80,12,2,2,1,0.46873
203,2,5,3,0,32,10,80,12,2,2,1,0.439
203,2,5,3,0,33,12,80,14,2,2,1,0.36478
203,2,5,3,0,34,3,60,6,1,1,1,0.49745
203,2,5,3,0,35,12,80,14,2,2,1,0.47567
203,2,5,3,0,36,10,80,12,2,2,1,0.49819
203,2,5,3,0,37,8,80,10,2,2,1,0.69482
203,2,5,3,0,38,1,60,4,1,1,1,0.50423
203,2,5,3,0,39,10,80,12,2,2,1,0.50411
203,2,5,3,0,40,12,80,14,2,2,1,0.40342
203,2,5,3,0,41,12,80,14,2,2,1,0.35219
203,2,5,3,0,42,1,60,4,1,1,1,0.45364
203,2,5,3,0,43,12,80,14,2,2,1,0.36745
203,2,5,3,0,44,12,80,14,2,2,1,0.36102
203,2,5,3,0,45,3,60,6,1,1,1,0.56905
203,2,5,3,0,46,12,80,14,2,2,1,0.41703
203,2,5,3,0,47,3,60,6,1,1,1,0.44985
203,2,5,3,0,48,12,80,14,2,2,1,0.54135
203,2,5,3,0,49,10,80,12,2,2,1,0.45614
203,2,5,3,0,50,3,60,6,1,1,1,0.50045
203,2,5,3,0,51,5,60,8,1,1,1,0.66308
203,2,5,3,0,52,5,60,8,1,1,1,0.5225
203,2,5,3,0,53,5,60,8,1,1,1,0.4735
203,2,5,3,0,54,3,60,6,1,1,1,0.43944
203,2,5,3,0,55,3,60,6,1,1,1,0.38601
203,2,5,3,0,56,8,80,10,2,2,1,0.75597
203,2,5,3,0,57,10,80,12,2,2,1,0.50202
203,2,5,3,0,58,1,60,4,1,1,1,0.5643
203,2,5,3,0,59,5,60,8,1,1,1,0.57797
203,2,5,3,0,60,10,80,12,2,2,1,0.51366
203,2,5,3,0,61,10,80,12,2,2,1,1.4745
203,2,5,3,0,62,5,60,8,1,1,1,0.51247
203,2,5,3,0,63,1,60,4,1,1,1,0.53957
203,2,5,3,0,64,10,80,12,2,2,1,0.6824
203,2,5,3,0,65,8,80,10,2,2,1,0.87752
203,2,5,3,0,66,8,80,10,2,2,1,0.38226
203,2,5,3,0,67,1,60,4,1,1,1,0.41117
203,2,5,3,0,68,5,60,8,1,1,1,0.93054
203,2,5,3,0,69,10,80,12,2,2,1,0.45793
203,2,5,3,0,70,1,60,4,1,1,1,0.4162
203,2,5,3,0,71,12,80,14,2,2,1,0.39912
203,2,5,3,0,72,1,60,4,1,1,1,0.39104
203,2,5,3,0,73,3,60,6,1,1,1,0.45521
203,2,5,3,0,74,1,60,4,1,1,1,0.3627
203,2,5,3,0,75,1,60,4,1,1,1,0.38732
203,2,5,3,0,76,5,60,8,1,1,1,1.454
203,2,5,3,0,77,3,60,6,1,1,1,0.44563
203,2,5,3,0,78,10,80,12,2,2,1,0.58891
203,2,5,3,0,79,10,80,12,2,2,1,0.44592
203,2,5,3,0,80,3,60,6,1,1,1,0.54217
203,2,5,3,0,81,10,80,12,2,2,1,0.82378
203,2,5,3,0,82,1,60,4,1,1,1,0.62065
203,2,5,3,0,83,8,80,10,2,2,1,0.78479
203,2,5,3,0,84,8,80,10,2,2,1,0.39662
203,2,5,3,0,85,1,60,4,1,1,1,0.74392
203,2,5,3,0,86,10,80,12,2,2,1,0.45174
203,2,5,3,0,87,1,60,4,1,1,1,0.39991
203,2,5,3,0,88,12,80,14,2,2,1,0.50584
203,2,5,3,0,89,8,80,10,2,2,1,0.77534
203,2,5,3,0,90,1,60,4,1,1,1,0.54933
203,2,5,3,0,91,12,80,14,2,2,1,0.394
203,2,5,3,0,92,3,60,6,1,1,1,0.40946
203,2,5,3,0,93,1,60,4,1,1,1,0.64859
203,2,5,3,0,94,8,80,10,2,2,1,0.712
203,2,5,3,0,95,3,60,6,1,1,1,0.4615
203,2,5,3,0,96,10,80,12,2,2,1,0.64697
203,2,5,3,0,97,8,80,10,2,2,1,0.60369
203,2,5,3,0,98,10,80,12,2,2,1,0.42158
203,2,5,3,0,99,3,60,6,1,1,1,0.55024
203,2,5,3,0,100,12,80,14,2,2,1,1.6006
203,2,5,3,0,101,8,80,10,2,2,1,0.72009
203,2,5,3,0,102,8,80,10,2,2,1,0.49444
203,2,5,3,0,103,1,60,4,1,1,1,0.42235
203,2,5,3,0,104,12,80,14,2,2,1,0.4878
203,2,5,3,0,105,8,80,10,2,2,1,0.59947
203,2,5,3,0,106,10,80,12,2,2,1,0.41713
203,2,5,3,0,107,8,80,10,2,2,1,0.47988
203,2,5,3,0,108,5,60,8,1,1,1,0.57356
203,2,5,3,0,109,3,60,6,1,1,1,0.68709
203,2,5,3,0,110,1,60,4,1,1,1,0.53527
203,2,5,3,0,111,5,60,8,1,1,1,1.0602
203,2,5,3,0,112,1,60,4,1,1,1,0.45093
203,2,5,3,0,113,10,80,12,2,2,1,0.69621
203,2,5,3,0,114,8,80,10,2,2,1,0.73823
203,2,5,3,0,115,5,60,8,1,1,1,1.114
203,2,5,3,0,116,8,80,10,2,2,1,0.72659
203,2,5,3,0,117,10,80,12,2,2,1,1.0853
203,2,5,3,0,118,8,80,10,2,2,1,0.47012
203,2,5,3,0,119,12,80,14,2,2,1,0.56641
203,2,5,3,0,120,5,60,8,1,1,1,0.8414
203,2,5,2,1,1,10,80,12,2,2,1,0.70489
203,2,5,2,1,2,12,80,14,2,2,1,0.35623
203,2,5,2,1,3,2,80,4,1,1,1,0.40778
203,2,5,2,1,4,6,80,8,1,1,1,1.1749
203,2,5,2,1,5,8,80,10,2,2,1,1.7765
203,2,5,2,1,6,10,80,12,2,2,1,0.35481
203,2,5,2,1,7,4,80,6,1,1,1,0.41774
203,2,5,2,1,8,8,80,10,2,2,1,0.45024
203,2,5,2,1,9,2,80,4,1,1,1,0.39751
203,2,5,2,1,10,6,80,8,1,1,1,0.83325
203,2,5,2,1,11,12,80,14,2,2,1,0.46552
203,2,5,2,1,12,10,80,12,2,2,1,0.49738
203,2,5,2,1,13,2,80,4,1,1,1,0.40759
203,2,5,2,1,14,4,80,6,1,1,1,0.45708
203,2,5,2,1,15,6,80,8,1,1,1,0.87231
203,2,5,2,1,16,8,80,10,2,2,1,0.77
203,2,5,2,1,17,12,80,14,2,2,1,0.35105
203,2,5,2,1,18,4,80,6,1,1,1,0.44817
203,2,5,2,1,19,12,80,14,2,2,1,0.36381
203,2,5,2,1,20,6,80,8,1,1,1,0.52561
203,2,5,2,1,21,10,80,12,2,2,1,0.41419
203,2,5,2,1,22,8,80,10,2,2,1,1.3968
203,2,5,2,1,23,2,80,4,1,1,1,0.36578
203,2,5,2,1,24,4,80,6,1,1,1,0.46237
203,2,5,2,0,1,12,80,14,2,2,1,0.5212
203,2,5,2,0,2,8,80,10,2,2,1,0.6694
203,2,5,2,0,3,12,80,14,2,2,1,0.38546
203,2,5,2,0,4,10,80,12,2,2,1,0.44471
203,2,5,2,0,5,12,80,14,2,2,1,0.37966
203,2,5,2,0,6,6,80,8,1,1,1,0.55494
203,2,5,2,0,7,4,80,6,1,1,1,0.48951
203,2,5,2,0,8,4,80,6,1,1,1,0.42518
203,2,5,2,0,9,4,80,6,1,1,1,0.45256
203,2,5,2,0,10,6,80,8,1,1,1,0.77261
203,2,5,2,0,11,12,80,14,2,2,1,0.58865
203,2,5,2,0,12,8,80,10,2,2,1,3.0343
203,2,5,2,0,13,12,80,14,2,2,1,0.59557
203,2,5,2,0,14,12,80,14,2,2,1,0.39223
203,2,5,2,0,15,4,80,6,1,1,1,0.50247
203,2,5,2,0,16,12,80,14,2,1,0,0.77663
203,2,5,2,0,17,6,80,8,1,1,1,0.56349
203,2,5,2,0,18,6,80,8,1,1,1,0.42566
203,2,5,2,0,19,6,80,8,1,1,1,0.67356
203,2,5,2,0,20,8,80,10,2,2,1,1.529
203,2,5,2,0,21,10,80,12,2,2,1,0.4059
203,2,5,2,0,22,2,80,4,1,1,1,0.4068
203,2,5,2,0,23,10,80,12,2,2,1,0.61527
203,2,5,2,0,24,4,80,6,1,1,1,0.79221
203,2,5,2,0,25,10,80,12,2,2,1,0.47223
203,2,5,2,0,26,10,80,12,2,2,1,0.51137
203,2,5,2,0,27,8,80,10,2,2,1,0.58558
203,2,5,2,0,28,10,80,12,2,2,1,0.32163
203,2,5,2,0,29,8,80,10,2,2,1,0.6289
203,2,5,2,0,30,8,80,10,2,2,1,0.44095
203,2,5,2,0,31,8,80,10,2,2,1,0.65226
203,2,5,2,0,32,2,80,4,1,1,1,0.52733
203,2,5,2,0,33,8,80,10,2,2,1,0.88195
203,2,5,2,0,34,6,80,8,1,1,1,1.141
203,2,5,2,0,35,8,80,10,2,2,1,1.0466
203,2,5,2,0,36,4,80,6,1,1,1,0.58657
203,2,5,2,0,37,12,80,14,2,2,1,0.44067
203,2,5,2,0,38,10,80,12,2,2,1,0.37684
203,2,5,2,0,39,2,80,4,1,1,1,0.45691
203,2,5,2,0,40,2,80,4,1,1,1,0.36583
203,2,5,2,0,41,10,80,12,2,2,1,0.65398
203,2,5,2,0,42,4,80,6,1,1,1,0.45716
203,2,5,2,0,43,12,80,14,2,2,1,0.46411
203,2,5,2,0,44,8,80,10,2,2,1,0.63576
203,2,5,2,0,45,12,80,14,2,2,1,0.38383
203,2,5,2,0,46,2,80,4,1,1,1,0.41831
203,2,5,2,0,47,4,80,6,1,1,1,0.70985
203,2,5,2,0,48,10,80,12,2,2,1,0.39785
203,2,5,2,0,49,10,80,12,2,2,1,0.51961
203,2,5,2,0,50,10,80,12,2,2,1,0.35537
203,2,5,2,0,51,6,80,8,1,1,1,1.5022
203,2,5,2,0,52,10,80,12,2,2,1,0.46115
203,2,5,2,0,53,8,80,10,2,2,1,0.37959
203,2,5,2,0,54,4,80,6,1,1,1,0.39411
203,2,5,2,0,55,12,80,14,2,2,1,0.35597
203,2,5,2,0,56,2,80,4,1,1,1,0.44706
203,2,5,2,0,57,8,80,10,2,2,1,0.41904
203,2,5,2,0,58,4,80,6,1,1,1,0.85824
203,2,5,2,0,59,8,80,10,2,2,1,0.69228
203,2,5,2,0,60,4,80,6,1,1,1,0.7465
203,2,5,2,0,61,2,80,4,1,1,1,0.5988
203,2,5,2,0,62,12,80,14,2,2,1,0.63816
203,2,5,2,0,63,6,80,8,1,1,1,0.65089
203,2,5,2,0,64,12,80,14,2,2,1,0.49128
203,2,5,2,0,65,2,80,4,1,1,1,0.42102
203,2,5,2,0,66,6,80,8,1,1,1,0.80742
203,2,5,2,0,67,12,80,14,2,2,1,0.42574
203,2,5,2,0,68,8,80,10,2,2,1,0.89755
203,2,5,2,0,69,12,80,14,2,2,1,0.45738
203,2,5,2,0,70,6,80,8,1,1,1,1.0993
203,2,5,2,0,71,10,80,12,2,2,1,0.38247
203,2,5,2,0,72,10,80,12,2,2,1,0.31318
203,2,5,2,0,73,4,80,6,1,2,0,0.26461
203,2,5,2,0,74,4,80,6,1,1,1,0.6438
203,2,5,2,0,75,4,80,6,1,1,1,0.63593
203,2,5,2,0,76,6,80,8,1,1,1,0.82419
203,2,5,2,0,77,6,80,8,1,1,1,0.42863
203,2,5,2,0,78,2,80,4,1,1,1,0.68591
203,2,5,2,0,79,12,80,14,2,2,1,0.52969
203,2,5,2,0,80,2,80,4,1,1,1,0.67847
203,2,5,2,0,81,6,80,8,1,1,1,1.237
203,2,5,2,0,82,10,80,12,2,2,1,0.85604
203,2,5,2,0,83,2,80,4,1,1,1,0.93098
203,2,5,2,0,84,12,80,14,2,2,1,1.8318
203,2,5,2,0,85,10,80,12,2,2,1,0.51591
203,2,5,2,0,86,2,80,4,1,1,1,0.40735
203,2,5,2,0,87,8,80,10,2,2,1,0.44652
203,2,5,2,0,88,4,80,6,1,1,1,0.6662
203,2,5,2,0,89,6,80,8,1,1,1,1.6106
203,2,5,2,0,90,8,80,10,2,2,1,0.74595
203,2,5,2,0,91,6,80,8,1,1,1,0.67774
203,2,5,2,0,92,8,80,10,2,2,1,0.64893
203,2,5,2,0,93,10,80,12,2,2,1,0.46449
203,2,5,2,0,94,4,80,6,1,1,1,0.51528
203,2,5,2,0,95,6,80,8,1,1,1,0.71818
203,2,5,2,0,96,2,80,4,1,1,1,0.67884
203,2,5,2,0,97,4,80,6,1,1,1,0.38932
203,2,5,2,0,98,12,80,14,2,2,1,0.59062
203,2,5,2,0,99,8,80,10,2,2,1,0.74134
203,2,5,2,0,100,4,80,6,1,1,1,0.93466
203,2,5,2,0,101,4,80,6,1,1,1,1.1226
203,2,5,2,0,102,8,80,10,2,2,1,1.4165
203,2,5,2,0,103,2,80,4,1,1,1,0.668
203,2,5,2,0,104,2,80,4,1,1,1,0.62375
203,2,5,2,0,105,12,80,14,2,2,1,0.47517
203,2,5,2,0,106,2,80,4,1,1,1,0.49805
203,2,5,2,0,107,10,80,12,2,2,1,0.81641
203,2,5,2,0,108,6,80,8,1,1,1,2.0593
203,2,5,2,0,109,10,80,12,2,2,1,0.51218
203,2,5,2,0,110,4,80,6,1,1,1,0.47483
203,2,5,2,0,111,2,80,4,1,1,1,0.40299
203,2,5,2,0,112,8,80,10,2,2,1,0.8951
203,2,5,2,0,113,12,80,14,2,2,1,0.44605
203,2,5,2,0,114,6,80,8,1,1,1,1.1773
203,2,5,2,0,115,6,80,8,1,1,1,1.2202
203,2,5,2,0,116,2,80,4,1,1,1,0.42899
203,2,5,2,0,117,2,80,4,1,1,1,0.39695
203,2,5,2,0,118,6,80,8,1,2,0,1.8445
203,2,5,2,0,119,10,80,12,2,2,1,0.58547
203,2,5,2,0,120,2,80,4,1,1,1,0.53588
203,2,5,1,1,1,1,60,4,1,1,1,0.52616
203,2,5,1,1,2,5,60,8,1,1,1,0.7547
203,2,5,1,1,3,7,60,10,2,2,1,1.0205
203,2,5,1,1,4,9,60,12,2,2,1,0.64262
203,2,5,1,1,5,11,60,14,2,2,1,0.54254
203,2,5,1,1,6,3,60,6,1,1,1,0.46193
203,2,5,1,1,7,1,60,4,1,1,1,0.48443
203,2,5,1,1,8,7,60,10,2,2,1,0.57953
203,2,5,1,1,9,5,60,8,1,1,1,0.88057
203,2,5,1,1,10,9,60,12,2,2,1,0.48455
203,2,5,1,1,11,11,60,14,2,2,1,0.3746
203,2,5,1,1,12,11,60,14,2,2,1,0.39795
203,2,5,1,1,13,1,60,4,1,1,1,0.39854
203,2,5,1,1,14,3,60,6,1,1,1,0.42826
203,2,5,1,1,15,7,60,10,2,2,1,0.78144
203,2,5,1,1,16,3,60,6,1,1,1,0.50809
203,2,5,1,1,17,9,60,12,2,2,1,0.51501
203,2,5,1,1,18,11,60,14,2,2,1,0.41385
203,2,5,1,1,19,5,60,8,1,1,1,0.50237
203,2,5,1,1,20,3,60,6,1,1,1,0.42505
203,2,5,1,1,21,9,60,12,2,2,1,0.42302
203,2,5,1,1,22,1,60,4,1,1,1,0.39172
203,2,5,1,1,23,5,60,8,1,1,1,1.4172
203,2,5,1,1,24,7,60,10,2,2,1,0.83626
203,2,5,1,0,1,7,60,10,2,2,1,0.62437
203,2,5,1,0,2,3,60,6,1,1,1,0.41293
203,2,5,1,0,3,1,60,4,1,1,1,0.39744
203,2,5,1,0,4,9,60,12,2,2,1,0.48335
203,2,5,1,0,5,5,60,8,1,1,1,0.68697
203,2,5,1,0,6,9,60,12,2,2,1,0.43381
203,2,5,1,0,7,7,60,10,2,2,1,0.56232
203,2,5,1,0,8,11,60,14,2,2,1,0.43937
203,2,5,1,0,9,11,60,14,2,2,1,0.42288
203,2,5,1,0,10,1,60,4,1,1,1,0.52177
203,2,5,1,0,11,7,60,10,2,2,1,1.5492
203,2,5,1,0,12,5,60,8,1,1,1,0.56452
203,2,5,1,0,13,7,60,10,2,1,0,0.45327
203,2,5,1,0,14,5,60,8,1,1,1,0.67525
203,2,5,1,0,15,9,60,12,2,2,1,0.36128
203,2,5,1,0,16,9,60,12,2,2,1,0.39779
203,2,5,1,0,17,1,60,4,1,1,1,0.40464
203,2,5,1,0,18,11,60,14,2,2,1,0.38066
203,2,5,1,0,19,5,60,8,1,1,1,0.65298
203,2,5,1,0,20,1,60,4,1,1,1,0.98343
203,2,5,1,0,21,5,60,8,1,2,0,0.90145
203,2,5,1,0,22,11,60,14,2,2,1,0.95266
203,2,5,1,0,23,5,60,8,1,1,1,0.48791
203,2,5,1,0,24,7,60,10,2,2,1,0.70991
203,2,5,1,0,25,1,60,4,1,1,1,0.48954
203,2,5,1,0,26,5,60,8,1,1,1,1.5308
203,2,5,1,0,27,11,60,14,2,2,1,0.44014
203,2,5,1,0,28,9,60,12,2,2,1,0.42718
203,2,5,1,0,29,5,60,8,1,1,1,0.9197
203,2,5,1,0,30,11,60,14,2,2,1,0.81853
203,2,5,1,0,31,11,60,14,2,2,1,0.4301
203,2,5,1,0,32,3,60,6,1,1,1,0.89526
203,2,5,1,0,33,5,60,8,1,1,1,0.93721
203,2,5,1,0,34,7,60,10,2,2,1,1.0021
203,2,5,1,0,35,3,60,6,1,1,1,0.45565
203,2,5,1,0,36,1,60,4,1,1,1,0.40967
203,2,5,1,0,37,1,60,4,1,1,1,0.38564
203,2,5,1,0,38,3,60,6,1,1,1,0.3927
203,2,5,1,0,39,7,60,10,2,2,1,0.4684
203,2,5,1,0,40,7,60,10,2,2,1,0.79306
203,2,5,1,0,41,5,60,8,1,2,0,0.64522
203,2,5,1,0,42,7,60,10,2,2,1,0.63533
203,2,5,1,0,43,11,60,14,2,2,1,0.4231
203,2,5,1,0,44,3,60,6,1,1,1,0.46362
203,2,5,1,0,45,9,60,12,2,2,1,0.61676
203,2,5,1,0,46,9,60,12,2,2,1,0.56866
203,2,5,1,0,47,11,60,14,2,2,1,0.37588
203,2,5,1,0,48,9,60,12,2,2,1,0.37054
203,2,5,1,0,49,7,60,10,2,2,1,0.67959
203,2,5,1,0,50,9,60,12,2,2,1,0.53263
203,2,5,1,0,51,11,60,14,2,2,1,0.49467
203,2,5,1,0,52,1,60,4,1,1,1,0.47419
203,2,5,1,0,53,11,60,14,2,2,1,0.52751
203,2,5,1,0,54,9,60,12,2,2,1,0.5196
203,2,5,1,0,55,1,60,4,1,1,1,0.42868
203,2,5,1,0,56,9,60,12,2,2,1,0.52556
203,2,5,1,0,57,3,60,6,1,1,1,0.46941
203,2,5,1,0,58,3,60,6,1,1,1,0.79183
203,2,5,1,0,59,7,60,10,2,2,1,0.40615
203,2,5,1,0,60,9,60,12,2,2,1,0.58799
203,2,5,1,0,61,1,60,4,1,1,1,0.44149
203,2,5,1,0,62,5,60,8,1,1,1,1.5448
203,2,5,1,0,63,5,60,8,1,1,1,0.41375
203,2,5,1,0,64,7,60,10,2,2,1,0.65962
203,2,5,1,0,65,1,60,4,1,1,1,0.44838
203,2,5,1,0,66,3,60,6,1,1,1,0.42736
203,2,5,1,0,67,11,60,14,2,2,1,0.42678
203,2,5,1,0,68,3,60,6,1,1,1,0.46406
203,2,5,1,0,69,7,60,10,2,2,1,0.50584
203,2,5,1,0,70,5,60,8,1,1,1,0.65959
203,2,5,1,0,71,11,60,14,2,2,1,0.49343
203,2,5,1,0,72,1,60,4,1,1,1,0.47577
203,2,5,1,0,73,11,60,14,2,2,1,0.44375
203,2,5,1,0,74,11,60,14,2,2,1,0.4838
203,2,5,1,0,75,9,60,12,2,2,1,0.35403
203,2,5,1,0,76,11,60,14,2,2,1,0.32262
203,2,5,1,0,77,1,60,4,1,1,1,0.48602
203,2,5,1,0,78,3,60,6,1,1,1,0.3934
203,2,5,1,0,79,7,60,10,2,2,1,0.48257
203,2,5,1,0,80,9,60,12,2,2,1,0.35157
203,2,5,1,0,81,3,60,6,1,1,1,0.47678
203,2,5,1,0,82,5,60,8,1,1,1,0.53062
203,2,5,1,0,83,11,60,14,2,2,1,0.75267
203,2,5,1,0,84,1,60,4,1,1,1,0.44059
203,2,5,1,0,85,9,60,12,2,2,1,0.54894
203,2,5,1,0,86,7,60,10,2,2,1,1.3635
203,2,5,1,0,87,1,60,4,1,1,1,0.52517
203,2,5,1,0,88,5,60,8,1,1,1,0.83605
203,2,5,1,0,89,1,60,4,1,1,1,2.1406
203,2,5,1,0,90,3,60,6,1,1,1,0.52688
203,2,5,1,0,91,3,60,6,1,1,1,0.67647
203,2,5,1,0,92,3,60,6,1,1,1,0.80375
203,2,5,1,0,93,5,60,8,1,1,1,1.0308
203,2,5,1,0,94,7,60,10,2,2,1,0.92293
203,2,5,1,0,95,7,60,10,2,2,1,0.47313
203,2,5,1,0,96,1,60,4,1,1,1,0.85726
203,2,5,1,0,97,9,60,12,2,1,0,0.77247
203,2,5,1,0,98,3,60,6,1,1,1,0.41061
203,2,5,1,0,99,5,60,8,1,1,1,0.40022
203,2,5,1,0,100,9,60,12,2,2,1,0.41069
203,2,5,1,0,101,5,60,8,1,1,1,0.54029
203,2,5,1,0,102,3,60,6,1,1,1,0.42149
203,2,5,1,0,103,7,60,10,2,2,1,0.47627
203,2,5,1,0,104,1,60,4,1,1,1,0.56296
203,2,5,1,0,105,3,60,6,1,1,1,0.54024
203,2,5,1,0,106,1,60,4,1,1,1,0.84647
203,2,5,1,0,107,5,60,8,1,1,1,1.6749
203,2,5,1,0,108,3,60,6,1,1,1,0.48177
203,2,5,1,0,109,7,60,10,2,2,1,0.54625
203,2,5,1,0,110,11,60,14,2,2,1,0.47836
203,2,5,1,0,111,9,60,12,2,2,1,0.35289
203,2,5,1,0,112,3,60,6,1,1,1,0.49865
203,2,5,1,0,113,5,60,8,1,1,1,1.0238
203,2,5,1,0,114,3,60,6,1,1,1,0.40971
203,2,5,1,0,115,1,60,4,1,1,1,0.37664
203,2,5,1,0,116,9,60,12,2,2,1,0.54316
203,2,5,1,0,117,7,60,10,2,2,1,1.1796
203,2,5,1,0,118,9,60,12,2,2,1,0.53227
203,2,5,1,0,119,11,60,14,2,2,1,0.72609
203,2,5,1,0,120,11,60,14,2,2,1,0.55423
203,2,5,5,1,1,3,60,6,1,1,1,0.48642
203,2,5,5,1,2,10,80,12,2,2,1,0.40314
203,2,5,5,1,3,12,80,14,2,2,1,0.49628
203,2,5,5,1,4,6,80,8,1,1,1,0.78469
203,2,5,5,1,5,7,60,10,2,1,0,0.57593
203,2,5,5,1,6,1,60,4,1,1,1,0.73903
203,2,5,5,1,7,11,60,14,2,2,1,0.94149
203,2,5,5,1,8,5,60,8,1,1,1,0.74165
203,2,5,5,1,9,12,80,14,2,2,1,0.50907
203,2,5,5,1,10,1,60,4,1,1,1,0.39952
203,2,5,5,1,11,5,60,8,1,1,1,1.023
203,2,5,5,1,12,2,80,4,1,1,1,0.43434
203,2,5,5,1,13,9,60,12,2,2,1,0.46433
203,2,5,5,1,14,11,60,14,2,2,1,0.40012
203,2,5,5,1,15,4,80,6,1,1,1,0.4221
203,2,5,5,1,16,8,80,10,2,2,1,0.64236
203,2,5,5,1,17,3,60,6,1,1,1,1.0525
203,2,5,5,1,18,2,80,4,1,1,1,0.4314
203,2,5,5,1,19,9,60,12,2,2,1,0.51179
203,2,5,5,1,20,4,80,6,1,1,1,0.41249
203,2,5,5,1,21,6,80,8,1,2,0,2.4348
203,2,5,5,1,22,10,80,12,2,2,1,0.65741
203,2,5,5,1,23,8,80,10,2,2,1,0.87785
203,2,5,5,1,24,7,60,10,2,2,1,0.51923
203,2,5,5,0,1,3,60,6,1,1,1,0.58019
203,2,5,5,0,2,7,60,10,2,2,1,0.90079
203,2,5,5,0,3,9,60,12,2,2,1,0.35152
203,2,5,5,0,4,5,60,8,1,1,1,0.58841
203,2,5,5,0,5,3,60,6,1,1,1,0.4447
203,2,5,5,0,6,10,80,12,2,2,1,0.4265
203,2,5,5,0,7,12,80,14,2,2,1,0.44864
203,2,5,5,0,8,10,80,12,2,2,1,0.36294
203,2,5,5,0,9,9,60,12,2,2,1,0.35183
203,2,5,5,0,10,1,60,4,1,1,1,0.41066
203,2,5,5,0,11,6,80,8,1,1,1,1.0681
203,2,5,5,0,12,11,60,14,2,2,1,0.44684
203,2,5,5,0,13,7,60,10,2,2,1,0.61822
203,2,5,5,0,14,7,60,10,2,2,1,0.37122
203,2,5,5,0,15,5,60,8,1,1,1,0.5537
203,2,5,5,0,16,11,60,14,2,2,1,0.38639
203,2,5,5,0,17,3,60,6,1,1,1,0.50548
203,2,5,5,0,18,2,80,4,1,1,1,0.41067
203,2,5,5,0,19,9,60,12,2,2,1,0.47779
203,2,5,5,0,20,6,80,8,1,1,1,0.598
203,2,5,5,0,21,9,60,12,2,2,1,0.52316
203,2,5,5,0,22,2,80,4,1,1,1,0.44309
203,2,5,5,0,23,1,60,4,1,1,1,0.46327
203,2,5,5,0,24,9,60,12,2,2,1,0.65399
203,2,5,5,0,25,8,80,10,2,2,1,0.80461
203,2,5,5,0,26,10,80,12,2,2,1,0.38272
203,2,5,5,0,27,3,60,6,1,1,1,1.2869
203,2,5,5,0,28,1,60,4,1,1,1,0.5311
203,2,5,5,0,29,6,80,8,1,2,0,0.5857
203,2,5,5,0,30,4,80,6,1,1,1,0.55592
203,2,5,5,0,31,12,80,14,2,2,1,0.41994
203,2,5,5,0,32,4,80,6,1,1,1,0.74677
203,2,5,5,0,33,6,80,8,1,1,1,0.95378
203,2,5,5,0,34,4,80,6,1,1,1,1.163
203,2,5,5,0,35,7,60,10,2,2,1,3.2147
203,2,5,5,0,36,2,80,4,1,1,1,0.41461
203,2,5,5,0,37,6,80,8,1,1,1,1.4821
203,2,5,5,0,38,1,60,4,1,1,1,0.6598
203,2,5,5,0,39,6,80,8,1,2,0,1.007
203,2,5,5,0,40,6,80,8,1,2,0,0.15134
203,2,5,5,0,41,11,60,14,2,2,1,0.51059
203,2,5,5,0,42,12,80,14,2,2,1,0.4756
203,2,5,5,0,43,10,80,12,2,2,1,0.62854
203,2,5,5,0,44,2,80,4,1,1,1,0.43775
203,2,5,5,0,45,1,60,4,1,1,1,0.37904
203,2,5,5,0,46,6,80,8,1,1,1,1.1048
203,2,5,5,0,47,4,80,6,1,1,1,0.42043
203,2,5,5,0,48,5,60,8,1,1,1,0.70218
203,2,5,5,0,49,4,80,6,1,1,1,0.48794
203,2,5,5,0,50,8,80,10,2,2,1,0.60949
203,2,5,5,0,51,10,80,12,2,2,1,0.47702
203,2,5,5,0,52,2,80,4,1,1,1,0.48105
203,2,5,5,0,53,4,80,6,1,1,1,0.54544
203,2,5,5,0,54,12,80,14,2,2,1,0.39187
203,2,5,5,0,55,7,60,10,2,2,1,1.3033
203,2,5,5,0,56,7,60,10,2,2,1,0.38642
203,2,5,5,0,57,1,60,4,1,1,1,0.4272
203,2,5,5,0,58,4,80,6,1,1,1,0.33864
203,2,5,5,0,59,12,80,14,2,2,1,0.37257
203,2,5,5,0,60,4,80,6,1,1,1,0.51851
203,2,5,5,0,61,6,80,8,1,1,1,0.64193
203,2,5,5,0,62,2,80,4,1,1,1,0.39147
203,2,5,5,0,63,10,80,12,2,2,1,0.43603
203,2,5,5,0,64,12,80,14,2,2,1,0.41223
203,2,5,5,0,65,11,60,14,2,2,1,0.36862
203,2,5,5,0,66,11,60,14,2,2,1,0.78472
203,2,5,5,0,67,2,80,4,1,1,1,0.74395
203,2,5,5,0,68,5,60,8,1,1,1,1.002
203,2,5,5,0,69,11,60,14,2,2,1,0.63921
203,2,5,5,0,70,10,80,12,2,2,1,0.53869
203,2,5,5,0,71,3,60,6,1,1,1,0.47415
203,2,5,5,0,72,7,60,10,2,2,1,1.0548
203,2,5,5,0,73,5,60,8,1,1,1,0.55202
203,2,5,5,0,74,9,60,12,2,2,1,0.38631
203,2,5,5,0,75,5,60,8,1,1,1,0.46739
203,2,5,5,0,76,3,60,6,1,1,1,0.77417
203,2,5,5,0,77,9,60,12,2,2,1,0.52233
203,2,5,5,0,78,11,60,14,2,2,1,0.62526
203,2,5,5,0,79,8,80,10,2,2,1,0.84868
203,2,5,5,0,80,10,80,12,2,2,1,0.49046
203,2,5,5,0,81,8,80,10,2,2,1,0.38904
203,2,5,5,0,82,7,60,10,2,2,1,0.43224
203,2,5,5,0,83,8,80,10,2,2,1,0.34087
203,2,5,5,0,84,5,60,8,1,1,1,0.47713
203,2,5,5,0,85,1,60,4,1,1,1,0.41945
203,2,5,5,0,86,9,60,12,2,2,1,0.48618
203,2,5,5,0,87,12,80,14,2,2,1,0.40309
203,2,5,5,0,88,8,80,10,2,2,1,0.6029
203,2,5,5,0,89,11,60,14,2,2,1,0.45686
203,2,5,5,0,90,10,80,12,2,2,1,0.37997
203,2,5,5,0,91,8,80,10,2,2,1,0.72604
203,2,5,5,0,92,12,80,14,2,2,1,0.35353
203,2,5,5,0,93,2,80,4,1,1,1,0.46111
203,2,5,5,0,94,11,60,14,2,2,1,0.49051
203,2,5,5,0,95,3,60,6,1,1,1,0.42633
203,2,5,5,0,96,8,80,10,2,2,1,0.83107
203,2,5,5,0,97,1,60,4,1,1,1,0.44571
203,2,5,5,0,98,4,80,6,1,1,1,0.36351
203,2,5,5,0,99,8,80,10,2,2,1,0.53564
203,2,5,5,0,100,5,60,8,1,1,1,0.654
203,2,5,5,0,101,1,60,4,1,1,1,0.46122
203,2,5,5,0,102,1,60,4,1,1,1,0.35888
203,2,5,5,0,103,3,60,6,1,1,1,0.38121
203,2,5,5,0,104,7,60,10,2,2,1,0.47714
203,2,5,5,0,105,2,80,4,1,1,1,0.42084
203,2,5,5,0,106,5,60,8,1,1,1,0.99024
203,2,5,5,0,107,7,60,10,2,2,1,0.53104
203,2,5,5,0,108,6,80,8,1,1,1,0.84295
203,2,5,5,0,109,11,60,14,2,2,1,0.41075
203,2,5,5,0,110,9,60,12,2,2,1,0.60031
203,2,5,5,0,111,12,80,14,2,2,1,0.4903
203,2,5,5,0,112,4,80,6,1,1,1,0.58255
203,2,5,5,0,113,3,60,6,1,1,1,0.66718
203,2,5,5,0,114,8,80,10,2,2,1,0.80494
203,2,5,5,0,115,2,80,4,1,1,1,0.4886
203,2,5,5,0,116,10,80,12,2,2,1,0.61681
203,2,5,5,0,117,3,60,6,1,1,1,0.53573
203,2,5,5,0,118,5,60,8,1,1,1,0.56787
203,2,5,5,0,119,12,80,14,2,2,1,0.45193
203,2,5,5,0,120,9,60,12,2,2,1,0.46492
203,2,5,6,0,1,8,80,10,2,2,1,0.73979
203,2,5,6,0,2,2,80,4,1,1,1,0.39838
203,2,5,6,0,3,1,60,4,1,1,1,1.2351
203,2,5,6,0,4,9,60,12,2,2,1,0.57091
203,2,5,6,0,5,4,80,6,1,1,1,0.39714
203,2,5,6,0,6,4,80,6,1,1,1,0.40963
203,2,5,6,0,7,6,80,8,1,1,1,1.2008
203,2,5,6,0,8,7,60,10,2,2,1,0.63497
203,2,5,6,0,9,3,60,6,1,1,1,0.39516
203,2,5,6,0,10,1,60,4,1,1,1,0.4119
203,2,5,6,0,11,5,60,8,1,2,0,0.55338
203,2,5,6,0,12,6,80,8,1,1,1,0.68785
203,2,5,6,0,13,7,60,10,2,2,1,0.63244
203,2,5,6,0,14,11,60,14,2,2,1,1.309
203,2,5,6,0,15,1,60,4,1,1,1,0.43636
203,2,5,6,0,16,8,80,10,2,2,1,0.51593
203,2,5,6,0,17,5,60,8,1,1,1,0.5689
203,2,5,6,0,18,8,80,10,2,2,1,0.64314
203,2,5,6,0,19,6,80,8,1,1,1,0.52767
203,2,5,6,0,20,3,60,6,1,1,1,0.52062
203,2,5,6,0,21,11,60,14,2,2,1,0.56234
203,2,5,6,0,22,10,80,12,2,2,1,0.58319
203,2,5,6,0,23,9,60,12,2,2,1,0.45864
203,2,5,6,0,24,7,60,10,2,2,1,1.0517
203,2,5,6,0,25,7,60,10,2,2,1,0.57191
203,2,5,6,0,26,1,60,4,1,1,1,0.43056
203,2,5,6,0,27,3,60,6,1,1,1,1.8289
203,2,5,6,0,28,12,80,14,2,2,1,0.61778
203,2,5,6,0,29,2,80,4,1,1,1,0.47525
203,2,5,6,0,30,8,80,10,2,2,1,3.983
203,2,5,6,0,31,7,60,10,2,2,1,1.234
203,2,5,6,0,32,1,60,4,1,1,1,0.41174
203,2,5,6,0,33,2,80,4,1,1,1,0.77078
203,2,5,6,0,34,9,60,12,2,2,1,1.1198
203,2,5,6,0,35,4,80,6,1,1,1,1.3281
203,2,5,6,0,36,4,80,6,1,1,1,0.99113
203,2,5,6,0,37,5,60,8,1,1,1,1.7163
203,2,5,6,0,38,8,80,10,2,2,1,0.92769
203,2,5,6,0,39,12,80,14,2,2,1,1.2125
203,2,5,6,0,40,11,60,14,2,2,1,0.72779
203,2,5,6,0,41,7,60,10,2,2,1,1.8815
203,2,5,6,0,42,10,80,12,2,2,1,0.55169
203,2,5,6,0,43,4,80,6,1,1,1,0.64912
203,2,5,6,0,44,10,80,12,2,2,1,0.93619
203,2,5,6,0,45,8,80,10,2,2,1,1.22
203,2,5,6,0,46,9,60,12,2,2,1,0.36278
203,2,5,6,0,47,2,80,4,1,1,1,0.42605
203,2,5,6,0,48,3,60,6,1,1,1,0.42839
203,2,5,6,0,49,12,80,14,2,2,1,0.45159
203,2,5,6,0,50,8,80,10,2,2,1,0.71977
203,2,5,6,0,51,3,60,6,1,1,1,0.63879
203,2,5,6,0,52,1,60,4,1,1,1,0.51099
203,2,5,6,0,53,11,60,14,2,2,1,0.60302
203,2,5,6,0,54,11,60,14,2,2,1,0.33777
203,2,5,6,0,55,12,80,14,2,2,1,0.30393
203,2,5,6,0,56,2,80,4,1,1,1,0.37772
203,2,5,6,0,57,9,60,12,2,2,1,0.38809
203,2,5,6,0,58,11,60,14,2,2,1,0.3606
203,2,5,6,0,59,10,80,12,2,2,1,0.28611
203,2,5,6,0,60,1,60,4,1,1,1,0.75694
203,2,5,6,0,61,2,80,4,1,1,1,0.56523
203,2,5,6,0,62,9,60,12,2,2,1,0.50064
203,2,5,6,0,63,7,60,10,2,2,1,0.76171
203,2,5,6,0,64,6,80,8,1,1,1,1.512
203,2,5,6,0,65,5,60,8,1,1,1,0.43451
203,2,5,6,0,66,9,60,12,2,2,1,0.54864
203,2,5,6,0,67,8,80,10,2,2,1,2.0426
203,2,5,6,0,68,12,80,14,2,2,1,0.53725
203,2,5,6,0,69,4,80,6,1,1,1,0.50874
203,2,5,6,0,70,12,80,14,2,2,1,0.39414
203,2,5,6,0,71,6,80,8,1,1,1,0.50007
203,2,5,6,0,72,11,60,14,2,2,1,0.52436
203,2,5,6,0,73,11,60,14,2,2,1,0.43478
203,2,5,6,0,74,5,60,8,1,1,1,0.40898
203,2,5,6,0,75,6,80,8,1,1,1,0.49613
203,2,5,6,0,76,12,80,14,2,2,1,0.52695
203,2,5,6,0,77,2,80,4,1,1,1,0.44365
203,2,5,6,0,78,7,60,10,2,2,1,0.90385
203,2,5,6,0,79,3,60,6,1,1,1,0.5289
203,2,5,6,0,80,1,60,4,1,1,1,0.43034
203,2,5,6,0,81,6,80,8,1,1,1,1.0154
203,2,5,6,0,82,4,80,6,1,1,1,0.48516
203,2,5,6,0,83,5,60,8,1,1,1,0.40576
203,2,5,6,0,84,3,60,6,1,1,1,0.51256
203,2,5,6,0,85,5,60,8,1,1,1,0.65474
203,2,5,6,0,86,1,60,4,1,1,1,0.4461
203,2,5,6,0,87,9,60,12,2,2,1,0.43313
203,2,5,6,0,88,8,80,10,2,2,1,0.76638
203,2,5,6,0,89,5,60,8,1,1,1,0.62841
203,2,5,6,0,90,4,80,6,1,1,1,0.56723
203,2,5,6,0,91,10,80,12,2,2,1,0.59964
203,2,5,6,0,92,10,80,12,2,2,1,0.34739
203,2,5,6,0,93,9,60,12,2,2,1,0.47995
203,2,5,6,0,94,12,80,14,2,2,1,0.50982
203,2,5,6,0,95,11,60,14,2,2,1,0.45064
203,2,5,6,0,96,7,60,10,2,2,1,0.64426
203,2,5,6,0,97,1,60,4,1,1,1,0.46893
203,2,5,6,0,98,10,80,12,2,2,1,1.4245
203,2,5,6,0,99,6,80,8,1,1,1,0.48766
203,2,5,6,0,100,11,60,14,2,2,1,0.45885
203,2,5,6,0,101,2,80,4,1,1,1,0.55255
203,2,5,6,0,102,7,60,10,2,2,1,0.50398
203,2,5,6,0,103,9,60,12,2,2,1,0.5546
203,2,5,6,0,104,4,80,6,1,1,1,0.5288
203,2,5,6,0,105,3,60,6,1,1,1,0.46259
203,2,5,6,0,106,4,80,6,1,1,1,0.42091
203,2,5,6,0,107,6,80,8,1,1,1,0.45334
203,2,5,6,0,108,6,80,8,1,1,1,0.38525
203,2,5,6,0,109,10,80,12,2,2,1,0.43191
203,2,5,6,0,110,5,60,8,1,1,1,0.5438
203,2,5,6,0,111,5,60,8,1,1,1,0.40201
203,2,5,6,0,112,3,60,6,1,1,1,0.35794
203,2,5,6,0,113,3,60,6,1,1,1,0.33167
203,2,5,6,0,114,8,80,10,2,2,1,0.53989
203,2,5,6,0,115,12,80,14,2,2,1,0.47148
203,2,5,6,0,116,10,80,12,2,2,1,0.33293
203,2,5,6,0,117,10,80,12,2,2,1,0.33243
203,2,5,6,0,118,12,80,14,2,2,1,0.37003
203,2,5,6,0,119,2,80,4,1,1,1,0.45051
203,2,5,6,0,120,2,80,4,1,1,1,0.53547
