104,1,0,5,4,1,1,11,6,6,8,4,2,2,1,0.5248
104,1,0,5,4,1,2,9,6,6,7,4,2,2,1,0.60206
104,1,0,5,4,1,3,9,6,6,7,4,2,2,1,0.36854
104,1,0,5,4,1,4,9,6,6,7,4,2,2,1,0.29464
104,1,0,5,4,1,5,2,6,8,3,4,1,1,1,0.26236
104,1,0,5,4,1,6,2,6,8,3,4,1,1,1,0.35188
104,1,0,5,4,1,7,2,6,8,3,4,1,1,1,0.28673
104,1,0,5,4,1,8,11,6,6,8,4,2,2,1,0.30161
104,1,0,5,4,1,9,4,6,8,4,4,1,1,1,0.36854
104,1,0,5,4,1,10,11,6,6,8,4,2,2,1,0.28883
104,1,0,5,4,1,11,6,6,8,5,4,1,1,1,0.27479
104,1,0,5,4,1,12,6,6,8,5,4,1,1,1,0.29269
104,1,0,5,4,1,13,7,6,6,6,4,2,1,0,0.30257
104,1,0,5,4,1,14,7,6,6,6,4,2,2,1,0.31066
104,1,0,5,4,1,15,4,6,8,4,4,1,1,1,0.3371
104,1,0,5,4,1,16,6,6,8,5,4,1,1,1,0.28698
104,1,0,5,4,1,17,4,6,8,4,4,1,1,1,0.29051
104,1,0,5,4,1,18,4,6,8,4,4,1,1,1,0.32515
104,1,0,5,4,1,19,9,6,6,7,4,2,2,1,0.34635
104,1,0,5,4,1,20,7,6,6,6,4,2,2,1,0.50424
104,1,0,5,4,1,21,6,6,8,5,4,1,2,0,0.438
104,1,0,5,4,1,22,7,6,6,6,4,2,1,0,0.33556
104,1,0,5,4,1,23,11,6,6,8,4,2,2,1,0.42263
104,1,0,5,4,1,24,2,6,8,3,4,1,1,1,0.40043
104,1,0,5,4,0,1,11,6,6,8,4,2,2,1,0.44792
104,1,0,5,4,0,2,11,6,6,8,4,2,2,1,0.38833
104,1,0,5,4,0,3,2,6,8,3,4,1,1,1,0.45406
104,1,0,5,4,0,4,11,6,6,8,4,2,2,1,0.41461
104,1,0,5,4,0,5,6,6,8,5,4,1,2,0,0.64828
104,1,0,5,4,0,6,2,6,8,3,4,1,1,1,1.0252
104,1,0,5,4,0,7,4,6,8,4,4,1,1,1,0.68474
104,1,0,5,4,0,8,4,6,8,4,4,1,1,1,0.27968
104,1,0,5,4,0,9,9,6,6,7,4,2,2,1,0.36722
104,1,0,5,4,0,10,2,6,8,3,4,1,2,0,0.32027
104,1,0,5,4,0,11,7,6,6,6,4,2,2,1,0.41216
104,1,0,5,4,0,12,2,6,8,3,4,1,1,1,0.32979
104,1,0,5,4,0,13,4,6,8,4,4,1,1,1,0.34011
104,1,0,5,4,0,14,9,6,6,7,4,2,2,1,0.35481
104,1,0,5,4,0,15,6,6,8,5,4,1,1,1,0.61272
104,1,0,5,4,0,16,2,6,8,3,4,1,1,1,0.36934
104,1,0,5,4,0,17,11,6,6,8,4,2,2,1,0.41107
104,1,0,5,4,0,18,11,6,6,8,4,2,2,1,0.38625
104,1,0,5,4,0,19,2,6,8,3,4,1,1,1,0.38233
104,1,0,5,4,0,20,9,6,6,7,4,2,2,1,0.40847
104,1,0,5,4,0,21,9,6,6,7,4,2,2,1,0.35272
104,1,0,5,4,0,22,6,6,8,5,4,1,1,1,0.38559
104,1,0,5,4,0,23,9,6,6,7,4,2,2,1,0.4107
104,1,0,5,4,0,24,9,6,6,7,4,2,2,1,0.34048
104,1,0,5,4,0,25,4,6,8,4,4,1,1,1,0.31554
104,1,0,5,4,0,26,7,6,6,6,4,2,2,1,0.47487
104,1,0,5,4,0,27,2,6,8,3,4,1,1,1,0.31584
104,1,0,5,4,0,28,7,6,6,6,4,2,2,1,0.38481
104,1,0,5,4,0,29,6,6,8,5,4,1,1,1,0.38992
104,1,0,5,4,0,30,2,6,8,3,4,1,1,1,0.35067
104,1,0,5,4,0,31,4,6,8,4,4,1,1,1,0.29683
104,1,0,5,4,0,32,11,6,6,8,4,2,2,1,0.371
104,1,0,5,4,0,33,6,6,8,5,4,1,1,1,0.32127
104,1,0,5,4,0,34,6,6,8,5,4,1,1,1,0.39068
104,1,0,5,4,0,35,2,6,8,3,4,1,1,1,0.40352
104,1,0,5,4,0,36,7,6,6,6,4,2,2,1,0.63981
104,1,0,5,4,0,37,11,6,6,8,4,2,2,1,0.42185
104,1,0,5,4,0,38,2,6,8,3,4,1,1,1,0.37359
104,1,0,5,4,0,39,4,6,8,4,4,1,1,1,0.32154
104,1,0,5,4,0,40,7,6,6,6,4,2,2,1,0.54782
104,1,0,5,4,0,41,7,6,6,6,4,2,2,1,0.41253
104,1,0,5,4,0,42,9,6,6,7,4,2,2,1,0.57849
104,1,0,5,4,0,43,4,6,8,4,4,1,1,1,0.38717
104,1,0,5,4,0,44,11,6,6,8,4,2,2,1,0.39597
104,1,0,5,4,0,45,6,6,8,5,4,1,1,1,0.36908
104,1,0,5,4,0,46,6,6,8,5,4,1,1,1,0.40586
104,1,0,5,4,0,47,2,6,8,3,4,1,1,1,0.36141
104,1,0,5,4,0,48,4,6,8,4,4,1,1,1,0.34073
104,1,0,5,4,0,49,9,6,6,7,4,2,2,1,0.42906
104,1,0,5,4,0,50,7,6,6,6,4,2,2,1,0.64898
104,1,0,5,4,0,51,2,6,8,3,4,1,1,1,0.37526
104,1,0,5,4,0,52,2,6,8,3,4,1,1,1,0.35697
104,1,0,5,4,0,53,11,6,6,8,4,2,2,1,0.40816
104,1,0,5,4,0,54,7,6,6,6,4,2,1,0,0.76681
104,1,0,5,4,0,55,9,6,6,7,4,2,2,1,0.62317
104,1,0,5,4,0,56,11,6,6,8,4,2,2,1,0.33925
104,1,0,5,4,0,57,7,6,6,6,4,2,2,1,0.6202
104,1,0,5,4,0,58,9,6,6,7,4,2,2,1,0.40714
104,1,0,5,4,0,59,9,6,6,7,4,2,2,1,0.34256
104,1,0,5,4,0,60,7,6,6,6,4,2,1,0,0.69267
104,1,0,5,4,0,61,6,6,8,5,4,1,1,1,0.50091
104,1,0,5,4,0,62,6,6,8,5,4,1,1,1,0.41601
104,1,0,5,4,0,63,7,6,6,6,4,2,2,1,0.68781
104,1,0,5,4,0,64,11,6,6,8,4,2,2,1,0.45056
104,1,0,5,4,0,65,6,6,8,5,4,1,1,1,0.52603
104,1,0,5,4,0,66,9,6,6,7,4,2,2,1,0.38329
104,1,0,5,4,0,67,6,6,8,5,4,1,1,1,0.44182
104,1,0,5,4,0,68,9,6,6,7,4,2,2,1,0.4111
104,1,0,5,4,0,69,2,6,8,3,4,1,1,1,0.42205
104,1,0,5,4,0,70,9,6,6,7,4,2,2,1,0.39492
104,1,0,5,4,0,71,11,6,6,8,4,2,2,1,0.38266
104,1,0,5,4,0,72,11,6,6,8,4,2,2,1,0.33588
104,1,0,5,4,0,73,2,6,8,3,4,1,1,1,0.35366
104,1,0,5,4,0,74,9,6,6,7,4,2,2,1,0.33433
104,1,0,5,4,0,75,4,6,8,4,4,1,1,1,0.34879
104,1,0,5,4,0,76,2,6,8,3,4,1,1,1,0.37897
104,1,0,5,4,0,77,11,6,6,8,4,2,2,1,0.39647
104,1,0,5,4,0,78,9,6,6,7,4,2,2,1,0.41759
104,1,0,5,4,0,79,6,6,8,5,4,1,1,1,0.36897
104,1,0,5,4,0,80,2,6,8,3,4,1,1,1,0.31385
104,1,0,5,4,0,81,7,6,6,6,4,2,2,1,0.56249
104,1,0,5,4,0,82,11,6,6,8,4,2,2,1,0.35539
104,1,0,5,4,0,83,7,6,6,6,4,2,2,1,0.54512
104,1,0,5,4,0,84,4,6,8,4,4,1,2,0,0.24873
104,1,0,5,4,0,85,11,6,6,8,4,2,2,1,0.42895
104,1,0,5,4,0,86,11,6,6,8,4,2,2,1,0.31775
104,1,0,5,4,0,87,4,6,8,4,4,1,1,1,0.27875
104,1,0,5,4,0,88,11,6,6,8,4,2,2,1,0.31177
104,1,0,5,4,0,89,6,6,8,5,4,1,1,1,0.30065
104,1,0,5,4,0,90,9,6,6,7,4,2,2,1,0.33719
104,1,0,5,4,0,91,9,6,6,7,4,2,2,1,0.36794
104,1,0,5,4,0,92,4,6,8,4,4,1,1,1,0.35162
104,1,0,5,4,0,93,2,6,8,3,4,1,1,1,0.36737
104,1,0,5,4,0,94,9,6,6,7,4,2,2,1,0.55088
104,1,0,5,4,0,95,4,6,8,4,4,1,1,1,0.49756
104,1,0,5,4,0,96,4,6,8,4,4,1,1,1,0.34001
104,1,0,5,4,0,97,4,6,8,4,4,1,1,1,0.36373
104,1,0,5,4,0,98,7,6,6,6,4,2,2,1,0.32465
104,1,0,5,4,0,99,4,6,8,4,4,1,1,1,0.38634
104,1,0,5,4,0,100,7,6,6,6,4,2,2,1,0.52623
104,1,0,5,4,0,101,7,6,6,6,4,2,2,1,0.38858
104,1,0,5,4,0,102,7,6,6,6,4,2,2,1,0.37576
104,1,0,5,4,0,103,6,6,8,5,4,1,1,1,0.38077
104,1,0,5,4,0,104,6,6,8,5,4,1,1,1,0.39751
104,1,0,5,4,0,105,4,6,8,4,4,1,1,1,0.35411
104,1,0,5,4,0,106,6,6,8,5,4,1,1,1,0.35417
104,1,0,5,4,0,107,6,6,8,5,4,1,1,1,0.4111
104,1,0,5,4,0,108,6,6,8,5,4,1,1,1,0.40837
104,1,0,5,4,0,109,4,6,8,4,4,1,1,1,0.35724
104,1,0,5,4,0,110,7,6,6,6,4,2,2,1,0.44478
104,1,0,5,4,0,111,11,6,6,8,4,2,2,1,0.364
104,1,0,5,4,0,112,7,6,6,6,4,2,2,1,0.78269
104,1,0,5,4,0,113,9,6,6,7,4,2,2,1,0.38328
104,1,0,5,4,0,114,2,6,8,3,4,1,1,1,0.33133
104,1,0,5,4,0,115,7,6,6,6,4,2,2,1,0.38241
104,1,0,5,4,0,116,4,6,8,4,4,1,1,1,0.41467
104,1,0,5,4,0,117,11,6,6,8,4,2,2,1,0.32564
104,1,0,5,4,0,118,4,6,8,4,4,1,1,1,0.3848
104,1,0,5,4,0,119,2,6,8,3,4,1,1,1,0.42502
104,1,0,5,4,0,120,6,6,8,5,4,1,1,1,0.91663
104,1,0,5,3,1,1,3,6,6,4,4,1,1,1,0.98967
104,1,0,5,3,1,2,10,6,8,7,4,2,2,1,0.37967
104,1,0,5,3,1,3,10,6,8,7,4,2,2,1,0.42324
104,1,0,5,3,1,4,5,6,6,5,4,1,1,1,0.97735
104,1,0,5,3,1,5,3,6,6,4,4,1,1,1,0.33726
104,1,0,5,3,1,6,12,6,8,8,4,2,2,1,0.29334
104,1,0,5,3,1,7,8,6,8,6,4,2,2,1,0.52464
104,1,0,5,3,1,8,1,6,6,3,4,1,1,1,0.36539
104,1,0,5,3,1,9,1,6,6,3,4,1,1,1,0.37748
104,1,0,5,3,1,10,3,6,6,4,4,1,1,1,0.35804
104,1,0,5,3,1,11,1,6,6,3,4,1,1,1,0.34094
104,1,0,5,3,1,12,12,6,8,8,4,2,2,1,0.40774
104,1,0,5,3,1,13,12,6,8,8,4,2,2,1,0.33849
104,1,0,5,3,1,14,10,6,8,7,4,2,2,1,0.31184
104,1,0,5,3,1,15,3,6,6,4,4,1,1,1,0.38251
104,1,0,5,3,1,16,8,6,8,6,4,2,2,1,0.45431
104,1,0,5,3,1,17,1,6,6,3,4,1,1,1,0.39436
104,1,0,5,3,1,18,5,6,6,5,4,1,1,1,0.66842
104,1,0,5,3,1,19,10,6,8,7,4,2,2,1,0.49051
104,1,0,5,3,1,20,5,6,6,5,4,1,1,1,0.81058
104,1,0,5,3,1,21,8,6,8,6,4,2,2,1,0.63205
104,1,0,5,3,1,22,12,6,8,8,4,2,2,1,0.38417
104,1,0,5,3,1,23,5,6,6,5,4,1,1,1,0.5143
104,1,0,5,3,1,24,8,6,8,6,4,2,1,0,0.63671
104,1,0,5,3,0,1,10,6,8,7,4,2,2,1,0.5067
104,1,0,5,3,0,2,10,6,8,7,4,2,2,1,0.40356
104,1,0,5,3,0,3,8,6,8,6,4,2,2,1,0.57656
104,1,0,5,3,0,4,12,6,8,8,4,2,2,1,0.36935
104,1,0,5,3,0,5,10,6,8,7,4,2,2,1,0.35922
104,1,0,5,3,0,6,1,6,6,3,4,1,1,1,0.34183
104,1,0,5,3,0,7,5,6,6,5,4,1,1,1,0.49599
104,1,0,5,3,0,8,12,6,8,8,4,2,2,1,0.39073
104,1,0,5,3,0,9,10,6,8,7,4,2,2,1,0.32961
104,1,0,5,3,0,10,10,6,8,7,4,2,2,1,0.4051
104,1,0,5,3,0,11,1,6,6,3,4,1,1,1,0.37173
104,1,0,5,3,0,12,3,6,6,4,4,1,1,1,0.38083
104,1,0,5,3,0,13,5,6,6,5,4,1,1,1,0.39996
104,1,0,5,3,0,14,1,6,6,3,4,1,1,1,0.41517
104,1,0,5,3,0,15,12,6,8,8,4,2,2,1,0.39942
104,1,0,5,3,0,16,10,6,8,7,4,2,2,1,0.40119
104,1,0,5,3,0,17,5,6,6,5,4,1,1,1,0.48952
104,1,0,5,3,0,18,12,6,8,8,4,2,2,1,0.30993
104,1,0,5,3,0,19,5,6,6,5,4,1,1,1,0.54531
104,1,0,5,3,0,20,8,6,8,6,4,2,2,1,0.9838
104,1,0,5,3,0,21,12,6,8,8,4,2,2,1,0.43267
104,1,0,5,3,0,22,8,6,8,6,4,2,2,1,0.53121
104,1,0,5,3,0,23,12,6,8,8,4,2,2,1,0.34125
104,1,0,5,3,0,24,8,6,8,6,4,2,2,1,0.70539
104,1,0,5,3,0,25,3,6,6,4,4,1,1,1,0.40486
104,1,0,5,3,0,26,10,6,8,7,4,2,2,1,0.40971
104,1,0,5,3,0,27,12,6,8,8,4,2,2,1,0.41589
104,1,0,5,3,0,28,10,6,8,7,4,2,2,1,0.42328
104,1,0,5,3,0,29,1,6,6,3,4,1,1,1,0.41652
104,1,0,5,3,0,30,3,6,6,4,4,1,1,1,0.46477
104,1,0,5,3,0,31,3,6,6,4,4,1,1,1,0.34527
104,1,0,5,3,0,32,12,6,8,8,4,2,2,1,0.45894
104,1,0,5,3,0,33,12,6,8,8,4,2,2,1,0.36672
104,1,0,5,3,0,34,3,6,6,4,4,1,1,1,0.34899
104,1,0,5,3,0,35,8,6,8,6,4,2,2,1,0.40577
104,1,0,5,3,0,36,5,6,6,5,4,1,1,1,0.35498
104,1,0,5,3,0,37,1,6,6,3,4,1,1,1,0.32926
104,1,0,5,3,0,38,5,6,6,5,4,1,1,1,0.42404
104,1,0,5,3,0,39,5,6,6,5,4,1,1,1,0.32704
104,1,0,5,3,0,40,3,6,6,4,4,1,1,1,0.37638
104,1,0,5,3,0,41,10,6,8,7,4,2,2,1,0.40604
104,1,0,5,3,0,42,5,6,6,5,4,1,1,1,0.51549
104,1,0,5,3,0,43,5,6,6,5,4,1,1,1,0.59032
104,1,0,5,3,0,44,12,6,8,8,4,2,2,1,0.52676
104,1,0,5,3,0,45,5,6,6,5,4,1,1,1,0.76273
104,1,0,5,3,0,46,8,6,8,6,4,2,2,1,0.80845
104,1,0,5,3,0,47,1,6,6,3,4,1,1,1,0.38155
104,1,0,5,3,0,48,3,6,6,4,4,1,1,1,0.32687
104,1,0,5,3,0,49,8,6,8,6,4,2,2,1,0.50782
104,1,0,5,3,0,50,1,6,6,3,4,1,1,1,0.45014
104,1,0,5,3,0,51,8,6,8,6,4,2,2,1,0.51343
104,1,0,5,3,0,52,12,6,8,8,4,2,2,1,0.51121
104,1,0,5,3,0,53,10,6,8,7,4,2,2,1,0.45215
104,1,0,5,3,0,54,10,6,8,7,4,2,2,1,0.49473
104,1,0,5,3,0,55,5,6,6,5,4,1,1,1,0.47062
104,1,0,5,3,0,56,3,6,6,4,4,1,1,1,0.48341
104,1,0,5,3,0,57,3,6,6,4,4,1,1,1,0.3499
104,1,0,5,3,0,58,10,6,8,7,4,2,2,1,0.47226
104,1,0,5,3,0,59,1,6,6,3,4,1,1,1,0.41701
104,1,0,5,3,0,60,3,6,6,4,4,1,1,1,0.5268
104,1,0,5,3,0,61,3,6,6,4,4,1,1,1,0.39808
104,1,0,5,3,0,62,1,6,6,3,4,1,1,1,0.54178
104,1,0,5,3,0,63,8,6,8,6,4,2,2,1,0.4812
104,1,0,5,3,0,64,5,6,6,5,4,1,1,1,1.165
104,1,0,5,3,0,65,8,6,8,6,4,2,2,1,1.0833
104,1,0,5,3,0,66,8,6,8,6,4,2,2,1,0.82642
104,1,0,5,3,0,67,1,6,6,3,4,1,1,1,0.34572
104,1,0,5,3,0,68,3,6,6,4,4,1,1,1,0.2739
104,1,0,5,3,0,69,8,6,8,6,4,2,2,1,0.41193
104,1,0,5,3,0,70,12,6,8,8,4,2,2,1,0.37165
104,1,0,5,3,0,71,3,6,6,4,4,1,1,1,0.33775
104,1,0,5,3,0,72,12,6,8,8,4,2,2,1,0.3607
104,1,0,5,3,0,73,5,6,6,5,4,1,1,1,1.0125
104,1,0,5,3,0,74,3,6,6,4,4,1,1,1,0.36579
104,1,0,5,3,0,75,12,6,8,8,4,2,2,1,0.49075
104,1,0,5,3,0,76,5,6,6,5,4,1,1,1,0.53959
104,1,0,5,3,0,77,8,6,8,6,4,2,2,1,0.59308
104,1,0,5,3,0,78,8,6,8,6,4,2,2,1,0.49324
104,1,0,5,3,0,79,1,6,6,3,4,1,1,1,0.41434
104,1,0,5,3,0,80,5,6,6,5,4,1,1,1,0.66495
104,1,0,5,3,0,81,12,6,8,8,4,2,2,1,0.4447
104,1,0,5,3,0,82,12,6,8,8,4,2,2,1,0.47644
104,1,0,5,3,0,83,1,6,6,3,4,1,1,1,0.37659
104,1,0,5,3,0,84,3,6,6,4,4,1,1,1,0.3876
104,1,0,5,3,0,85,10,6,8,7,4,2,2,1,0.40596
104,1,0,5,3,0,86,5,6,6,5,4,1,1,1,0.54507
104,1,0,5,3,0,87,3,6,6,4,4,1,1,1,0.43166
104,1,0,5,3,0,88,3,6,6,4,4,1,1,1,0.34249
104,1,0,5,3,0,89,3,6,6,4,4,1,1,1,0.40848
104,1,0,5,3,0,90,10,6,8,7,4,2,2,1,0.43681
104,1,0,5,3,0,91,12,6,8,8,4,2,2,1,0.32491
104,1,0,5,3,0,92,1,6,6,3,4,1,1,1,0.3982
104,1,0,5,3,0,93,12,6,8,8,4,2,2,1,0.37145
104,1,0,5,3,0,94,1,6,6,3,4,1,1,1,0.40667
104,1,0,5,3,0,95,1,6,6,3,4,1,1,1,0.3186
104,1,0,5,3,0,96,1,6,6,3,4,1,1,1,0.28357
104,1,0,5,3,0,97,10,6,8,7,4,2,2,1,0.39705
104,1,0,5,3,0,98,5,6,6,5,4,1,1,1,0.80566
104,1,0,5,3,0,99,10,6,8,7,4,2,2,1,0.45094
104,1,0,5,3,0,100,8,6,8,6,4,2,2,1,0.42336
104,1,0,5,3,0,101,1,6,6,3,4,1,1,1,0.31628
104,1,0,5,3,0,102,12,6,8,8,4,2,2,1,0.41098
104,1,0,5,3,0,103,12,6,8,8,4,2,2,1,0.45984
104,1,0,5,3,0,104,8,6,8,6,4,2,2,1,0.62387
104,1,0,5,3,0,105,1,6,6,3,4,1,1,1,0.38177
104,1,0,5,3,0,106,8,6,8,6,4,2,2,1,0.43668
104,1,0,5,3,0,107,5,6,6,5,4,1,1,1,1.0765
104,1,0,5,3,0,108,10,6,8,7,4,2,2,1,0.40495
104,1,0,5,3,0,109,8,6,8,6,4,2,2,1,0.50236
104,1,0,5,3,0,110,8,6,8,6,4,2,2,1,0.41523
104,1,0,5,3,0,111,10,6,8,7,4,2,2,1,0.4391
104,1,0,5,3,0,112,1,6,6,3,4,1,1,1,0.37227
104,1,0,5,3,0,113,5,6,6,5,4,1,1,1,0.50412
104,1,0,5,3,0,114,10,6,8,7,4,2,2,1,0.38185
104,1,0,5,3,0,115,3,6,6,4,4,1,1,1,0.6704
104,1,0,5,3,0,116,5,6,6,5,4,1,1,1,0.56779
104,1,0,5,3,0,117,1,6,6,3,4,1,1,1,0.36973
104,1,0,5,3,0,118,10,6,8,7,4,2,2,1,0.36123
104,1,0,5,3,0,119,3,6,6,4,4,1,1,1,0.3259
104,1,0,5,3,0,120,8,6,8,6,4,2,2,1,0.46804
104,1,0,5,1,1,1,3,6,6,4,4,1,1,1,0.57519
104,1,0,5,1,1,2,11,6,6,8,4,2,2,1,0.47007
104,1,0,5,1,1,3,9,6,6,7,4,2,2,1,0.5707
104,1,0,5,1,1,4,1,6,6,3,4,1,1,1,0.33675
104,1,0,5,1,1,5,11,6,6,8,4,2,2,1,0.37413
104,1,0,5,1,1,6,7,6,6,6,4,2,2,1,0.72998
104,1,0,5,1,1,7,5,6,6,5,4,1,1,1,0.64112
104,1,0,5,1,1,8,11,6,6,8,4,2,2,1,0.3448
104,1,0,5,1,1,9,9,6,6,7,4,2,2,1,0.28317
104,1,0,5,1,1,10,7,6,6,6,4,2,1,0,0.40669
104,1,0,5,1,1,11,7,6,6,6,4,2,2,1,0.44025
104,1,0,5,1,1,12,9,6,6,7,4,2,2,1,0.45043
104,1,0,5,1,1,13,5,6,6,5,4,1,1,1,0.33198
104,1,0,5,1,1,14,1,6,6,3,4,1,1,1,0.3117
104,1,0,5,1,1,15,1,6,6,3,4,1,1,1,0.32963
104,1,0,5,1,1,16,9,6,6,7,4,2,2,1,0.39953
104,1,0,5,1,1,17,5,6,6,5,4,1,1,1,0.41164
104,1,0,5,1,1,18,3,6,6,4,4,1,1,1,0.36264
104,1,0,5,1,1,19,7,6,6,6,4,2,2,1,0.39264
104,1,0,5,1,1,20,1,6,6,3,4,1,1,1,0.4929
104,1,0,5,1,1,21,3,6,6,4,4,1,1,1,0.52771
104,1,0,5,1,1,22,5,6,6,5,4,1,1,1,0.45828
104,1,0,5,1,1,23,11,6,6,8,4,2,2,1,0.29565
104,1,0,5,1,1,24,3,6,6,4,4,1,1,1,0.40715
104,1,0,5,1,0,1,3,6,6,4,4,1,1,1,0.49016
104,1,0,5,1,0,2,11,6,6,8,4,2,2,1,0.43095
104,1,0,5,1,0,3,3,6,6,4,4,1,1,1,0.45789
104,1,0,5,1,0,4,5,6,6,5,4,1,1,1,0.32446
104,1,0,5,1,0,5,11,6,6,8,4,2,2,1,0.44314
104,1,0,5,1,0,6,7,6,6,6,4,2,2,1,0.66625
104,1,0,5,1,0,7,9,6,6,7,4,2,2,1,0.44247
104,1,0,5,1,0,8,9,6,6,7,4,2,2,1,0.4565
104,1,0,5,1,0,9,11,6,6,8,4,2,2,1,0.34672
104,1,0,5,1,0,10,1,6,6,3,4,1,1,1,0.38595
104,1,0,5,1,0,11,7,6,6,6,4,2,2,1,0.4217
104,1,0,5,1,0,12,11,6,6,8,4,2,2,1,0.32187
104,1,0,5,1,0,13,11,6,6,8,4,2,2,1,0.32868
104,1,0,5,1,0,14,1,6,6,3,4,1,1,1,0.37999
104,1,0,5,1,0,15,5,6,6,5,4,1,1,1,0.57502
104,1,0,5,1,0,16,3,6,6,4,4,1,1,1,0.32121
104,1,0,5,1,0,17,11,6,6,8,4,2,2,1,0.54012
104,1,0,5,1,0,18,7,6,6,6,4,2,2,1,0.55105
104,1,0,5,1,0,19,7,6,6,6,4,2,2,1,0.46634
104,1,0,5,1,0,20,11,6,6,8,4,2,1,0,0.35317
104,1,0,5,1,0,21,1,6,6,3,4,1,1,1,0.39149
104,1,0,5,1,0,22,1,6,6,3,4,1,1,1,0.39659
104,1,0,5,1,0,23,3,6,6,4,4,1,1,1,0.40037
104,1,0,5,1,0,24,5,6,6,5,4,1,1,1,0.31641
104,1,0,5,1,0,25,1,6,6,3,4,1,1,1,0.40454
104,1,0,5,1,0,26,5,6,6,5,4,1,1,1,0.41628
104,1,0,5,1,0,27,5,6,6,5,4,1,1,1,0.33575
104,1,0,5,1,0,28,9,6,6,7,4,2,2,1,0.50272
104,1,0,5,1,0,29,1,6,6,3,4,1,1,1,0.53162
104,1,0,5,1,0,30,11,6,6,8,4,2,2,1,0.51995
104,1,0,5,1,0,31,9,6,6,7,4,2,2,1,0.37772
104,1,0,5,1,0,32,7,6,6,6,4,2,2,1,0.33408
104,1,0,5,1,0,33,9,6,6,7,4,2,2,1,0.31218
104,1,0,5,1,0,34,3,6,6,4,4,1,1,1,0.3815
104,1,0,5,1,0,35,11,6,6,8,4,2,2,1,0.27634
104,1,0,5,1,0,36,9,6,6,7,4,2,2,1,0.30063
104,1,0,5,1,0,37,7,6,6,6,4,2,2,1,0.44256
104,1,0,5,1,0,38,7,6,6,6,4,2,2,1,0.37997
104,1,0,5,1,0,39,5,6,6,5,4,1,1,1,0.38536
104,1,0,5,1,0,40,11,6,6,8,4,2,2,1,0.32092
104,1,0,5,1,0,41,11,6,6,8,4,2,2,1,0.32084
104,1,0,5,1,0,42,9,6,6,7,4,2,2,1,0.35936
104,1,0,5,1,0,43,3,6,6,4,4,1,1,1,0.42304
104,1,0,5,1,0,44,1,6,6,3,4,1,1,1,0.282
104,1,0,5,1,0,45,11,6,6,8,4,2,2,1,0.39545
104,1,0,5,1,0,46,9,6,6,7,4,2,2,1,0.34258
104,1,0,5,1,0,47,3,6,6,4,4,1,1,1,0.4202
104,1,0,5,1,0,48,1,6,6,3,4,1,1,1,0.48779
104,1,0,5,1,0,49,1,6,6,3,4,1,1,1,0.33574
104,1,0,5,1,0,50,5,6,6,5,4,1,1,1,0.45983
104,1,0,5,1,0,51,1,6,6,3,4,1,1,1,0.33779
104,1,0,5,1,0,52,11,6,6,8,4,2,2,1,0.38212
104,1,0,5,1,0,53,11,6,6,8,4,2,2,1,0.41959
104,1,0,5,1,0,54,7,6,6,6,4,2,2,1,0.43283
104,1,0,5,1,0,55,1,6,6,3,4,1,1,1,0.41214
104,1,0,5,1,0,56,3,6,6,4,4,1,1,1,0.53912
104,1,0,5,1,0,57,1,6,6,3,4,1,1,1,0.31779
104,1,0,5,1,0,58,5,6,6,5,4,1,1,1,0.37498
104,1,0,5,1,0,59,3,6,6,4,4,1,1,1,0.37455
104,1,0,5,1,0,60,1,6,6,3,4,1,1,1,0.40217
104,1,0,5,1,0,61,9,6,6,7,4,2,2,1,0.41347
104,1,0,5,1,0,62,9,6,6,7,4,2,2,1,0.38038
104,1,0,5,1,0,63,5,6,6,5,4,1,1,1,0.65984
104,1,0,5,1,0,64,5,6,6,5,4,1,1,1,0.56179
104,1,0,5,1,0,65,7,6,6,6,4,2,2,1,0.54706
104,1,0,5,1,0,66,9,6,6,7,4,2,2,1,0.46647
104,1,0,5,1,0,67,5,6,6,5,4,1,1,1,0.36401
104,1,0,5,1,0,68,3,6,6,4,4,1,1,1,0.36601
104,1,0,5,1,0,69,9,6,6,7,4,2,2,1,0.43586
104,1,0,5,1,0,70,9,6,6,7,4,2,2,1,0.4586
104,1,0,5,1,0,71,5,6,6,5,4,1,1,1,0.46391
104,1,0,5,1,0,72,7,6,6,6,4,2,2,1,0.54799
104,1,0,5,1,0,73,7,6,6,6,4,2,2,1,0.70448
104,1,0,5,1,0,74,1,6,6,3,4,1,1,1,0.50319
104,1,0,5,1,0,75,11,6,6,8,4,2,2,1,0.43471
104,1,0,5,1,0,76,7,6,6,6,4,2,2,1,0.41042
104,1,0,5,1,0,77,11,6,6,8,4,2,2,1,0.4494
104,1,0,5,1,0,78,3,6,6,4,4,1,2,0,0.46893
104,1,0,5,1,0,79,7,6,6,6,4,2,2,1,0.49813
104,1,0,5,1,0,80,7,6,6,6,4,2,2,1,0.36512
104,1,0,5,1,0,81,3,6,6,4,4,1,1,1,0.42515
104,1,0,5,1,0,82,1,6,6,3,4,1,1,1,0.58815
104,1,0,5,1,0,83,7,6,6,6,4,2,2,1,0.51967
104,1,0,5,1,0,84,9,6,6,7,4,2,2,1,0.53974
104,1,0,5,1,0,85,5,6,6,5,4,1,1,1,0.37953
104,1,0,5,1,0,86,1,6,6,3,4,1,1,1,0.42686
104,1,0,5,1,0,87,9,6,6,7,4,2,2,1,0.58217
104,1,0,5,1,0,88,9,6,6,7,4,2,2,1,0.41781
104,1,0,5,1,0,89,7,6,6,6,4,2,2,1,0.405
104,1,0,5,1,0,90,1,6,6,3,4,1,1,1,0.44495
104,1,0,5,1,0,91,9,6,6,7,4,2,2,1,0.3851
104,1,0,5,1,0,92,11,6,6,8,4,2,2,1,0.48526
104,1,0,5,1,0,93,1,6,6,3,4,1,1,1,0.42257
104,1,0,5,1,0,94,3,6,6,4,4,1,1,1,0.41453
104,1,0,5,1,0,95,7,6,6,6,4,2,2,1,0.41213
104,1,0,5,1,0,96,5,6,6,5,4,1,1,1,0.37469
104,1,0,5,1,0,97,7,6,6,6,4,2,2,1,0.43304
104,1,0,5,1,0,98,9,6,6,7,4,2,2,1,0.48869
104,1,0,5,1,0,99,9,6,6,7,4,2,2,1,0.37081
104,1,0,5,1,0,100,5,6,6,5,4,1,1,1,0.53263
104,1,0,5,1,0,101,11,6,6,8,4,2,2,1,0.57993
104,1,0,5,1,0,102,5,6,6,5,4,1,1,1,0.41407
104,1,0,5,1,0,103,5,6,6,5,4,1,1,1,0.78724
104,1,0,5,1,0,104,3,6,6,4,4,1,1,1,0.74892
104,1,0,5,1,0,105,3,6,6,4,4,1,1,1,0.43216
104,1,0,5,1,0,106,3,6,6,4,4,1,1,1,0.40317
104,1,0,5,1,0,107,5,6,6,5,4,1,1,1,0.38249
104,1,0,5,1,0,108,7,6,6,6,4,2,2,1,0.48436
104,1,0,5,1,0,109,11,6,6,8,4,2,2,1,0.40701
104,1,0,5,1,0,110,11,6,6,8,4,2,2,1,0.58206
104,1,0,5,1,0,111,1,6,6,3,4,1,1,1,0.48831
104,1,0,5,1,0,112,3,6,6,4,4,1,1,1,0.45749
104,1,0,5,1,0,113,9,6,6,7,4,2,2,1,0.41479
104,1,0,5,1,0,114,1,6,6,3,4,1,1,1,0.4501
104,1,0,5,1,0,115,5,6,6,5,4,1,1,1,0.97396
104,1,0,5,1,0,116,5,6,6,5,4,1,1,1,0.3749
104,1,0,5,1,0,117,3,6,6,4,4,1,1,1,0.35464
104,1,0,5,1,0,118,3,6,6,4,4,1,1,1,0.41872
104,1,0,5,1,0,119,7,6,6,6,4,2,2,1,0.45437
104,1,0,5,1,0,120,3,6,6,4,4,1,1,1,0.4003
104,1,0,5,2,1,1,4,6,8,4,4,1,1,1,0.50324
104,1,0,5,2,1,2,6,6,8,5,4,1,1,1,0.31026
104,1,0,5,2,1,3,8,6,8,6,4,2,2,1,0.55577
104,1,0,5,2,1,4,8,6,8,6,4,2,2,1,0.33367
104,1,0,5,2,1,5,12,6,8,8,4,2,2,1,0.31741
104,1,0,5,2,1,6,2,6,8,3,4,1,1,1,0.29833
104,1,0,5,2,1,7,8,6,8,6,4,2,2,1,0.53451
104,1,0,5,2,1,8,6,6,8,5,4,1,1,1,0.32207
104,1,0,5,2,1,9,2,6,8,3,4,1,1,1,0.64329
104,1,0,5,2,1,10,6,6,8,5,4,1,1,1,0.3282
104,1,0,5,2,1,11,8,6,8,6,4,2,2,1,0.57415
104,1,0,5,2,1,12,4,6,8,4,4,1,1,1,0.40865
104,1,0,5,2,1,13,10,6,8,7,4,2,2,1,0.50377
104,1,0,5,2,1,14,4,6,8,4,4,1,1,1,0.42672
104,1,0,5,2,1,15,12,6,8,8,4,2,2,1,0.44244
104,1,0,5,2,1,16,4,6,8,4,4,1,1,1,0.42515
104,1,0,5,2,1,17,2,6,8,3,4,1,1,1,0.45209
104,1,0,5,2,1,18,6,6,8,5,4,1,1,1,0.53546
104,1,0,5,2,1,19,12,6,8,8,4,2,2,1,0.40261
104,1,0,5,2,1,20,12,6,8,8,4,2,2,1,0.428
104,1,0,5,2,1,21,10,6,8,7,4,2,2,1,0.3715
104,1,0,5,2,1,22,2,6,8,3,4,1,1,1,0.49019
104,1,0,5,2,1,23,10,6,8,7,4,2,2,1,0.46746
104,1,0,5,2,1,24,10,6,8,7,4,2,2,1,0.41407
104,1,0,5,2,0,1,6,6,8,5,4,1,1,1,0.83277
104,1,0,5,2,0,2,4,6,8,4,4,1,1,1,0.30022
104,1,0,5,2,0,3,8,6,8,6,4,2,1,0,1.0615
104,1,0,5,2,0,4,4,6,8,4,4,1,1,1,0.50524
104,1,0,5,2,0,5,12,6,8,8,4,2,2,1,0.37152
104,1,0,5,2,0,6,4,6,8,4,4,1,1,1,0.38283
104,1,0,5,2,0,7,8,6,8,6,4,2,2,1,0.51862
104,1,0,5,2,0,8,10,6,8,7,4,2,2,1,0.37664
104,1,0,5,2,0,9,6,6,8,5,4,1,1,1,0.48158
104,1,0,5,2,0,10,10,6,8,7,4,2,2,1,0.47157
104,1,0,5,2,0,11,4,6,8,4,4,1,1,1,0.43448
104,1,0,5,2,0,12,2,6,8,3,4,1,1,1,0.41499
104,1,0,5,2,0,13,10,6,8,7,4,2,2,1,0.3417
104,1,0,5,2,0,14,4,6,8,4,4,1,1,1,0.64925
104,1,0,5,2,0,15,6,6,8,5,4,1,1,1,0.35461
104,1,0,5,2,0,16,12,6,8,8,4,2,2,1,0.52796
104,1,0,5,2,0,17,12,6,8,8,4,2,2,1,0.53559
104,1,0,5,2,0,18,8,6,8,6,4,2,2,1,0.92605
104,1,0,5,2,0,19,12,6,8,8,4,2,2,1,0.69358
104,1,0,5,2,0,20,8,6,8,6,4,2,2,1,0.50674
104,1,0,5,2,0,21,12,6,8,8,4,2,2,1,0.45143
104,1,0,5,2,0,22,2,6,8,3,4,1,1,1,0.46207
104,1,0,5,2,0,23,2,6,8,3,4,1,1,1,0.34489
104,1,0,5,2,0,24,6,6,8,5,4,1,1,1,0.38342
104,1,0,5,2,0,25,8,6,8,6,4,2,2,1,0.77384
104,1,0,5,2,0,26,6,6,8,5,4,1,1,1,0.5048
104,1,0,5,2,0,27,2,6,8,3,4,1,1,1,0.35452
104,1,0,5,2,0,28,12,6,8,8,4,2,2,1,0.47312
104,1,0,5,2,0,29,2,6,8,3,4,1,1,1,0.53351
104,1,0,5,2,0,30,10,6,8,7,4,2,2,1,0.43707
104,1,0,5,2,0,31,10,6,8,7,4,2,2,1,0.51563
104,1,0,5,2,0,32,12,6,8,8,4,2,2,1,0.58499
104,1,0,5,2,0,33,8,6,8,6,4,2,2,1,1.534
104,1,0,5,2,0,34,8,6,8,6,4,2,2,1,0.45686
104,1,0,5,2,0,35,2,6,8,3,4,1,1,1,0.388
104,1,0,5,2,0,36,6,6,8,5,4,1,1,1,0.86371
104,1,0,5,2,0,37,8,6,8,6,4,2,2,1,0.57474
104,1,0,5,2,0,38,6,6,8,5,4,1,1,1,0.71118
104,1,0,5,2,0,39,10,6,8,7,4,2,2,1,0.46619
104,1,0,5,2,0,40,10,6,8,7,4,2,2,1,1.0127
104,1,0,5,2,0,41,10,6,8,7,4,2,2,1,0.43521
104,1,0,5,2,0,42,10,6,8,7,4,2,2,1,0.46724
104,1,0,5,2,0,43,12,6,8,8,4,2,2,1,0.54463
104,1,0,5,2,0,44,4,6,8,4,4,1,1,1,0.62299
104,1,0,5,2,0,45,12,6,8,8,4,2,2,1,0.53897
104,1,0,5,2,0,46,6,6,8,5,4,1,1,1,0.6297
104,1,0,5,2,0,47,2,6,8,3,4,1,1,1,0.53225
104,1,0,5,2,0,48,2,6,8,3,4,1,1,1,0.52622
104,1,0,5,2,0,49,2,6,8,3,4,1,1,1,0.5155
104,1,0,5,2,0,50,6,6,8,5,4,1,1,1,0.77233
104,1,0,5,2,0,51,8,6,8,6,4,2,2,1,1.4437
104,1,0,5,2,0,52,6,6,8,5,4,1,1,1,1.0663
104,1,0,5,2,0,53,2,6,8,3,4,1,1,1,0.4207
104,1,0,5,2,0,54,10,6,8,7,4,2,2,1,0.48506
104,1,0,5,2,0,55,2,6,8,3,4,1,1,1,0.45845
104,1,0,5,2,0,56,2,6,8,3,4,1,1,1,0.37246
104,1,0,5,2,0,57,2,6,8,3,4,1,1,1,0.2473
104,1,0,5,2,0,58,6,6,8,5,4,1,1,1,0.23903
104,1,0,5,2,0,59,4,6,8,4,4,1,1,1,0.37298
104,1,0,5,2,0,60,6,6,8,5,4,1,1,1,0.28891
104,1,0,5,2,0,61,8,6,8,6,4,2,2,1,0.51157
104,1,0,5,2,0,62,4,6,8,4,4,1,1,1,0.38187
104,1,0,5,2,0,63,10,6,8,7,4,2,2,1,0.29561
104,1,0,5,2,0,64,10,6,8,7,4,2,2,1,0.30178
104,1,0,5,2,0,65,10,6,8,7,4,2,2,1,0.32025
104,1,0,5,2,0,66,2,6,8,3,4,1,1,1,0.39517
104,1,0,5,2,0,67,8,6,8,6,4,2,2,1,0.50091
104,1,0,5,2,0,68,12,6,8,8,4,2,2,1,0.39459
104,1,0,5,2,0,69,10,6,8,7,4,2,2,1,0.41034
104,1,0,5,2,0,70,4,6,8,4,4,1,1,1,0.38644
104,1,0,5,2,0,71,12,6,8,8,4,2,2,1,0.6461
104,1,0,5,2,0,72,4,6,8,4,4,1,1,1,0.42731
104,1,0,5,2,0,73,8,6,8,6,4,2,2,1,0.51643
104,1,0,5,2,0,74,12,6,8,8,4,2,2,1,0.41557
104,1,0,5,2,0,75,4,6,8,4,4,1,1,1,0.35637
104,1,0,5,2,0,76,8,6,8,6,4,2,2,1,0.56494
104,1,0,5,2,0,77,4,6,8,4,4,1,1,1,0.46594
104,1,0,5,2,0,78,12,6,8,8,4,2,2,1,0.58078
104,1,0,5,2,0,79,6,6,8,5,4,1,1,1,0.54559
104,1,0,5,2,0,80,4,6,8,4,4,1,1,1,0.46055
104,1,0,5,2,0,81,8,6,8,6,4,2,2,1,0.53302
104,1,0,5,2,0,82,10,6,8,7,4,2,2,1,0.47654
104,1,0,5,2,0,83,2,6,8,3,4,1,1,1,0.5511
104,1,0,5,2,0,84,10,6,8,7,4,2,2,1,0.46794
104,1,0,5,2,0,85,12,6,8,8,4,2,2,1,0.59035
104,1,0,5,2,0,86,2,6,8,3,4,1,1,1,0.55548
104,1,0,5,2,0,87,4,6,8,4,4,1,1,1,1.3555
104,1,0,5,2,0,88,10,6,8,7,4,2,2,1,0.58347
104,1,0,5,2,0,89,10,6,8,7,4,2,2,1,0.46451
104,1,0,5,2,0,90,10,6,8,7,4,2,2,1,0.57644
104,1,0,5,2,0,91,8,6,8,6,4,2,2,1,0.39349
104,1,0,5,2,0,92,12,6,8,8,4,2,2,1,0.4031
104,1,0,5,2,0,93,6,6,8,5,4,1,1,1,0.83944
104,1,0,5,2,0,94,6,6,8,5,4,1,1,1,0.61159
104,1,0,5,2,0,95,8,6,8,6,4,2,2,1,1.2332
104,1,0,5,2,0,96,4,6,8,4,4,1,1,1,0.45178
104,1,0,5,2,0,97,2,6,8,3,4,1,1,1,0.41018
104,1,0,5,2,0,98,2,6,8,3,4,1,1,1,0.45297
104,1,0,5,2,0,99,12,6,8,8,4,2,2,1,0.39018
104,1,0,5,2,0,100,6,6,8,5,4,1,1,1,0.93434
104,1,0,5,2,0,101,8,6,8,6,4,2,2,1,1.0334
104,1,0,5,2,0,102,4,6,8,4,4,1,1,1,0.59591
104,1,0,5,2,0,103,6,6,8,5,4,1,2,0,0.5992
104,1,0,5,2,0,104,6,6,8,5,4,1,1,1,0.80178
104,1,0,5,2,0,105,12,6,8,8,4,2,2,1,0.66668
104,1,0,5,2,0,106,12,6,8,8,4,2,2,1,0.53287
104,1,0,5,2,0,107,2,6,8,3,4,1,1,1,0.5161
104,1,0,5,2,0,108,8,6,8,6,4,2,2,1,2.0482
104,1,0,5,2,0,109,4,6,8,4,4,1,1,1,0.37387
104,1,0,5,2,0,110,4,6,8,4,4,1,1,1,0.38171
104,1,0,5,2,0,111,6,6,8,5,4,1,1,1,0.34822
104,1,0,5,2,0,112,4,6,8,4,4,1,1,1,0.35309
104,1,0,5,2,0,113,2,6,8,3,4,1,1,1,0.36018
104,1,0,5,2,0,114,4,6,8,4,4,1,1,1,0.61419
104,1,0,5,2,0,115,8,6,8,6,4,2,2,1,1.0037
104,1,0,5,2,0,116,12,6,8,8,4,2,2,1,0.5258
104,1,0,5,2,0,117,8,6,8,6,4,2,2,1,0.91208
104,1,0,5,2,0,118,12,6,8,8,4,2,2,1,0.51939
104,1,0,5,2,0,119,10,6,8,7,4,2,2,1,0.60073
104,1,0,5,2,0,120,6,6,8,5,4,1,1,1,0.77825
104,1,0,5,5,1,1,5,6,6,5,4,1,1,1,1.1302
104,1,0,5,5,1,2,10,6,8,7,4,2,2,1,0.40322
104,1,0,5,5,1,3,12,6,8,8,4,2,2,1,0.32821
104,1,0,5,5,1,4,9,6,6,7,4,2,2,1,0.36881
104,1,0,5,5,1,5,6,6,8,5,4,1,1,1,0.38873
104,1,0,5,5,1,6,4,6,8,4,4,1,1,1,0.48435
104,1,0,5,5,1,7,6,6,8,5,4,1,1,1,0.29882
104,1,0,5,5,1,8,8,6,8,6,4,2,2,1,0.5636
104,1,0,5,5,1,9,5,6,6,5,4,1,1,1,0.76437
104,1,0,5,5,1,10,2,6,8,3,4,1,1,1,0.28557
104,1,0,5,5,1,11,9,6,6,7,4,2,2,1,0.35334
104,1,0,5,5,1,12,8,6,8,6,4,2,2,1,1.0589
104,1,0,5,5,1,13,7,6,6,6,4,2,2,1,0.64321
104,1,0,5,5,1,14,1,6,6,3,4,1,1,1,0.33365
104,1,0,5,5,1,15,1,6,6,3,4,1,1,1,0.33684
104,1,0,5,5,1,16,7,6,6,6,4,2,2,1,0.58977
104,1,0,5,5,1,17,4,6,8,4,4,1,1,1,0.42898
104,1,0,5,5,1,18,2,6,8,3,4,1,1,1,0.50267
104,1,0,5,5,1,19,11,6,6,8,4,2,2,1,0.35205
104,1,0,5,5,1,20,11,6,6,8,4,2,2,1,0.37941
104,1,0,5,5,1,21,3,6,6,4,4,1,1,1,0.40646
104,1,0,5,5,1,22,12,6,8,8,4,2,2,1,0.50375
104,1,0,5,5,1,23,10,6,8,7,4,2,2,1,0.40893
104,1,0,5,5,1,24,3,6,6,4,4,1,1,1,0.42964
104,1,0,5,5,0,1,12,6,8,8,4,2,2,1,0.43622
104,1,0,5,5,0,2,9,6,6,7,4,2,2,1,0.47888
104,1,0,5,5,0,3,4,6,8,4,4,1,1,1,0.45759
104,1,0,5,5,0,4,6,6,8,5,4,1,1,1,0.39763
104,1,0,5,5,0,5,6,6,8,5,4,1,1,1,0.40314
104,1,0,5,5,0,6,2,6,8,3,4,1,1,1,0.36404
104,1,0,5,5,0,7,11,6,6,8,4,2,2,1,0.50183
104,1,0,5,5,0,8,8,6,8,6,4,2,1,0,1.5021
104,1,0,5,5,0,9,3,6,6,4,4,1,1,1,0.36313
104,1,0,5,5,0,10,10,6,8,7,4,2,2,1,0.39787
104,1,0,5,5,0,11,12,6,8,8,4,2,2,1,0.65353
104,1,0,5,5,0,12,8,6,8,6,4,2,2,1,0.62242
104,1,0,5,5,0,13,2,6,8,3,4,1,1,1,0.43396
104,1,0,5,5,0,14,6,6,8,5,4,1,1,1,0.70098
104,1,0,5,5,0,15,3,6,6,4,4,1,1,1,0.43008
104,1,0,5,5,0,16,12,6,8,8,4,2,2,1,0.4929
104,1,0,5,5,0,17,9,6,6,7,4,2,2,1,0.60897
104,1,0,5,5,0,18,6,6,8,5,4,1,1,1,0.50048
104,1,0,5,5,0,19,12,6,8,8,4,2,2,1,0.36431
104,1,0,5,5,0,20,11,6,6,8,4,2,2,1,0.40724
104,1,0,5,5,0,21,9,6,6,7,4,2,2,1,0.33912
104,1,0,5,5,0,22,5,6,6,5,4,1,1,1,0.40895
104,1,0,5,5,0,23,6,6,8,5,4,1,1,1,0.38075
104,1,0,5,5,0,24,3,6,6,4,4,1,1,1,0.50766
104,1,0,5,5,0,25,9,6,6,7,4,2,2,1,0.39532
104,1,0,5,5,0,26,2,6,8,3,4,1,1,1,0.39615
104,1,0,5,5,0,27,2,6,8,3,4,1,1,1,0.38006
104,1,0,5,5,0,28,1,6,6,3,4,1,1,1,0.40104
104,1,0,5,5,0,29,10,6,8,7,4,2,2,1,0.49866
104,1,0,5,5,0,30,11,6,6,8,4,2,2,1,0.79097
104,1,0,5,5,0,31,3,6,6,4,4,1,1,1,0.45733
104,1,0,5,5,0,32,7,6,6,6,4,2,2,1,1.0869
104,1,0,5,5,0,33,10,6,8,7,4,2,2,1,0.64923
104,1,0,5,5,0,34,2,6,8,3,4,1,1,1,0.41216
104,1,0,5,5,0,35,7,6,6,6,4,2,2,1,0.71807
104,1,0,5,5,0,36,4,6,8,4,4,1,1,1,0.4799
104,1,0,5,5,0,37,3,6,6,4,4,1,1,1,0.44329
104,1,0,5,5,0,38,8,6,8,6,4,2,2,1,0.99923
104,1,0,5,5,0,39,1,6,6,3,4,1,1,1,0.46819
104,1,0,5,5,0,40,1,6,6,3,4,1,1,1,0.46184
104,1,0,5,5,0,41,11,6,6,8,4,2,2,1,0.47444
104,1,0,5,5,0,42,7,6,6,6,4,2,2,1,1.6592
104,1,0,5,5,0,43,12,6,8,8,4,2,2,1,0.63319
104,1,0,5,5,0,44,7,6,6,6,4,2,2,1,0.71846
104,1,0,5,5,0,45,5,6,6,5,4,1,1,1,0.38971
104,1,0,5,5,0,46,7,6,6,6,4,2,2,1,0.5317
104,1,0,5,5,0,47,6,6,8,5,4,1,1,1,0.44765
104,1,0,5,5,0,48,3,6,6,4,4,1,1,1,0.35391
104,1,0,5,5,0,49,4,6,8,4,4,1,1,1,0.32209
104,1,0,5,5,0,50,9,6,6,7,4,2,2,1,0.4449
104,1,0,5,5,0,51,7,6,6,6,4,2,2,1,0.65238
104,1,0,5,5,0,52,4,6,8,4,4,1,1,1,0.44026
104,1,0,5,5,0,53,12,6,8,8,4,2,2,1,0.49234
104,1,0,5,5,0,54,8,6,8,6,4,2,2,1,0.60523
104,1,0,5,5,0,55,3,6,6,4,4,1,1,1,0.38934
104,1,0,5,5,0,56,3,6,6,4,4,1,1,1,0.42691
104,1,0,5,5,0,57,10,6,8,7,4,2,2,1,0.61004
104,1,0,5,5,0,58,10,6,8,7,4,2,2,1,0.49886
104,1,0,5,5,0,59,11,6,6,8,4,2,2,1,0.39437
104,1,0,5,5,0,60,2,6,8,3,4,1,1,1,0.5669
104,1,0,5,5,0,61,8,6,8,6,4,2,2,1,0.4129
104,1,0,5,5,0,62,11,6,6,8,4,2,2,1,0.43098
104,1,0,5,5,0,63,5,6,6,5,4,1,1,1,0.53261
104,1,0,5,5,0,64,4,6,8,4,4,1,1,1,0.94805
104,1,0,5,5,0,65,9,6,6,7,4,2,2,1,0.51696
104,1,0,5,5,0,66,9,6,6,7,4,2,2,1,0.45169
104,1,0,5,5,0,67,4,6,8,4,4,1,1,1,0.56628
104,1,0,5,5,0,68,5,6,6,5,4,1,1,1,0.55462
104,1,0,5,5,0,69,1,6,6,3,4,1,1,1,0.34441
104,1,0,5,5,0,70,6,6,8,5,4,1,1,1,0.45993
104,1,0,5,5,0,71,8,6,8,6,4,2,1,0,0.51583
104,1,0,5,5,0,72,1,6,6,3,4,1,1,1,0.43009
104,1,0,5,5,0,73,12,6,8,8,4,2,2,1,0.46957
104,1,0,5,5,0,74,2,6,8,3,4,1,1,1,0.42114
104,1,0,5,5,0,75,11,6,6,8,4,2,2,1,0.47576
104,1,0,5,5,0,76,10,6,8,7,4,2,2,1,0.4239
104,1,0,5,5,0,77,7,6,6,6,4,2,2,1,0.54934
104,1,0,5,5,0,78,4,6,8,4,4,1,1,1,0.4773
104,1,0,5,5,0,79,6,6,8,5,4,1,1,1,0.37883
104,1,0,5,5,0,80,12,6,8,8,4,2,2,1,0.62139
104,1,0,5,5,0,81,5,6,6,5,4,1,1,1,0.47166
104,1,0,5,5,0,82,5,6,6,5,4,1,1,1,0.47728
104,1,0,5,5,0,83,8,6,8,6,4,2,2,1,0.69816
104,1,0,5,5,0,84,5,6,6,5,4,1,1,1,0.46651
104,1,0,5,5,0,85,2,6,8,3,4,1,1,1,0.67108
104,1,0,5,5,0,86,12,6,8,8,4,2,2,1,0.53726
104,1,0,5,5,0,87,2,6,8,3,4,1,1,1,0.45295
104,1,0,5,5,0,88,7,6,6,6,4,2,2,1,0.45425
104,1,0,5,5,0,89,5,6,6,5,4,1,1,1,0.44583
104,1,0,5,5,0,90,1,6,6,3,4,1,1,1,0.51634
104,1,0,5,5,0,91,1,6,6,3,4,1,1,1,0.45074
104,1,0,5,5,0,92,12,6,8,8,4,2,2,1,0.40035
104,1,0,5,5,0,93,4,6,8,4,4,1,1,1,0.38065
104,1,0,5,5,0,94,7,6,6,6,4,2,2,1,0.88369
104,1,0,5,5,0,95,10,6,8,7,4,2,2,1,0.47348
104,1,0,5,5,0,96,3,6,6,4,4,1,1,1,0.38877
104,1,0,5,5,0,97,9,6,6,7,4,2,2,1,0.42272
104,1,0,5,5,0,98,1,6,6,3,4,1,1,1,0.3486
104,1,0,5,5,0,99,8,6,8,6,4,2,2,1,0.53558
104,1,0,5,5,0,100,8,6,8,6,4,2,1,0,0.82608
104,1,0,5,5,0,101,10,6,8,7,4,2,2,1,0.38763
104,1,0,5,5,0,102,7,6,6,6,4,2,2,1,0.42518
104,1,0,5,5,0,103,9,6,6,7,4,2,2,1,0.30223
104,1,0,5,5,0,104,1,6,6,3,4,1,1,1,0.25787
104,1,0,5,5,0,105,2,6,8,3,4,1,1,1,0.25739
104,1,0,5,5,0,106,1,6,6,3,4,1,1,1,0.32914
104,1,0,5,5,0,107,6,6,8,5,4,1,1,1,0.29486
104,1,0,5,5,0,108,10,6,8,7,4,2,2,1,0.43533
104,1,0,5,5,0,109,5,6,6,5,4,1,1,1,0.56886
104,1,0,5,5,0,110,4,6,8,4,4,1,1,1,0.40136
104,1,0,5,5,0,111,8,6,8,6,4,2,2,1,0.45867
104,1,0,5,5,0,112,3,6,6,4,4,1,1,1,0.38684
104,1,0,5,5,0,113,4,6,8,4,4,1,1,1,0.36024
104,1,0,5,5,0,114,5,6,6,5,4,1,1,1,0.36055
104,1,0,5,5,0,115,6,6,8,5,4,1,1,1,0.32357
104,1,0,5,5,0,116,11,6,6,8,4,2,2,1,0.38627
104,1,0,5,5,0,117,11,6,6,8,4,2,2,1,0.30986
104,1,0,5,5,0,118,9,6,6,7,4,2,2,1,0.35891
104,1,0,5,5,0,119,11,6,6,8,4,2,2,1,0.53139
104,1,0,5,5,0,120,10,6,8,7,4,2,2,1,0.42306
104,1,0,5,6,0,1,6,6,8,5,4,1,1,1,0.58339
104,1,0,5,6,0,2,3,6,6,4,4,1,1,1,0.31828
104,1,0,5,6,0,3,9,6,6,7,4,2,2,1,0.4794
104,1,0,5,6,0,4,8,6,8,6,4,2,2,1,0.68517
104,1,0,5,6,0,5,2,6,8,3,4,1,1,1,0.38196
104,1,0,5,6,0,6,5,6,6,5,4,1,1,1,0.36524
104,1,0,5,6,0,7,8,6,8,6,4,2,1,0,0.30906
104,1,0,5,6,0,8,12,6,8,8,4,2,2,1,0.37522
104,1,0,5,6,0,9,12,6,8,8,4,2,2,1,0.36936
104,1,0,5,6,0,10,7,6,6,6,4,2,1,0,0.3888
104,1,0,5,6,0,11,8,6,8,6,4,2,2,1,0.52186
104,1,0,5,6,0,12,12,6,8,8,4,2,1,0,0.34156
104,1,0,5,6,0,13,5,6,6,5,4,1,1,1,0.5763
104,1,0,5,6,0,14,10,6,8,7,4,2,2,1,0.42731
104,1,0,5,6,0,15,8,6,8,6,4,2,2,1,0.42802
104,1,0,5,6,0,16,7,6,6,6,4,2,2,1,0.36054
104,1,0,5,6,0,17,1,6,6,3,4,1,1,1,0.39576
104,1,0,5,6,0,18,6,6,8,5,4,1,1,1,0.43084
104,1,0,5,6,0,19,4,6,8,4,4,1,1,1,0.39731
104,1,0,5,6,0,20,7,6,6,6,4,2,2,1,0.58779
104,1,0,5,6,0,21,5,6,6,5,4,1,1,1,0.91256
104,1,0,5,6,0,22,6,6,8,5,4,1,1,1,0.50386
104,1,0,5,6,0,23,1,6,6,3,4,1,1,1,0.40072
104,1,0,5,6,0,24,12,6,8,8,4,2,2,1,0.3535
104,1,0,5,6,0,25,8,6,8,6,4,2,2,1,0.54752
104,1,0,5,6,0,26,1,6,6,3,4,1,1,1,0.38424
104,1,0,5,6,0,27,6,6,8,5,4,1,1,1,0.59908
104,1,0,5,6,0,28,9,6,6,7,4,2,2,1,0.4726
104,1,0,5,6,0,29,3,6,6,4,4,1,1,1,0.36389
104,1,0,5,6,0,30,11,6,6,8,4,2,2,1,0.32241
104,1,0,5,6,0,31,6,6,8,5,4,1,1,1,0.59179
104,1,0,5,6,0,32,10,6,8,7,4,2,2,1,0.34932
104,1,0,5,6,0,33,11,6,6,8,4,2,2,1,0.31615
104,1,0,5,6,0,34,2,6,8,3,4,1,1,1,0.42635
104,1,0,5,6,0,35,3,6,6,4,4,1,1,1,0.35515
104,1,0,5,6,0,36,11,6,6,8,4,2,2,1,0.40972
104,1,0,5,6,0,37,1,6,6,3,4,1,1,1,0.4474
104,1,0,5,6,0,38,4,6,8,4,4,1,1,1,0.34973
104,1,0,5,6,0,39,9,6,6,7,4,2,2,1,0.43513
104,1,0,5,6,0,40,3,6,6,4,4,1,1,1,0.36513
104,1,0,5,6,0,41,11,6,6,8,4,2,2,1,0.48953
104,1,0,5,6,0,42,6,6,8,5,4,1,1,1,0.54172
104,1,0,5,6,0,43,10,6,8,7,4,2,2,1,0.43248
104,1,0,5,6,0,44,7,6,6,6,4,2,2,1,1.2451
104,1,0,5,6,0,45,3,6,6,4,4,1,1,1,0.42789
104,1,0,5,6,0,46,4,6,8,4,4,1,1,1,0.37105
104,1,0,5,6,0,47,4,6,8,4,4,1,1,1,0.4224
104,1,0,5,6,0,48,2,6,8,3,4,1,1,1,0.38152
104,1,0,5,6,0,49,7,6,6,6,4,2,2,1,0.57606
104,1,0,5,6,0,50,3,6,6,4,4,1,1,1,0.54971
104,1,0,5,6,0,51,4,6,8,4,4,1,1,1,0.33595
104,1,0,5,6,0,52,9,6,6,7,4,2,2,1,0.50297
104,1,0,5,6,0,53,10,6,8,7,4,2,2,1,0.44516
104,1,0,5,6,0,54,10,6,8,7,4,2,2,1,0.51565
104,1,0,5,6,0,55,10,6,8,7,4,2,2,1,0.40738
104,1,0,5,6,0,56,10,6,8,7,4,2,2,1,0.42419
104,1,0,5,6,0,57,9,6,6,7,4,2,2,1,0.39505
104,1,0,5,6,0,58,10,6,8,7,4,2,2,1,0.39974
104,1,0,5,6,0,59,2,6,8,3,4,1,1,1,0.35593
104,1,0,5,6,0,60,2,6,8,3,4,1,1,1,0.37122
104,1,0,5,6,0,61,5,6,6,5,4,1,1,1,0.70519
104,1,0,5,6,0,62,11,6,6,8,4,2,2,1,0.36974
104,1,0,5,6,0,63,3,6,6,4,4,1,1,1,0.50548
104,1,0,5,6,0,64,8,6,8,6,4,2,2,1,0.53819
104,1,0,5,6,0,65,8,6,8,6,4,2,2,1,0.41222
104,1,0,5,6,0,66,11,6,6,8,4,2,2,1,0.47655
104,1,0,5,6,0,67,9,6,6,7,4,2,2,1,0.41423
104,1,0,5,6,0,68,5,6,6,5,4,1,1,1,0.62962
104,1,0,5,6,0,69,2,6,8,3,4,1,1,1,0.38265
104,1,0,5,6,0,70,7,6,6,6,4,2,2,1,0.47436
104,1,0,5,6,0,71,2,6,8,3,4,1,1,1,0.41615
104,1,0,5,6,0,72,7,6,6,6,4,2,2,1,0.44595
104,1,0,5,6,0,73,12,6,8,8,4,2,2,1,0.59135
104,1,0,5,6,0,74,11,6,6,8,4,2,2,1,0.39023
104,1,0,5,6,0,75,3,6,6,4,4,1,1,1,0.43231
104,1,0,5,6,0,76,1,6,6,3,4,1,1,1,0.47985
104,1,0,5,6,0,77,1,6,6,3,4,1,1,1,0.40153
104,1,0,5,6,0,78,12,6,8,8,4,2,2,1,0.40353
104,1,0,5,6,0,79,1,6,6,3,4,1,1,1,0.4623
104,1,0,5,6,0,80,6,6,8,5,4,1,1,1,0.8275
104,1,0,5,6,0,81,9,6,6,7,4,2,2,1,0.44747
104,1,0,5,6,0,82,6,6,8,5,4,1,1,1,0.64706
104,1,0,5,6,0,83,7,6,6,6,4,2,2,1,0.69592
104,1,0,5,6,0,84,4,6,8,4,4,1,1,1,0.4603
104,1,0,5,6,0,85,2,6,8,3,4,1,1,1,0.36829
104,1,0,5,6,0,86,11,6,6,8,4,2,2,1,0.40894
104,1,0,5,6,0,87,12,6,8,8,4,2,2,1,0.41983
104,1,0,5,6,0,88,2,6,8,3,4,1,1,1,0.41408
104,1,0,5,6,0,89,7,6,6,6,4,2,2,1,0.63877
104,1,0,5,6,0,90,8,6,8,6,4,2,2,1,0.36825
104,1,0,5,6,0,91,11,6,6,8,4,2,2,1,0.35385
104,1,0,5,6,0,92,3,6,6,4,4,1,1,1,0.47527
104,1,0,5,6,0,93,8,6,8,6,4,2,2,1,1.043
104,1,0,5,6,0,94,1,6,6,3,4,1,1,1,0.52368
104,1,0,5,6,0,95,10,6,8,7,4,2,2,1,0.51866
104,1,0,5,6,0,96,4,6,8,4,4,1,1,1,0.55836
104,1,0,5,6,0,97,5,6,6,5,4,1,1,1,0.63701
104,1,0,5,6,0,98,9,6,6,7,4,2,2,1,0.76185
104,1,0,5,6,0,99,10,6,8,7,4,2,2,1,0.77647
104,1,0,5,6,0,100,4,6,8,4,4,1,1,1,1.3967
104,1,0,5,6,0,101,4,6,8,4,4,1,1,1,0.42513
104,1,0,5,6,0,102,1,6,6,3,4,1,1,1,0.37776
104,1,0,5,6,0,103,2,6,8,3,4,1,1,1,0.3633
104,1,0,5,6,0,104,9,6,6,7,4,2,2,1,0.5672
104,1,0,5,6,0,105,12,6,8,8,4,2,2,1,0.4931
104,1,0,5,6,0,106,5,6,6,5,4,1,1,1,0.6924
104,1,0,5,6,0,107,5,6,6,5,4,1,1,1,0.31597
104,1,0,5,6,0,108,6,6,8,5,4,1,1,1,0.51041
104,1,0,5,6,0,109,5,6,6,5,4,1,1,1,0.42753
104,1,0,5,6,0,110,4,6,8,4,4,1,1,1,0.43934
104,1,0,5,6,0,111,6,6,8,5,4,1,1,1,0.52971
104,1,0,5,6,0,112,3,6,6,4,4,1,1,1,0.3898
104,1,0,5,6,0,113,8,6,8,6,4,2,2,1,0.49438
104,1,0,5,6,0,114,7,6,6,6,4,2,2,1,0.5624
104,1,0,5,6,0,115,12,6,8,8,4,2,2,1,0.4738
104,1,0,5,6,0,116,9,6,6,7,4,2,2,1,0.53464
104,1,0,5,6,0,117,5,6,6,5,4,1,1,1,0.52547
104,1,0,5,6,0,118,1,6,6,3,4,1,1,1,0.55465
104,1,0,5,6,0,119,12,6,8,8,4,2,2,1,0.46751
104,1,0,5,6,0,120,11,6,6,8,4,2,2,1,0.38394
