101,1,2,2,1,1,4,40,10,1,1,1,1.2728
101,1,2,2,1,2,6,60,10,1,1,1,0.78158
101,1,2,2,1,3,2,20,10,1,1,1,0.47815
101,1,2,2,1,4,4,40,10,1,1,1,0.40514
101,1,2,2,1,5,6,60,10,1,1,1,3.4232
101,1,2,2,1,6,4,40,10,1,1,1,0.45365
101,1,2,2,1,7,12,120,10,2,2,1,0.78028
101,1,2,2,1,8,12,120,10,2,2,1,1.0117
101,1,2,2,1,9,8,80,10,2,2,1,1.0368
101,1,2,2,1,10,12,120,10,2,2,1,0.51385
101,1,2,2,1,11,10,100,10,2,2,1,0.46299
101,1,2,2,1,12,10,100,10,2,2,1,0.40915
101,1,2,2,1,13,2,20,10,1,1,1,0.64845
101,1,2,2,1,14,8,80,10,2,2,1,1.3387
101,1,2,2,1,15,10,100,10,2,2,1,0.44309
101,1,2,2,1,16,10,100,10,2,2,1,0.37752
101,1,2,2,1,17,8,80,10,2,2,1,0.34933
101,1,2,2,1,18,6,60,10,1,1,1,0.85723
101,1,2,2,1,19,12,120,10,2,2,1,0.81683
101,1,2,2,1,20,6,60,10,1,1,1,0.65404
101,1,2,2,1,21,8,80,10,2,2,1,0.86006
101,1,2,2,1,22,2,20,10,1,1,1,0.46556
101,1,2,2,1,23,4,40,10,1,1,1,0.44588
101,1,2,2,1,24,2,20,10,1,1,1,0.50604
101,1,2,2,0,1,2,20,10,1,1,1,0.7645
101,1,2,2,0,2,6,60,10,1,1,1,0.60402
101,1,2,2,0,3,8,80,10,2,2,1,0.87682
101,1,2,2,0,4,10,100,10,2,2,1,0.85706
101,1,2,2,0,5,6,60,10,1,1,1,0.87418
101,1,2,2,0,6,6,60,10,1,1,1,0.63177
101,1,2,2,0,7,12,120,10,2,2,1,0.46874
101,1,2,2,0,8,8,80,10,2,2,1,0.49943
101,1,2,2,0,9,8,80,10,2,2,1,0.41513
101,1,2,2,0,10,8,80,10,2,2,1,0.39121
101,1,2,2,0,11,4,40,10,1,1,1,0.85793
101,1,2,2,0,12,10,100,10,2,2,1,0.807
101,1,2,2,0,13,10,100,10,2,2,1,0.43055
101,1,2,2,0,14,2,20,10,1,1,1,0.58123
101,1,2,2,0,15,8,80,10,2,2,1,0.68477
101,1,2,2,0,16,12,120,10,2,2,1,1.2797
101,1,2,2,0,17,12,120,10,2,2,1,3.3599
101,1,2,2,0,18,2,20,10,1,1,1,2.3224
101,1,2,2,0,19,4,40,10,1,1,1,2.1617
101,1,2,2,0,20,12,120,10,2,2,1,1.7142
101,1,2,2,0,21,12,120,10,2,2,1,0.83383
101,1,2,2,0,22,8,80,10,2,NaN,9,NaN
101,1,2,2,0,23,2,20,10,1,1,1,0.58608
101,1,2,2,0,24,6,60,10,1,1,1,0.66418
101,1,2,2,0,25,4,40,10,1,1,1,0.37201
101,1,2,2,0,26,12,120,10,2,2,1,0.94292
101,1,2,2,0,27,10,100,10,2,2,1,0.44903
101,1,2,2,0,28,2,20,10,1,1,1,0.53773
101,1,2,2,0,29,4,40,10,1,1,1,0.44362
101,1,2,2,0,30,12,120,10,2,2,1,0.94272
101,1,2,2,0,31,2,20,10,1,1,1,0.46044
101,1,2,2,0,32,2,20,10,1,1,1,0.47956
101,1,2,2,0,33,8,80,10,2,2,1,0.53034
101,1,2,2,0,34,2,20,10,1,1,1,0.52574
101,1,2,2,0,35,8,80,10,2,2,1,0.3884
101,1,2,2,0,36,10,100,10,2,2,1,0.7299
101,1,2,2,0,37,10,100,10,2,2,1,0.58405
101,1,2,2,0,38,6,60,10,1,1,1,1.0715
101,1,2,2,0,39,10,100,10,2,2,1,0.62238
101,1,2,2,0,40,10,100,10,2,2,1,0.50918
101,1,2,2,0,41,4,40,10,1,1,1,0.58269
101,1,2,2,0,42,12,120,10,2,2,1,0.52942
101,1,2,2,0,43,6,60,10,1,1,1,0.58022
101,1,2,2,0,44,6,60,10,1,1,1,0.68985
101,1,2,2,0,45,4,40,10,1,1,1,0.45713
101,1,2,2,0,46,2,20,10,1,1,1,0.40725
101,1,2,2,0,47,4,40,10,1,1,1,0.47365
101,1,2,2,0,48,6,60,10,1,1,1,1.1945
101,1,2,2,0,49,4,40,10,1,1,1,0.46383
101,1,2,2,0,50,4,40,10,1,1,1,0.39304
101,1,2,2,0,51,12,120,10,2,2,1,0.86468
101,1,2,2,0,52,4,40,10,1,1,1,0.69495
101,1,2,2,0,53,4,40,10,1,1,1,0.54493
101,1,2,2,0,54,8,80,10,2,2,1,1.0312
101,1,2,2,0,55,4,40,10,1,1,1,0.51498
101,1,2,2,0,56,4,40,10,1,1,1,0.35362
101,1,2,2,0,57,2,20,10,1,1,1,0.34317
101,1,2,2,0,58,2,20,10,1,1,1,1.2261
101,1,2,2,0,59,2,20,10,1,1,1,0.98787
101,1,2,2,0,60,10,100,10,2,2,1,1.5233
101,1,2,2,0,61,2,20,10,1,1,1,4.6812
101,1,2,2,0,62,4,40,10,1,1,1,0.67067
101,1,2,2,0,63,4,40,10,1,1,1,1.7285
101,1,2,2,0,64,6,60,10,1,1,1,0.5391
101,1,2,2,0,65,6,60,10,1,1,1,0.56752
101,1,2,2,0,66,8,80,10,2,2,1,2.7297
101,1,2,2,0,67,2,20,10,1,1,1,0.67199
101,1,2,2,0,68,2,20,10,1,1,1,0.43458
101,1,2,2,0,69,8,80,10,2,2,1,2.1408
101,1,2,2,0,70,10,100,10,2,2,1,0.73151
101,1,2,2,0,71,10,100,10,2,2,1,0.50214
101,1,2,2,0,72,8,80,10,2,2,1,0.4489
101,1,2,2,0,73,12,120,10,2,2,1,0.50187
101,1,2,2,0,74,8,80,10,2,2,1,0.77081
101,1,2,2,0,75,10,100,10,2,2,1,0.43285
101,1,2,2,0,76,6,60,10,1,1,1,1.1325
101,1,2,2,0,77,6,60,10,1,1,1,0.59753
101,1,2,2,0,78,6,60,10,1,1,1,0.57223
101,1,2,2,0,79,2,20,10,1,1,1,0.43486
101,1,2,2,0,80,10,100,10,2,2,1,1.374
101,1,2,2,0,81,8,80,10,2,2,1,0.58028
101,1,2,2,0,82,6,60,10,1,1,1,0.80254
101,1,2,2,0,83,2,20,10,1,1,1,0.41129
101,1,2,2,0,84,2,20,10,1,1,1,0.45974
101,1,2,2,0,85,6,60,10,1,1,1,0.7239
101,1,2,2,0,86,8,80,10,2,2,1,1.1653
101,1,2,2,0,87,6,60,10,1,1,1,0.69613
101,1,2,2,0,88,8,80,10,2,2,1,0.86668
101,1,2,2,0,89,4,40,10,1,1,1,0.55033
101,1,2,2,0,90,12,120,10,2,2,1,0.57622
101,1,2,2,0,91,12,120,10,2,2,1,0.75322
101,1,2,2,0,92,12,120,10,2,2,1,0.4245
101,1,2,2,0,93,8,80,10,2,2,1,0.35619
101,1,2,2,0,94,6,60,10,1,1,1,0.58763
101,1,2,2,0,95,6,60,10,1,1,1,0.60206
101,1,2,2,0,96,4,40,10,1,1,1,0.46103
101,1,2,2,0,97,12,120,10,2,2,1,1.0211
101,1,2,2,0,98,10,100,10,2,2,1,0.49778
101,1,2,2,0,99,10,100,10,2,2,1,0.46816
101,1,2,2,0,100,6,60,10,1,1,1,0.52197
101,1,2,2,0,101,12,120,10,2,2,1,0.56278
101,1,2,2,0,102,10,100,10,2,2,1,0.42945
101,1,2,2,0,103,4,40,10,1,1,1,0.5463
101,1,2,2,0,104,4,40,10,1,1,1,0.39064
101,1,2,2,0,105,10,100,10,2,2,1,0.97251
101,1,2,2,0,106,10,100,10,2,2,1,0.72175
101,1,2,2,0,107,8,80,10,2,2,1,2.478
101,1,2,2,0,108,8,80,10,2,2,1,0.46478
101,1,2,2,0,109,4,40,10,1,2,0,0.54577
101,1,2,2,0,110,10,100,10,2,2,1,3.0389
101,1,2,2,0,111,12,120,10,2,2,1,1.4841
101,1,2,2,0,112,12,120,10,2,2,1,0.43997
101,1,2,2,0,113,6,60,10,1,1,1,0.84482
101,1,2,2,0,114,2,20,10,1,1,1,0.43914
101,1,2,2,0,115,12,120,10,2,2,1,0.99775
101,1,2,2,0,116,8,80,10,2,2,1,2.7122
101,1,2,2,0,117,2,20,10,1,1,1,0.52233
101,1,2,2,0,118,10,100,10,2,2,1,0.47602
101,1,2,2,0,119,12,120,10,2,2,1,0.71307
101,1,2,2,0,120,12,120,10,2,2,1,0.83156
101,1,2,1,1,1,5,60,8,1,1,1,0.99235
101,1,2,1,1,2,3,40,8,1,1,1,0.49211
101,1,2,1,1,3,11,120,8,2,2,1,1.077
101,1,2,1,1,4,1,20,8,1,1,1,0.57837
101,1,2,1,1,5,3,40,8,1,1,1,0.51713
101,1,2,1,1,6,11,120,8,2,2,1,0.64056
101,1,2,1,1,7,1,20,8,1,1,1,0.55836
101,1,2,1,1,8,1,20,8,1,1,1,0.75184
101,1,2,1,1,9,7,80,8,2,2,1,0.73346
101,1,2,1,1,10,5,60,8,1,2,0,0.44038
101,1,2,1,1,11,11,120,8,2,2,1,1.2353
101,1,2,1,1,12,3,40,8,1,1,1,0.51063
101,1,2,1,1,13,5,60,8,1,1,1,0.62271
101,1,2,1,1,14,9,100,8,2,2,1,0.81701
101,1,2,1,1,15,9,100,8,2,2,1,0.45924
101,1,2,1,1,16,3,40,8,1,1,1,0.76516
101,1,2,1,1,17,9,100,8,2,2,1,1.0242
101,1,2,1,1,18,7,80,8,2,2,1,1.9365
101,1,2,1,1,19,7,80,8,2,2,1,1.6792
101,1,2,1,1,20,5,60,8,1,2,0,0.86488
101,1,2,1,1,21,11,120,8,2,2,1,0.85755
101,1,2,1,1,22,1,20,8,1,1,1,0.55049
101,1,2,1,1,23,9,100,8,2,2,1,0.81089
101,1,2,1,1,24,7,80,8,2,2,1,1.0949
101,1,2,1,0,1,7,80,8,2,2,1,1.5916
101,1,2,1,0,2,3,40,8,1,1,1,0.6789
101,1,2,1,0,3,5,60,8,1,2,0,1.1315
101,1,2,1,0,4,7,80,8,2,2,1,1.3463
101,1,2,1,0,5,9,100,8,2,2,1,0.40306
101,1,2,1,0,6,9,100,8,2,2,1,0.40531
101,1,2,1,0,7,1,20,8,1,1,1,1.1249
101,1,2,1,0,8,7,80,8,2,NaN,9,NaN
101,1,2,1,0,9,3,40,8,1,1,1,0.64567
101,1,2,1,0,10,7,80,8,2,2,1,1.2891
101,1,2,1,0,11,1,20,8,1,1,1,0.608
101,1,2,1,0,12,9,100,8,2,2,1,2.351
101,1,2,1,0,13,11,120,8,2,2,1,0.37991
101,1,2,1,0,14,1,20,8,1,1,1,0.62303
101,1,2,1,0,15,9,100,8,2,2,1,0.52668
101,1,2,1,0,16,11,120,8,2,2,1,0.45576
101,1,2,1,0,17,9,100,8,2,2,1,0.51189
101,1,2,1,0,18,5,60,8,1,1,1,0.73896
101,1,2,1,0,19,3,40,8,1,1,1,0.70842
101,1,2,1,0,20,5,60,8,1,1,1,0.47837
101,1,2,1,0,21,7,80,8,2,2,1,0.86206
101,1,2,1,0,22,11,120,8,2,2,1,0.54381
101,1,2,1,0,23,5,60,8,1,1,1,0.58492
101,1,2,1,0,24,9,100,8,2,2,1,0.59723
101,1,2,1,0,25,11,120,8,2,2,1,0.46303
101,1,2,1,0,26,11,120,8,2,2,1,0.39536
101,1,2,1,0,27,1,20,8,1,1,1,0.70338
101,1,2,1,0,28,9,100,8,2,2,1,0.40649
101,1,2,1,0,29,7,80,8,2,1,0,0.80165
101,1,2,1,0,30,1,20,8,1,1,1,0.63587
101,1,2,1,0,31,9,100,8,2,2,1,1.5821
101,1,2,1,0,32,7,80,8,2,2,1,1.5185
101,1,2,1,0,33,11,120,8,2,2,1,1.7318
101,1,2,1,0,34,11,120,8,2,2,1,0.50607
101,1,2,1,0,35,9,100,8,2,2,1,0.38588
101,1,2,1,0,36,1,20,8,1,1,1,0.90588
101,1,2,1,0,37,5,60,8,1,1,1,1.3481
101,1,2,1,0,38,9,100,8,2,2,1,1.2319
101,1,2,1,0,39,3,40,8,1,1,1,1.2345
101,1,2,1,0,40,11,120,8,2,2,1,0.89169
101,1,2,1,0,41,1,20,8,1,1,1,1.6086
101,1,2,1,0,42,7,80,8,2,2,1,1.735
101,1,2,1,0,43,3,40,8,1,1,1,1.2327
101,1,2,1,0,44,7,80,8,2,2,1,0.92248
101,1,2,1,0,45,1,20,8,1,1,1,1.5407
101,1,2,1,0,46,1,20,8,1,1,1,0.8733
101,1,2,1,0,47,3,40,8,1,1,1,2.894
101,1,2,1,0,48,1,20,8,1,1,1,2.0508
101,1,2,1,0,49,5,60,8,1,1,1,1.9197
101,1,2,1,0,50,11,120,8,2,2,1,4.0392
101,1,2,1,0,51,3,40,8,1,1,1,0.70564
101,1,2,1,0,52,11,120,8,2,2,1,0.71431
101,1,2,1,0,53,3,40,8,1,1,1,0.82052
101,1,2,1,0,54,3,40,8,1,1,1,0.65174
101,1,2,1,0,55,11,120,8,2,2,1,0.6424
101,1,2,1,0,56,7,80,8,2,2,1,3.919
101,1,2,1,0,57,9,100,8,2,2,1,2.1793
101,1,2,1,0,58,7,80,8,2,NaN,9,NaN
101,1,2,1,0,59,3,40,8,1,1,1,0.83444
101,1,2,1,0,60,11,120,8,2,2,1,0.63216
101,1,2,1,0,61,7,80,8,2,2,1,2.1088
101,1,2,1,0,62,5,60,8,1,1,1,1.8703
101,1,2,1,0,63,11,120,8,2,2,1,1.4901
101,1,2,1,0,64,7,80,8,2,2,1,2.3325
101,1,2,1,0,65,5,60,8,1,1,1,2.2642
101,1,2,1,0,66,5,60,8,1,1,1,1.0521
101,1,2,1,0,67,9,100,8,2,2,1,0.73085
101,1,2,1,0,68,1,20,8,1,1,1,0.58974
101,1,2,1,0,69,3,40,8,1,1,1,0.63083
101,1,2,1,0,70,5,60,8,1,1,1,0.77171
101,1,2,1,0,71,1,20,8,1,1,1,0.57367
101,1,2,1,0,72,1,20,8,1,1,1,0.4445
101,1,2,1,0,73,11,120,8,2,2,1,0.77924
101,1,2,1,0,74,1,20,8,1,1,1,0.84093
101,1,2,1,0,75,3,40,8,1,1,1,0.61107
101,1,2,1,0,76,5,60,8,1,1,1,1.1034
101,1,2,1,0,77,3,40,8,1,1,1,0.47376
101,1,2,1,0,78,1,20,8,1,1,1,0.38006
101,1,2,1,0,79,3,40,8,1,1,1,0.31185
101,1,2,1,0,80,11,120,8,2,1,0,3.2086
101,1,2,1,0,81,11,120,8,2,2,1,0.51916
101,1,2,1,0,82,3,40,8,1,1,1,0.82463
101,1,2,1,0,83,1,20,8,1,1,1,0.43088
101,1,2,1,0,84,9,100,8,2,2,1,0.89746
101,1,2,1,0,85,9,100,8,2,2,1,0.42304
101,1,2,1,0,86,5,60,8,1,2,0,0.46274
101,1,2,1,0,87,9,100,8,2,2,1,0.98696
101,1,2,1,0,88,7,80,8,2,2,1,1.5143
101,1,2,1,0,89,1,20,8,1,1,1,0.66623
101,1,2,1,0,90,7,80,8,2,2,1,0.9289
101,1,2,1,0,91,3,40,8,1,1,1,0.64294
101,1,2,1,0,92,5,60,8,1,1,1,1.2487
101,1,2,1,0,93,7,80,8,2,2,1,1.0463
101,1,2,1,0,94,9,100,8,2,2,1,0.45093
101,1,2,1,0,95,5,60,8,1,1,1,0.82441
101,1,2,1,0,96,5,60,8,1,1,1,0.6563
101,1,2,1,0,97,7,80,8,2,2,1,1.0053
101,1,2,1,0,98,3,40,8,1,1,1,0.73177
101,1,2,1,0,99,9,100,8,2,2,1,2.1144
101,1,2,1,0,100,3,40,8,1,1,1,0.66425
101,1,2,1,0,101,11,120,8,2,2,1,0.94507
101,1,2,1,0,102,7,80,8,2,2,1,2.8921
101,1,2,1,0,103,11,120,8,2,2,1,0.7694
101,1,2,1,0,104,1,20,8,1,1,1,0.73578
101,1,2,1,0,105,9,100,8,2,2,1,0.45542
101,1,2,1,0,106,5,60,8,1,1,1,0.96159
101,1,2,1,0,107,1,20,8,1,1,1,0.42716
101,1,2,1,0,108,9,100,8,2,2,1,0.74524
101,1,2,1,0,109,11,120,8,2,2,1,0.49927
101,1,2,1,0,110,3,40,8,1,1,1,0.6085
101,1,2,1,0,111,9,100,8,2,2,1,0.73394
101,1,2,1,0,112,5,60,8,1,1,1,1.2313
101,1,2,1,0,113,7,80,8,2,2,1,1.5107
101,1,2,1,0,114,5,60,8,1,1,1,0.86052
101,1,2,1,0,115,11,120,8,2,2,1,0.80393
101,1,2,1,0,116,3,40,8,1,1,1,1.8506
101,1,2,1,0,117,5,60,8,1,1,1,1.8355
101,1,2,1,0,118,1,20,8,1,1,1,0.85762
101,1,2,1,0,119,7,80,8,2,2,1,2.7054
101,1,2,1,0,120,5,60,8,1,1,1,1.1663
101,1,2,3,1,1,5,60,8,1,1,1,2.36
101,1,2,3,1,2,8,80,10,2,2,1,1.7845
101,1,2,3,1,3,10,100,10,2,2,1,0.71754
101,1,2,3,1,4,1,20,8,1,1,1,2.0442
101,1,2,3,1,5,8,80,10,2,2,1,2.0241
101,1,2,3,1,6,12,120,10,2,2,1,0.95933
101,1,2,3,1,7,1,20,8,1,1,1,0.7042
101,1,2,3,1,8,8,80,10,2,2,1,2.8737
101,1,2,3,1,9,12,120,10,2,2,1,0.50614
101,1,2,3,1,10,12,120,10,2,2,1,0.93311
101,1,2,3,1,11,3,40,8,1,1,1,1.173
101,1,2,3,1,12,3,40,8,1,1,1,0.86659
101,1,2,3,1,13,12,120,10,2,2,1,2.5172
101,1,2,3,1,14,10,100,10,2,2,1,2.2431
101,1,2,3,1,15,5,60,8,1,1,1,2.2606
101,1,2,3,1,16,10,100,10,2,2,1,0.82176
101,1,2,3,1,17,5,60,8,1,1,1,1.4189
101,1,2,3,1,18,8,80,10,2,2,1,2.0104
101,1,2,3,1,19,3,40,8,1,1,1,0.69947
101,1,2,3,1,20,1,20,8,1,1,1,1.4269
101,1,2,3,1,21,1,20,8,1,NaN,9,NaN
101,1,2,3,1,22,3,40,8,1,1,1,1.1776
101,1,2,3,1,23,5,60,8,1,1,1,1.0177
101,1,2,3,1,24,10,100,10,2,2,1,1.0116
101,1,2,3,0,1,12,120,10,2,2,1,0.7147
101,1,2,3,0,2,3,40,8,1,1,1,0.71384
101,1,2,3,0,3,10,100,10,2,2,1,0.85695
101,1,2,3,0,4,8,80,10,2,2,1,1.7781
101,1,2,3,0,5,12,120,10,2,2,1,0.36868
101,1,2,3,0,6,1,20,8,1,1,1,0.68446
101,1,2,3,0,7,5,60,8,1,1,1,1.3426
101,1,2,3,0,8,12,120,10,2,2,1,0.56566
101,1,2,3,0,9,3,40,8,1,1,1,0.58514
101,1,2,3,0,10,12,120,10,2,2,1,0.45298
101,1,2,3,0,11,1,20,8,1,1,1,0.91214
101,1,2,3,0,12,5,60,8,1,1,1,1.0061
101,1,2,3,0,13,3,40,8,1,1,1,0.66803
101,1,2,3,0,14,5,60,8,1,1,1,0.80606
101,1,2,3,0,15,10,100,10,2,2,1,2.1406
101,1,2,3,0,16,12,120,10,2,2,1,1.3509
101,1,2,3,0,17,8,80,10,2,2,1,0.85092
101,1,2,3,0,18,1,20,8,1,1,1,0.745
101,1,2,3,0,19,5,60,8,1,1,1,0.9418
101,1,2,3,0,20,10,100,10,2,2,1,0.58038
101,1,2,3,0,21,8,80,10,2,2,1,2.0576
101,1,2,3,0,22,3,40,8,1,1,1,0.98211
101,1,2,3,0,23,3,40,8,1,1,1,0.58787
101,1,2,3,0,24,8,80,10,2,2,1,2.5985
101,1,2,3,0,25,5,60,8,1,1,1,1.1748
101,1,2,3,0,26,10,100,10,2,2,1,0.89311
101,1,2,3,0,27,10,100,10,2,2,1,0.46019
101,1,2,3,0,28,8,80,10,2,2,1,0.35784
101,1,2,3,0,29,10,100,10,2,2,1,0.33842
101,1,2,3,0,30,8,80,10,2,2,1,0.26814
101,1,2,3,0,31,3,40,8,1,1,1,0.81236
101,1,2,3,0,32,12,120,10,2,2,1,0.4991
101,1,2,3,0,33,8,80,10,2,2,1,2.4083
101,1,2,3,0,34,12,120,10,2,2,1,1.2772
101,1,2,3,0,35,1,20,8,1,1,1,2.3157
101,1,2,3,0,36,3,40,8,1,1,1,0.52084
101,1,2,3,0,37,5,60,8,1,1,1,3.3646
101,1,2,3,0,38,5,60,8,1,1,1,0.74081
101,1,2,3,0,39,10,100,10,2,2,1,0.71687
101,1,2,3,0,40,1,20,8,1,1,1,0.88425
101,1,2,3,0,41,1,20,8,1,1,1,0.39513
101,1,2,3,0,42,5,60,8,1,2,0,1.0235
101,1,2,3,0,43,10,100,10,2,2,1,0.85972
101,1,2,3,0,44,12,120,10,2,2,1,1.4731
101,1,2,3,0,45,3,40,8,1,1,1,1.1818
101,1,2,3,0,46,3,40,8,1,1,1,1.1962
101,1,2,3,0,47,5,60,8,1,1,1,1.934
101,1,2,3,0,48,8,80,10,2,2,1,1.3027
101,1,2,3,0,49,12,120,10,2,2,1,0.50572
101,1,2,3,0,50,1,20,8,1,1,1,0.61458
101,1,2,3,0,51,1,20,8,1,1,1,0.55683
101,1,2,3,0,52,12,120,10,2,2,1,0.65245
101,1,2,3,0,53,10,100,10,2,2,1,0.70352
101,1,2,3,0,54,1,20,8,1,1,1,0.68725
101,1,2,3,0,55,8,80,10,2,2,1,1.0955
101,1,2,3,0,56,12,120,10,2,2,1,0.509
101,1,2,3,0,57,5,60,8,1,1,1,2.0358
101,1,2,3,0,58,12,120,10,2,2,1,0.43276
101,1,2,3,0,59,3,40,8,1,1,1,0.77039
101,1,2,3,0,60,12,120,10,2,2,1,1.017
101,1,2,3,0,61,1,20,8,1,1,1,0.57053
101,1,2,3,0,62,10,100,10,2,2,1,0.47095
101,1,2,3,0,63,5,60,8,1,1,1,0.75202
101,1,2,3,0,64,1,20,8,1,1,1,0.61382
101,1,2,3,0,65,10,100,10,2,2,1,0.66073
101,1,2,3,0,66,3,40,8,1,1,1,1.2158
101,1,2,3,0,67,3,40,8,1,1,1,1.4502
101,1,2,3,0,68,3,40,8,1,1,1,1.0621
101,1,2,3,0,69,8,80,10,2,2,1,1.0742
101,1,2,3,0,70,10,100,10,2,2,1,1.0532
101,1,2,3,0,71,3,40,8,1,1,1,0.85639
101,1,2,3,0,72,1,20,8,1,1,1,0.65793
101,1,2,3,0,73,3,40,8,1,1,1,0.83336
101,1,2,3,0,74,3,40,8,1,1,1,0.52671
101,1,2,3,0,75,5,60,8,1,2,0,1.3197
101,1,2,3,0,76,5,60,8,1,1,1,1.4967
101,1,2,3,0,77,5,60,8,1,1,1,0.77179
101,1,2,3,0,78,3,40,8,1,1,1,0.48485
101,1,2,3,0,79,10,100,10,2,2,1,1.0042
101,1,2,3,0,80,8,80,10,2,2,1,1.4947
101,1,2,3,0,81,5,60,8,1,1,1,2.1242
101,1,2,3,0,82,8,80,10,2,2,1,0.81243
101,1,2,3,0,83,1,20,8,1,1,1,0.87321
101,1,2,3,0,84,12,120,10,2,2,1,0.77187
101,1,2,3,0,85,10,100,10,2,2,1,2.8998
101,1,2,3,0,86,5,60,8,1,1,1,4.999
101,1,2,3,0,87,3,40,8,1,1,1,1.6667
101,1,2,3,0,88,12,120,10,2,2,1,1.5287
101,1,2,3,0,89,10,100,10,2,2,1,2.2995
101,1,2,3,0,90,5,60,8,1,1,1,1.3939
101,1,2,3,0,91,10,100,10,2,2,1,0.62438
101,1,2,3,0,92,1,20,8,1,1,1,1.3231
101,1,2,3,0,93,8,80,10,2,2,1,1.0186
101,1,2,3,0,94,12,120,10,2,2,1,0.50667
101,1,2,3,0,95,5,60,8,1,1,1,1.0146
101,1,2,3,0,96,10,100,10,2,2,1,0.98312
101,1,2,3,0,97,8,80,10,2,2,1,1.4921
101,1,2,3,0,98,10,100,10,2,2,1,1.1663
101,1,2,3,0,99,1,20,8,1,1,1,1.7697
101,1,2,3,0,100,8,80,10,2,2,1,1.1962
101,1,2,3,0,101,10,100,10,2,2,1,0.81555
101,1,2,3,0,102,10,100,10,2,2,1,0.703
101,1,2,3,0,103,12,120,10,2,2,1,0.81917
101,1,2,3,0,104,5,60,8,1,1,1,2.5121
101,1,2,3,0,105,1,20,8,1,1,1,0.75166
101,1,2,3,0,106,12,120,10,2,2,1,2.2913
101,1,2,3,0,107,3,40,8,1,1,1,0.83323
101,1,2,3,0,108,8,80,10,2,2,1,0.84214
101,1,2,3,0,109,8,80,10,2,2,1,1.5872
101,1,2,3,0,110,1,20,8,1,1,1,0.71133
101,1,2,3,0,111,12,120,10,2,2,1,2.1821
101,1,2,3,0,112,1,20,8,1,1,1,1.114
101,1,2,3,0,113,1,20,8,1,1,1,0.58138
101,1,2,3,0,114,8,80,10,2,2,1,0.96201
101,1,2,3,0,115,12,120,10,2,2,1,0.55652
101,1,2,3,0,116,1,20,8,1,1,1,1.3809
101,1,2,3,0,117,3,40,8,1,1,1,1.0377
101,1,2,3,0,118,8,80,10,2,2,1,1.3139
101,1,2,3,0,119,5,60,8,1,2,0,0.7611
101,1,2,3,0,120,8,80,10,2,1,0,0.94017
101,1,2,4,1,1,9,100,8,2,2,1,0.71917
101,1,2,4,1,2,7,80,8,2,NaN,9,NaN
101,1,2,4,1,3,11,120,8,2,2,1,0.4591
101,1,2,4,1,4,9,100,8,2,2,1,0.5821
101,1,2,4,1,5,4,40,10,1,1,1,1.2018
101,1,2,4,1,6,4,40,10,1,1,1,0.7474
101,1,2,4,1,7,2,20,10,1,1,1,1.3309
101,1,2,4,1,8,7,80,8,2,2,1,1.6576
101,1,2,4,1,9,4,40,10,1,1,1,1.1439
101,1,2,4,1,10,2,20,10,1,1,1,1.4193
101,1,2,4,1,11,7,80,8,2,2,1,1.3995
101,1,2,4,1,12,6,60,10,1,1,1,1.3849
101,1,2,4,1,13,6,60,10,1,1,1,0.70684
101,1,2,4,1,14,4,40,10,1,1,1,0.66588
101,1,2,4,1,15,2,20,10,1,1,1,0.46984
101,1,2,4,1,16,9,100,8,2,2,1,0.98299
101,1,2,4,1,17,6,60,10,1,1,1,0.62888
101,1,2,4,1,18,11,120,8,2,2,1,2.0129
101,1,2,4,1,19,11,120,8,2,2,1,0.81073
101,1,2,4,1,20,2,20,10,1,1,1,0.8078
101,1,2,4,1,21,7,80,8,2,2,1,0.57592
101,1,2,4,1,22,6,60,10,1,1,1,0.77883
101,1,2,4,1,23,11,120,8,2,2,1,0.58649
101,1,2,4,1,24,9,100,8,2,2,1,1.0937
101,1,2,4,0,1,6,60,10,1,1,1,1.1282
101,1,2,4,0,2,4,40,10,1,1,1,0.71989
101,1,2,4,0,3,2,20,10,1,1,1,0.34394
101,1,2,4,0,4,9,100,8,2,2,1,1.0083
101,1,2,4,0,5,2,20,10,1,1,1,0.60473
101,1,2,4,0,6,9,100,8,2,2,1,0.61651
101,1,2,4,0,7,6,60,10,1,1,1,1.1474
101,1,2,4,0,8,7,80,8,2,2,1,2.9734
101,1,2,4,0,9,2,20,10,1,1,1,0.73105
101,1,2,4,0,10,2,20,10,1,1,1,0.64511
101,1,2,4,0,11,2,20,10,1,1,1,0.61957
101,1,2,4,0,12,2,20,10,1,1,1,0.54713
101,1,2,4,0,13,11,120,8,2,2,1,0.83384
101,1,2,4,0,14,9,100,8,2,2,1,0.6128
101,1,2,4,0,15,11,120,8,2,2,1,0.55099
101,1,2,4,0,16,4,40,10,1,1,1,0.70869
101,1,2,4,0,17,6,60,10,1,1,1,1.2697
101,1,2,4,0,18,11,120,8,2,2,1,0.41882
101,1,2,4,0,19,4,40,10,1,1,1,1.7182
101,1,2,4,0,20,11,120,8,2,2,1,0.47789
101,1,2,4,0,21,2,20,10,1,1,1,0.56569
101,1,2,4,0,22,11,120,8,2,2,1,0.50198
101,1,2,4,0,23,4,40,10,1,1,1,0.39359
101,1,2,4,0,24,4,40,10,1,1,1,1.0016
101,1,2,4,0,25,11,120,8,2,2,1,0.45492
101,1,2,4,0,26,9,100,8,2,2,1,1.8663
101,1,2,4,0,27,4,40,10,1,1,1,0.60934
101,1,2,4,0,28,4,40,10,1,1,1,0.78792
101,1,2,4,0,29,9,100,8,2,2,1,1.7378
101,1,2,4,0,30,11,120,8,2,2,1,1.0821
101,1,2,4,0,31,6,60,10,1,1,1,0.68032
101,1,2,4,0,32,2,20,10,1,1,1,0.56959
101,1,2,4,0,33,9,100,8,2,2,1,0.69541
101,1,2,4,0,34,9,100,8,2,2,1,0.44971
101,1,2,4,0,35,4,40,10,1,1,1,0.59244
101,1,2,4,0,36,7,80,8,2,2,1,1.0909
101,1,2,4,0,37,9,100,8,2,2,1,0.42101
101,1,2,4,0,38,4,40,10,1,1,1,0.55236
101,1,2,4,0,39,2,20,10,1,1,1,0.53762
101,1,2,4,0,40,4,40,10,1,1,1,0.37047
101,1,2,4,0,41,2,20,10,1,1,1,0.44914
101,1,2,4,0,42,2,20,10,1,1,1,0.46585
101,1,2,4,0,43,7,80,8,2,2,1,1.2753
101,1,2,4,0,44,2,20,10,1,1,1,0.61109
101,1,2,4,0,45,7,80,8,2,2,1,0.52511
101,1,2,4,0,46,11,120,8,2,2,1,0.53511
101,1,2,4,0,47,6,60,10,1,1,1,1.3855
101,1,2,4,0,48,4,40,10,1,1,1,0.88093
101,1,2,4,0,49,6,60,10,1,1,1,1.1452
101,1,2,4,0,50,6,60,10,1,2,0,2.6645
101,1,2,4,0,51,9,100,8,2,2,1,0.87822
101,1,2,4,0,52,7,80,8,2,2,1,0.55778
101,1,2,4,0,53,6,60,10,1,1,1,0.93617
101,1,2,4,0,54,4,40,10,1,1,1,0.64817
101,1,2,4,0,55,4,40,10,1,1,1,0.8066
101,1,2,4,0,56,9,100,8,2,2,1,0.64429
101,1,2,4,0,57,2,20,10,1,1,1,0.64912
101,1,2,4,0,58,2,20,10,1,1,1,0.57097
101,1,2,4,0,59,4,40,10,1,1,1,0.94202
101,1,2,4,0,60,11,120,8,2,2,1,1.0337
101,1,2,4,0,61,11,120,8,2,2,1,0.51441
101,1,2,4,0,62,2,20,10,1,1,1,0.59854
101,1,2,4,0,63,7,80,8,2,2,1,1.0454
101,1,2,4,0,64,11,120,8,2,2,1,0.72631
101,1,2,4,0,65,7,80,8,2,2,1,2.0007
101,1,2,4,0,66,11,120,8,2,2,1,0.90713
101,1,2,4,0,67,9,100,8,2,2,1,0.60196
101,1,2,4,0,68,2,20,10,1,1,1,0.78783
101,1,2,4,0,69,7,80,8,2,2,1,1.4302
101,1,2,4,0,70,7,80,8,2,2,1,0.94382
101,1,2,4,0,71,11,120,8,2,2,1,0.99386
101,1,2,4,0,72,6,60,10,1,1,1,0.96334
101,1,2,4,0,73,2,20,10,1,1,1,1.9754
101,1,2,4,0,74,6,60,10,1,1,1,0.62589
101,1,2,4,0,75,11,120,8,2,2,1,1.004
101,1,2,4,0,76,11,120,8,2,2,1,0.49319
101,1,2,4,0,77,7,80,8,2,2,1,0.5518
101,1,2,4,0,78,7,80,8,2,2,1,0.49806
101,1,2,4,0,79,11,120,8,2,2,1,0.43184
101,1,2,4,0,80,7,80,8,2,2,1,0.39647
101,1,2,4,0,81,9,100,8,2,2,1,0.57876
101,1,2,4,0,82,6,60,10,1,1,1,0.90621
101,1,2,4,0,83,6,60,10,1,1,1,1.9576
101,1,2,4,0,84,4,40,10,1,1,1,1.0073
101,1,2,4,0,85,4,40,10,1,1,1,0.67785
101,1,2,4,0,86,11,120,8,2,2,1,0.53175
101,1,2,4,0,87,6,60,10,1,1,1,1.1457
101,1,2,4,0,88,2,20,10,1,1,1,0.62761
101,1,2,4,0,89,6,60,10,1,1,1,1.3165
101,1,2,4,0,90,4,40,10,1,1,1,0.67003
101,1,2,4,0,91,11,120,8,2,2,1,2.3062
101,1,2,4,0,92,7,80,8,2,2,1,1.0699
101,1,2,4,0,93,9,100,8,2,2,1,1.1022
101,1,2,4,0,94,9,100,8,2,2,1,0.38351
101,1,2,4,0,95,4,40,10,1,1,1,0.66754
101,1,2,4,0,96,7,80,8,2,2,1,0.78728
101,1,2,4,0,97,2,20,10,1,1,1,0.64073
101,1,2,4,0,98,7,80,8,2,2,1,0.5447
101,1,2,4,0,99,7,80,8,2,2,1,0.77005
101,1,2,4,0,100,7,80,8,2,2,1,0.69554
101,1,2,4,0,101,9,100,8,2,2,1,0.99661
101,1,2,4,0,102,7,80,8,2,2,1,0.49922
101,1,2,4,0,103,9,100,8,2,2,1,1.0549
101,1,2,4,0,104,7,80,8,2,2,1,0.51962
101,1,2,4,0,105,7,80,8,2,2,1,0.4697
101,1,2,4,0,106,9,100,8,2,2,1,0.76105
101,1,2,4,0,107,6,60,10,1,1,1,1.2364
101,1,2,4,0,108,9,100,8,2,2,1,1.0068
101,1,2,4,0,109,6,60,10,1,1,1,1.044
101,1,2,4,0,110,6,60,10,1,1,1,1.3082
101,1,2,4,0,111,11,120,8,2,2,1,0.47545
101,1,2,4,0,112,9,100,8,2,2,1,1.201
101,1,2,4,0,113,11,120,8,2,2,1,0.48659
101,1,2,4,0,114,6,60,10,1,1,1,1.0511
101,1,2,4,0,115,9,100,8,2,2,1,0.57906
101,1,2,4,0,116,2,20,10,1,1,1,1.3996
101,1,2,4,0,117,6,60,10,1,2,0,0.79824
101,1,2,4,0,118,6,60,10,1,1,1,1.0776
101,1,2,4,0,119,4,40,10,1,1,1,0.81269
101,1,2,4,0,120,4,40,10,1,1,1,0.49906
101,1,2,5,1,1,6,60,10,1,1,1,1.1036
101,1,2,5,1,2,4,40,10,1,1,1,0.48361
101,1,2,5,1,3,12,120,10,2,2,1,0.91279
101,1,2,5,1,4,10,100,10,2,2,1,0.95824
101,1,2,5,1,5,8,80,10,2,2,1,1.1399
101,1,2,5,1,6,2,20,10,1,1,1,0.78894
101,1,2,5,1,7,7,80,8,2,2,1,2.6942
101,1,2,5,1,8,9,100,8,2,2,1,0.84188
101,1,2,5,1,9,1,20,8,1,1,1,0.63258
101,1,2,5,1,10,9,100,8,2,2,1,0.48648
101,1,2,5,1,11,6,60,10,1,1,1,1.0407
101,1,2,5,1,12,7,80,8,2,2,1,0.80329
101,1,2,5,1,13,3,40,8,1,1,1,1.1445
101,1,2,5,1,14,5,60,8,1,1,1,1.4631
101,1,2,5,1,15,10,100,10,2,2,1,1.1945
101,1,2,5,1,16,12,120,10,2,2,1,1.6007
101,1,2,5,1,17,3,40,8,1,1,1,1.2311
101,1,2,5,1,18,8,80,10,2,2,1,0.97784
101,1,2,5,1,19,4,40,10,1,1,1,0.98131
101,1,2,5,1,20,1,20,8,1,1,1,0.91326
101,1,2,5,1,21,11,120,8,2,2,1,0.50609
101,1,2,5,1,22,11,120,8,2,2,1,0.61675
101,1,2,5,1,23,2,20,10,1,1,1,1.6081
101,1,2,5,1,24,5,60,8,1,1,1,1.006
101,1,2,5,0,1,4,40,10,1,1,1,1.5897
101,1,2,5,0,2,2,20,10,1,1,1,0.61105
101,1,2,5,0,3,10,100,10,2,2,1,0.87236
101,1,2,5,0,4,11,120,8,2,2,1,1.0013
101,1,2,5,0,5,1,20,8,1,1,1,0.61341
101,1,2,5,0,6,9,100,8,2,2,1,0.64401
101,1,2,5,0,7,12,120,10,2,2,1,1.306
101,1,2,5,0,8,12,120,10,2,2,1,0.83114
101,1,2,5,0,9,7,80,8,2,2,1,0.90318
101,1,2,5,0,10,6,60,10,1,1,1,1.3861
101,1,2,5,0,11,6,60,10,1,1,1,0.67372
101,1,2,5,0,12,3,40,8,1,1,1,0.59343
101,1,2,5,0,13,10,100,10,2,2,1,0.74629
101,1,2,5,0,14,2,20,10,1,1,1,0.75961
101,1,2,5,0,15,9,100,8,2,2,1,0.66916
101,1,2,5,0,16,5,60,8,1,1,1,0.91207
101,1,2,5,0,17,7,80,8,2,2,1,0.73262
101,1,2,5,0,18,11,120,8,2,2,1,0.92018
101,1,2,5,0,19,5,60,8,1,1,1,0.979
101,1,2,5,0,20,10,100,10,2,2,1,2.2803
101,1,2,5,0,21,12,120,10,2,2,1,0.94779
101,1,2,5,0,22,12,120,10,2,2,1,2.7956
101,1,2,5,0,23,8,80,10,2,1,0,1.8853
101,1,2,5,0,24,6,60,10,1,1,1,1.2938
101,1,2,5,0,25,9,100,8,2,2,1,1.6073
101,1,2,5,0,26,8,80,10,2,1,0,1.6052
101,1,2,5,0,27,1,20,8,1,1,1,0.67411
101,1,2,5,0,28,3,40,8,1,1,1,1.6013
101,1,2,5,0,29,3,40,8,1,1,1,1.2246
101,1,2,5,0,30,1,20,8,1,1,1,1.5534
101,1,2,5,0,31,9,100,8,2,2,1,1.2062
101,1,2,5,0,32,4,40,10,1,1,1,1.1334
101,1,2,5,0,33,11,120,8,2,2,1,0.85704
101,1,2,5,0,34,7,80,8,2,2,1,1.0178
101,1,2,5,0,35,5,60,8,1,1,1,3.2779
101,1,2,5,0,36,3,40,8,1,1,1,1.2341
101,1,2,5,0,37,2,20,10,1,1,1,0.40702
101,1,2,5,0,38,6,60,10,1,1,1,0.73057
101,1,2,5,0,39,11,120,8,2,2,1,1.0107
101,1,2,5,0,40,9,100,8,2,2,1,0.61726
101,1,2,5,0,41,7,80,8,2,2,1,1.1176
101,1,2,5,0,42,4,40,10,1,1,1,0.69258
101,1,2,5,0,43,2,20,10,1,1,1,1.2132
101,1,2,5,0,44,6,60,10,1,1,1,3.7981
101,1,2,5,0,45,11,120,8,2,2,1,0.88503
101,1,2,5,0,46,12,120,10,2,2,1,0.49137
101,1,2,5,0,47,10,100,10,2,2,1,1.0269
101,1,2,5,0,48,4,40,10,1,1,1,0.6778
101,1,2,5,0,49,1,20,8,1,1,1,1.0243
101,1,2,5,0,50,5,60,8,1,1,1,1.0517
101,1,2,5,0,51,4,40,10,1,1,1,0.87049
101,1,2,5,0,52,7,80,8,2,2,1,0.99833
101,1,2,5,0,53,3,40,8,1,1,1,0.72293
101,1,2,5,0,54,11,120,8,2,2,1,0.51758
101,1,2,5,0,55,1,20,8,1,1,1,1.3059
101,1,2,5,0,56,2,20,10,1,1,1,0.53547
101,1,2,5,0,57,11,120,8,2,2,1,0.58053
101,1,2,5,0,58,7,80,8,2,2,1,1.0691
101,1,2,5,0,59,8,80,10,2,2,1,0.85838
101,1,2,5,0,60,7,80,8,2,2,1,0.53311
101,1,2,5,0,61,2,20,10,1,1,1,0.73948
101,1,2,5,0,62,5,60,8,1,1,1,1.461
101,1,2,5,0,63,5,60,8,1,1,1,0.97478
101,1,2,5,0,64,8,80,10,2,NaN,9,NaN
101,1,2,5,0,65,8,80,10,2,2,1,1.2992
101,1,2,5,0,66,7,80,8,2,2,1,1.1157
101,1,2,5,0,67,9,100,8,2,2,1,1.5576
101,1,2,5,0,68,8,80,10,2,2,1,1.011
101,1,2,5,0,69,5,60,8,1,1,1,0.87455
101,1,2,5,0,70,1,20,8,1,1,1,0.81844
101,1,2,5,0,71,4,40,10,1,1,1,0.55645
101,1,2,5,0,72,3,40,8,1,1,1,0.61481
101,1,2,5,0,73,7,80,8,2,2,1,1.2555
101,1,2,5,0,74,4,40,10,1,1,1,0.78277
101,1,2,5,0,75,9,100,8,2,2,1,0.92443
101,1,2,5,0,76,1,20,8,1,1,1,1.0022
101,1,2,5,0,77,8,80,10,2,2,1,0.91888
101,1,2,5,0,78,12,120,10,2,2,1,0.61936
101,1,2,5,0,79,6,60,10,1,2,0,2.3404
101,1,2,5,0,80,11,120,8,2,2,1,0.75667
101,1,2,5,0,81,6,60,10,1,1,1,1.2327
101,1,2,5,0,82,4,40,10,1,1,1,0.57282
101,1,2,5,0,83,5,60,8,1,1,1,0.89878
101,1,2,5,0,84,12,120,10,2,2,1,1.2387
101,1,2,5,0,85,3,40,8,1,1,1,1.1291
101,1,2,5,0,86,4,40,10,1,1,1,0.63329
101,1,2,5,0,87,3,40,8,1,1,1,0.50547
101,1,2,5,0,88,10,100,10,2,2,1,0.73552
101,1,2,5,0,89,10,100,10,2,2,1,0.50448
101,1,2,5,0,90,12,120,10,2,2,1,0.4761
101,1,2,5,0,91,8,80,10,2,2,1,1.3476
101,1,2,5,0,92,12,120,10,2,2,1,0.74337
101,1,2,5,0,93,12,120,10,2,2,1,1.5963
101,1,2,5,0,94,3,40,8,1,1,1,0.68078
101,1,2,5,0,95,1,20,8,1,1,1,1.3599
101,1,2,5,0,96,1,20,8,1,1,1,0.64657
101,1,2,5,0,97,6,60,10,1,1,1,0.95608
101,1,2,5,0,98,5,60,8,1,1,1,0.7156
101,1,2,5,0,99,4,40,10,1,1,1,0.55097
101,1,2,5,0,100,10,100,10,2,2,1,1.7774
101,1,2,5,0,101,10,100,10,2,2,1,0.55296
101,1,2,5,0,102,10,100,10,2,2,1,0.3775
101,1,2,5,0,103,2,20,10,1,1,1,1.0209
101,1,2,5,0,104,2,20,10,1,1,1,1.3284
101,1,2,5,0,105,8,80,10,2,2,1,1.0253
101,1,2,5,0,106,9,100,8,2,2,1,0.80747
101,1,2,5,0,107,1,20,8,1,1,1,1.5007
101,1,2,5,0,108,3,40,8,1,1,1,0.84498
101,1,2,5,0,109,6,60,10,1,1,1,1.5167
101,1,2,5,0,110,7,80,8,2,2,1,2.3089
101,1,2,5,0,111,6,60,10,1,1,1,3.8436
101,1,2,5,0,112,2,20,10,1,1,1,1.0091
101,1,2,5,0,113,2,20,10,1,1,1,1.2575
101,1,2,5,0,114,11,120,8,2,2,1,1.594
101,1,2,5,0,115,11,120,8,2,2,1,0.6578
101,1,2,5,0,116,9,100,8,2,2,1,0.71654
101,1,2,5,0,117,8,80,10,2,2,1,0.44247
101,1,2,5,0,118,9,100,8,2,2,1,1.1472
101,1,2,5,0,119,10,100,10,2,2,1,0.7596
101,1,2,5,0,120,5,60,8,1,1,1,1.4524
101,1,2,6,0,1,8,80,10,2,2,1,2.4798
101,1,2,6,0,2,8,80,10,2,2,1,0.69851
101,1,2,6,0,3,2,20,10,1,1,1,0.93117
101,1,2,6,0,4,1,20,8,1,1,1,0.81972
101,1,2,6,0,5,12,120,10,2,2,1,0.72791
101,1,2,6,0,6,12,120,10,2,2,1,1.4172
101,1,2,6,0,7,4,40,10,1,1,1,1.3394
101,1,2,6,0,8,3,40,8,1,1,1,0.87952
101,1,2,6,0,9,10,100,10,2,2,1,0.53097
101,1,2,6,0,10,6,60,10,1,1,1,0.8813
101,1,2,6,0,11,12,120,10,2,2,1,0.41381
101,1,2,6,0,12,11,120,8,2,2,1,0.44189
101,1,2,6,0,13,6,60,10,1,1,1,0.52729
101,1,2,6,0,14,6,60,10,1,1,1,0.83326
101,1,2,6,0,15,8,80,10,2,2,1,1.2892
101,1,2,6,0,16,9,100,8,2,2,1,0.53131
101,1,2,6,0,17,1,20,8,1,1,1,0.72703
101,1,2,6,0,18,11,120,8,2,2,1,0.46939
101,1,2,6,0,19,8,80,10,2,2,1,1.1405
101,1,2,6,0,20,11,120,8,2,2,1,0.61133
101,1,2,6,0,21,1,20,8,1,1,1,0.90205
101,1,2,6,0,22,10,100,10,2,2,1,1.2365
101,1,2,6,0,23,7,80,8,2,2,1,2.4448
101,1,2,6,0,24,1,20,8,1,1,1,1.151
101,1,2,6,0,25,2,20,10,1,1,1,0.63327
101,1,2,6,0,26,4,40,10,1,1,1,0.74927
101,1,2,6,0,27,11,120,8,2,2,1,0.86678
101,1,2,6,0,28,7,80,8,2,2,1,1.4099
101,1,2,6,0,29,9,100,8,2,2,1,0.56426
101,1,2,6,0,30,10,100,10,2,2,1,0.9857
101,1,2,6,0,31,5,60,8,1,2,0,0.64351
101,1,2,6,0,32,1,20,8,1,1,1,0.436
101,1,2,6,0,33,4,40,10,1,1,1,0.43774
101,1,2,6,0,34,6,60,10,1,2,0,1.3518
101,1,2,6,0,35,1,20,8,1,1,1,0.48285
101,1,2,6,0,36,4,40,10,1,1,1,0.35412
101,1,2,6,0,37,3,40,8,1,1,1,0.33153
101,1,2,6,0,38,12,120,10,2,2,1,0.91868
101,1,2,6,0,39,4,40,10,1,1,1,0.61733
101,1,2,6,0,40,6,60,10,1,1,1,1.611
101,1,2,6,0,41,9,100,8,2,2,1,1.2753
101,1,2,6,0,42,6,60,10,1,1,1,1.1164
101,1,2,6,0,43,2,20,10,1,1,1,0.75573
101,1,2,6,0,44,3,40,8,1,1,1,0.94282
101,1,2,6,0,45,4,40,10,1,1,1,0.62257
101,1,2,6,0,46,5,60,8,1,1,1,2.0532
101,1,2,6,0,47,9,100,8,2,2,1,1.0582
101,1,2,6,0,48,9,100,8,2,2,1,1.7614
101,1,2,6,0,49,2,20,10,1,1,1,0.85995
101,1,2,6,0,50,5,60,8,1,1,1,1.2525
101,1,2,6,0,51,8,80,10,2,2,1,2.3904
101,1,2,6,0,52,12,120,10,2,2,1,0.76547
101,1,2,6,0,53,7,80,8,2,2,1,1.1129
101,1,2,6,0,54,9,100,8,2,2,1,0.78364
101,1,2,6,0,55,7,80,8,2,2,1,1.469
101,1,2,6,0,56,7,80,8,2,2,1,1.5039
101,1,2,6,0,57,2,20,10,1,1,1,1.1514
101,1,2,6,0,58,1,20,8,1,1,1,0.56285
101,1,2,6,0,59,5,60,8,1,1,1,0.73774
101,1,2,6,0,60,3,40,8,1,1,1,0.44797
101,1,2,6,0,61,11,120,8,2,2,1,0.77269
101,1,2,6,0,62,3,40,8,1,1,1,0.61313
101,1,2,6,0,63,11,120,8,2,2,1,0.62576
101,1,2,6,0,64,1,20,8,1,1,1,0.6125
101,1,2,6,0,65,7,80,8,2,2,1,0.52369
101,1,2,6,0,66,4,40,10,1,1,1,1.157
101,1,2,6,0,67,11,120,8,2,2,1,0.6054
101,1,2,6,0,68,9,100,8,2,2,1,0.97437
101,1,2,6,0,69,8,80,10,2,NaN,9,NaN
101,1,2,6,0,70,3,40,8,1,1,1,0.83326
101,1,2,6,0,71,5,60,8,1,1,1,1.121
101,1,2,6,0,72,8,80,10,2,2,1,2.3035
101,1,2,6,0,73,10,100,10,2,2,1,1.9897
101,1,2,6,0,74,6,60,10,1,1,1,1.3822
101,1,2,6,0,75,5,60,8,1,1,1,1.4136
101,1,2,6,0,76,2,20,10,1,1,1,1.431
101,1,2,6,0,77,7,80,8,2,2,1,0.78202
101,1,2,6,0,78,10,100,10,2,2,1,1.1159
101,1,2,6,0,79,10,100,10,2,2,1,1.7533
101,1,2,6,0,80,4,40,10,1,1,1,1.2102
101,1,2,6,0,81,2,20,10,1,1,1,0.8563
101,1,2,6,0,82,3,40,8,1,1,1,1.0024
101,1,2,6,0,83,11,120,8,2,2,1,0.9963
101,1,2,6,0,84,8,80,10,2,2,1,3.9805
101,1,2,6,0,85,10,100,10,2,2,1,2.3795
101,1,2,6,0,86,6,60,10,1,1,1,0.97414
101,1,2,6,0,87,11,120,8,2,2,1,0.50494
101,1,2,6,0,88,2,20,10,1,1,1,0.69693
101,1,2,6,0,89,5,60,8,1,1,1,1.3349
101,1,2,6,0,90,12,120,10,2,2,1,1.2089
101,1,2,6,0,91,8,80,10,2,2,1,1.3428
101,1,2,6,0,92,12,120,10,2,2,1,0.57321
101,1,2,6,0,93,8,80,10,2,2,1,0.88283
101,1,2,6,0,94,4,40,10,1,1,1,0.88776
101,1,2,6,0,95,7,80,8,2,2,1,1.0372
101,1,2,6,0,96,12,120,10,2,2,1,0.79602
101,1,2,6,0,97,11,120,8,2,2,1,0.53371
101,1,2,6,0,98,4,40,10,1,1,1,0.74697
101,1,2,6,0,99,10,100,10,2,2,1,0.46035
101,1,2,6,0,100,2,20,10,1,1,1,1.4639
101,1,2,6,0,101,9,100,8,2,2,1,0.38717
101,1,2,6,0,102,10,100,10,2,2,1,0.75083
101,1,2,6,0,103,3,40,8,1,1,1,1.2748
101,1,2,6,0,104,3,40,8,1,1,1,0.67505
101,1,2,6,0,105,6,60,10,1,1,1,0.79868
101,1,2,6,0,106,12,120,10,2,2,1,0.83476
101,1,2,6,0,107,3,40,8,1,1,1,1.1492
101,1,2,6,0,108,7,80,8,2,2,1,0.50509
101,1,2,6,0,109,5,60,8,1,1,1,0.89458
101,1,2,6,0,110,12,120,10,2,2,1,0.59262
101,1,2,6,0,111,9,100,8,2,2,1,0.40729
101,1,2,6,0,112,10,100,10,2,2,1,0.43545
101,1,2,6,0,113,1,20,8,1,1,1,0.94538
101,1,2,6,0,114,1,20,8,1,1,1,0.62705
101,1,2,6,0,115,7,80,8,2,2,1,1.0747
101,1,2,6,0,116,5,60,8,1,1,1,0.8459
101,1,2,6,0,117,5,60,8,1,1,1,0.81363
101,1,2,6,0,118,9,100,8,2,2,1,1.3329
101,1,2,6,0,119,6,60,10,1,1,1,0.79406
101,1,2,6,0,120,2,20,10,1,1,1,0.39338
