102,1,0,5,4,1,1,11,6,6,8,4,2,2,1,0.76193
102,1,0,5,4,1,2,2,6,8,3,4,1,1,1,0.68246
102,1,0,5,4,1,3,4,6,8,4,4,1,1,1,0.62522
102,1,0,5,4,1,4,9,6,6,7,4,2,2,1,0.70246
102,1,0,5,4,1,5,9,6,6,7,4,2,2,1,0.47523
102,1,0,5,4,1,6,7,6,6,6,4,2,2,1,1.1327
102,1,0,5,4,1,7,4,6,8,4,4,1,1,1,0.64617
102,1,0,5,4,1,8,4,6,8,4,4,1,1,1,0.8181
102,1,0,5,4,1,9,6,6,8,5,4,1,1,1,0.45051
102,1,0,5,4,1,10,11,6,6,8,4,2,2,1,0.46265
102,1,0,5,4,1,11,7,6,6,6,4,2,1,0,1.5063
102,1,0,5,4,1,12,11,6,6,8,4,2,2,1,0.41903
102,1,0,5,4,1,13,7,6,6,6,4,2,1,0,0.67361
102,1,0,5,4,1,14,7,6,6,6,4,2,2,1,0.43544
102,1,0,5,4,1,15,6,6,8,5,4,1,1,1,0.62473
102,1,0,5,4,1,16,9,6,6,7,4,2,2,1,0.3799
102,1,0,5,4,1,17,9,6,6,7,4,2,2,1,0.37018
102,1,0,5,4,1,18,2,6,8,3,4,1,1,1,1.0225
102,1,0,5,4,1,19,2,6,8,3,4,1,1,1,0.44067
102,1,0,5,4,1,20,6,6,8,5,4,1,1,1,0.63768
102,1,0,5,4,1,21,11,6,6,8,4,2,2,1,0.36826
102,1,0,5,4,1,22,6,6,8,5,4,1,1,1,0.44434
102,1,0,5,4,1,23,2,6,8,3,4,1,1,1,0.4051
102,1,0,5,4,1,24,4,6,8,4,4,1,1,1,0.37824
102,1,0,5,4,0,1,11,6,6,8,4,2,2,1,0.48026
102,1,0,5,4,0,2,4,6,8,4,4,1,1,1,0.36409
102,1,0,5,4,0,3,2,6,8,3,4,1,1,1,0.36836
102,1,0,5,4,0,4,7,6,6,6,4,2,2,1,0.53228
102,1,0,5,4,0,5,9,6,6,7,4,2,2,1,0.41606
102,1,0,5,4,0,6,11,6,6,8,4,2,2,1,0.76593
102,1,0,5,4,0,7,6,6,8,5,4,1,1,1,0.436
102,1,0,5,4,0,8,6,6,8,5,4,1,1,1,0.44862
102,1,0,5,4,0,9,9,6,6,7,4,2,2,1,0.34598
102,1,0,5,4,0,10,7,6,6,6,4,2,1,0,1.0746
102,1,0,5,4,0,11,4,6,8,4,4,1,1,1,0.41502
102,1,0,5,4,0,12,6,6,8,5,4,1,1,1,0.48158
102,1,0,5,4,0,13,2,6,8,3,4,1,1,1,0.41823
102,1,0,5,4,0,14,2,6,8,3,4,1,1,1,0.44782
102,1,0,5,4,0,15,9,6,6,7,4,2,2,1,0.39222
102,1,0,5,4,0,16,6,6,8,5,4,1,1,1,0.39822
102,1,0,5,4,0,17,4,6,8,4,4,1,1,1,0.40575
102,1,0,5,4,0,18,6,6,8,5,4,1,1,1,0.36909
102,1,0,5,4,0,19,4,6,8,4,4,1,1,1,0.36956
102,1,0,5,4,0,20,7,6,6,6,4,2,2,1,1.3963
102,1,0,5,4,0,21,6,6,8,5,4,1,1,1,0.40052
102,1,0,5,4,0,22,9,6,6,7,4,2,2,1,1.0367
102,1,0,5,4,0,23,4,6,8,4,4,1,1,1,0.32441
102,1,0,5,4,0,24,2,6,8,3,4,1,1,1,0.32702
102,1,0,5,4,0,25,7,6,6,6,4,2,2,1,0.57298
102,1,0,5,4,0,26,6,6,8,5,4,1,1,1,0.43892
102,1,0,5,4,0,27,9,6,6,7,4,2,2,1,0.38338
102,1,0,5,4,0,28,6,6,8,5,4,1,1,1,0.39636
102,1,0,5,4,0,29,11,6,6,8,4,2,2,1,0.38527
102,1,0,5,4,0,30,9,6,6,7,4,2,2,1,0.32259
102,1,0,5,4,0,31,11,6,6,8,4,2,2,1,0.32936
102,1,0,5,4,0,32,11,6,6,8,4,2,2,1,0.31292
102,1,0,5,4,0,33,4,6,8,4,4,1,1,1,0.36116
102,1,0,5,4,0,34,2,6,8,3,4,1,1,1,0.36311
102,1,0,5,4,0,35,9,6,6,7,4,2,2,1,0.32761
102,1,0,5,4,0,36,6,6,8,5,4,1,1,1,0.34055
102,1,0,5,4,0,37,6,6,8,5,4,1,1,1,0.70323
102,1,0,5,4,0,38,9,6,6,7,4,2,2,1,0.322
102,1,0,5,4,0,39,7,6,6,6,4,2,2,1,0.9976
102,1,0,5,4,0,40,9,6,6,7,4,2,2,1,0.31842
102,1,0,5,4,0,41,11,6,6,8,4,2,2,1,0.34116
102,1,0,5,4,0,42,11,6,6,8,4,2,2,1,0.3414
102,1,0,5,4,0,43,7,6,6,6,4,2,2,1,0.96774
102,1,0,5,4,0,44,2,6,8,3,4,1,1,1,0.37417
102,1,0,5,4,0,45,2,6,8,3,4,1,1,1,0.4413
102,1,0,5,4,0,46,7,6,6,6,4,2,2,1,0.88237
102,1,0,5,4,0,47,2,6,8,3,4,1,1,1,0.37902
102,1,0,5,4,0,48,4,6,8,4,4,1,1,1,0.43053
102,1,0,5,4,0,49,4,6,8,4,4,1,1,1,0.32946
102,1,0,5,4,0,50,7,6,6,6,4,2,2,1,0.72745
102,1,0,5,4,0,51,11,6,6,8,4,2,2,1,0.32622
102,1,0,5,4,0,52,7,6,6,6,4,2,2,1,0.66512
102,1,0,5,4,0,53,4,6,8,4,4,1,1,1,0.32475
102,1,0,5,4,0,54,6,6,8,5,4,1,1,1,0.34608
102,1,0,5,4,0,55,9,6,6,7,4,2,2,1,0.45856
102,1,0,5,4,0,56,9,6,6,7,4,2,2,1,0.33662
102,1,0,5,4,0,57,11,6,6,8,4,2,2,1,0.33513
102,1,0,5,4,0,58,11,6,6,8,4,2,2,1,0.3064
102,1,0,5,4,0,59,6,6,8,5,4,1,1,1,0.59488
102,1,0,5,4,0,60,6,6,8,5,4,1,1,1,0.48607
102,1,0,5,4,0,61,7,6,6,6,4,2,2,1,0.49788
102,1,0,5,4,0,62,7,6,6,6,4,2,2,1,0.73585
102,1,0,5,4,0,63,4,6,8,4,4,1,1,1,0.39961
102,1,0,5,4,0,64,9,6,6,7,4,2,2,1,0.35985
102,1,0,5,4,0,65,11,6,6,8,4,2,2,1,0.32018
102,1,0,5,4,0,66,4,6,8,4,4,1,1,1,0.48505
102,1,0,5,4,0,67,9,6,6,7,4,2,2,1,0.34145
102,1,0,5,4,0,68,2,6,8,3,4,1,1,1,0.35547
102,1,0,5,4,0,69,2,6,8,3,4,1,1,1,0.45175
102,1,0,5,4,0,70,11,6,6,8,4,2,2,1,0.40178
102,1,0,5,4,0,71,6,6,8,5,4,1,1,1,0.53862
102,1,0,5,4,0,72,7,6,6,6,4,2,2,1,0.6857
102,1,0,5,4,0,73,4,6,8,4,4,1,1,1,0.6592
102,1,0,5,4,0,74,7,6,6,6,4,2,2,1,0.63131
102,1,0,5,4,0,75,2,6,8,3,4,1,1,1,0.55596
102,1,0,5,4,0,76,2,6,8,3,4,1,1,1,0.41758
102,1,0,5,4,0,77,9,6,6,7,4,2,2,1,0.45429
102,1,0,5,4,0,78,6,6,8,5,4,1,1,1,0.41183
102,1,0,5,4,0,79,7,6,6,6,4,2,2,1,0.38574
102,1,0,5,4,0,80,7,6,6,6,4,2,2,1,0.33863
102,1,0,5,4,0,81,7,6,6,6,4,2,2,1,0.35252
102,1,0,5,4,0,82,11,6,6,8,4,2,2,1,0.32909
102,1,0,5,4,0,83,2,6,8,3,4,1,1,1,0.32571
102,1,0,5,4,0,84,6,6,8,5,4,1,1,1,0.49707
102,1,0,5,4,0,85,4,6,8,4,4,1,1,1,0.33708
102,1,0,5,4,0,86,9,6,6,7,4,2,2,1,0.3916
102,1,0,5,4,0,87,11,6,6,8,4,2,2,1,0.27531
102,1,0,5,4,0,88,9,6,6,7,4,2,2,1,0.30525
102,1,0,5,4,0,89,11,6,6,8,4,2,2,1,0.32807
102,1,0,5,4,0,90,2,6,8,3,4,1,1,1,0.63019
102,1,0,5,4,0,91,4,6,8,4,4,1,1,1,0.37509
102,1,0,5,4,0,92,2,6,8,3,4,1,1,1,0.48996
102,1,0,5,4,0,93,2,6,8,3,4,1,1,1,0.48788
102,1,0,5,4,0,94,9,6,6,7,4,2,2,1,0.37088
102,1,0,5,4,0,95,11,6,6,8,4,2,2,1,0.35863
102,1,0,5,4,0,96,11,6,6,8,4,2,2,1,0.34482
102,1,0,5,4,0,97,11,6,6,8,4,2,2,1,0.3529
102,1,0,5,4,0,98,4,6,8,4,4,1,1,1,0.44442
102,1,0,5,4,0,99,9,6,6,7,4,2,2,1,0.31289
102,1,0,5,4,0,100,11,6,6,8,4,2,2,1,0.32983
102,1,0,5,4,0,101,6,6,8,5,4,1,1,1,0.48255
102,1,0,5,4,0,102,2,6,8,3,4,1,1,1,0.42217
102,1,0,5,4,0,103,6,6,8,5,4,1,1,1,0.39996
102,1,0,5,4,0,104,6,6,8,5,4,1,1,1,0.31604
102,1,0,5,4,0,105,4,6,8,4,4,1,1,1,0.32612
102,1,0,5,4,0,106,7,6,6,6,4,2,2,1,0.63508
102,1,0,5,4,0,107,9,6,6,7,4,2,2,1,0.30843
102,1,0,5,4,0,108,9,6,6,7,4,2,2,1,0.32252
102,1,0,5,4,0,109,7,6,6,6,4,2,2,1,0.29145
102,1,0,5,4,0,110,2,6,8,3,4,1,1,1,0.37943
102,1,0,5,4,0,111,4,6,8,4,4,1,1,1,0.34605
102,1,0,5,4,0,112,7,6,6,6,4,2,2,1,0.71436
102,1,0,5,4,0,113,6,6,8,5,4,1,1,1,0.35345
102,1,0,5,4,0,114,4,6,8,4,4,1,1,1,0.37164
102,1,0,5,4,0,115,4,6,8,4,4,1,1,1,0.32823
102,1,0,5,4,0,116,2,6,8,3,4,1,1,1,0.30547
102,1,0,5,4,0,117,4,6,8,4,4,1,1,1,0.34346
102,1,0,5,4,0,118,7,6,6,6,4,2,2,1,0.48171
102,1,0,5,4,0,119,11,6,6,8,4,2,2,1,0.29542
102,1,0,5,4,0,120,2,6,8,3,4,1,1,1,0.38477
102,1,0,5,3,1,1,5,6,6,5,4,1,1,1,0.65009
102,1,0,5,3,1,2,12,6,8,8,4,2,2,1,0.36405
102,1,0,5,3,1,3,3,6,6,4,4,1,1,1,0.50649
102,1,0,5,3,1,4,12,6,8,8,4,2,2,1,0.33511
102,1,0,5,3,1,5,5,6,6,5,4,1,1,1,0.43438
102,1,0,5,3,1,6,1,6,6,3,4,1,1,1,0.60389
102,1,0,5,3,1,7,10,6,8,7,4,2,2,1,0.4089
102,1,0,5,3,1,8,8,6,8,6,4,2,1,0,0.41893
102,1,0,5,3,1,9,10,6,8,7,4,2,2,1,0.37413
102,1,0,5,3,1,10,1,6,6,3,4,1,1,1,0.37993
102,1,0,5,3,1,11,12,6,8,8,4,2,2,1,0.32601
102,1,0,5,3,1,12,12,6,8,8,4,2,2,1,0.29609
102,1,0,5,3,1,13,1,6,6,3,4,1,1,1,0.44272
102,1,0,5,3,1,14,1,6,6,3,4,1,1,1,0.40727
102,1,0,5,3,1,15,3,6,6,4,4,1,1,1,0.45974
102,1,0,5,3,1,16,5,6,6,5,4,1,1,1,0.36583
102,1,0,5,3,1,17,8,6,8,6,4,2,2,1,0.56416
102,1,0,5,3,1,18,5,6,6,5,4,1,1,1,0.46413
102,1,0,5,3,1,19,10,6,8,7,4,2,2,1,0.33273
102,1,0,5,3,1,20,10,6,8,7,4,2,2,1,0.31066
102,1,0,5,3,1,21,3,6,6,4,4,1,1,1,0.40011
102,1,0,5,3,1,22,3,6,6,4,4,1,1,1,0.42952
102,1,0,5,3,1,23,8,6,8,6,4,2,2,1,0.35909
102,1,0,5,3,1,24,8,6,8,6,4,2,2,1,0.49411
102,1,0,5,3,0,1,3,6,6,4,4,1,1,1,0.38694
102,1,0,5,3,0,2,10,6,8,7,4,2,2,1,0.35958
102,1,0,5,3,0,3,10,6,8,7,4,2,2,1,0.35424
102,1,0,5,3,0,4,5,6,6,5,4,1,1,1,0.42203
102,1,0,5,3,0,5,1,6,6,3,4,1,1,1,0.38381
102,1,0,5,3,0,6,3,6,6,4,4,1,1,1,0.37704
102,1,0,5,3,0,7,12,6,8,8,4,2,2,1,1.0993
102,1,0,5,3,0,8,10,6,8,7,4,2,2,1,0.31665
102,1,0,5,3,0,9,5,6,6,5,4,1,1,1,0.40572
102,1,0,5,3,0,10,12,6,8,8,4,2,2,1,0.33318
102,1,0,5,3,0,11,5,6,6,5,4,1,1,1,0.39969
102,1,0,5,3,0,12,10,6,8,7,4,2,2,1,0.27771
102,1,0,5,3,0,13,8,6,8,6,4,2,2,1,0.46676
102,1,0,5,3,0,14,8,6,8,6,4,2,2,1,0.32705
102,1,0,5,3,0,15,3,6,6,4,4,1,1,1,0.39652
102,1,0,5,3,0,16,1,6,6,3,4,1,1,1,0.37984
102,1,0,5,3,0,17,8,6,8,6,4,2,2,1,0.38322
102,1,0,5,3,0,18,1,6,6,3,4,1,1,1,0.31018
102,1,0,5,3,0,19,10,6,8,7,4,2,2,1,0.30589
102,1,0,5,3,0,20,8,6,8,6,4,2,2,1,0.33404
102,1,0,5,3,0,21,3,6,6,4,4,1,1,1,0.33366
102,1,0,5,3,0,22,8,6,8,6,4,2,2,1,0.41608
102,1,0,5,3,0,23,3,6,6,4,4,1,1,1,0.36363
102,1,0,5,3,0,24,12,6,8,8,4,2,2,1,0.31919
102,1,0,5,3,0,25,5,6,6,5,4,1,1,1,0.33943
102,1,0,5,3,0,26,12,6,8,8,4,2,2,1,0.31216
102,1,0,5,3,0,27,8,6,8,6,4,2,2,1,0.51894
102,1,0,5,3,0,28,1,6,6,3,4,1,1,1,0.34131
102,1,0,5,3,0,29,3,6,6,4,4,1,1,1,0.35944
102,1,0,5,3,0,30,8,6,8,6,4,2,2,1,0.35619
102,1,0,5,3,0,31,3,6,6,4,4,1,1,1,0.32683
102,1,0,5,3,0,32,10,6,8,7,4,2,2,1,0.3373
102,1,0,5,3,0,33,8,6,8,6,4,2,2,1,0.3211
102,1,0,5,3,0,34,12,6,8,8,4,2,2,1,0.35165
102,1,0,5,3,0,35,5,6,6,5,4,1,1,1,0.36227
102,1,0,5,3,0,36,12,6,8,8,4,2,2,1,0.30532
102,1,0,5,3,0,37,10,6,8,7,4,2,2,1,0.32423
102,1,0,5,3,0,38,1,6,6,3,4,1,1,1,0.34357
102,1,0,5,3,0,39,10,6,8,7,4,2,2,1,0.29995
102,1,0,5,3,0,40,3,6,6,4,4,1,1,1,0.35082
102,1,0,5,3,0,41,3,6,6,4,4,1,1,1,0.32984
102,1,0,5,3,0,42,12,6,8,8,4,2,2,1,0.31167
102,1,0,5,3,0,43,5,6,6,5,4,1,1,1,0.39937
102,1,0,5,3,0,44,8,6,8,6,4,2,2,1,0.75193
102,1,0,5,3,0,45,8,6,8,6,4,2,2,1,0.31969
102,1,0,5,3,0,46,12,6,8,8,4,2,2,1,0.32721
102,1,0,5,3,0,47,1,6,6,3,4,1,1,1,0.42781
102,1,0,5,3,0,48,1,6,6,3,4,1,1,1,0.35059
102,1,0,5,3,0,49,8,6,8,6,4,2,2,1,0.54419
102,1,0,5,3,0,50,8,6,8,6,4,2,2,1,0.44958
102,1,0,5,3,0,51,8,6,8,6,4,2,2,1,0.41161
102,1,0,5,3,0,52,1,6,6,3,4,1,1,1,0.40997
102,1,0,5,3,0,53,5,6,6,5,4,1,1,1,0.81668
102,1,0,5,3,0,54,12,6,8,8,4,2,2,1,0.38832
102,1,0,5,3,0,55,8,6,8,6,4,2,2,1,0.76353
102,1,0,5,3,0,56,3,6,6,4,4,1,1,1,0.46695
102,1,0,5,3,0,57,3,6,6,4,4,1,1,1,0.39687
102,1,0,5,3,0,58,5,6,6,5,4,1,1,1,0.46261
102,1,0,5,3,0,59,3,6,6,4,4,1,1,1,0.34783
102,1,0,5,3,0,60,5,6,6,5,4,1,1,1,0.45695
102,1,0,5,3,0,61,12,6,8,8,4,2,2,1,0.33016
102,1,0,5,3,0,62,5,6,6,5,4,1,1,1,0.32209
102,1,0,5,3,0,63,1,6,6,3,4,1,1,1,0.34599
102,1,0,5,3,0,64,3,6,6,4,4,1,1,1,0.36856
102,1,0,5,3,0,65,10,6,8,7,4,2,2,1,0.45267
102,1,0,5,3,0,66,8,6,8,6,4,2,2,1,0.71984
102,1,0,5,3,0,67,5,6,6,5,4,1,1,1,0.47882
102,1,0,5,3,0,68,10,6,8,7,4,2,2,1,0.32876
102,1,0,5,3,0,69,8,6,8,6,4,2,2,1,0.7421
102,1,0,5,3,0,70,12,6,8,8,4,2,2,1,0.38811
102,1,0,5,3,0,71,10,6,8,7,4,2,2,1,0.36396
102,1,0,5,3,0,72,12,6,8,8,4,2,2,1,0.31993
102,1,0,5,3,0,73,12,6,8,8,4,2,2,1,0.2856
102,1,0,5,3,0,74,10,6,8,7,4,2,2,1,0.33269
102,1,0,5,3,0,75,10,6,8,7,4,2,2,1,0.31841
102,1,0,5,3,0,76,8,6,8,6,4,2,2,1,0.27592
102,1,0,5,3,0,77,1,6,6,3,4,1,1,1,0.446
102,1,0,5,3,0,78,1,6,6,3,4,1,1,1,0.32733
102,1,0,5,3,0,79,8,6,8,6,4,2,2,1,0.32154
102,1,0,5,3,0,80,5,6,6,5,4,1,1,1,0.37071
102,1,0,5,3,0,81,8,6,8,6,4,2,2,1,0.77069
102,1,0,5,3,0,82,3,6,6,4,4,1,1,1,0.38621
102,1,0,5,3,0,83,1,6,6,3,4,1,1,1,0.3426
102,1,0,5,3,0,84,5,6,6,5,4,1,1,1,1.2239
102,1,0,5,3,0,85,5,6,6,5,4,1,1,1,0.56068
102,1,0,5,3,0,86,3,6,6,4,4,1,1,1,0.37999
102,1,0,5,3,0,87,12,6,8,8,4,2,2,1,0.43917
102,1,0,5,3,0,88,12,6,8,8,4,2,2,1,0.38012
102,1,0,5,3,0,89,5,6,6,5,4,1,1,1,0.64433
102,1,0,5,3,0,90,12,6,8,8,4,2,2,1,0.37898
102,1,0,5,3,0,91,12,6,8,8,4,2,2,1,0.33775
102,1,0,5,3,0,92,12,6,8,8,4,2,2,1,0.45312
102,1,0,5,3,0,93,1,6,6,3,4,1,1,1,0.49509
102,1,0,5,3,0,94,5,6,6,5,4,1,1,1,0.59879
102,1,0,5,3,0,95,5,6,6,5,4,1,1,1,0.66386
102,1,0,5,3,0,96,5,6,6,5,4,1,1,1,0.56818
102,1,0,5,3,0,97,12,6,8,8,4,2,2,1,0.39248
102,1,0,5,3,0,98,3,6,6,4,4,1,1,1,0.38204
102,1,0,5,3,0,99,1,6,6,3,4,1,1,1,0.3271
102,1,0,5,3,0,100,1,6,6,3,4,1,1,1,0.40504
102,1,0,5,3,0,101,10,6,8,7,4,2,2,1,0.35482
102,1,0,5,3,0,102,3,6,6,4,4,1,1,1,0.35672
102,1,0,5,3,0,103,8,6,8,6,4,2,2,1,0.34094
102,1,0,5,3,0,104,10,6,8,7,4,2,2,1,0.35917
102,1,0,5,3,0,105,3,6,6,4,4,1,1,1,0.38774
102,1,0,5,3,0,106,10,6,8,7,4,2,2,1,0.70633
102,1,0,5,3,0,107,10,6,8,7,4,2,2,1,0.33596
102,1,0,5,3,0,108,1,6,6,3,4,1,1,1,0.35452
102,1,0,5,3,0,109,12,6,8,8,4,2,2,1,0.32775
102,1,0,5,3,0,110,10,6,8,7,4,2,2,1,0.33668
102,1,0,5,3,0,111,5,6,6,5,4,1,1,1,0.40959
102,1,0,5,3,0,112,1,6,6,3,4,1,1,1,0.35559
102,1,0,5,3,0,113,10,6,8,7,4,2,2,1,0.27432
102,1,0,5,3,0,114,1,6,6,3,4,1,1,1,0.32194
102,1,0,5,3,0,115,5,6,6,5,4,1,1,1,0.54637
102,1,0,5,3,0,116,1,6,6,3,4,1,1,1,0.34972
102,1,0,5,3,0,117,10,6,8,7,4,2,2,1,0.35221
102,1,0,5,3,0,118,1,6,6,3,4,1,1,1,0.29357
102,1,0,5,3,0,119,3,6,6,4,4,1,1,1,0.30499
102,1,0,5,3,0,120,3,6,6,4,4,1,1,1,0.34509
102,1,0,5,2,1,1,10,6,8,7,4,2,2,1,0.36867
102,1,0,5,2,1,2,4,6,8,4,4,1,1,1,0.32447
102,1,0,5,2,1,3,4,6,8,4,4,1,1,1,0.33513
102,1,0,5,2,1,4,6,6,8,5,4,1,1,1,0.31617
102,1,0,5,2,1,5,8,6,8,6,4,2,2,1,0.48202
102,1,0,5,2,1,6,10,6,8,7,4,2,2,1,0.30663
102,1,0,5,2,1,7,12,6,8,8,4,2,2,1,0.30529
102,1,0,5,2,1,8,12,6,8,8,4,2,2,1,0.33395
102,1,0,5,2,1,9,8,6,8,6,4,2,2,1,0.60453
102,1,0,5,2,1,10,6,6,8,5,4,1,1,1,0.51361
102,1,0,5,2,1,11,8,6,8,6,4,2,2,1,0.34504
102,1,0,5,2,1,12,2,6,8,3,4,1,1,1,0.34625
102,1,0,5,2,1,13,10,6,8,7,4,2,2,1,0.31373
102,1,0,5,2,1,14,2,6,8,3,4,1,1,1,0.37127
102,1,0,5,2,1,15,10,6,8,7,4,2,2,1,0.34326
102,1,0,5,2,1,16,4,6,8,4,4,1,1,1,0.37688
102,1,0,5,2,1,17,4,6,8,4,4,1,1,1,0.38851
102,1,0,5,2,1,18,6,6,8,5,4,1,1,1,0.44325
102,1,0,5,2,1,19,6,6,8,5,4,1,1,1,0.43917
102,1,0,5,2,1,20,12,6,8,8,4,2,2,1,0.35328
102,1,0,5,2,1,21,2,6,8,3,4,1,1,1,0.3142
102,1,0,5,2,1,22,12,6,8,8,4,2,2,1,0.31569
102,1,0,5,2,1,23,2,6,8,3,4,1,1,1,0.33256
102,1,0,5,2,1,24,8,6,8,6,4,2,2,1,0.33881
102,1,0,5,2,0,1,10,6,8,7,4,2,2,1,0.34552
102,1,0,5,2,0,2,2,6,8,3,4,1,1,1,0.34687
102,1,0,5,2,0,3,6,6,8,5,4,1,1,1,0.47269
102,1,0,5,2,0,4,12,6,8,8,4,2,2,1,0.34331
102,1,0,5,2,0,5,6,6,8,5,4,1,1,1,0.30554
102,1,0,5,2,0,6,2,6,8,3,4,1,1,1,0.32254
102,1,0,5,2,0,7,4,6,8,4,4,1,1,1,0.39292
102,1,0,5,2,0,8,12,6,8,8,4,2,2,1,0.32203
102,1,0,5,2,0,9,8,6,8,6,4,2,2,1,0.72132
102,1,0,5,2,0,10,6,6,8,5,4,1,1,1,0.33979
102,1,0,5,2,0,11,8,6,8,6,4,2,2,1,0.5295
102,1,0,5,2,0,12,6,6,8,5,4,1,1,1,0.6315
102,1,0,5,2,0,13,12,6,8,8,4,2,2,1,0.34077
102,1,0,5,2,0,14,2,6,8,3,4,1,1,1,0.32218
102,1,0,5,2,0,15,4,6,8,4,4,1,1,1,0.44978
102,1,0,5,2,0,16,10,6,8,7,4,2,2,1,0.36141
102,1,0,5,2,0,17,4,6,8,4,4,1,1,1,0.34498
102,1,0,5,2,0,18,6,6,8,5,4,1,2,0,0.74014
102,1,0,5,2,0,19,2,6,8,3,4,1,1,1,0.38402
102,1,0,5,2,0,20,10,6,8,7,4,2,2,1,0.34485
102,1,0,5,2,0,21,6,6,8,5,4,1,1,1,0.43864
102,1,0,5,2,0,22,2,6,8,3,4,1,1,1,0.42606
102,1,0,5,2,0,23,12,6,8,8,4,2,2,1,0.28163
102,1,0,5,2,0,24,6,6,8,5,4,1,1,1,0.36159
102,1,0,5,2,0,25,8,6,8,6,4,2,2,1,0.3467
102,1,0,5,2,0,26,2,6,8,3,4,1,1,1,0.38196
102,1,0,5,2,0,27,10,6,8,7,4,2,2,1,0.33162
102,1,0,5,2,0,28,8,6,8,6,4,2,2,1,0.47734
102,1,0,5,2,0,29,12,6,8,8,4,2,2,1,0.30215
102,1,0,5,2,0,30,10,6,8,7,4,2,2,1,0.29446
102,1,0,5,2,0,31,10,6,8,7,4,2,2,1,0.31777
102,1,0,5,2,0,32,4,6,8,4,4,1,1,1,0.39327
102,1,0,5,2,0,33,8,6,8,6,4,2,2,1,0.38762
102,1,0,5,2,0,34,8,6,8,6,4,2,2,1,0.29412
102,1,0,5,2,0,35,2,6,8,3,4,1,1,1,0.42579
102,1,0,5,2,0,36,4,6,8,4,4,1,1,1,0.50652
102,1,0,5,2,0,37,10,6,8,7,4,2,2,1,0.40851
102,1,0,5,2,0,38,12,6,8,8,4,2,2,1,0.3485
102,1,0,5,2,0,39,8,6,8,6,4,2,2,1,0.53259
102,1,0,5,2,0,40,12,6,8,8,4,2,2,1,0.41044
102,1,0,5,2,0,41,10,6,8,7,4,2,2,1,0.41737
102,1,0,5,2,0,42,8,6,8,6,4,2,2,1,0.39726
102,1,0,5,2,0,43,10,6,8,7,4,2,2,1,0.37544
102,1,0,5,2,0,44,12,6,8,8,4,2,2,1,0.35356
102,1,0,5,2,0,45,4,6,8,4,4,1,1,1,0.50319
102,1,0,5,2,0,46,12,6,8,8,4,2,2,1,0.35348
102,1,0,5,2,0,47,10,6,8,7,4,2,2,1,0.3182
102,1,0,5,2,0,48,2,6,8,3,4,1,1,1,0.4548
102,1,0,5,2,0,49,4,6,8,4,4,1,1,1,0.36245
102,1,0,5,2,0,50,2,6,8,3,4,1,1,1,0.31125
102,1,0,5,2,0,51,4,6,8,4,4,1,1,1,0.32685
102,1,0,5,2,0,52,8,6,8,6,4,2,2,1,0.38749
102,1,0,5,2,0,53,12,6,8,8,4,2,2,1,0.31783
102,1,0,5,2,0,54,6,6,8,5,4,1,1,1,0.397
102,1,0,5,2,0,55,6,6,8,5,4,1,1,1,0.5522
102,1,0,5,2,0,56,2,6,8,3,4,1,1,1,0.50632
102,1,0,5,2,0,57,2,6,8,3,4,1,1,1,0.42674
102,1,0,5,2,0,58,4,6,8,4,4,1,1,1,0.38949
102,1,0,5,2,0,59,10,6,8,7,4,2,2,1,0.3867
102,1,0,5,2,0,60,8,6,8,6,4,2,2,1,0.42268
102,1,0,5,2,0,61,2,6,8,3,4,1,1,1,0.51493
102,1,0,5,2,0,62,4,6,8,4,4,1,1,1,0.8576
102,1,0,5,2,0,63,2,6,8,3,4,1,1,1,0.43593
102,1,0,5,2,0,64,4,6,8,4,4,1,1,1,0.41377
102,1,0,5,2,0,65,12,6,8,8,4,2,2,1,0.47259
102,1,0,5,2,0,66,2,6,8,3,4,1,1,1,0.60615
102,1,0,5,2,0,67,8,6,8,6,4,2,2,1,0.56059
102,1,0,5,2,0,68,4,6,8,4,4,1,1,1,0.55863
102,1,0,5,2,0,69,4,6,8,4,4,1,1,1,0.5415
102,1,0,5,2,0,70,10,6,8,7,4,2,2,1,0.49811
102,1,0,5,2,0,71,6,6,8,5,4,1,1,1,0.61482
102,1,0,5,2,0,72,10,6,8,7,4,2,2,1,0.42134
102,1,0,5,2,0,73,8,6,8,6,4,2,2,1,0.38556
102,1,0,5,2,0,74,6,6,8,5,4,1,1,1,0.80809
102,1,0,5,2,0,75,6,6,8,5,4,1,1,1,0.57351
102,1,0,5,2,0,76,12,6,8,8,4,2,2,1,0.32027
102,1,0,5,2,0,77,12,6,8,8,4,2,2,1,0.28422
102,1,0,5,2,0,78,8,6,8,6,4,2,2,1,0.54567
102,1,0,5,2,0,79,8,6,8,6,4,2,2,1,0.35191
102,1,0,5,2,0,80,8,6,8,6,4,2,2,1,0.32477
102,1,0,5,2,0,81,10,6,8,7,4,2,2,1,0.32456
102,1,0,5,2,0,82,12,6,8,8,4,2,2,1,0.33719
102,1,0,5,2,0,83,10,6,8,7,4,2,2,1,0.30819
102,1,0,5,2,0,84,4,6,8,4,4,1,1,1,0.49113
102,1,0,5,2,0,85,4,6,8,4,4,1,1,1,0.44057
102,1,0,5,2,0,86,6,6,8,5,4,1,1,1,0.34314
102,1,0,5,2,0,87,4,6,8,4,4,1,1,1,0.38763
102,1,0,5,2,0,88,6,6,8,5,4,1,1,1,0.44784
102,1,0,5,2,0,89,8,6,8,6,4,2,2,1,0.4997
102,1,0,5,2,0,90,8,6,8,6,4,2,2,1,0.33802
102,1,0,5,2,0,91,4,6,8,4,4,1,1,1,0.48707
102,1,0,5,2,0,92,2,6,8,3,4,1,1,1,0.33875
102,1,0,5,2,0,93,10,6,8,7,4,2,2,1,0.43526
102,1,0,5,2,0,94,12,6,8,8,4,2,2,1,0.4527
102,1,0,5,2,0,95,6,6,8,5,4,1,1,1,0.42497
102,1,0,5,2,0,96,4,6,8,4,4,1,1,1,0.34968
102,1,0,5,2,0,97,2,6,8,3,4,1,1,1,0.32451
102,1,0,5,2,0,98,10,6,8,7,4,2,2,1,0.33072
102,1,0,5,2,0,99,8,6,8,6,4,2,2,1,0.42638
102,1,0,5,2,0,100,6,6,8,5,4,1,1,1,0.35201
102,1,0,5,2,0,101,8,6,8,6,4,2,2,1,0.74143
102,1,0,5,2,0,102,12,6,8,8,4,2,2,1,0.36775
102,1,0,5,2,0,103,2,6,8,3,4,1,1,1,0.41427
102,1,0,5,2,0,104,12,6,8,8,4,2,2,1,0.37951
102,1,0,5,2,0,105,12,6,8,8,4,2,2,1,0.39362
102,1,0,5,2,0,106,4,6,8,4,4,1,1,1,0.40841
102,1,0,5,2,0,107,12,6,8,8,4,2,2,1,0.29984
102,1,0,5,2,0,108,10,6,8,7,4,2,2,1,0.30263
102,1,0,5,2,0,109,4,6,8,4,4,1,1,1,0.45209
102,1,0,5,2,0,110,10,6,8,7,4,2,2,1,0.33542
102,1,0,5,2,0,111,6,6,8,5,4,1,1,1,0.35217
102,1,0,5,2,0,112,6,6,8,5,4,1,1,1,1.0377
102,1,0,5,2,0,113,2,6,8,3,4,1,1,1,0.35158
102,1,0,5,2,0,114,8,6,8,6,4,2,2,1,0.52723
102,1,0,5,2,0,115,10,6,8,7,4,2,2,1,0.33897
102,1,0,5,2,0,116,6,6,8,5,4,1,1,1,0.47723
102,1,0,5,2,0,117,6,6,8,5,4,1,1,1,0.44989
102,1,0,5,2,0,118,2,6,8,3,4,1,1,1,0.38141
102,1,0,5,2,0,119,2,6,8,3,4,1,1,1,0.32622
102,1,0,5,2,0,120,12,6,8,8,4,2,2,1,0.36389
102,1,0,5,1,1,1,7,6,6,6,4,2,2,1,0.7313
102,1,0,5,1,1,2,1,6,6,3,4,1,1,1,0.36755
102,1,0,5,1,1,3,9,6,6,7,4,2,2,1,0.32576
102,1,0,5,1,1,4,5,6,6,5,4,1,1,1,0.43849
102,1,0,5,1,1,5,7,6,6,6,4,2,2,1,0.40529
102,1,0,5,1,1,6,11,6,6,8,4,2,2,1,0.33607
102,1,0,5,1,1,7,5,6,6,5,4,1,1,1,0.44582
102,1,0,5,1,1,8,11,6,6,8,4,2,2,1,0.38616
102,1,0,5,1,1,9,5,6,6,5,4,1,1,1,0.43066
102,1,0,5,1,1,10,1,6,6,3,4,1,1,1,0.36695
102,1,0,5,1,1,11,9,6,6,7,4,2,2,1,0.39176
102,1,0,5,1,1,12,11,6,6,8,4,2,2,1,0.34291
102,1,0,5,1,1,13,3,6,6,4,4,1,1,1,0.33514
102,1,0,5,1,1,14,3,6,6,4,4,1,1,1,0.34396
102,1,0,5,1,1,15,7,6,6,6,4,2,1,0,0.52848
102,1,0,5,1,1,16,9,6,6,7,4,2,2,1,0.458
102,1,0,5,1,1,17,9,6,6,7,4,2,2,1,0.36211
102,1,0,5,1,1,18,3,6,6,4,4,1,1,1,0.40107
102,1,0,5,1,1,19,1,6,6,3,4,1,1,1,0.37273
102,1,0,5,1,1,20,11,6,6,8,4,2,2,1,0.36215
102,1,0,5,1,1,21,3,6,6,4,4,1,1,1,0.38876
102,1,0,5,1,1,22,1,6,6,3,4,1,1,1,0.55362
102,1,0,5,1,1,23,5,6,6,5,4,1,1,1,0.49101
102,1,0,5,1,1,24,7,6,6,6,4,2,2,1,0.62133
102,1,0,5,1,0,1,3,6,6,4,4,1,1,1,0.40233
102,1,0,5,1,0,2,9,6,6,7,4,2,2,1,0.5918
102,1,0,5,1,0,3,9,6,6,7,4,2,2,1,0.33479
102,1,0,5,1,0,4,9,6,6,7,4,2,2,1,0.32161
102,1,0,5,1,0,5,1,6,6,3,4,1,1,1,0.40085
102,1,0,5,1,0,6,5,6,6,5,4,1,1,1,0.63713
102,1,0,5,1,0,7,5,6,6,5,4,1,1,1,0.68724
102,1,0,5,1,0,8,1,6,6,3,4,1,1,1,0.32843
102,1,0,5,1,0,9,1,6,6,3,4,1,1,1,0.33986
102,1,0,5,1,0,10,3,6,6,4,4,1,1,1,0.76246
102,1,0,5,1,0,11,1,6,6,3,4,1,1,1,0.47768
102,1,0,5,1,0,12,5,6,6,5,4,1,1,1,0.45472
102,1,0,5,1,0,13,1,6,6,3,4,1,1,1,0.42543
102,1,0,5,1,0,14,11,6,6,8,4,2,2,1,0.35734
102,1,0,5,1,0,15,1,6,6,3,4,1,1,1,0.40551
102,1,0,5,1,0,16,1,6,6,3,4,1,1,1,0.29552
102,1,0,5,1,0,17,3,6,6,4,4,1,1,1,0.36188
102,1,0,5,1,0,18,1,6,6,3,4,1,1,1,0.33193
102,1,0,5,1,0,19,5,6,6,5,4,1,1,1,0.33699
102,1,0,5,1,0,20,11,6,6,8,4,2,2,1,0.44875
102,1,0,5,1,0,21,1,6,6,3,4,1,1,1,0.35779
102,1,0,5,1,0,22,9,6,6,7,4,2,2,1,0.36165
102,1,0,5,1,0,23,1,6,6,3,4,1,1,1,0.34695
102,1,0,5,1,0,24,5,6,6,5,4,1,1,1,0.57644
102,1,0,5,1,0,25,3,6,6,4,4,1,1,1,0.40636
102,1,0,5,1,0,26,5,6,6,5,4,1,1,1,0.5727
102,1,0,5,1,0,27,9,6,6,7,4,2,2,1,0.71956
102,1,0,5,1,0,28,3,6,6,4,4,1,1,1,0.35908
102,1,0,5,1,0,29,11,6,6,8,4,2,2,1,0.37843
102,1,0,5,1,0,30,3,6,6,4,4,1,1,1,0.34927
102,1,0,5,1,0,31,3,6,6,4,4,1,1,1,0.3251
102,1,0,5,1,0,32,1,6,6,3,4,1,1,1,0.36262
102,1,0,5,1,0,33,11,6,6,8,4,2,2,1,0.40198
102,1,0,5,1,0,34,11,6,6,8,4,2,2,1,0.32393
102,1,0,5,1,0,35,7,6,6,6,4,2,2,1,0.68244
102,1,0,5,1,0,36,5,6,6,5,4,1,1,1,0.43662
102,1,0,5,1,0,37,1,6,6,3,4,1,1,1,0.38654
102,1,0,5,1,0,38,3,6,6,4,4,1,1,1,0.35432
102,1,0,5,1,0,39,3,6,6,4,4,1,1,1,0.35889
102,1,0,5,1,0,40,9,6,6,7,4,2,2,1,0.31347
102,1,0,5,1,0,41,11,6,6,8,4,2,2,1,0.32512
102,1,0,5,1,0,42,11,6,6,8,4,2,2,1,0.30987
102,1,0,5,1,0,43,5,6,6,5,4,1,1,1,0.49065
102,1,0,5,1,0,44,7,6,6,6,4,2,2,1,0.39038
102,1,0,5,1,0,45,7,6,6,6,4,2,2,1,0.46056
102,1,0,5,1,0,46,5,6,6,5,4,1,1,1,0.42668
102,1,0,5,1,0,47,3,6,6,4,4,1,1,1,0.42432
102,1,0,5,1,0,48,3,6,6,4,4,1,1,1,0.35696
102,1,0,5,1,0,49,9,6,6,7,4,2,2,1,0.33626
102,1,0,5,1,0,50,7,6,6,6,4,2,2,1,0.71421
102,1,0,5,1,0,51,11,6,6,8,4,2,2,1,0.29307
102,1,0,5,1,0,52,9,6,6,7,4,2,2,1,0.29892
102,1,0,5,1,0,53,1,6,6,3,4,1,1,1,0.40729
102,1,0,5,1,0,54,9,6,6,7,4,2,2,1,0.32073
102,1,0,5,1,0,55,11,6,6,8,4,2,2,1,0.28487
102,1,0,5,1,0,56,7,6,6,6,4,2,2,1,0.61013
102,1,0,5,1,0,57,7,6,6,6,4,2,2,1,0.31446
102,1,0,5,1,0,58,9,6,6,7,4,2,2,1,0.30373
102,1,0,5,1,0,59,1,6,6,3,4,1,1,1,0.38001
102,1,0,5,1,0,60,5,6,6,5,4,1,1,1,0.52754
102,1,0,5,1,0,61,3,6,6,4,4,1,1,1,0.36155
102,1,0,5,1,0,62,1,6,6,3,4,1,1,1,0.32899
102,1,0,5,1,0,63,7,6,6,6,4,2,2,1,0.44356
102,1,0,5,1,0,64,11,6,6,8,4,2,2,1,0.33102
102,1,0,5,1,0,65,5,6,6,5,4,1,1,1,0.42859
102,1,0,5,1,0,66,5,6,6,5,4,1,1,1,0.38174
102,1,0,5,1,0,67,7,6,6,6,4,2,2,1,0.52438
102,1,0,5,1,0,68,5,6,6,5,4,1,1,1,0.40384
102,1,0,5,1,0,69,1,6,6,3,4,1,1,1,0.41305
102,1,0,5,1,0,70,3,6,6,4,4,1,1,1,0.37496
102,1,0,5,1,0,71,11,6,6,8,4,2,2,1,0.39451
102,1,0,5,1,0,72,3,6,6,4,4,1,1,1,0.37464
102,1,0,5,1,0,73,5,6,6,5,4,1,1,1,0.38915
102,1,0,5,1,0,74,9,6,6,7,4,2,2,1,0.38562
102,1,0,5,1,0,75,3,6,6,4,4,1,1,1,0.39021
102,1,0,5,1,0,76,5,6,6,5,4,1,1,1,0.40446
102,1,0,5,1,0,77,9,6,6,7,4,2,2,1,0.30392
102,1,0,5,1,0,78,7,6,6,6,4,2,1,0,0.43475
102,1,0,5,1,0,79,11,6,6,8,4,2,2,1,0.33478
102,1,0,5,1,0,80,7,6,6,6,4,2,2,1,0.33367
102,1,0,5,1,0,81,7,6,6,6,4,2,2,1,0.31042
102,1,0,5,1,0,82,7,6,6,6,4,2,2,1,0.31422
102,1,0,5,1,0,83,9,6,6,7,4,2,2,1,0.3041
102,1,0,5,1,0,84,11,6,6,8,4,2,2,1,0.38608
102,1,0,5,1,0,85,5,6,6,5,4,1,1,1,0.742
102,1,0,5,1,0,86,11,6,6,8,4,2,2,1,0.3059
102,1,0,5,1,0,87,3,6,6,4,4,1,1,1,0.39677
102,1,0,5,1,0,88,7,6,6,6,4,2,2,1,0.33926
102,1,0,5,1,0,89,3,6,6,4,4,1,1,1,0.43622
102,1,0,5,1,0,90,7,6,6,6,4,2,2,1,0.30431
102,1,0,5,1,0,91,5,6,6,5,4,1,1,1,0.54331
102,1,0,5,1,0,92,7,6,6,6,4,2,2,1,0.38328
102,1,0,5,1,0,93,9,6,6,7,4,2,2,1,0.451
102,1,0,5,1,0,94,7,6,6,6,4,2,2,1,0.55931
102,1,0,5,1,0,95,3,6,6,4,4,1,1,1,0.47347
102,1,0,5,1,0,96,11,6,6,8,4,2,2,1,0.43747
102,1,0,5,1,0,97,9,6,6,7,4,2,2,1,0.39484
102,1,0,5,1,0,98,11,6,6,8,4,2,2,1,0.43537
102,1,0,5,1,0,99,9,6,6,7,4,2,2,1,0.37266
102,1,0,5,1,0,100,9,6,6,7,4,2,2,1,0.31702
102,1,0,5,1,0,101,9,6,6,7,4,2,2,1,0.29988
102,1,0,5,1,0,102,7,6,6,6,4,2,2,1,0.2911
102,1,0,5,1,0,103,7,6,6,6,4,2,2,1,0.39191
102,1,0,5,1,0,104,7,6,6,6,4,2,2,1,0.37887
102,1,0,5,1,0,105,1,6,6,3,4,1,1,1,0.48772
102,1,0,5,1,0,106,5,6,6,5,4,1,1,1,0.70508
102,1,0,5,1,0,107,9,6,6,7,4,2,2,1,1.2435
102,1,0,5,1,0,108,5,6,6,5,4,1,1,1,0.76996
102,1,0,5,1,0,109,5,6,6,5,4,1,1,1,0.37109
102,1,0,5,1,0,110,1,6,6,3,4,1,1,1,0.40773
102,1,0,5,1,0,111,11,6,6,8,4,2,2,1,0.35537
102,1,0,5,1,0,112,11,6,6,8,4,2,2,1,0.29711
102,1,0,5,1,0,113,3,6,6,4,4,1,1,1,0.35244
102,1,0,5,1,0,114,7,6,6,6,4,2,2,1,0.37296
102,1,0,5,1,0,115,1,6,6,3,4,1,1,1,0.34865
102,1,0,5,1,0,116,9,6,6,7,4,2,2,1,0.30891
102,1,0,5,1,0,117,3,6,6,4,4,1,1,1,0.30534
102,1,0,5,1,0,118,1,6,6,3,4,1,1,1,0.3127
102,1,0,5,1,0,119,11,6,6,8,4,2,2,1,0.32043
102,1,0,5,1,0,120,11,6,6,8,4,2,2,1,0.30667
102,1,0,5,5,1,1,3,6,6,4,4,1,1,1,0.35884
102,1,0,5,5,1,2,11,6,6,8,4,2,2,1,0.31022
102,1,0,5,5,1,3,4,6,8,4,4,1,1,1,0.35056
102,1,0,5,5,1,4,7,6,6,6,4,2,2,1,0.32698
102,1,0,5,5,1,5,2,6,8,3,4,1,1,1,0.34198
102,1,0,5,5,1,6,1,6,6,3,4,1,1,1,0.3264
102,1,0,5,5,1,7,9,6,6,7,4,2,2,1,0.3565
102,1,0,5,5,1,8,11,6,6,8,4,2,2,1,0.32832
102,1,0,5,5,1,9,3,6,6,4,4,1,1,1,0.37107
102,1,0,5,5,1,10,8,6,8,6,4,2,2,1,0.30217
102,1,0,5,5,1,11,7,6,6,6,4,2,2,1,0.31624
102,1,0,5,5,1,12,12,6,8,8,4,2,2,1,0.29325
102,1,0,5,5,1,13,5,6,6,5,4,1,1,1,0.42656
102,1,0,5,5,1,14,5,6,6,5,4,1,1,1,0.41473
102,1,0,5,5,1,15,1,6,6,3,4,1,1,1,0.33317
102,1,0,5,5,1,16,2,6,8,3,4,1,1,1,0.33858
102,1,0,5,5,1,17,12,6,8,8,4,2,2,1,0.31551
102,1,0,5,5,1,18,6,6,8,5,4,1,1,1,0.34311
102,1,0,5,5,1,19,10,6,8,7,4,2,2,1,0.32287
102,1,0,5,5,1,20,9,6,6,7,4,2,2,1,0.31894
102,1,0,5,5,1,21,8,6,8,6,4,2,2,1,0.34705
102,1,0,5,5,1,22,6,6,8,5,4,1,1,1,0.4474
102,1,0,5,5,1,23,4,6,8,4,4,1,1,1,0.40855
102,1,0,5,5,1,24,10,6,8,7,4,2,2,1,0.34943
102,1,0,5,5,0,1,2,6,8,3,4,1,1,1,0.3781
102,1,0,5,5,0,2,10,6,8,7,4,2,2,1,0.31898
102,1,0,5,5,0,3,8,6,8,6,4,2,2,1,0.33976
102,1,0,5,5,0,4,12,6,8,8,4,2,2,1,0.3493
102,1,0,5,5,0,5,4,6,8,4,4,1,1,1,0.34191
102,1,0,5,5,0,6,2,6,8,3,4,1,1,1,0.39805
102,1,0,5,5,0,7,1,6,6,3,4,1,1,1,0.39355
102,1,0,5,5,0,8,11,6,6,8,4,2,2,1,0.34544
102,1,0,5,5,0,9,4,6,8,4,4,1,1,1,0.32246
102,1,0,5,5,0,10,7,6,6,6,4,2,2,1,0.62343
102,1,0,5,5,0,11,5,6,6,5,4,1,1,1,0.49179
102,1,0,5,5,0,12,8,6,8,6,4,2,2,1,0.49531
102,1,0,5,5,0,13,9,6,6,7,4,2,2,1,0.29141
102,1,0,5,5,0,14,9,6,6,7,4,2,2,1,0.34166
102,1,0,5,5,0,15,9,6,6,7,4,2,2,1,0.35426
102,1,0,5,5,0,16,6,6,8,5,4,1,1,1,1.286
102,1,0,5,5,0,17,8,6,8,6,4,2,2,1,0.50754
102,1,0,5,5,0,18,9,6,6,7,4,2,2,1,0.38145
102,1,0,5,5,0,19,4,6,8,4,4,1,1,1,0.40333
102,1,0,5,5,0,20,7,6,6,6,4,2,2,1,0.5752
102,1,0,5,5,0,21,2,6,8,3,4,1,1,1,0.41668
102,1,0,5,5,0,22,2,6,8,3,4,1,1,1,0.63092
102,1,0,5,5,0,23,5,6,6,5,4,1,1,1,0.66464
102,1,0,5,5,0,24,9,6,6,7,4,2,2,1,0.43839
102,1,0,5,5,0,25,8,6,8,6,4,2,2,1,0.48296
102,1,0,5,5,0,26,4,6,8,4,4,1,1,1,0.3833
102,1,0,5,5,0,27,11,6,6,8,4,2,2,1,0.4089
102,1,0,5,5,0,28,3,6,6,4,4,1,1,1,0.37675
102,1,0,5,5,0,29,8,6,8,6,4,2,2,1,0.60293
102,1,0,5,5,0,30,6,6,8,5,4,1,1,1,0.33088
102,1,0,5,5,0,31,6,6,8,5,4,1,1,1,0.47671
102,1,0,5,5,0,32,4,6,8,4,4,1,1,1,0.34981
102,1,0,5,5,0,33,5,6,6,5,4,1,1,1,0.56025
102,1,0,5,5,0,34,3,6,6,4,4,1,1,1,0.31701
102,1,0,5,5,0,35,6,6,8,5,4,1,1,1,0.76744
102,1,0,5,5,0,36,9,6,6,7,4,2,2,1,0.38986
102,1,0,5,5,0,37,1,6,6,3,4,1,1,1,0.30724
102,1,0,5,5,0,38,11,6,6,8,4,2,2,1,0.34537
102,1,0,5,5,0,39,7,6,6,6,4,2,2,1,0.8101
102,1,0,5,5,0,40,6,6,8,5,4,1,1,1,0.3979
102,1,0,5,5,0,41,1,6,6,3,4,1,1,1,0.35169
102,1,0,5,5,0,42,1,6,6,3,4,1,1,1,0.31927
102,1,0,5,5,0,43,10,6,8,7,4,2,2,1,0.43116
102,1,0,5,5,0,44,8,6,8,6,4,2,2,1,0.33895
102,1,0,5,5,0,45,2,6,8,3,4,1,1,1,0.46366
102,1,0,5,5,0,46,12,6,8,8,4,2,2,1,0.38199
102,1,0,5,5,0,47,5,6,6,5,4,1,1,1,0.64193
102,1,0,5,5,0,48,3,6,6,4,4,1,1,1,0.37544
102,1,0,5,5,0,49,6,6,8,5,4,1,1,1,0.31252
102,1,0,5,5,0,50,3,6,6,4,4,1,1,1,0.35272
102,1,0,5,5,0,51,10,6,8,7,4,2,2,1,0.40614
102,1,0,5,5,0,52,4,6,8,4,4,1,1,1,0.40098
102,1,0,5,5,0,53,3,6,6,4,4,1,1,1,0.28672
102,1,0,5,5,0,54,6,6,8,5,4,1,1,1,0.32266
102,1,0,5,5,0,55,11,6,6,8,4,2,2,1,0.41199
102,1,0,5,5,0,56,7,6,6,6,4,2,2,1,0.76895
102,1,0,5,5,0,57,7,6,6,6,4,2,2,1,0.61086
102,1,0,5,5,0,58,9,6,6,7,4,2,2,1,0.32604
102,1,0,5,5,0,59,1,6,6,3,4,1,1,1,0.38563
102,1,0,5,5,0,60,11,6,6,8,4,2,2,1,0.35883
102,1,0,5,5,0,61,12,6,8,8,4,2,2,1,0.3148
102,1,0,5,5,0,62,2,6,8,3,4,1,1,1,0.36074
102,1,0,5,5,0,63,1,6,6,3,4,1,1,1,0.3705
102,1,0,5,5,0,64,5,6,6,5,4,1,1,1,0.47627
102,1,0,5,5,0,65,3,6,6,4,4,1,1,1,0.30032
102,1,0,5,5,0,66,7,6,6,6,4,2,2,1,0.60118
102,1,0,5,5,0,67,10,6,8,7,4,2,2,1,0.3528
102,1,0,5,5,0,68,12,6,8,8,4,2,2,1,0.66171
102,1,0,5,5,0,69,7,6,6,6,4,2,2,1,0.51748
102,1,0,5,5,0,70,10,6,8,7,4,2,2,1,0.30918
102,1,0,5,5,0,71,12,6,8,8,4,2,2,1,0.38284
102,1,0,5,5,0,72,4,6,8,4,4,1,1,1,0.37493
102,1,0,5,5,0,73,4,6,8,4,4,1,1,1,0.36698
102,1,0,5,5,0,74,3,6,6,4,4,1,1,1,0.35548
102,1,0,5,5,0,75,6,6,8,5,4,1,1,1,0.41222
102,1,0,5,5,0,76,12,6,8,8,4,2,2,1,0.39257
102,1,0,5,5,0,77,1,6,6,3,4,1,1,1,0.42041
102,1,0,5,5,0,78,8,6,8,6,4,2,2,1,0.56714
102,1,0,5,5,0,79,9,6,6,7,4,2,2,1,0.30201
102,1,0,5,5,0,80,11,6,6,8,4,2,2,1,0.27512
102,1,0,5,5,0,81,11,6,6,8,4,2,2,1,0.25839
102,1,0,5,5,0,82,9,6,6,7,4,2,2,1,0.29074
102,1,0,5,5,0,83,2,6,8,3,4,1,1,1,0.41526
102,1,0,5,5,0,84,6,6,8,5,4,1,2,0,0.31826
102,1,0,5,5,0,85,4,6,8,4,4,1,1,1,0.37943
102,1,0,5,5,0,86,6,6,8,5,4,1,1,1,0.46706
102,1,0,5,5,0,87,2,6,8,3,4,1,1,1,0.48079
102,1,0,5,5,0,88,12,6,8,8,4,2,2,1,0.33246
102,1,0,5,5,0,89,8,6,8,6,4,2,2,1,0.36509
102,1,0,5,5,0,90,11,6,6,8,4,2,2,1,0.31828
102,1,0,5,5,0,91,2,6,8,3,4,1,1,1,0.43735
102,1,0,5,5,0,92,12,6,8,8,4,2,2,1,0.49602
102,1,0,5,5,0,93,10,6,8,7,4,2,2,1,0.55673
102,1,0,5,5,0,94,11,6,6,8,4,2,2,1,0.36855
102,1,0,5,5,0,95,5,6,6,5,4,1,1,1,0.41457
102,1,0,5,5,0,96,5,6,6,5,4,1,1,1,0.85336
102,1,0,5,5,0,97,12,6,8,8,4,2,2,1,0.36265
102,1,0,5,5,0,98,5,6,6,5,4,1,1,1,0.43563
102,1,0,5,5,0,99,3,6,6,4,4,1,1,1,0.49537
102,1,0,5,5,0,100,5,6,6,5,4,1,1,1,0.39178
102,1,0,5,5,0,101,2,6,8,3,4,1,1,1,0.45122
102,1,0,5,5,0,102,9,6,6,7,4,2,2,1,0.40247
102,1,0,5,5,0,103,1,6,6,3,4,1,1,1,0.37541
102,1,0,5,5,0,104,8,6,8,6,4,2,2,1,0.30377
102,1,0,5,5,0,105,5,6,6,5,4,1,1,1,0.4592
102,1,0,5,5,0,106,1,6,6,3,4,1,1,1,0.35447
102,1,0,5,5,0,107,4,6,8,4,4,1,1,1,0.37505
102,1,0,5,5,0,108,10,6,8,7,4,2,2,1,0.53343
102,1,0,5,5,0,109,3,6,6,4,4,1,1,1,0.59448
102,1,0,5,5,0,110,10,6,8,7,4,2,2,1,0.3629
102,1,0,5,5,0,111,8,6,8,6,4,2,2,1,0.40222
102,1,0,5,5,0,112,1,6,6,3,4,1,1,1,0.32874
102,1,0,5,5,0,113,7,6,6,6,4,2,2,1,0.49934
102,1,0,5,5,0,114,11,6,6,8,4,2,2,1,0.32137
102,1,0,5,5,0,115,12,6,8,8,4,2,2,1,0.32202
102,1,0,5,5,0,116,7,6,6,6,4,2,2,1,0.30779
102,1,0,5,5,0,117,10,6,8,7,4,2,2,1,0.31048
102,1,0,5,5,0,118,3,6,6,4,4,1,1,1,0.35854
102,1,0,5,5,0,119,10,6,8,7,4,2,2,1,0.32628
102,1,0,5,5,0,120,7,6,6,6,4,2,2,1,0.55142
102,1,0,5,6,0,1,12,6,8,8,4,2,2,1,0.36535
102,1,0,5,6,0,2,3,6,6,4,4,1,1,1,0.40745
102,1,0,5,6,0,3,10,6,8,7,4,2,2,1,0.30974
102,1,0,5,6,0,4,3,6,6,4,4,1,1,1,0.37943
102,1,0,5,6,0,5,11,6,6,8,4,2,2,1,0.3068
102,1,0,5,6,0,6,10,6,8,7,4,2,2,1,0.32755
102,1,0,5,6,0,7,4,6,8,4,4,1,1,1,0.37269
102,1,0,5,6,0,8,7,6,6,6,4,2,2,1,0.31895
102,1,0,5,6,0,9,5,6,6,5,4,1,1,1,0.44415
102,1,0,5,6,0,10,6,6,8,5,4,1,1,1,0.53214
102,1,0,5,6,0,11,7,6,6,6,4,2,2,1,0.55462
102,1,0,5,6,0,12,4,6,8,4,4,1,1,1,0.32543
102,1,0,5,6,0,13,7,6,6,6,4,2,2,1,1.3994
102,1,0,5,6,0,14,1,6,6,3,4,1,1,1,0.31702
102,1,0,5,6,0,15,11,6,6,8,4,2,2,1,0.30755
102,1,0,5,6,0,16,3,6,6,4,4,1,1,1,0.29454
102,1,0,5,6,0,17,11,6,6,8,4,2,2,1,0.35132
102,1,0,5,6,0,18,3,6,6,4,4,1,1,1,0.29988
102,1,0,5,6,0,19,7,6,6,6,4,2,2,1,0.4891
102,1,0,5,6,0,20,12,6,8,8,4,2,2,1,0.34493
102,1,0,5,6,0,21,1,6,6,3,4,1,1,1,0.33341
102,1,0,5,6,0,22,10,6,8,7,4,2,2,1,0.56223
102,1,0,5,6,0,23,10,6,8,7,4,2,2,1,0.33399
102,1,0,5,6,0,24,4,6,8,4,4,1,1,1,0.34105
102,1,0,5,6,0,25,2,6,8,3,4,1,1,1,0.31745
102,1,0,5,6,0,26,1,6,6,3,4,1,1,1,0.49419
102,1,0,5,6,0,27,12,6,8,8,4,2,2,1,0.31079
102,1,0,5,6,0,28,5,6,6,5,4,1,1,1,0.52737
102,1,0,5,6,0,29,9,6,6,7,4,2,2,1,0.37242
102,1,0,5,6,0,30,6,6,8,5,4,1,1,1,0.40416
102,1,0,5,6,0,31,11,6,6,8,4,2,2,1,0.31096
102,1,0,5,6,0,32,8,6,8,6,4,2,2,1,1.0957
102,1,0,5,6,0,33,4,6,8,4,4,1,1,1,0.35973
102,1,0,5,6,0,34,2,6,8,3,4,1,1,1,0.32429
102,1,0,5,6,0,35,3,6,6,4,4,1,1,1,0.35812
102,1,0,5,6,0,36,5,6,6,5,4,1,1,1,0.54542
102,1,0,5,6,0,37,2,6,8,3,4,1,1,1,0.31756
102,1,0,5,6,0,38,10,6,8,7,4,2,2,1,0.30031
102,1,0,5,6,0,39,11,6,6,8,4,2,2,1,0.28219
102,1,0,5,6,0,40,3,6,6,4,4,1,1,1,0.36057
102,1,0,5,6,0,41,10,6,8,7,4,2,2,1,0.34039
102,1,0,5,6,0,42,9,6,6,7,4,2,2,1,0.30788
102,1,0,5,6,0,43,2,6,8,3,4,1,1,1,0.37512
102,1,0,5,6,0,44,2,6,8,3,4,1,1,1,0.36389
102,1,0,5,6,0,45,3,6,6,4,4,1,1,1,0.42355
102,1,0,5,6,0,46,6,6,8,5,4,1,1,1,0.42369
102,1,0,5,6,0,47,8,6,8,6,4,2,2,1,0.3171
102,1,0,5,6,0,48,4,6,8,4,4,1,1,1,0.364
102,1,0,5,6,0,49,2,6,8,3,4,1,1,1,0.31048
102,1,0,5,6,0,50,6,6,8,5,4,1,1,1,0.38045
102,1,0,5,6,0,51,11,6,6,8,4,2,2,1,0.31296
102,1,0,5,6,0,52,10,6,8,7,4,2,2,1,0.30948
102,1,0,5,6,0,53,1,6,6,3,4,1,1,1,0.31789
102,1,0,5,6,0,54,8,6,8,6,4,2,2,1,0.33743
102,1,0,5,6,0,55,7,6,6,6,4,2,2,1,0.26332
102,1,0,5,6,0,56,7,6,6,6,4,2,2,1,0.29937
102,1,0,5,6,0,57,8,6,8,6,4,2,2,1,0.26981
102,1,0,5,6,0,58,6,6,8,5,4,1,1,1,0.72829
102,1,0,5,6,0,59,12,6,8,8,4,2,2,1,0.31996
102,1,0,5,6,0,60,5,6,6,5,4,1,1,1,0.39139
102,1,0,5,6,0,61,4,6,8,4,4,1,1,1,0.35932
102,1,0,5,6,0,62,6,6,8,5,4,1,1,1,0.39102
102,1,0,5,6,0,63,10,6,8,7,4,2,2,1,0.36337
102,1,0,5,6,0,64,5,6,6,5,4,1,1,1,0.59038
102,1,0,5,6,0,65,1,6,6,3,4,1,1,1,0.35079
102,1,0,5,6,0,66,8,6,8,6,4,2,2,1,0.37175
102,1,0,5,6,0,67,2,6,8,3,4,1,1,1,0.3729
102,1,0,5,6,0,68,9,6,6,7,4,2,2,1,0.33998
102,1,0,5,6,0,69,4,6,8,4,4,1,1,1,0.3625
102,1,0,5,6,0,70,8,6,8,6,4,2,1,0,0.32765
102,1,0,5,6,0,71,7,6,6,6,4,2,2,1,0.50623
102,1,0,5,6,0,72,10,6,8,7,4,2,2,1,0.31695
102,1,0,5,6,0,73,12,6,8,8,4,2,2,1,0.34173
102,1,0,5,6,0,74,5,6,6,5,4,1,1,1,0.69539
102,1,0,5,6,0,75,12,6,8,8,4,2,2,1,0.30949
102,1,0,5,6,0,76,9,6,6,7,4,2,2,1,0.28678
102,1,0,5,6,0,77,1,6,6,3,4,1,1,1,0.40053
102,1,0,5,6,0,78,9,6,6,7,4,2,2,1,0.3719
102,1,0,5,6,0,79,10,6,8,7,4,2,2,1,0.2918
102,1,0,5,6,0,80,8,6,8,6,4,2,2,1,0.35542
102,1,0,5,6,0,81,1,6,6,3,4,1,1,1,0.41535
102,1,0,5,6,0,82,9,6,6,7,4,2,2,1,0.32798
102,1,0,5,6,0,83,9,6,6,7,4,2,2,1,0.30357
102,1,0,5,6,0,84,7,6,6,6,4,2,2,1,0.81522
102,1,0,5,6,0,85,12,6,8,8,4,2,2,1,0.39962
102,1,0,5,6,0,86,1,6,6,3,4,1,1,1,0.58361
102,1,0,5,6,0,87,1,6,6,3,4,1,1,1,0.43009
102,1,0,5,6,0,88,3,6,6,4,4,1,1,1,0.38423
102,1,0,5,6,0,89,4,6,8,4,4,1,1,1,0.77742
102,1,0,5,6,0,90,6,6,8,5,4,1,1,1,0.46925
102,1,0,5,6,0,91,2,6,8,3,4,1,1,1,0.4167
102,1,0,5,6,0,92,11,6,6,8,4,2,2,1,0.38634
102,1,0,5,6,0,93,11,6,6,8,4,2,2,1,0.39174
102,1,0,5,6,0,94,5,6,6,5,4,1,1,1,0.8107
102,1,0,5,6,0,95,5,6,6,5,4,1,1,1,0.57583
102,1,0,5,6,0,96,7,6,6,6,4,2,2,1,1.0314
102,1,0,5,6,0,97,8,6,8,6,4,2,2,1,0.74408
102,1,0,5,6,0,98,12,6,8,8,4,2,2,1,0.33146
102,1,0,5,6,0,99,9,6,6,7,4,2,2,1,0.32303
102,1,0,5,6,0,100,11,6,6,8,4,2,2,1,0.29315
102,1,0,5,6,0,101,3,6,6,4,4,1,1,1,0.37068
102,1,0,5,6,0,102,6,6,8,5,4,1,1,1,0.46205
102,1,0,5,6,0,103,4,6,8,4,4,1,1,1,0.36754
102,1,0,5,6,0,104,1,6,6,3,4,1,1,1,0.3888
102,1,0,5,6,0,105,9,6,6,7,4,2,2,1,0.32311
102,1,0,5,6,0,106,4,6,8,4,4,1,1,1,0.36341
102,1,0,5,6,0,107,5,6,6,5,4,1,1,1,0.47685
102,1,0,5,6,0,108,5,6,6,5,4,1,1,1,0.34479
102,1,0,5,6,0,109,9,6,6,7,4,2,2,1,0.39772
102,1,0,5,6,0,110,2,6,8,3,4,1,1,1,0.34295
102,1,0,5,6,0,111,6,6,8,5,4,1,1,1,0.41739
102,1,0,5,6,0,112,6,6,8,5,4,1,1,1,1.0987
102,1,0,5,6,0,113,3,6,6,4,4,1,1,1,0.45947
102,1,0,5,6,0,114,2,6,8,3,4,1,1,1,0.46351
102,1,0,5,6,0,115,12,6,8,8,4,2,2,1,0.49003
102,1,0,5,6,0,116,11,6,6,8,4,2,2,1,0.41572
102,1,0,5,6,0,117,8,6,8,6,4,2,2,1,0.48566
102,1,0,5,6,0,118,8,6,8,6,4,2,2,1,0.3095
102,1,0,5,6,0,119,12,6,8,8,4,2,2,1,0.29584
102,1,0,5,6,0,120,7,6,6,6,4,2,2,1,0.32841
