103,1,4,1,1,1,1,20,8,1,1,1,0.73253
103,1,4,1,1,2,1,20,8,1,1,1,0.92366
103,1,4,1,1,3,5,60,8,1,1,1,1.2234
103,1,4,1,1,4,5,60,8,1,1,1,0.65539
103,1,4,1,1,5,7,80,8,2,2,1,0.70826
103,1,4,1,1,6,7,80,8,2,2,1,0.59542
103,1,4,1,1,7,3,40,8,1,1,1,0.51929
103,1,4,1,1,8,11,120,8,2,2,1,0.53349
103,1,4,1,1,9,9,100,8,2,2,1,0.50902
103,1,4,1,1,10,11,120,8,2,2,1,0.43068
103,1,4,1,1,11,5,60,8,1,1,1,0.471
103,1,4,1,1,12,7,80,8,2,2,1,1.2322
103,1,4,1,1,13,9,100,8,2,2,1,0.55983
103,1,4,1,1,14,7,80,8,2,2,1,1.4938
103,1,4,1,1,15,9,100,8,2,2,1,1.087
103,1,4,1,1,16,1,20,8,1,1,1,1.4412
103,1,4,1,1,17,3,40,8,1,1,1,1.7795
103,1,4,1,1,18,11,120,8,2,2,1,0.76233
103,1,4,1,1,19,11,120,8,2,2,1,1.3599
103,1,4,1,1,20,3,40,8,1,1,1,2.8276
103,1,4,1,1,21,5,60,8,1,1,1,2.0063
103,1,4,1,1,22,3,40,8,1,1,1,3.0484
103,1,4,1,1,23,9,100,8,2,2,1,3.2039
103,1,4,1,1,24,1,20,8,1,1,1,1.4835
103,1,4,1,0,1,3,40,8,1,1,1,0.91825
103,1,4,1,0,2,11,120,8,2,2,1,0.60326
103,1,4,1,0,3,11,120,8,2,2,1,0.56687
103,1,4,1,0,4,7,80,8,2,2,1,1.1187
103,1,4,1,0,5,7,80,8,2,2,1,0.54992
103,1,4,1,0,6,5,60,8,1,1,1,1.9282
103,1,4,1,0,7,1,20,8,1,1,1,1.0543
103,1,4,1,0,8,1,20,8,1,1,1,1.1668
103,1,4,1,0,9,1,20,8,1,1,1,1.2698
103,1,4,1,0,10,5,60,8,1,2,0,1.3978
103,1,4,1,0,11,11,120,8,2,2,1,0.5493
103,1,4,1,0,12,3,40,8,1,1,1,1.2131
103,1,4,1,0,13,7,80,8,2,2,1,1.3457
103,1,4,1,0,14,3,40,8,1,1,1,0.50949
103,1,4,1,0,15,9,100,8,2,2,1,0.73938
103,1,4,1,0,16,3,40,8,1,1,1,0.55148
103,1,4,1,0,17,7,80,8,2,2,1,0.64376
103,1,4,1,0,18,11,120,8,2,2,1,0.52072
103,1,4,1,0,19,7,80,8,2,2,1,1.2212
103,1,4,1,0,20,9,100,8,2,2,1,0.48775
103,1,4,1,0,21,1,20,8,1,1,1,0.55305
103,1,4,1,0,22,5,60,8,1,1,1,1.4507
103,1,4,1,0,23,5,60,8,1,1,1,1.016
103,1,4,1,0,24,1,20,8,1,1,1,0.50965
103,1,4,1,0,25,3,40,8,1,1,1,0.53632
103,1,4,1,0,26,3,40,8,1,1,1,0.38912
103,1,4,1,0,27,9,100,8,2,2,1,0.57817
103,1,4,1,0,28,11,120,8,2,2,1,0.43281
103,1,4,1,0,29,7,80,8,2,2,1,0.56432
103,1,4,1,0,30,9,100,8,2,2,1,0.47785
103,1,4,1,0,31,5,60,8,1,1,1,0.73687
103,1,4,1,0,32,1,20,8,1,1,1,0.56143
103,1,4,1,0,33,11,120,8,2,2,1,0.72055
103,1,4,1,0,34,7,80,8,2,2,1,1.3736
103,1,4,1,0,35,7,80,8,2,2,1,0.51807
103,1,4,1,0,36,1,20,8,1,1,1,0.47982
103,1,4,1,0,37,5,60,8,1,1,1,0.47603
103,1,4,1,0,38,9,100,8,2,2,1,0.50184
103,1,4,1,0,39,11,120,8,2,2,1,0.50863
103,1,4,1,0,40,9,100,8,2,2,1,0.464
103,1,4,1,0,41,5,60,8,1,1,1,0.92425
103,1,4,1,0,42,1,20,8,1,1,1,0.57727
103,1,4,1,0,43,7,80,8,2,2,1,0.86213
103,1,4,1,0,44,3,40,8,1,1,1,0.50494
103,1,4,1,0,45,5,60,8,1,1,1,1.2353
103,1,4,1,0,46,9,100,8,2,2,1,0.44567
103,1,4,1,0,47,1,20,8,1,1,1,0.46383
103,1,4,1,0,48,11,120,8,2,2,1,0.46518
103,1,4,1,0,49,7,80,8,2,1,0,0.40268
103,1,4,1,0,50,7,80,8,2,2,1,0.50404
103,1,4,1,0,51,1,20,8,1,1,1,0.46377
103,1,4,1,0,52,9,100,8,2,2,1,0.51007
103,1,4,1,0,53,7,80,8,2,2,1,1.0494
103,1,4,1,0,54,5,60,8,1,1,1,1.1671
103,1,4,1,0,55,11,120,8,2,2,1,1.5137
103,1,4,1,0,56,5,60,8,1,1,1,0.56745
103,1,4,1,0,57,9,100,8,2,2,1,0.63887
103,1,4,1,0,58,9,100,8,2,2,1,0.86788
103,1,4,1,0,59,7,80,8,2,2,1,0.52686
103,1,4,1,0,60,3,40,8,1,1,1,0.96028
103,1,4,1,0,61,11,120,8,2,2,1,1.4088
103,1,4,1,0,62,1,20,8,1,1,1,1.1758
103,1,4,1,0,63,1,20,8,1,1,1,0.63556
103,1,4,1,0,64,11,120,8,2,2,1,2.0902
103,1,4,1,0,65,7,80,8,2,2,1,1.6731
103,1,4,1,0,66,11,120,8,2,2,1,0.44751
103,1,4,1,0,67,11,120,8,2,2,1,0.56438
103,1,4,1,0,68,5,60,8,1,1,1,2.0543
103,1,4,1,0,69,3,40,8,1,1,1,1.4364
103,1,4,1,0,70,7,80,8,2,2,1,1.1338
103,1,4,1,0,71,7,80,8,2,2,1,0.65355
103,1,4,1,0,72,3,40,8,1,1,1,0.65583
103,1,4,1,0,73,11,120,8,2,2,1,1.8446
103,1,4,1,0,74,9,100,8,2,2,1,2.3238
103,1,4,1,0,75,5,60,8,1,1,1,3.2733
103,1,4,1,0,76,3,40,8,1,1,1,2.9056
103,1,4,1,0,77,3,40,8,1,1,1,2.7265
103,1,4,1,0,78,5,60,8,1,1,1,2.5262
103,1,4,1,0,79,3,40,8,1,1,1,1.6375
103,1,4,1,0,80,5,60,8,1,1,1,1.1214
103,1,4,1,0,81,9,100,8,2,2,1,2.2466
103,1,4,1,0,82,3,40,8,1,1,1,1.867
103,1,4,1,0,83,9,100,8,2,2,1,2.6142
103,1,4,1,0,84,1,20,8,1,1,1,2.7374
103,1,4,1,0,85,11,120,8,2,2,1,2.4049
103,1,4,1,0,86,9,100,8,2,2,1,4.0192
103,1,4,1,0,87,7,80,8,2,2,1,0.51451
103,1,4,1,0,88,11,120,8,2,2,1,2.5957
103,1,4,1,0,89,9,100,8,2,2,1,2.7539
103,1,4,1,0,90,7,80,8,2,2,1,1.9627
103,1,4,1,0,91,11,120,8,2,2,1,0.51696
103,1,4,1,0,92,5,60,8,1,1,1,1.5276
103,1,4,1,0,93,7,80,8,2,2,1,2.1832
103,1,4,1,0,94,9,100,8,2,2,1,1.9419
103,1,4,1,0,95,3,40,8,1,1,1,1.9323
103,1,4,1,0,96,7,80,8,2,2,1,1.2987
103,1,4,1,0,97,1,20,8,1,1,1,0.59627
103,1,4,1,0,98,5,60,8,1,1,1,1.4818
103,1,4,1,0,99,1,20,8,1,1,1,1.8549
103,1,4,1,0,100,9,100,8,2,2,1,1.3685
103,1,4,1,0,101,11,120,8,2,2,1,3.0407
103,1,4,1,0,102,1,20,8,1,1,1,3.4855
103,1,4,1,0,103,11,120,8,2,2,1,1.3843
103,1,4,1,0,104,9,100,8,2,2,1,1.3436
103,1,4,1,0,105,5,60,8,1,1,1,2.5486
103,1,4,1,0,106,9,100,8,2,2,1,1.6696
103,1,4,1,0,107,3,40,8,1,1,1,2.9564
103,1,4,1,0,108,11,120,8,2,2,1,2.2496
103,1,4,1,0,109,3,40,8,1,1,1,2.0227
103,1,4,1,0,110,1,20,8,1,1,1,1.4335
103,1,4,1,0,111,9,100,8,2,2,1,1.605
103,1,4,1,0,112,3,40,8,1,1,1,1.8824
103,1,4,1,0,113,5,60,8,1,1,1,3.0081
103,1,4,1,0,114,3,40,8,1,1,1,0.9145
103,1,4,1,0,115,3,40,8,1,1,1,1.1002
103,1,4,1,0,116,1,20,8,1,1,1,1.9527
103,1,4,1,0,117,1,20,8,1,1,1,0.5874
103,1,4,1,0,118,5,60,8,1,2,0,0.87021
103,1,4,1,0,119,1,20,8,1,1,1,0.59547
103,1,4,1,0,120,5,60,8,1,1,1,0.96556
103,1,4,2,1,1,10,100,10,2,2,1,0.85903
103,1,4,2,1,2,2,20,10,1,1,1,0.53499
103,1,4,2,1,3,6,60,10,1,1,1,1.0835
103,1,4,2,1,4,2,20,10,1,1,1,0.53845
103,1,4,2,1,5,6,60,10,1,1,1,0.94871
103,1,4,2,1,6,4,40,10,1,1,1,0.86351
103,1,4,2,1,7,10,100,10,2,2,1,0.63346
103,1,4,2,1,8,4,40,10,1,1,1,0.84061
103,1,4,2,1,9,8,80,10,2,2,1,1.5822
103,1,4,2,1,10,10,100,10,2,2,1,1.0078
103,1,4,2,1,11,12,120,10,2,2,1,2.0839
103,1,4,2,1,12,6,60,10,1,1,1,1.4289
103,1,4,2,1,13,4,40,10,1,1,1,1.1834
103,1,4,2,1,14,4,40,10,1,1,1,1.0411
103,1,4,2,1,15,2,20,10,1,1,1,1.6343
103,1,4,2,1,16,12,120,10,2,2,1,2.0588
103,1,4,2,1,17,12,120,10,2,2,1,1.9061
103,1,4,2,1,18,2,20,10,1,1,1,2.5986
103,1,4,2,1,19,12,120,10,2,2,1,1.3996
103,1,4,2,1,20,8,80,10,2,2,1,1.589
103,1,4,2,1,21,8,80,10,2,2,1,1.2935
103,1,4,2,1,22,8,80,10,2,2,1,2.9302
103,1,4,2,1,23,10,100,10,2,2,1,4.3149
103,1,4,2,1,24,6,60,10,1,1,1,0.55501
103,1,4,2,0,1,2,20,10,1,1,1,1.4735
103,1,4,2,0,2,6,60,10,1,1,1,1.2274
103,1,4,2,0,3,8,80,10,2,2,1,0.9237
103,1,4,2,0,4,6,60,10,1,1,1,0.92734
103,1,4,2,0,5,10,100,10,2,2,1,0.56904
103,1,4,2,0,6,10,100,10,2,2,1,1.1999
103,1,4,2,0,7,10,100,10,2,2,1,1.1126
103,1,4,2,0,8,10,100,10,2,2,1,1.6698
103,1,4,2,0,9,12,120,10,2,2,1,1.0871
103,1,4,2,0,10,8,80,10,2,1,0,0.87056
103,1,4,2,0,11,12,120,10,2,2,1,0.60513
103,1,4,2,0,12,4,40,10,1,1,1,2.713
103,1,4,2,0,13,6,60,10,1,1,1,0.75811
103,1,4,2,0,14,4,40,10,1,1,1,2.4565
103,1,4,2,0,15,4,40,10,1,1,1,2.0463
103,1,4,2,0,16,2,20,10,1,1,1,3.534
103,1,4,2,0,17,4,40,10,1,NaN,9,NaN
103,1,4,2,0,18,12,120,10,2,2,1,0.74157
103,1,4,2,0,19,12,120,10,2,2,1,2.1134
103,1,4,2,0,20,2,20,10,1,NaN,9,NaN
103,1,4,2,0,21,10,100,10,2,2,1,0.85378
103,1,4,2,0,22,10,100,10,2,2,1,0.93614
103,1,4,2,0,23,2,20,10,1,1,1,0.97102
103,1,4,2,0,24,10,100,10,2,1,0,1.5032
103,1,4,2,0,25,4,40,10,1,1,1,0.61899
103,1,4,2,0,26,6,60,10,1,1,1,0.83615
103,1,4,2,0,27,10,100,10,2,2,1,0.75901
103,1,4,2,0,28,4,40,10,1,1,1,0.48373
103,1,4,2,0,29,2,20,10,1,1,1,0.44357
103,1,4,2,0,30,12,120,10,2,2,1,0.47264
103,1,4,2,0,31,2,20,10,1,1,1,0.73379
103,1,4,2,0,32,6,60,10,1,1,1,0.61855
103,1,4,2,0,33,12,120,10,2,2,1,0.42221
103,1,4,2,0,34,10,100,10,2,2,1,0.52786
103,1,4,2,0,35,8,80,10,2,2,1,0.5382
103,1,4,2,0,36,12,120,10,2,2,1,0.45266
103,1,4,2,0,37,8,80,10,2,2,1,1.0095
103,1,4,2,0,38,10,100,10,2,2,1,0.53469
103,1,4,2,0,39,2,20,10,1,1,1,0.46327
103,1,4,2,0,40,2,20,10,1,1,1,0.43094
103,1,4,2,0,41,8,80,10,2,2,1,2.4471
103,1,4,2,0,42,12,120,10,2,2,1,0.47047
103,1,4,2,0,43,4,40,10,1,1,1,0.3851
103,1,4,2,0,44,4,40,10,1,1,1,0.42832
103,1,4,2,0,45,4,40,10,1,1,1,0.35931
103,1,4,2,0,46,2,20,10,1,1,1,0.43489
103,1,4,2,0,47,8,80,10,2,1,0,0.65606
103,1,4,2,0,48,2,20,10,1,1,1,0.70354
103,1,4,2,0,49,6,60,10,1,1,1,0.73895
103,1,4,2,0,50,8,80,10,2,2,1,1.6636
103,1,4,2,0,51,6,60,10,1,1,1,0.49688
103,1,4,2,0,52,8,80,10,2,2,1,0.63319
103,1,4,2,0,53,4,40,10,1,1,1,0.49001
103,1,4,2,0,54,6,60,10,1,1,1,0.45312
103,1,4,2,0,55,4,40,10,1,1,1,0.44585
103,1,4,2,0,56,6,60,10,1,1,1,0.48854
103,1,4,2,0,57,6,60,10,1,1,1,0.38857
103,1,4,2,0,58,4,40,10,1,1,1,0.4818
103,1,4,2,0,59,10,100,10,2,2,1,0.59968
103,1,4,2,0,60,8,80,10,2,2,1,0.76753
103,1,4,2,0,61,8,80,10,2,2,1,2.8647
103,1,4,2,0,62,4,40,10,1,1,1,1.1075
103,1,4,2,0,63,10,100,10,2,2,1,1.7123
103,1,4,2,0,64,12,120,10,2,2,1,0.68003
103,1,4,2,0,65,10,100,10,2,2,1,1.0481
103,1,4,2,0,66,6,60,10,1,2,0,0.64283
103,1,4,2,0,67,2,20,10,1,1,1,0.99786
103,1,4,2,0,68,12,120,10,2,2,1,0.53726
103,1,4,2,0,69,2,20,10,1,1,1,0.51388
103,1,4,2,0,70,4,40,10,1,1,1,1.4374
103,1,4,2,0,71,2,20,10,1,1,1,2.0854
103,1,4,2,0,72,12,120,10,2,2,1,1.8022
103,1,4,2,0,73,12,120,10,2,2,1,2.1076
103,1,4,2,0,74,2,20,10,1,1,1,1.1934
103,1,4,2,0,75,8,80,10,2,2,1,1.303
103,1,4,2,0,76,8,80,10,2,2,1,2.3968
103,1,4,2,0,77,4,40,10,1,1,1,0.50965
103,1,4,2,0,78,12,120,10,2,2,1,1.1382
103,1,4,2,0,79,12,120,10,2,2,1,0.53009
103,1,4,2,0,80,6,60,10,1,1,1,0.73899
103,1,4,2,0,81,2,20,10,1,1,1,0.67778
103,1,4,2,0,82,6,60,10,1,1,1,1.3168
103,1,4,2,0,83,8,80,10,2,2,1,1.2846
103,1,4,2,0,84,8,80,10,2,2,1,1.9683
103,1,4,2,0,85,12,120,10,2,2,1,1.7396
103,1,4,2,0,86,12,120,10,2,2,1,1.9789
103,1,4,2,0,87,12,120,10,2,2,1,1.4853
103,1,4,2,0,88,10,100,10,2,2,1,1.2245
103,1,4,2,0,89,6,60,10,1,1,1,1.7474
103,1,4,2,0,90,10,100,10,2,2,1,1.9016
103,1,4,2,0,91,8,80,10,2,2,1,0.61912
103,1,4,2,0,92,4,40,10,1,1,1,1.3955
103,1,4,2,0,93,8,80,10,2,2,1,2.0656
103,1,4,2,0,94,2,20,10,1,1,1,0.58331
103,1,4,2,0,95,2,20,10,1,1,1,0.80376
103,1,4,2,0,96,8,80,10,2,2,1,0.68859
103,1,4,2,0,97,4,40,10,1,1,1,1.1249
103,1,4,2,0,98,2,20,10,1,1,1,1.3307
103,1,4,2,0,99,6,60,10,1,1,1,1.7124
103,1,4,2,0,100,6,60,10,1,1,1,1.4762
103,1,4,2,0,101,10,100,10,2,2,1,1.0341
103,1,4,2,0,102,10,100,10,2,2,1,1.8236
103,1,4,2,0,103,4,40,10,1,1,1,1.2893
103,1,4,2,0,104,8,80,10,2,2,1,2.3007
103,1,4,2,0,105,12,120,10,2,2,1,0.81374
103,1,4,2,0,106,2,20,10,1,1,1,0.66179
103,1,4,2,0,107,12,120,10,2,2,1,0.7811
103,1,4,2,0,108,6,60,10,1,1,1,0.58806
103,1,4,2,0,109,6,60,10,1,1,1,0.70948
103,1,4,2,0,110,10,100,10,2,2,1,0.57936
103,1,4,2,0,111,2,20,10,1,1,1,0.50264
103,1,4,2,0,112,6,60,10,1,1,1,0.80693
103,1,4,2,0,113,10,100,10,2,2,1,0.68833
103,1,4,2,0,114,8,80,10,2,2,1,0.84806
103,1,4,2,0,115,10,100,10,2,2,1,0.51447
103,1,4,2,0,116,6,60,10,1,1,1,0.52162
103,1,4,2,0,117,4,40,10,1,1,1,0.55946
103,1,4,2,0,118,12,120,10,2,2,1,1.0594
103,1,4,2,0,119,4,40,10,1,1,1,1.0726
103,1,4,2,0,120,8,80,10,2,2,1,1.1973
103,1,4,5,1,1,4,40,10,1,1,1,0.71453
103,1,4,5,1,2,5,60,8,1,1,1,0.85639
103,1,4,5,1,3,2,20,10,1,1,1,0.79087
103,1,4,5,1,4,6,60,10,1,1,1,1.9255
103,1,4,5,1,5,1,20,8,1,1,1,2.4317
103,1,4,5,1,6,8,80,10,2,2,1,1.3232
103,1,4,5,1,7,9,100,8,2,2,1,0.67456
103,1,4,5,1,8,10,100,10,2,2,1,1.1505
103,1,4,5,1,9,12,120,10,2,2,1,0.81465
103,1,4,5,1,10,7,80,8,2,2,1,1.4061
103,1,4,5,1,11,8,80,10,2,2,1,0.64569
103,1,4,5,1,12,1,20,8,1,1,1,0.97284
103,1,4,5,1,13,11,120,8,2,2,1,1.0159
103,1,4,5,1,14,2,20,10,1,1,1,1.5519
103,1,4,5,1,15,11,120,8,2,2,1,0.51502
103,1,4,5,1,16,12,120,10,2,2,1,0.44508
103,1,4,5,1,17,10,100,10,2,2,1,1.2932
103,1,4,5,1,18,5,60,8,1,1,1,0.50516
103,1,4,5,1,19,6,60,10,1,1,1,0.54982
103,1,4,5,1,20,9,100,8,2,2,1,0.82663
103,1,4,5,1,21,3,40,8,1,1,1,0.49043
103,1,4,5,1,22,3,40,8,1,1,1,0.44232
103,1,4,5,1,23,7,80,8,2,2,1,0.9095
103,1,4,5,1,24,4,40,10,1,1,1,0.43358
103,1,4,5,0,1,7,80,8,2,2,1,1.2552
103,1,4,5,0,2,1,20,8,1,1,1,0.47003
103,1,4,5,0,3,5,60,8,1,1,1,1.7315
103,1,4,5,0,4,2,20,10,1,1,1,0.46433
103,1,4,5,0,5,3,40,8,1,1,1,0.63992
103,1,4,5,0,6,2,20,10,1,1,1,0.5291
103,1,4,5,0,7,2,20,10,1,1,1,0.86803
103,1,4,5,0,8,10,100,10,2,2,1,1.639
103,1,4,5,0,9,8,80,10,2,2,1,0.75196
103,1,4,5,0,10,5,60,8,1,1,1,1.0771
103,1,4,5,0,11,12,120,10,2,2,1,0.53101
103,1,4,5,0,12,9,100,8,2,2,1,0.87964
103,1,4,5,0,13,6,60,10,1,1,1,0.64605
103,1,4,5,0,14,11,120,8,2,2,1,0.72347
103,1,4,5,0,15,1,20,8,1,1,1,0.46727
103,1,4,5,0,16,6,60,10,1,1,1,1.0116
103,1,4,5,0,17,10,100,10,2,2,1,1.0931
103,1,4,5,0,18,12,120,10,2,2,1,0.48181
103,1,4,5,0,19,3,40,8,1,1,1,0.58729
103,1,4,5,0,20,5,60,8,1,1,1,1.0799
103,1,4,5,0,21,4,40,10,1,1,1,2.2271
103,1,4,5,0,22,10,100,10,2,2,1,1.8982
103,1,4,5,0,23,3,40,8,1,1,1,0.58063
103,1,4,5,0,24,4,40,10,1,1,1,0.70654
103,1,4,5,0,25,3,40,8,1,1,1,1.584
103,1,4,5,0,26,5,60,8,1,1,1,2.5265
103,1,4,5,0,27,11,120,8,2,2,1,1.4953
103,1,4,5,0,28,8,80,10,2,2,1,1.9535
103,1,4,5,0,29,4,40,10,1,1,1,1.0938
103,1,4,5,0,30,4,40,10,1,1,1,2.594
103,1,4,5,0,31,12,120,10,2,2,1,0.57563
103,1,4,5,0,32,12,120,10,2,2,1,1.0842
103,1,4,5,0,33,12,120,10,2,2,1,2.5632
103,1,4,5,0,34,1,20,8,1,1,1,1.7062
103,1,4,5,0,35,7,80,8,2,2,1,1.7465
103,1,4,5,0,36,11,120,8,2,2,1,0.7634
103,1,4,5,0,37,2,20,10,1,1,1,0.58292
103,1,4,5,0,38,9,100,8,2,2,1,0.92329
103,1,4,5,0,39,7,80,8,2,2,1,2.2869
103,1,4,5,0,40,11,120,8,2,2,1,1.2253
103,1,4,5,0,41,6,60,10,1,1,1,2.6494
103,1,4,5,0,42,5,60,8,1,1,1,1.5141
103,1,4,5,0,43,7,80,8,2,1,0,2.2736
103,1,4,5,0,44,5,60,8,1,1,1,0.74576
103,1,4,5,0,45,10,100,10,2,2,1,1.7337
103,1,4,5,0,46,4,40,10,1,1,1,1.6251
103,1,4,5,0,47,10,100,10,2,2,1,3.141
103,1,4,5,0,48,11,120,8,2,2,1,3.0051
103,1,4,5,0,49,8,80,10,2,1,0,1.9527
103,1,4,5,0,50,9,100,8,2,2,1,2.1804
103,1,4,5,0,51,7,80,8,2,2,1,1.5039
103,1,4,5,0,52,1,20,8,1,1,1,0.84981
103,1,4,5,0,53,7,80,8,2,1,0,1.2172
103,1,4,5,0,54,9,100,8,2,2,1,0.5737
103,1,4,5,0,55,6,60,10,1,1,1,2.5125
103,1,4,5,0,56,6,60,10,1,1,1,1.9814
103,1,4,5,0,57,5,60,8,1,1,1,0.95049
103,1,4,5,0,58,2,20,10,1,1,1,1.281
103,1,4,5,0,59,6,60,10,1,1,1,1.3202
103,1,4,5,0,60,10,100,10,2,2,1,2.2313
103,1,4,5,0,61,9,100,8,2,2,1,2.2991
103,1,4,5,0,62,2,20,10,1,1,1,2.4564
103,1,4,5,0,63,1,20,8,1,1,1,1.4545
103,1,4,5,0,64,1,20,8,1,1,1,1.5056
103,1,4,5,0,65,4,40,10,1,1,1,1.5483
103,1,4,5,0,66,3,40,8,1,1,1,0.78307
103,1,4,5,0,67,11,120,8,2,2,1,1.0711
103,1,4,5,0,68,12,120,10,2,2,1,1.5614
103,1,4,5,0,69,7,80,8,2,2,1,2.6175
103,1,4,5,0,70,5,60,8,1,1,1,1.7909
103,1,4,5,0,71,9,100,8,2,2,1,2.0117
103,1,4,5,0,72,3,40,8,1,1,1,0.61395
103,1,4,5,0,73,5,60,8,1,1,1,1.4981
103,1,4,5,0,74,7,80,8,2,2,1,2.3592
103,1,4,5,0,75,12,120,10,2,2,1,0.57268
103,1,4,5,0,76,9,100,8,2,2,1,0.79008
103,1,4,5,0,77,12,120,10,2,2,1,0.50906
103,1,4,5,0,78,2,20,10,1,1,1,0.49282
103,1,4,5,0,79,9,100,8,2,2,1,0.71711
103,1,4,5,0,80,12,120,10,2,2,1,0.66757
103,1,4,5,0,81,8,80,10,2,1,0,1.4935
103,1,4,5,0,82,1,20,8,1,1,1,0.51459
103,1,4,5,0,83,6,60,10,1,1,1,0.93466
103,1,4,5,0,84,4,40,10,1,1,1,0.52577
103,1,4,5,0,85,10,100,10,2,2,1,0.51791
103,1,4,5,0,86,1,20,8,1,1,1,0.70132
103,1,4,5,0,87,8,80,10,2,1,0,3.7792
103,1,4,5,0,88,1,20,8,1,1,1,0.48432
103,1,4,5,0,89,6,60,10,1,1,1,0.62213
103,1,4,5,0,90,9,100,8,2,2,1,0.51328
103,1,4,5,0,91,7,80,8,2,2,1,1.3638
103,1,4,5,0,92,11,120,8,2,2,1,0.63161
103,1,4,5,0,93,8,80,10,2,1,0,0.57354
103,1,4,5,0,94,8,80,10,2,2,1,0.65137
103,1,4,5,0,95,3,40,8,1,1,1,0.55229
103,1,4,5,0,96,11,120,8,2,2,1,0.50273
103,1,4,5,0,97,5,60,8,1,1,1,0.44
103,1,4,5,0,98,8,80,10,2,2,1,1.9666
103,1,4,5,0,99,2,20,10,1,1,1,0.54351
103,1,4,5,0,100,6,60,10,1,1,1,0.92329
103,1,4,5,0,101,3,40,8,1,1,1,0.43841
103,1,4,5,0,102,1,20,8,1,1,1,0.45415
103,1,4,5,0,103,4,40,10,1,1,1,0.4314
103,1,4,5,0,104,2,20,10,1,1,1,0.43604
103,1,4,5,0,105,12,120,10,2,2,1,0.49616
103,1,4,5,0,106,10,100,10,2,2,1,1.2368
103,1,4,5,0,107,4,40,10,1,1,1,0.45161
103,1,4,5,0,108,11,120,8,2,2,1,0.48127
103,1,4,5,0,109,8,80,10,2,2,1,3.175
103,1,4,5,0,110,9,100,8,2,2,1,0.62506
103,1,4,5,0,111,11,120,8,2,2,1,0.97366
103,1,4,5,0,112,10,100,10,2,2,1,0.92398
103,1,4,5,0,113,3,40,8,1,1,1,0.474
103,1,4,5,0,114,2,20,10,1,1,1,0.54524
103,1,4,5,0,115,6,60,10,1,1,1,0.5736
103,1,4,5,0,116,3,40,8,1,1,1,0.60311
103,1,4,5,0,117,7,80,8,2,2,1,2.1172
103,1,4,5,0,118,10,100,10,2,2,1,0.51946
103,1,4,5,0,119,8,80,10,2,2,1,0.75331
103,1,4,5,0,120,4,40,10,1,1,1,0.48013
103,1,4,6,0,1,2,20,10,1,1,1,0.63278
103,1,4,6,0,2,8,80,10,2,2,1,1.8029
103,1,4,6,0,3,5,60,8,1,1,1,0.65049
103,1,4,6,0,4,4,40,10,1,1,1,0.52166
103,1,4,6,0,5,9,100,8,2,2,1,0.60243
103,1,4,6,0,6,3,40,8,1,1,1,0.64622
103,1,4,6,0,7,11,120,8,2,2,1,0.62364
103,1,4,6,0,8,7,80,8,2,1,0,1.3364
103,1,4,6,0,9,4,40,10,1,1,1,0.52817
103,1,4,6,0,10,7,80,8,2,2,1,0.82881
103,1,4,6,0,11,12,120,10,2,2,1,0.79914
103,1,4,6,0,12,6,60,10,1,1,1,0.85762
103,1,4,6,0,13,3,40,8,1,1,1,0.47921
103,1,4,6,0,14,7,80,8,2,2,1,1.2307
103,1,4,6,0,15,9,100,8,2,2,1,0.51255
103,1,4,6,0,16,5,60,8,1,1,1,0.65568
103,1,4,6,0,17,8,80,10,2,2,1,0.71295
103,1,4,6,0,18,8,80,10,2,2,1,0.90382
103,1,4,6,0,19,2,20,10,1,1,1,0.71494
103,1,4,6,0,20,8,80,10,2,2,1,0.71741
103,1,4,6,0,21,3,40,8,1,1,1,0.39751
103,1,4,6,0,22,6,60,10,1,1,1,0.57888
103,1,4,6,0,23,2,20,10,1,1,1,0.53167
103,1,4,6,0,24,7,80,8,2,2,1,0.72128
103,1,4,6,0,25,9,100,8,2,2,1,0.42211
103,1,4,6,0,26,12,120,10,2,2,1,0.42333
103,1,4,6,0,27,4,40,10,1,1,1,0.61222
103,1,4,6,0,28,2,20,10,1,1,1,0.48217
103,1,4,6,0,29,3,40,8,1,1,1,0.81559
103,1,4,6,0,30,5,60,8,1,1,1,2.9814
103,1,4,6,0,31,5,60,8,1,1,1,0.50335
103,1,4,6,0,32,4,40,10,1,1,1,0.47464
103,1,4,6,0,33,9,100,8,2,2,1,0.51163
103,1,4,6,0,34,11,120,8,2,2,1,0.63931
103,1,4,6,0,35,1,20,8,1,1,1,0.5353
103,1,4,6,0,36,4,40,10,1,1,1,0.40675
103,1,4,6,0,37,1,20,8,1,1,1,0.41968
103,1,4,6,0,38,8,80,10,2,2,1,0.60219
103,1,4,6,0,39,8,80,10,2,2,1,0.54899
103,1,4,6,0,40,10,100,10,2,2,1,0.55474
103,1,4,6,0,41,7,80,8,2,2,1,1.0543
103,1,4,6,0,42,10,100,10,2,2,1,0.48625
103,1,4,6,0,43,7,80,8,2,2,1,2.5988
103,1,4,6,0,44,10,100,10,2,2,1,0.41753
103,1,4,6,0,45,5,60,8,1,1,1,0.64992
103,1,4,6,0,46,10,100,10,2,2,1,0.89855
103,1,4,6,0,47,10,100,10,2,2,1,0.45066
103,1,4,6,0,48,1,20,8,1,1,1,0.55017
103,1,4,6,0,49,6,60,10,1,1,1,0.57852
103,1,4,6,0,50,8,80,10,2,2,1,0.94255
103,1,4,6,0,51,3,40,8,1,1,1,0.54749
103,1,4,6,0,52,6,60,10,1,2,0,0.65221
103,1,4,6,0,53,4,40,10,1,1,1,0.5917
103,1,4,6,0,54,2,20,10,1,1,1,0.45477
103,1,4,6,0,55,10,100,10,2,2,1,0.7759
103,1,4,6,0,56,7,80,8,2,2,1,0.75137
103,1,4,6,0,57,5,60,8,1,1,1,0.43336
103,1,4,6,0,58,5,60,8,1,1,1,0.50687
103,1,4,6,0,59,6,60,10,1,1,1,0.5171
103,1,4,6,0,60,8,80,10,2,1,0,0.92194
103,1,4,6,0,61,2,20,10,1,1,1,0.54989
103,1,4,6,0,62,5,60,8,1,1,1,0.90798
103,1,4,6,0,63,6,60,10,1,1,1,0.74836
103,1,4,6,0,64,1,20,8,1,1,1,0.42551
103,1,4,6,0,65,3,40,8,1,1,1,0.41975
103,1,4,6,0,66,5,60,8,1,1,1,1.3395
103,1,4,6,0,67,12,120,10,2,2,1,0.53599
103,1,4,6,0,68,9,100,8,2,2,1,0.94334
103,1,4,6,0,69,9,100,8,2,2,1,0.56809
103,1,4,6,0,70,12,120,10,2,2,1,0.47765
103,1,4,6,0,71,11,120,8,2,2,1,0.52102
103,1,4,6,0,72,1,20,8,1,1,1,0.54954
103,1,4,6,0,73,2,20,10,1,1,1,0.4252
103,1,4,6,0,74,8,80,10,2,2,1,2.1482
103,1,4,6,0,75,10,100,10,2,2,1,0.59243
103,1,4,6,0,76,12,120,10,2,2,1,0.54817
103,1,4,6,0,77,7,80,8,2,2,1,0.91797
103,1,4,6,0,78,11,120,8,2,2,1,0.46769
103,1,4,6,0,79,6,60,10,1,1,1,0.98097
103,1,4,6,0,80,12,120,10,2,2,1,0.51681
103,1,4,6,0,81,6,60,10,1,1,1,0.87368
103,1,4,6,0,82,4,40,10,1,1,1,0.54766
103,1,4,6,0,83,2,20,10,1,1,1,0.43655
103,1,4,6,0,84,11,120,8,2,2,1,0.87656
103,1,4,6,0,85,11,120,8,2,2,1,0.49528
103,1,4,6,0,86,3,40,8,1,1,1,0.55316
103,1,4,6,0,87,12,120,10,2,2,1,0.59442
103,1,4,6,0,88,9,100,8,2,2,1,0.45034
103,1,4,6,0,89,6,60,10,1,1,1,0.48443
103,1,4,6,0,90,11,120,8,2,2,1,0.57714
103,1,4,6,0,91,3,40,8,1,1,1,0.44563
103,1,4,6,0,92,11,120,8,2,2,1,0.49219
103,1,4,6,0,93,2,20,10,1,1,1,0.50438
103,1,4,6,0,94,10,100,10,2,2,1,1.004
103,1,4,6,0,95,3,40,8,1,1,1,0.43671
103,1,4,6,0,96,12,120,10,2,2,1,0.46487
103,1,4,6,0,97,2,20,10,1,1,1,0.74727
103,1,4,6,0,98,11,120,8,2,2,1,0.59424
103,1,4,6,0,99,5,60,8,1,1,1,0.66596
103,1,4,6,0,100,1,20,8,1,1,1,0.5019
103,1,4,6,0,101,3,40,8,1,1,1,0.57181
103,1,4,6,0,102,1,20,8,1,1,1,0.54154
103,1,4,6,0,103,8,80,10,2,2,1,1.9523
103,1,4,6,0,104,12,120,10,2,2,1,0.74843
103,1,4,6,0,105,1,20,8,1,1,1,0.55688
103,1,4,6,0,106,1,20,8,1,1,1,0.44382
103,1,4,6,0,107,9,100,8,2,2,1,0.64074
103,1,4,6,0,108,1,20,8,1,1,1,0.4776
103,1,4,6,0,109,9,100,8,2,2,1,0.62297
103,1,4,6,0,110,10,100,10,2,2,1,0.61888
103,1,4,6,0,111,6,60,10,1,1,1,0.69093
103,1,4,6,0,112,10,100,10,2,2,1,0.48001
103,1,4,6,0,113,7,80,8,2,2,1,0.70179
103,1,4,6,0,114,12,120,10,2,2,1,1.0589
103,1,4,6,0,115,4,40,10,1,1,1,0.53036
103,1,4,6,0,116,4,40,10,1,1,1,0.54966
103,1,4,6,0,117,11,120,8,2,2,1,0.74563
103,1,4,6,0,118,4,40,10,1,1,1,0.49876
103,1,4,6,0,119,7,80,8,2,2,1,2.4667
103,1,4,6,0,120,9,100,8,2,2,1,0.58046
103,1,4,4,1,1,2,20,10,1,1,1,0.48508
103,1,4,4,1,2,9,100,8,2,2,1,0.44397
103,1,4,4,1,3,7,80,8,2,2,1,1.0974
103,1,4,4,1,4,11,120,8,2,2,1,0.53712
103,1,4,4,1,5,9,100,8,2,2,1,0.89219
103,1,4,4,1,6,4,40,10,1,1,1,0.55447
103,1,4,4,1,7,6,60,10,1,1,1,0.9219
103,1,4,4,1,8,11,120,8,2,2,1,0.61939
103,1,4,4,1,9,6,60,10,1,1,1,0.97344
103,1,4,4,1,10,11,120,8,2,2,1,0.66687
103,1,4,4,1,11,4,40,10,1,1,1,0.53287
103,1,4,4,1,12,6,60,10,1,1,1,0.78698
103,1,4,4,1,13,9,100,8,2,2,1,0.62812
103,1,4,4,1,14,6,60,10,1,1,1,0.56682
103,1,4,4,1,15,11,120,8,2,2,1,0.80234
103,1,4,4,1,16,2,20,10,1,1,1,0.48278
103,1,4,4,1,17,7,80,8,2,2,1,1.5541
103,1,4,4,1,18,7,80,8,2,2,1,1.661
103,1,4,4,1,19,4,40,10,1,1,1,1.1707
103,1,4,4,1,20,4,40,10,1,1,1,1.3803
103,1,4,4,1,21,7,80,8,2,2,1,1.4155
103,1,4,4,1,22,9,100,8,2,2,1,0.8076
103,1,4,4,1,23,2,20,10,1,1,1,1.3929
103,1,4,4,1,24,2,20,10,1,1,1,2.2308
103,1,4,4,0,1,2,20,10,1,1,1,0.45511
103,1,4,4,0,2,6,60,10,1,1,1,0.97021
103,1,4,4,0,3,2,20,10,1,1,1,0.45956
103,1,4,4,0,4,9,100,8,2,2,1,0.57372
103,1,4,4,0,5,2,20,10,1,1,1,0.4218
103,1,4,4,0,6,11,120,8,2,2,1,0.54155
103,1,4,4,0,7,7,80,8,2,2,1,0.6818
103,1,4,4,0,8,2,20,10,1,1,1,0.52128
103,1,4,4,0,9,4,40,10,1,1,1,0.61812
103,1,4,4,0,10,11,120,8,2,2,1,0.53152
103,1,4,4,0,11,9,100,8,2,2,1,0.59598
103,1,4,4,0,12,6,60,10,1,1,1,0.57138
103,1,4,4,0,13,11,120,8,2,2,1,0.6209
103,1,4,4,0,14,4,40,10,1,1,1,0.49852
103,1,4,4,0,15,2,20,10,1,1,1,0.44027
103,1,4,4,0,16,11,120,8,2,2,1,0.51985
103,1,4,4,0,17,4,40,10,1,1,1,1.1042
103,1,4,4,0,18,6,60,10,1,1,1,0.42622
103,1,4,4,0,19,7,80,8,2,2,1,0.58373
103,1,4,4,0,20,9,100,8,2,2,1,0.69899
103,1,4,4,0,21,6,60,10,1,1,1,0.46095
103,1,4,4,0,22,6,60,10,1,1,1,0.42614
103,1,4,4,0,23,4,40,10,1,1,1,0.43755
103,1,4,4,0,24,7,80,8,2,2,1,0.53504
103,1,4,4,0,25,6,60,10,1,1,1,0.54072
103,1,4,4,0,26,7,80,8,2,2,1,0.64171
103,1,4,4,0,27,2,20,10,1,1,1,0.47105
103,1,4,4,0,28,6,60,10,1,1,1,0.42274
103,1,4,4,0,29,11,120,8,2,2,1,0.87104
103,1,4,4,0,30,7,80,8,2,2,1,1.0228
103,1,4,4,0,31,4,40,10,1,1,1,0.45351
103,1,4,4,0,32,11,120,8,2,2,1,0.52393
103,1,4,4,0,33,6,60,10,1,1,1,0.67749
103,1,4,4,0,34,2,20,10,1,1,1,0.54889
103,1,4,4,0,35,9,100,8,2,2,1,0.49635
103,1,4,4,0,36,9,100,8,2,2,1,0.64656
103,1,4,4,0,37,11,120,8,2,2,1,0.47733
103,1,4,4,0,38,7,80,8,2,2,1,0.65563
103,1,4,4,0,39,6,60,10,1,2,0,0.49702
103,1,4,4,0,40,9,100,8,2,2,1,0.55071
103,1,4,4,0,41,4,40,10,1,1,1,0.504
103,1,4,4,0,42,7,80,8,2,2,1,0.43049
103,1,4,4,0,43,6,60,10,1,2,0,0.56246
103,1,4,4,0,44,7,80,8,2,2,1,0.68132
103,1,4,4,0,45,6,60,10,1,1,1,1.0857
103,1,4,4,0,46,4,40,10,1,1,1,0.47355
103,1,4,4,0,47,9,100,8,2,2,1,0.53104
103,1,4,4,0,48,2,20,10,1,1,1,0.68235
103,1,4,4,0,49,7,80,8,2,2,1,0.90054
103,1,4,4,0,50,11,120,8,2,2,1,1.2389
103,1,4,4,0,51,11,120,8,2,2,1,2.2562
103,1,4,4,0,52,7,80,8,2,2,1,1.7549
103,1,4,4,0,53,6,60,10,1,1,1,1.8876
103,1,4,4,0,54,7,80,8,2,2,1,1.6283
103,1,4,4,0,55,6,60,10,1,1,1,2.7154
103,1,4,4,0,56,2,20,10,1,1,1,1.2634
103,1,4,4,0,57,9,100,8,2,2,1,1.5452
103,1,4,4,0,58,4,40,10,1,1,1,0.66154
103,1,4,4,0,59,7,80,8,2,2,1,2.4382
103,1,4,4,0,60,7,80,8,2,2,1,1.9407
103,1,4,4,0,61,11,120,8,2,2,1,2.3976
103,1,4,4,0,62,4,40,10,1,1,1,1.0638
103,1,4,4,0,63,7,80,8,2,2,1,1.8959
103,1,4,4,0,64,11,120,8,2,2,1,1.048
103,1,4,4,0,65,6,60,10,1,1,1,0.69903
103,1,4,4,0,66,2,20,10,1,1,1,0.63056
103,1,4,4,0,67,9,100,8,2,2,1,0.77232
103,1,4,4,0,68,4,40,10,1,1,1,0.88371
103,1,4,4,0,69,2,20,10,1,1,1,0.92925
103,1,4,4,0,70,11,120,8,2,2,1,0.93384
103,1,4,4,0,71,4,40,10,1,1,1,0.67385
103,1,4,4,0,72,11,120,8,2,2,1,0.86655
103,1,4,4,0,73,6,60,10,1,1,1,0.61648
103,1,4,4,0,74,6,60,10,1,1,1,0.80606
103,1,4,4,0,75,11,120,8,2,2,1,1.14
103,1,4,4,0,76,11,120,8,2,2,1,2.5324
103,1,4,4,0,77,11,120,8,2,2,1,0.80742
103,1,4,4,0,78,7,80,8,2,1,0,1.8208
103,1,4,4,0,79,4,40,10,1,1,1,0.84859
103,1,4,4,0,80,9,100,8,2,2,1,1.3804
103,1,4,4,0,81,4,40,10,1,1,1,1.1571
103,1,4,4,0,82,2,20,10,1,1,1,1.6473
103,1,4,4,0,83,11,120,8,2,2,1,1.0583
103,1,4,4,0,84,9,100,8,2,2,1,1.6161
103,1,4,4,0,85,2,20,10,1,1,1,1.3778
103,1,4,4,0,86,4,40,10,1,1,1,1.427
103,1,4,4,0,87,9,100,8,2,2,1,1.4135
103,1,4,4,0,88,2,20,10,1,1,1,0.6501
103,1,4,4,0,89,6,60,10,1,1,1,1.4887
103,1,4,4,0,90,9,100,8,2,2,1,2.5389
103,1,4,4,0,91,6,60,10,1,2,0,1.3251
103,1,4,4,0,92,11,120,8,2,2,1,0.59124
103,1,4,4,0,93,9,100,8,2,2,1,1.12
103,1,4,4,0,94,4,40,10,1,1,1,1.2166
103,1,4,4,0,95,7,80,8,2,2,1,1.6109
103,1,4,4,0,96,6,60,10,1,1,1,1.5959
103,1,4,4,0,97,7,80,8,2,2,1,2.2602
103,1,4,4,0,98,7,80,8,2,2,1,2.2416
103,1,4,4,0,99,4,40,10,1,1,1,1.3587
103,1,4,4,0,100,4,40,10,1,1,1,0.64231
103,1,4,4,0,101,9,100,8,2,2,1,0.61865
103,1,4,4,0,102,9,100,8,2,2,1,0.47721
103,1,4,4,0,103,11,120,8,2,2,1,0.54604
103,1,4,4,0,104,2,20,10,1,1,1,0.69891
103,1,4,4,0,105,4,40,10,1,1,1,0.60468
103,1,4,4,0,106,2,20,10,1,1,1,0.50802
103,1,4,4,0,107,6,60,10,1,1,1,0.79944
103,1,4,4,0,108,7,80,8,2,2,1,2.4469
103,1,4,4,0,109,2,20,10,1,1,1,2.7059
103,1,4,4,0,110,9,100,8,2,2,1,1.2075
103,1,4,4,0,111,11,120,8,2,2,1,0.84024
103,1,4,4,0,112,4,40,10,1,1,1,0.4942
103,1,4,4,0,113,9,100,8,2,2,1,2.5305
103,1,4,4,0,114,7,80,8,2,2,1,1.3704
103,1,4,4,0,115,4,40,10,1,1,1,0.93017
103,1,4,4,0,116,9,100,8,2,2,1,2.2951
103,1,4,4,0,117,2,20,10,1,1,1,0.5136
103,1,4,4,0,118,9,100,8,2,2,1,0.54945
103,1,4,4,0,119,2,20,10,1,1,1,0.4994
103,1,4,4,0,120,2,20,10,1,1,1,0.53691
103,1,4,3,1,1,5,60,8,1,1,1,0.94046
103,1,4,3,1,2,5,60,8,1,1,1,0.44487
103,1,4,3,1,3,3,40,8,1,1,1,1.1909
103,1,4,3,1,4,8,80,10,2,2,1,1.4332
103,1,4,3,1,5,5,60,8,1,1,1,0.55786
103,1,4,3,1,6,12,120,10,2,2,1,0.65765
103,1,4,3,1,7,12,120,10,2,2,1,0.61036
103,1,4,3,1,8,10,100,10,2,2,1,1.1259
103,1,4,3,1,9,10,100,10,2,2,1,1.5584
103,1,4,3,1,10,5,60,8,1,1,1,1.0976
103,1,4,3,1,11,8,80,10,2,2,1,0.65889
103,1,4,3,1,12,1,20,8,1,1,1,1.0497
103,1,4,3,1,13,1,20,8,1,1,1,1.1722
103,1,4,3,1,14,10,100,10,2,2,1,1.3771
103,1,4,3,1,15,3,40,8,1,1,1,1.9626
103,1,4,3,1,16,12,120,10,2,2,1,2.1301
103,1,4,3,1,17,12,120,10,2,2,1,0.65839
103,1,4,3,1,18,1,20,8,1,1,1,1.3957
103,1,4,3,1,19,1,20,8,1,1,1,1.8045
103,1,4,3,1,20,3,40,8,1,1,1,1.3206
103,1,4,3,1,21,3,40,8,1,1,1,2.1117
103,1,4,3,1,22,10,100,10,2,2,1,2.3468
103,1,4,3,1,23,8,80,10,2,2,1,2.7823
103,1,4,3,1,24,8,80,10,2,2,1,0.64377
103,1,4,3,0,1,10,100,10,2,2,1,0.75386
103,1,4,3,0,2,12,120,10,2,2,1,0.47456
103,1,4,3,0,3,3,40,8,1,1,1,0.48927
103,1,4,3,0,4,1,20,8,1,1,1,0.58474
103,1,4,3,0,5,1,20,8,1,1,1,0.45412
103,1,4,3,0,6,3,40,8,1,1,1,1.1641
103,1,4,3,0,7,1,20,8,1,1,1,1.2055
103,1,4,3,0,8,1,20,8,1,1,1,0.51875
103,1,4,3,0,9,10,100,10,2,2,1,0.82866
103,1,4,3,0,10,5,60,8,1,2,0,2.256
103,1,4,3,0,11,8,80,10,2,2,1,0.91689
103,1,4,3,0,12,8,80,10,2,2,1,1.0095
103,1,4,3,0,13,10,100,10,2,2,1,0.55511
103,1,4,3,0,14,10,100,10,2,2,1,0.6674
103,1,4,3,0,15,8,80,10,2,2,1,1.3348
103,1,4,3,0,16,10,100,10,2,2,1,1.0542
103,1,4,3,0,17,3,40,8,1,1,1,1.4643
103,1,4,3,0,18,12,120,10,2,2,1,0.70045
103,1,4,3,0,19,5,60,8,1,1,1,0.63585
103,1,4,3,0,20,8,80,10,2,2,1,2.0478
103,1,4,3,0,21,1,20,8,1,1,1,0.54498
103,1,4,3,0,22,1,20,8,1,1,1,0.60958
103,1,4,3,0,23,1,20,8,1,1,1,0.61892
103,1,4,3,0,24,10,100,10,2,2,1,0.93818
103,1,4,3,0,25,8,80,10,2,2,1,0.85305
103,1,4,3,0,26,10,100,10,2,2,1,1.606
103,1,4,3,0,27,10,100,10,2,2,1,1.5868
103,1,4,3,0,28,12,120,10,2,2,1,0.99383
103,1,4,3,0,29,3,40,8,1,1,1,1.1278
103,1,4,3,0,30,1,20,8,1,1,1,0.68399
103,1,4,3,0,31,3,40,8,1,1,1,0.80826
103,1,4,3,0,32,5,60,8,1,2,0,0.84752
103,1,4,3,0,33,5,60,8,1,1,1,0.68642
103,1,4,3,0,34,10,100,10,2,2,1,0.90291
103,1,4,3,0,35,1,20,8,1,1,1,0.7534
103,1,4,3,0,36,8,80,10,2,2,1,3.0827
103,1,4,3,0,37,12,120,10,2,2,1,1.6861
103,1,4,3,0,38,10,100,10,2,2,1,1.1827
103,1,4,3,0,39,3,40,8,1,1,1,1.1031
103,1,4,3,0,40,1,20,8,1,1,1,1.5668
103,1,4,3,0,41,3,40,8,1,1,1,0.64628
103,1,4,3,0,42,8,80,10,2,2,1,1.5858
103,1,4,3,0,43,3,40,8,1,1,1,1.8062
103,1,4,3,0,44,12,120,10,2,2,1,1.7143
103,1,4,3,0,45,10,100,10,2,2,1,1.0458
103,1,4,3,0,46,12,120,10,2,2,1,1.0154
103,1,4,3,0,47,5,60,8,1,1,1,1.9145
103,1,4,3,0,48,10,100,10,2,2,1,1.4882
103,1,4,3,0,49,5,60,8,1,1,1,1.8082
103,1,4,3,0,50,8,80,10,2,1,0,2.4734
103,1,4,3,0,51,3,40,8,1,1,1,0.55617
103,1,4,3,0,52,12,120,10,2,2,1,1.3473
103,1,4,3,0,53,5,60,8,1,1,1,3.9501
103,1,4,3,0,54,8,80,10,2,2,1,1.4247
103,1,4,3,0,55,10,100,10,2,2,1,1.4873
103,1,4,3,0,56,10,100,10,2,2,1,1.7663
103,1,4,3,0,57,8,80,10,2,2,1,3.6503
103,1,4,3,0,58,5,60,8,1,1,1,1.6182
103,1,4,3,0,59,1,20,8,1,1,1,2.0089
103,1,4,3,0,60,10,100,10,2,2,1,1.8153
103,1,4,3,0,61,3,40,8,1,1,1,1.451
103,1,4,3,0,62,8,80,10,2,2,1,1.5143
103,1,4,3,0,63,8,80,10,2,2,1,1.3281
103,1,4,3,0,64,12,120,10,2,2,1,2.4406
103,1,4,3,0,65,5,60,8,1,1,1,1.3083
103,1,4,3,0,66,5,60,8,1,1,1,1.1135
103,1,4,3,0,67,5,60,8,1,1,1,2.0416
103,1,4,3,0,68,3,40,8,1,1,1,1.6691
103,1,4,3,0,69,8,80,10,2,2,1,0.91263
103,1,4,3,0,70,3,40,8,1,1,1,3.1014
103,1,4,3,0,71,10,100,10,2,2,1,2.3034
103,1,4,3,0,72,5,60,8,1,1,1,0.79896
103,1,4,3,0,73,3,40,8,1,1,1,2.1884
103,1,4,3,0,74,3,40,8,1,1,1,2.0558
103,1,4,3,0,75,3,40,8,1,1,1,2.0099
103,1,4,3,0,76,3,40,8,1,1,1,1.2016
103,1,4,3,0,77,10,100,10,2,2,1,1.3906
103,1,4,3,0,78,12,120,10,2,2,1,2.2985
103,1,4,3,0,79,3,40,8,1,1,1,0.59843
103,1,4,3,0,80,8,80,10,2,2,1,3.2095
103,1,4,3,0,81,8,80,10,2,2,1,3.9897
103,1,4,3,0,82,1,20,8,1,1,1,1.3132
103,1,4,3,0,83,1,20,8,1,1,1,1.4168
103,1,4,3,0,84,3,40,8,1,1,1,2.0351
103,1,4,3,0,85,1,20,8,1,1,1,1.3296
103,1,4,3,0,86,12,120,10,2,2,1,1.7773
103,1,4,3,0,87,1,20,8,1,1,1,4.1237
103,1,4,3,0,88,12,120,10,2,2,1,2.5145
103,1,4,3,0,89,3,40,8,1,1,1,3.0625
103,1,4,3,0,90,3,40,8,1,1,1,2.3726
103,1,4,3,0,91,1,20,8,1,1,1,1.5669
103,1,4,3,0,92,12,120,10,2,2,1,1.5503
103,1,4,3,0,93,12,120,10,2,2,1,1.5615
103,1,4,3,0,94,1,20,8,1,1,1,1.2426
103,1,4,3,0,95,12,120,10,2,2,1,2.02
103,1,4,3,0,96,5,60,8,1,1,1,1.1547
103,1,4,3,0,97,12,120,10,2,2,1,1.9904
103,1,4,3,0,98,8,80,10,2,1,0,2.6409
103,1,4,3,0,99,1,20,8,1,1,1,0.43422
103,1,4,3,0,100,5,60,8,1,1,1,0.76834
103,1,4,3,0,101,10,100,10,2,2,1,1.2717
103,1,4,3,0,102,8,80,10,2,2,1,1.0562
103,1,4,3,0,103,10,100,10,2,2,1,0.48934
103,1,4,3,0,104,12,120,10,2,2,1,0.52087
103,1,4,3,0,105,5,60,8,1,1,1,0.67797
103,1,4,3,0,106,5,60,8,1,1,1,0.5534
103,1,4,3,0,107,8,80,10,2,1,0,2.5979
103,1,4,3,0,108,12,120,10,2,2,1,0.62481
103,1,4,3,0,109,5,60,8,1,1,1,0.68773
103,1,4,3,0,110,5,60,8,1,1,1,0.65875
103,1,4,3,0,111,12,120,10,2,2,1,1.0657
103,1,4,3,0,112,5,60,8,1,1,1,0.62997
103,1,4,3,0,113,1,20,8,1,1,1,0.43276
103,1,4,3,0,114,12,120,10,2,2,1,0.50162
103,1,4,3,0,115,5,60,8,1,1,1,0.54562
103,1,4,3,0,116,12,120,10,2,2,1,0.43335
103,1,4,3,0,117,8,80,10,2,2,1,1.9433
103,1,4,3,0,118,10,100,10,2,2,1,0.89715
103,1,4,3,0,119,8,80,10,2,2,1,0.55426
103,1,4,3,0,120,1,20,8,1,1,1,1.2158
