204,2,1,5,4,1,1,6,6,4,6,8,1,1,1,1.4328
204,2,1,5,4,1,2,6,6,4,6,8,1,1,1,0.46813
204,2,1,5,4,1,3,4,6,4,6,6,1,1,1,0.86991
204,2,1,5,4,1,4,11,5,4,6,14,2,2,1,0.56704
204,2,1,5,4,1,5,9,5,4,6,12,2,2,1,0.33606
204,2,1,5,4,1,6,11,5,4,6,14,2,2,1,0.32784
204,2,1,5,4,1,7,6,6,4,6,8,1,1,1,1.0978
204,2,1,5,4,1,8,7,5,4,6,10,2,2,1,0.905
204,2,1,5,4,1,9,7,5,4,6,10,2,2,1,0.31539
204,2,1,5,4,1,10,7,5,4,6,10,2,2,1,0.35374
204,2,1,5,4,1,11,4,6,4,6,6,1,1,1,0.49545
204,2,1,5,4,1,12,4,6,4,6,6,1,1,1,0.40543
204,2,1,5,4,1,13,2,6,4,6,4,1,1,1,0.46188
204,2,1,5,4,1,14,6,6,4,6,8,1,1,1,1.0548
204,2,1,5,4,1,15,7,5,4,6,10,2,2,1,0.46263
204,2,1,5,4,1,16,9,5,4,6,12,2,2,1,0.35176
204,2,1,5,4,1,17,9,5,4,6,12,2,2,1,0.31817
204,2,1,5,4,1,18,2,6,4,6,4,1,1,1,0.37358
204,2,1,5,4,1,19,4,6,4,6,6,1,1,1,0.3897
204,2,1,5,4,1,20,11,5,4,6,14,2,2,1,0.49382
204,2,1,5,4,1,21,11,5,4,6,14,2,2,1,0.31893
204,2,1,5,4,1,22,2,6,4,6,4,1,1,1,0.35035
204,2,1,5,4,1,23,9,5,4,6,12,2,2,1,0.36316
204,2,1,5,4,1,24,2,6,4,6,4,1,1,1,0.29927
204,2,1,5,4,0,1,11,5,4,6,14,2,2,1,0.52745
204,2,1,5,4,0,2,6,6,4,6,8,1,1,1,0.42615
204,2,1,5,4,0,3,4,6,4,6,6,1,1,1,0.47341
204,2,1,5,4,0,4,9,5,4,6,12,2,2,1,0.38869
204,2,1,5,4,0,5,11,5,4,6,14,2,2,1,0.37173
204,2,1,5,4,0,6,6,6,4,6,8,1,1,1,0.47785
204,2,1,5,4,0,7,9,5,4,6,12,2,2,1,0.412
204,2,1,5,4,0,8,4,6,4,6,6,1,1,1,0.51382
204,2,1,5,4,0,9,7,5,4,6,10,2,2,1,0.49472
204,2,1,5,4,0,10,6,6,4,6,8,1,1,1,0.90964
204,2,1,5,4,0,11,6,6,4,6,8,1,1,1,0.4361
204,2,1,5,4,0,12,4,6,4,6,6,1,1,1,0.41314
204,2,1,5,4,0,13,11,5,4,6,14,2,2,1,0.47973
204,2,1,5,4,0,14,7,5,4,6,10,2,2,1,0.49305
204,2,1,5,4,0,15,11,5,4,6,14,2,2,1,0.41849
204,2,1,5,4,0,16,4,6,4,6,6,1,1,1,0.39368
204,2,1,5,4,0,17,11,5,4,6,14,2,2,1,0.54507
204,2,1,5,4,0,18,9,5,4,6,12,2,2,1,0.35763
204,2,1,5,4,0,19,9,5,4,6,12,2,2,1,0.4237
204,2,1,5,4,0,20,7,5,4,6,10,2,2,1,0.35054
204,2,1,5,4,0,21,7,5,4,6,10,2,2,1,0.3463
204,2,1,5,4,0,22,2,6,4,6,4,1,1,1,0.36321
204,2,1,5,4,0,23,6,6,4,6,8,1,1,1,0.53018
204,2,1,5,4,0,24,7,5,4,6,10,2,2,1,0.45676
204,2,1,5,4,0,25,7,5,4,6,10,2,2,1,0.32335
204,2,1,5,4,0,26,9,5,4,6,12,2,2,1,0.3363
204,2,1,5,4,0,27,6,6,4,6,8,1,1,1,0.48441
204,2,1,5,4,0,28,2,6,4,6,4,1,1,1,0.46233
204,2,1,5,4,0,29,7,5,4,6,10,2,2,1,0.40746
204,2,1,5,4,0,30,7,5,4,6,10,2,2,1,0.39085
204,2,1,5,4,0,31,2,6,4,6,4,1,1,1,0.37835
204,2,1,5,4,0,32,9,5,4,6,12,2,2,1,0.52636
204,2,1,5,4,0,33,9,5,4,6,12,2,2,1,0.33524
204,2,1,5,4,0,34,6,6,4,6,8,1,1,1,0.55857
204,2,1,5,4,0,35,7,5,4,6,10,2,2,1,0.38599
204,2,1,5,4,0,36,9,5,4,6,12,2,2,1,0.33861
204,2,1,5,4,0,37,4,6,4,6,6,1,1,1,0.35102
204,2,1,5,4,0,38,11,5,4,6,14,2,2,1,0.3175
204,2,1,5,4,0,39,9,5,4,6,12,2,2,1,0.29363
204,2,1,5,4,0,40,2,6,4,6,4,1,1,1,0.30747
204,2,1,5,4,0,41,7,5,4,6,10,2,2,1,0.41479
204,2,1,5,4,0,42,7,5,4,6,10,2,2,1,0.3129
204,2,1,5,4,0,43,4,6,4,6,6,1,1,1,0.35954
204,2,1,5,4,0,44,9,5,4,6,12,2,2,1,0.32828
204,2,1,5,4,0,45,9,5,4,6,12,2,2,1,0.30485
204,2,1,5,4,0,46,7,5,4,6,10,2,2,1,0.32685
204,2,1,5,4,0,47,4,6,4,6,6,1,1,1,0.35094
204,2,1,5,4,0,48,7,5,4,6,10,2,2,1,0.39494
204,2,1,5,4,0,49,6,6,4,6,8,1,1,1,0.43621
204,2,1,5,4,0,50,11,5,4,6,14,2,2,1,0.33125
204,2,1,5,4,0,51,4,6,4,6,6,1,1,1,0.359
204,2,1,5,4,0,52,9,5,4,6,12,2,2,1,0.34594
204,2,1,5,4,0,53,4,6,4,6,6,1,1,1,0.32291
204,2,1,5,4,0,54,2,6,4,6,4,1,1,1,0.38744
204,2,1,5,4,0,55,7,5,4,6,10,2,2,1,0.3988
204,2,1,5,4,0,56,6,6,4,6,8,1,1,1,0.42603
204,2,1,5,4,0,57,11,5,4,6,14,2,2,1,0.41447
204,2,1,5,4,0,58,9,5,4,6,12,2,2,1,0.38061
204,2,1,5,4,0,59,2,6,4,6,4,1,1,1,0.35114
204,2,1,5,4,0,60,4,6,4,6,6,1,1,1,0.41533
204,2,1,5,4,0,61,11,5,4,6,14,2,2,1,0.35855
204,2,1,5,4,0,62,11,5,4,6,14,2,2,1,0.34742
204,2,1,5,4,0,63,4,6,4,6,6,1,1,1,0.41503
204,2,1,5,4,0,64,2,6,4,6,4,1,1,1,0.48618
204,2,1,5,4,0,65,2,6,4,6,4,1,1,1,0.3558
204,2,1,5,4,0,66,11,5,4,6,14,2,2,1,0.40302
204,2,1,5,4,0,67,2,6,4,6,4,1,1,1,0.42723
204,2,1,5,4,0,68,11,5,4,6,14,2,2,1,0.40217
204,2,1,5,4,0,69,7,5,4,6,10,2,2,1,0.68847
204,2,1,5,4,0,70,2,6,4,6,4,1,1,1,0.53707
204,2,1,5,4,0,71,2,6,4,6,4,1,1,1,0.47091
204,2,1,5,4,0,72,11,5,4,6,14,2,2,1,0.46121
204,2,1,5,4,0,73,2,6,4,6,4,1,1,1,0.52421
204,2,1,5,4,0,74,4,6,4,6,6,1,1,1,0.48943
204,2,1,5,4,0,75,9,5,4,6,12,2,2,1,0.38271
204,2,1,5,4,0,76,6,6,4,6,8,1,1,1,0.75647
204,2,1,5,4,0,77,6,6,4,6,8,1,1,1,0.58983
204,2,1,5,4,0,78,2,6,4,6,4,1,1,1,0.34904
204,2,1,5,4,0,79,6,6,4,6,8,1,1,1,0.64563
204,2,1,5,4,0,80,6,6,4,6,8,1,1,1,0.38527
204,2,1,5,4,0,81,9,5,4,6,12,2,2,1,0.40158
204,2,1,5,4,0,82,2,6,4,6,4,1,1,1,0.33802
204,2,1,5,4,0,83,11,5,4,6,14,2,2,1,0.36429
204,2,1,5,4,0,84,2,6,4,6,4,1,1,1,0.36317
204,2,1,5,4,0,85,6,6,4,6,8,1,1,1,0.53632
204,2,1,5,4,0,86,6,6,4,6,8,1,1,1,0.37971
204,2,1,5,4,0,87,9,5,4,6,12,2,2,1,0.40155
204,2,1,5,4,0,88,11,5,4,6,14,2,2,1,0.54467
204,2,1,5,4,0,89,9,5,4,6,12,2,2,1,0.38001
204,2,1,5,4,0,90,4,6,4,6,6,1,1,1,0.43234
204,2,1,5,4,0,91,9,5,4,6,12,2,2,1,0.36189
204,2,1,5,4,0,92,4,6,4,6,6,1,1,1,1.2241
204,2,1,5,4,0,93,11,5,4,6,14,2,2,1,0.63557
204,2,1,5,4,0,94,2,6,4,6,4,1,1,1,0.70847
204,2,1,5,4,0,95,2,6,4,6,4,1,1,1,0.47825
204,2,1,5,4,0,96,6,6,4,6,8,1,1,1,0.66141
204,2,1,5,4,0,97,6,6,4,6,8,1,1,1,0.40223
204,2,1,5,4,0,98,2,6,4,6,4,1,1,1,0.36153
204,2,1,5,4,0,99,7,5,4,6,10,2,2,1,1.704
204,2,1,5,4,0,100,6,6,4,6,8,1,1,1,0.6071
204,2,1,5,4,0,101,11,5,4,6,14,2,2,1,0.36615
204,2,1,5,4,0,102,11,5,4,6,14,2,2,1,0.32791
204,2,1,5,4,0,103,9,5,4,6,12,2,2,1,0.30045
204,2,1,5,4,0,104,4,6,4,6,6,1,1,1,0.48573
204,2,1,5,4,0,105,4,6,4,6,6,1,1,1,0.38294
204,2,1,5,4,0,106,6,6,4,6,8,1,1,1,0.5815
204,2,1,5,4,0,107,7,5,4,6,10,2,1,0,0.69827
204,2,1,5,4,0,108,7,5,4,6,10,2,2,1,0.43458
204,2,1,5,4,0,109,4,6,4,6,6,1,1,1,0.53076
204,2,1,5,4,0,110,11,5,4,6,14,2,2,1,0.45525
204,2,1,5,4,0,111,4,6,4,6,6,1,1,1,0.41308
204,2,1,5,4,0,112,4,6,4,6,6,1,1,1,0.79789
204,2,1,5,4,0,113,4,6,4,6,6,1,1,1,0.39499
204,2,1,5,4,0,114,11,5,4,6,14,2,2,1,0.45897
204,2,1,5,4,0,115,7,5,4,6,10,2,2,1,0.31563
204,2,1,5,4,0,116,2,6,4,6,4,1,1,1,0.36022
204,2,1,5,4,0,117,2,6,4,6,4,1,1,1,0.37533
204,2,1,5,4,0,118,9,5,4,6,12,2,2,1,0.38344
204,2,1,5,4,0,119,7,5,4,6,10,2,2,1,0.42314
204,2,1,5,4,0,120,6,6,4,6,8,1,1,1,0.51395
204,2,1,5,3,1,1,10,6,4,6,12,2,2,1,0.4244
204,2,1,5,3,1,2,8,6,4,6,10,2,2,1,0.3648
204,2,1,5,3,1,3,10,6,4,6,12,2,2,1,0.33301
204,2,1,5,3,1,4,5,5,4,6,8,1,1,1,0.56182
204,2,1,5,3,1,5,8,6,4,6,10,2,2,1,0.53623
204,2,1,5,3,1,6,12,6,4,6,14,2,2,1,0.27516
204,2,1,5,3,1,7,5,5,4,6,8,1,1,1,0.45063
204,2,1,5,3,1,8,5,5,4,6,8,1,1,1,1.2359
204,2,1,5,3,1,9,12,6,4,6,14,2,2,1,0.38465
204,2,1,5,3,1,10,10,6,4,6,12,2,2,1,0.27611
204,2,1,5,3,1,11,3,5,4,6,6,1,1,1,0.50029
204,2,1,5,3,1,12,1,5,4,6,4,1,1,1,0.73635
204,2,1,5,3,1,13,3,5,4,6,6,1,1,1,0.39005
204,2,1,5,3,1,14,1,5,4,6,4,1,1,1,0.30743
204,2,1,5,3,1,15,3,5,4,6,6,1,1,1,0.30833
204,2,1,5,3,1,16,8,6,4,6,10,2,2,1,0.39782
204,2,1,5,3,1,17,1,5,4,6,4,1,1,1,0.52855
204,2,1,5,3,1,18,8,6,4,6,10,2,2,1,0.40397
204,2,1,5,3,1,19,1,5,4,6,4,1,1,1,0.56532
204,2,1,5,3,1,20,3,5,4,6,6,1,1,1,0.45012
204,2,1,5,3,1,21,10,6,4,6,12,2,2,1,0.44257
204,2,1,5,3,1,22,12,6,4,6,14,2,2,1,0.30014
204,2,1,5,3,1,23,12,6,4,6,14,2,2,1,0.25008
204,2,1,5,3,1,24,5,5,4,6,8,1,1,1,0.49287
204,2,1,5,3,0,1,12,6,4,6,14,2,2,1,0.86177
204,2,1,5,3,0,2,10,6,4,6,12,2,2,1,0.34327
204,2,1,5,3,0,3,12,6,4,6,14,2,2,1,0.39687
204,2,1,5,3,0,4,3,5,4,6,6,1,1,1,0.95108
204,2,1,5,3,0,5,5,5,4,6,8,1,1,1,0.42769
204,2,1,5,3,0,6,5,5,4,6,8,1,1,1,0.34968
204,2,1,5,3,0,7,10,6,4,6,12,2,1,0,0.38353
204,2,1,5,3,0,8,3,5,4,6,6,1,1,1,0.53932
204,2,1,5,3,0,9,8,6,4,6,10,2,2,1,0.35079
204,2,1,5,3,0,10,12,6,4,6,14,2,2,1,0.2903
204,2,1,5,3,0,11,1,5,4,6,4,1,1,1,0.60495
204,2,1,5,3,0,12,12,6,4,6,14,2,2,1,0.31755
204,2,1,5,3,0,13,10,6,4,6,12,2,2,1,0.28781
204,2,1,5,3,0,14,8,6,4,6,10,2,2,1,0.30485
204,2,1,5,3,0,15,5,5,4,6,8,1,1,1,0.3702
204,2,1,5,3,0,16,12,6,4,6,14,2,2,1,0.286
204,2,1,5,3,0,17,1,5,4,6,4,1,1,1,0.45261
204,2,1,5,3,0,18,8,6,4,6,10,2,2,1,0.32339
204,2,1,5,3,0,19,1,5,4,6,4,1,1,1,0.38124
204,2,1,5,3,0,20,3,5,4,6,6,1,1,1,0.47254
204,2,1,5,3,0,21,3,5,4,6,6,1,1,1,0.34682
204,2,1,5,3,0,22,3,5,4,6,6,1,1,1,0.33849
204,2,1,5,3,0,23,1,5,4,6,4,1,1,1,0.4621
204,2,1,5,3,0,24,3,5,4,6,6,1,1,1,0.4823
204,2,1,5,3,0,25,8,6,4,6,10,2,2,1,0.37243
204,2,1,5,3,0,26,3,5,4,6,6,1,1,1,0.34661
204,2,1,5,3,0,27,1,5,4,6,4,1,1,1,0.3335
204,2,1,5,3,0,28,12,6,4,6,14,2,2,1,0.35393
204,2,1,5,3,0,29,1,5,4,6,4,1,1,1,0.3168
204,2,1,5,3,0,30,1,5,4,6,4,1,1,1,0.32439
204,2,1,5,3,0,31,8,6,4,6,10,2,2,1,0.3403
204,2,1,5,3,0,32,10,6,4,6,12,2,2,1,0.37583
204,2,1,5,3,0,33,5,5,4,6,8,1,1,1,0.50351
204,2,1,5,3,0,34,10,6,4,6,12,2,2,1,0.35983
204,2,1,5,3,0,35,1,5,4,6,4,1,1,1,0.47864
204,2,1,5,3,0,36,8,6,4,6,10,2,2,1,0.37274
204,2,1,5,3,0,37,10,6,4,6,12,2,2,1,0.31373
204,2,1,5,3,0,38,10,6,4,6,12,2,2,1,0.30236
204,2,1,5,3,0,39,3,5,4,6,6,1,1,1,0.37881
204,2,1,5,3,0,40,1,5,4,6,4,1,1,1,0.35862
204,2,1,5,3,0,41,10,6,4,6,12,2,2,1,0.49611
204,2,1,5,3,0,42,8,6,4,6,10,2,2,1,0.3476
204,2,1,5,3,0,43,5,5,4,6,8,1,1,1,0.42915
204,2,1,5,3,0,44,8,6,4,6,10,2,2,1,0.32208
204,2,1,5,3,0,45,12,6,4,6,14,2,2,1,0.31374
204,2,1,5,3,0,46,10,6,4,6,12,2,2,1,0.33455
204,2,1,5,3,0,47,1,5,4,6,4,1,1,1,0.54558
204,2,1,5,3,0,48,8,6,4,6,10,2,2,1,0.43331
204,2,1,5,3,0,49,10,6,4,6,12,2,2,1,0.33914
204,2,1,5,3,0,50,10,6,4,6,12,2,2,1,0.36978
204,2,1,5,3,0,51,3,5,4,6,6,1,1,1,0.45522
204,2,1,5,3,0,52,5,5,4,6,8,1,1,1,0.48596
204,2,1,5,3,0,53,3,5,4,6,6,1,1,1,0.33455
204,2,1,5,3,0,54,12,6,4,6,14,2,2,1,0.33632
204,2,1,5,3,0,55,3,5,4,6,6,1,1,1,0.41364
204,2,1,5,3,0,56,5,5,4,6,8,1,1,1,1.39
204,2,1,5,3,0,57,8,6,4,6,10,2,2,1,0.45154
204,2,1,5,3,0,58,3,5,4,6,6,1,1,1,0.40887
204,2,1,5,3,0,59,12,6,4,6,14,2,2,1,0.37817
204,2,1,5,3,0,60,5,5,4,6,8,1,1,1,0.75566
204,2,1,5,3,0,61,8,6,4,6,10,2,2,1,0.42893
204,2,1,5,3,0,62,10,6,4,6,12,2,2,1,0.29921
204,2,1,5,3,0,63,5,5,4,6,8,1,1,1,0.52838
204,2,1,5,3,0,64,1,5,4,6,4,1,1,1,0.3807
204,2,1,5,3,0,65,1,5,4,6,4,1,1,1,0.44881
204,2,1,5,3,0,66,5,5,4,6,8,1,1,1,0.47399
204,2,1,5,3,0,67,3,5,4,6,6,1,1,1,0.33743
204,2,1,5,3,0,68,12,6,4,6,14,2,2,1,0.37725
204,2,1,5,3,0,69,5,5,4,6,8,1,1,1,0.45687
204,2,1,5,3,0,70,12,6,4,6,14,2,2,1,0.34394
204,2,1,5,3,0,71,8,6,4,6,10,2,1,0,1.042
204,2,1,5,3,0,72,8,6,4,6,10,2,2,1,0.51167
204,2,1,5,3,0,73,12,6,4,6,14,2,2,1,0.29926
204,2,1,5,3,0,74,10,6,4,6,12,2,2,1,0.29738
204,2,1,5,3,0,75,1,5,4,6,4,1,1,1,0.41633
204,2,1,5,3,0,76,12,6,4,6,14,2,2,1,0.34621
204,2,1,5,3,0,77,5,5,4,6,8,1,1,1,0.64697
204,2,1,5,3,0,78,10,6,4,6,12,2,2,1,0.42953
204,2,1,5,3,0,79,8,6,4,6,10,2,2,1,0.70682
204,2,1,5,3,0,80,8,6,4,6,10,2,2,1,0.36175
204,2,1,5,3,0,81,5,5,4,6,8,1,1,1,0.54243
204,2,1,5,3,0,82,12,6,4,6,14,2,2,1,0.34012
204,2,1,5,3,0,83,1,5,4,6,4,1,1,1,0.4224
204,2,1,5,3,0,84,5,5,4,6,8,1,1,1,0.60638
204,2,1,5,3,0,85,12,6,4,6,14,2,2,1,0.43335
204,2,1,5,3,0,86,10,6,4,6,12,2,2,1,0.35747
204,2,1,5,3,0,87,3,5,4,6,6,1,1,1,0.42256
204,2,1,5,3,0,88,1,5,4,6,4,1,1,1,0.36807
204,2,1,5,3,0,89,5,5,4,6,8,1,1,1,0.39095
204,2,1,5,3,0,90,3,5,4,6,6,1,1,1,0.31001
204,2,1,5,3,0,91,12,6,4,6,14,2,2,1,0.34271
204,2,1,5,3,0,92,5,5,4,6,8,1,1,1,0.38244
204,2,1,5,3,0,93,1,5,4,6,4,1,1,1,0.39139
204,2,1,5,3,0,94,8,6,4,6,10,2,2,1,0.42461
204,2,1,5,3,0,95,10,6,4,6,12,2,2,1,0.29242
204,2,1,5,3,0,96,3,5,4,6,6,1,1,1,0.33634
204,2,1,5,3,0,97,12,6,4,6,14,2,2,1,0.29879
204,2,1,5,3,0,98,10,6,4,6,12,2,2,1,0.30347
204,2,1,5,3,0,99,10,6,4,6,12,2,2,1,0.4298
204,2,1,5,3,0,100,5,5,4,6,8,1,1,1,0.40754
204,2,1,5,3,0,101,5,5,4,6,8,1,1,1,0.41092
204,2,1,5,3,0,102,3,5,4,6,6,1,1,1,0.32617
204,2,1,5,3,0,103,10,6,4,6,12,2,2,1,0.32344
204,2,1,5,3,0,104,12,6,4,6,14,2,2,1,0.72501
204,2,1,5,3,0,105,1,5,4,6,4,1,1,1,0.46444
204,2,1,5,3,0,106,10,6,4,6,12,2,2,1,0.32931
204,2,1,5,3,0,107,3,5,4,6,6,1,1,1,0.4407
204,2,1,5,3,0,108,3,5,4,6,6,1,1,1,0.32135
204,2,1,5,3,0,109,8,6,4,6,10,2,2,1,0.37689
204,2,1,5,3,0,110,1,5,4,6,4,1,1,1,0.35015
204,2,1,5,3,0,111,3,5,4,6,6,1,1,1,0.3361
204,2,1,5,3,0,112,1,5,4,6,4,1,1,1,0.31087
204,2,1,5,3,0,113,12,6,4,6,14,2,2,1,0.55526
204,2,1,5,3,0,114,5,5,4,6,8,1,1,1,0.52654
204,2,1,5,3,0,115,5,5,4,6,8,1,1,1,0.31084
204,2,1,5,3,0,116,1,5,4,6,4,1,1,1,0.71359
204,2,1,5,3,0,117,8,6,4,6,10,2,2,1,0.44204
204,2,1,5,3,0,118,12,6,4,6,14,2,2,1,0.34821
204,2,1,5,3,0,119,8,6,4,6,10,2,2,1,0.29423
204,2,1,5,3,0,120,8,6,4,6,10,2,2,1,0.3288
204,2,1,5,2,1,1,6,6,4,6,8,1,1,1,2.2952
204,2,1,5,2,1,2,8,6,4,6,10,2,2,1,0.44882
204,2,1,5,2,1,3,8,6,4,6,10,2,2,1,0.33017
204,2,1,5,2,1,4,2,6,4,6,4,1,1,1,0.39613
204,2,1,5,2,1,5,12,6,4,6,14,2,2,1,0.46125
204,2,1,5,2,1,6,4,6,4,6,6,1,1,1,0.8318
204,2,1,5,2,1,7,12,6,4,6,14,2,2,1,0.31912
204,2,1,5,2,1,8,10,6,4,6,12,2,2,1,0.36473
204,2,1,5,2,1,9,6,6,4,6,8,1,1,1,0.9157
204,2,1,5,2,1,10,10,6,4,6,12,2,2,1,0.51655
204,2,1,5,2,1,11,4,6,4,6,6,1,1,1,0.39693
204,2,1,5,2,1,12,12,6,4,6,14,2,2,1,0.5119
204,2,1,5,2,1,13,10,6,4,6,12,2,2,1,0.34986
204,2,1,5,2,1,14,2,6,4,6,4,1,1,1,0.44979
204,2,1,5,2,1,15,4,6,4,6,6,1,1,1,0.41138
204,2,1,5,2,1,16,8,6,4,6,10,2,2,1,0.50592
204,2,1,5,2,1,17,6,6,4,6,8,1,1,1,0.7584
204,2,1,5,2,1,18,2,6,4,6,4,1,1,1,0.4702
204,2,1,5,2,1,19,8,6,4,6,10,2,2,1,0.97467
204,2,1,5,2,1,20,12,6,4,6,14,2,2,1,0.50298
204,2,1,5,2,1,21,2,6,4,6,4,1,1,1,0.42391
204,2,1,5,2,1,22,6,6,4,6,8,1,1,1,0.53047
204,2,1,5,2,1,23,10,6,4,6,12,2,2,1,0.42242
204,2,1,5,2,1,24,4,6,4,6,6,1,1,1,0.36622
204,2,1,5,2,0,1,6,6,4,6,8,1,1,1,1.4472
204,2,1,5,2,0,2,4,6,4,6,6,1,1,1,0.39477
204,2,1,5,2,0,3,12,6,4,6,14,2,2,1,0.49314
204,2,1,5,2,0,4,12,6,4,6,14,2,2,1,0.40916
204,2,1,5,2,0,5,10,6,4,6,12,2,2,1,0.28877
204,2,1,5,2,0,6,4,6,4,6,6,1,1,1,0.76964
204,2,1,5,2,0,7,2,6,4,6,4,1,1,1,0.42872
204,2,1,5,2,0,8,8,6,4,6,10,2,2,1,0.59446
204,2,1,5,2,0,9,6,6,4,6,8,1,1,1,0.51443
204,2,1,5,2,0,10,8,6,4,6,10,2,2,1,0.52362
204,2,1,5,2,0,11,4,6,4,6,6,1,1,1,0.48296
204,2,1,5,2,0,12,12,6,4,6,14,2,2,1,0.43956
204,2,1,5,2,0,13,6,6,4,6,8,1,1,1,0.8707
204,2,1,5,2,0,14,6,6,4,6,8,1,1,1,0.45731
204,2,1,5,2,0,15,2,6,4,6,4,1,1,1,0.33759
204,2,1,5,2,0,16,10,6,4,6,12,2,2,1,0.71171
204,2,1,5,2,0,17,6,6,4,6,8,1,1,1,0.50754
204,2,1,5,2,0,18,10,6,4,6,12,2,2,1,0.54225
204,2,1,5,2,0,19,10,6,4,6,12,2,2,1,0.42198
204,2,1,5,2,0,20,8,6,4,6,10,2,2,1,0.37572
204,2,1,5,2,0,21,2,6,4,6,4,1,1,1,0.68661
204,2,1,5,2,0,22,2,6,4,6,4,1,1,1,0.51469
204,2,1,5,2,0,23,6,6,4,6,8,1,1,1,0.57463
204,2,1,5,2,0,24,8,6,4,6,10,2,2,1,1.1605
204,2,1,5,2,0,25,12,6,4,6,14,2,2,1,0.37163
204,2,1,5,2,0,26,2,6,4,6,4,1,1,1,0.36689
204,2,1,5,2,0,27,4,6,4,6,6,1,1,1,0.38278
204,2,1,5,2,0,28,8,6,4,6,10,2,2,1,0.6057
204,2,1,5,2,0,29,6,6,4,6,8,1,1,1,0.85548
204,2,1,5,2,0,30,4,6,4,6,6,1,1,1,0.51369
204,2,1,5,2,0,31,6,6,4,6,8,1,1,1,0.94735
204,2,1,5,2,0,32,10,6,4,6,12,2,2,1,0.44403
204,2,1,5,2,0,33,2,6,4,6,4,1,1,1,0.53987
204,2,1,5,2,0,34,8,6,4,6,10,2,2,1,0.5068
204,2,1,5,2,0,35,6,6,4,6,8,1,1,1,1.0211
204,2,1,5,2,0,36,6,6,4,6,8,1,1,1,0.51201
204,2,1,5,2,0,37,10,6,4,6,12,2,2,1,0.65042
204,2,1,5,2,0,38,12,6,4,6,14,2,2,1,0.44187
204,2,1,5,2,0,39,10,6,4,6,12,2,2,1,0.33921
204,2,1,5,2,0,40,12,6,4,6,14,2,2,1,0.36222
204,2,1,5,2,0,41,12,6,4,6,14,2,2,1,0.40844
204,2,1,5,2,0,42,6,6,4,6,8,1,1,1,0.51025
204,2,1,5,2,0,43,4,6,4,6,6,1,1,1,0.51982
204,2,1,5,2,0,44,8,6,4,6,10,2,2,1,0.89157
204,2,1,5,2,0,45,4,6,4,6,6,1,1,1,0.39914
204,2,1,5,2,0,46,10,6,4,6,12,2,2,1,0.54682
204,2,1,5,2,0,47,10,6,4,6,12,2,2,1,0.33001
204,2,1,5,2,0,48,10,6,4,6,12,2,2,1,0.2986
204,2,1,5,2,0,49,8,6,4,6,10,2,2,1,0.34072
204,2,1,5,2,0,50,12,6,4,6,14,2,2,1,0.40512
204,2,1,5,2,0,51,8,6,4,6,10,2,2,1,0.31456
204,2,1,5,2,0,52,8,6,4,6,10,2,2,1,0.28948
204,2,1,5,2,0,53,6,6,4,6,8,1,1,1,0.4841
204,2,1,5,2,0,54,12,6,4,6,14,2,2,1,0.40186
204,2,1,5,2,0,55,10,6,4,6,12,2,2,1,0.42587
204,2,1,5,2,0,56,4,6,4,6,6,1,1,1,0.41934
204,2,1,5,2,0,57,10,6,4,6,12,2,2,1,0.49419
204,2,1,5,2,0,58,4,6,4,6,6,1,1,1,0.42815
204,2,1,5,2,0,59,4,6,4,6,6,1,1,1,0.45485
204,2,1,5,2,0,60,12,6,4,6,14,2,2,1,0.39607
204,2,1,5,2,0,61,10,6,4,6,12,2,2,1,0.37711
204,2,1,5,2,0,62,10,6,4,6,12,2,2,1,0.36034
204,2,1,5,2,0,63,6,6,4,6,8,1,1,1,0.41453
204,2,1,5,2,0,64,6,6,4,6,8,1,1,1,0.37277
204,2,1,5,2,0,65,6,6,4,6,8,1,1,1,1.8508
204,2,1,5,2,0,66,8,6,4,6,10,2,2,1,1.43
204,2,1,5,2,0,67,6,6,4,6,8,1,1,1,0.40073
204,2,1,5,2,0,68,10,6,4,6,12,2,2,1,0.4767
204,2,1,5,2,0,69,2,6,4,6,4,1,1,1,0.30686
204,2,1,5,2,0,70,2,6,4,6,4,1,1,1,0.27967
204,2,1,5,2,0,71,8,6,4,6,10,2,2,1,0.54026
204,2,1,5,2,0,72,8,6,4,6,10,2,2,1,0.47861
204,2,1,5,2,0,73,4,6,4,6,6,1,1,1,0.36726
204,2,1,5,2,0,74,12,6,4,6,14,2,2,1,0.34467
204,2,1,5,2,0,75,2,6,4,6,4,1,1,1,0.46561
204,2,1,5,2,0,76,6,6,4,6,8,1,1,1,1.9934
204,2,1,5,2,0,77,8,6,4,6,10,2,2,1,0.92783
204,2,1,5,2,0,78,10,6,4,6,12,2,2,1,1.317
204,2,1,5,2,0,79,4,6,4,6,6,1,1,1,0.44109
204,2,1,5,2,0,80,12,6,4,6,14,2,2,1,0.4417
204,2,1,5,2,0,81,4,6,4,6,6,1,1,1,0.59816
204,2,1,5,2,0,82,2,6,4,6,4,1,1,1,0.33019
204,2,1,5,2,0,83,2,6,4,6,4,1,1,1,0.35148
204,2,1,5,2,0,84,8,6,4,6,10,2,2,1,0.44052
204,2,1,5,2,0,85,10,6,4,6,12,2,2,1,0.27073
204,2,1,5,2,0,86,6,6,4,6,8,1,1,1,1.4115
204,2,1,5,2,0,87,12,6,4,6,14,2,2,1,0.32446
204,2,1,5,2,0,88,10,6,4,6,12,2,2,1,0.29614
204,2,1,5,2,0,89,10,6,4,6,12,2,2,1,0.3347
204,2,1,5,2,0,90,4,6,4,6,6,1,1,1,0.43336
204,2,1,5,2,0,91,2,6,4,6,4,1,1,1,0.50733
204,2,1,5,2,0,92,2,6,4,6,4,1,1,1,0.4763
204,2,1,5,2,0,93,2,6,4,6,4,1,1,1,0.30432
204,2,1,5,2,0,94,8,6,4,6,10,2,2,1,0.38813
204,2,1,5,2,0,95,4,6,4,6,6,1,1,1,0.38896
204,2,1,5,2,0,96,4,6,4,6,6,1,1,1,0.28246
204,2,1,5,2,0,97,12,6,4,6,14,2,2,1,0.38321
204,2,1,5,2,0,98,2,6,4,6,4,1,1,1,0.38008
204,2,1,5,2,0,99,12,6,4,6,14,2,2,1,0.29419
204,2,1,5,2,0,100,2,6,4,6,4,1,1,1,0.27994
204,2,1,5,2,0,101,2,6,4,6,4,1,1,1,0.3007
204,2,1,5,2,0,102,12,6,4,6,14,2,2,1,0.3617
204,2,1,5,2,0,103,2,6,4,6,4,1,1,1,0.5136
204,2,1,5,2,0,104,12,6,4,6,14,2,2,1,0.35055
204,2,1,5,2,0,105,6,6,4,6,8,1,1,1,1.0048
204,2,1,5,2,0,106,2,6,4,6,4,1,1,1,0.51268
204,2,1,5,2,0,107,4,6,4,6,6,1,1,1,0.37609
204,2,1,5,2,0,108,12,6,4,6,14,2,2,1,0.4032
204,2,1,5,2,0,109,4,6,4,6,6,1,1,1,0.33042
204,2,1,5,2,0,110,8,6,4,6,10,2,2,1,1.5382
204,2,1,5,2,0,111,8,6,4,6,10,2,2,1,0.4292
204,2,1,5,2,0,112,4,6,4,6,6,1,1,1,0.51352
204,2,1,5,2,0,113,6,6,4,6,8,1,1,1,0.73141
204,2,1,5,2,0,114,4,6,4,6,6,1,1,1,0.372
204,2,1,5,2,0,115,12,6,4,6,14,2,2,1,0.43771
204,2,1,5,2,0,116,12,6,4,6,14,2,2,1,1.2134
204,2,1,5,2,0,117,8,6,4,6,10,2,2,1,1.9096
204,2,1,5,2,0,118,10,6,4,6,12,2,2,1,0.41964
204,2,1,5,2,0,119,8,6,4,6,10,2,2,1,0.37519
204,2,1,5,2,0,120,2,6,4,6,4,1,1,1,0.45151
204,2,1,5,1,1,1,7,5,4,6,10,2,2,1,0.87686
204,2,1,5,1,1,2,3,5,4,6,6,1,1,1,0.49537
204,2,1,5,1,1,3,7,5,4,6,10,2,2,1,0.54028
204,2,1,5,1,1,4,9,5,4,6,12,2,2,1,0.27764
204,2,1,5,1,1,5,11,5,4,6,14,2,2,1,0.27418
204,2,1,5,1,1,6,1,5,4,6,4,1,1,1,0.44294
204,2,1,5,1,1,7,5,5,4,6,8,1,1,1,1.0858
204,2,1,5,1,1,8,11,5,4,6,14,2,2,1,0.30494
204,2,1,5,1,1,9,7,5,4,6,10,2,2,1,0.28791
204,2,1,5,1,1,10,11,5,4,6,14,2,2,1,0.26277
204,2,1,5,1,1,11,3,5,4,6,6,1,1,1,0.45543
204,2,1,5,1,1,12,9,5,4,6,12,2,2,1,0.56159
204,2,1,5,1,1,13,3,5,4,6,6,1,1,1,0.93599
204,2,1,5,1,1,14,9,5,4,6,12,2,2,1,0.33259
204,2,1,5,1,1,15,9,5,4,6,12,2,2,1,0.28355
204,2,1,5,1,1,16,7,5,4,6,10,2,2,1,0.3593
204,2,1,5,1,1,17,5,5,4,6,8,1,1,1,0.5687
204,2,1,5,1,1,18,5,5,4,6,8,1,1,1,0.5278
204,2,1,5,1,1,19,1,5,4,6,4,1,1,1,0.39859
204,2,1,5,1,1,20,3,5,4,6,6,1,1,1,0.46072
204,2,1,5,1,1,21,1,5,4,6,4,1,1,1,0.44099
204,2,1,5,1,1,22,5,5,4,6,8,1,1,1,0.92212
204,2,1,5,1,1,23,11,5,4,6,14,2,2,1,0.47538
204,2,1,5,1,1,24,1,5,4,6,4,1,1,1,0.34678
204,2,1,5,1,0,1,11,5,4,6,14,2,2,1,0.44421
204,2,1,5,1,0,2,11,5,4,6,14,2,2,1,0.31385
204,2,1,5,1,0,3,1,5,4,6,4,1,1,1,0.41536
204,2,1,5,1,0,4,3,5,4,6,6,1,1,1,0.32917
204,2,1,5,1,0,5,9,5,4,6,12,2,2,1,0.40874
204,2,1,5,1,0,6,5,5,4,6,8,1,1,1,0.55465
204,2,1,5,1,0,7,7,5,4,6,10,2,2,1,0.39105
204,2,1,5,1,0,8,5,5,4,6,8,1,1,1,1.1744
204,2,1,5,1,0,9,9,5,4,6,12,2,2,1,0.59225
204,2,1,5,1,0,10,11,5,4,6,14,2,2,1,0.66286
204,2,1,5,1,0,11,1,5,4,6,4,1,1,1,0.37684
204,2,1,5,1,0,12,9,5,4,6,12,2,2,1,0.46361
204,2,1,5,1,0,13,11,5,4,6,14,2,2,1,0.31299
204,2,1,5,1,0,14,11,5,4,6,14,2,2,1,0.42309
204,2,1,5,1,0,15,3,5,4,6,6,1,1,1,0.44814
204,2,1,5,1,0,16,1,5,4,6,4,1,1,1,0.35811
204,2,1,5,1,0,17,3,5,4,6,6,1,1,1,0.29481
204,2,1,5,1,0,18,7,5,4,6,10,2,2,1,0.45854
204,2,1,5,1,0,19,3,5,4,6,6,1,1,1,0.39157
204,2,1,5,1,0,20,7,5,4,6,10,2,2,1,0.40434
204,2,1,5,1,0,21,9,5,4,6,12,2,2,1,0.48193
204,2,1,5,1,0,22,1,5,4,6,4,1,1,1,0.51413
204,2,1,5,1,0,23,1,5,4,6,4,1,1,1,0.35946
204,2,1,5,1,0,24,11,5,4,6,14,2,2,1,0.42255
204,2,1,5,1,0,25,9,5,4,6,12,2,2,1,0.28202
204,2,1,5,1,0,26,7,5,4,6,10,2,2,1,0.35234
204,2,1,5,1,0,27,9,5,4,6,12,2,2,1,0.29275
204,2,1,5,1,0,28,11,5,4,6,14,2,2,1,0.26181
204,2,1,5,1,0,29,7,5,4,6,10,2,2,1,0.583
204,2,1,5,1,0,30,5,5,4,6,8,1,1,1,0.93483
204,2,1,5,1,0,31,5,5,4,6,8,1,1,1,0.33685
204,2,1,5,1,0,32,11,5,4,6,14,2,2,1,0.42142
204,2,1,5,1,0,33,9,5,4,6,12,2,2,1,0.31023
204,2,1,5,1,0,34,3,5,4,6,6,1,1,1,0.55961
204,2,1,5,1,0,35,9,5,4,6,12,2,2,1,0.43256
204,2,1,5,1,0,36,7,5,4,6,10,2,2,1,1.0413
204,2,1,5,1,0,37,9,5,4,6,12,2,2,1,0.38055
204,2,1,5,1,0,38,5,5,4,6,8,1,1,1,0.81793
204,2,1,5,1,0,39,7,5,4,6,10,2,2,1,0.8461
204,2,1,5,1,0,40,1,5,4,6,4,1,1,1,0.72601
204,2,1,5,1,0,41,1,5,4,6,4,1,1,1,0.4847
204,2,1,5,1,0,42,1,5,4,6,4,1,1,1,0.35316
204,2,1,5,1,0,43,11,5,4,6,14,2,2,1,0.60879
204,2,1,5,1,0,44,3,5,4,6,6,1,1,1,0.5781
204,2,1,5,1,0,45,5,5,4,6,8,1,1,1,0.42114
204,2,1,5,1,0,46,3,5,4,6,6,1,1,1,0.35677
204,2,1,5,1,0,47,3,5,4,6,6,1,1,1,0.44147
204,2,1,5,1,0,48,1,5,4,6,4,1,1,1,0.54241
204,2,1,5,1,0,49,1,5,4,6,4,1,1,1,0.43364
204,2,1,5,1,0,50,1,5,4,6,4,1,1,1,0.33181
204,2,1,5,1,0,51,7,5,4,6,10,2,2,1,0.49803
204,2,1,5,1,0,52,7,5,4,6,10,2,2,1,0.3704
204,2,1,5,1,0,53,9,5,4,6,12,2,2,1,0.31625
204,2,1,5,1,0,54,5,5,4,6,8,1,1,1,0.52317
204,2,1,5,1,0,55,11,5,4,6,14,2,2,1,0.3237
204,2,1,5,1,0,56,9,5,4,6,12,2,2,1,0.28317
204,2,1,5,1,0,57,5,5,4,6,8,1,1,1,1.3773
204,2,1,5,1,0,58,3,5,4,6,6,1,1,1,0.5186
204,2,1,5,1,0,59,3,5,4,6,6,1,1,1,0.5465
204,2,1,5,1,0,60,7,5,4,6,10,2,2,1,0.36901
204,2,1,5,1,0,61,3,5,4,6,6,1,1,1,0.55767
204,2,1,5,1,0,62,1,5,4,6,4,1,1,1,0.36379
204,2,1,5,1,0,63,11,5,4,6,14,2,2,1,0.57438
204,2,1,5,1,0,64,9,5,4,6,12,2,2,1,1.1386
204,2,1,5,1,0,65,7,5,4,6,10,2,2,1,0.42967
204,2,1,5,1,0,66,11,5,4,6,14,2,2,1,0.34832
204,2,1,5,1,0,67,5,5,4,6,8,1,1,1,0.90021
204,2,1,5,1,0,68,3,5,4,6,6,1,1,1,0.40243
204,2,1,5,1,0,69,9,5,4,6,12,2,2,1,0.46962
204,2,1,5,1,0,70,3,5,4,6,6,1,1,1,0.60421
204,2,1,5,1,0,71,1,5,4,6,4,1,1,1,0.35249
204,2,1,5,1,0,72,9,5,4,6,12,2,2,1,0.65317
204,2,1,5,1,0,73,7,5,4,6,10,2,2,1,0.3103
204,2,1,5,1,0,74,9,5,4,6,12,2,2,1,0.32812
204,2,1,5,1,0,75,5,5,4,6,8,1,1,1,0.76065
204,2,1,5,1,0,76,5,5,4,6,8,1,1,1,0.7196
204,2,1,5,1,0,77,7,5,4,6,10,2,2,1,0.46922
204,2,1,5,1,0,78,7,5,4,6,10,2,2,1,0.37627
204,2,1,5,1,0,79,5,5,4,6,8,1,1,1,0.6272
204,2,1,5,1,0,80,11,5,4,6,14,2,2,1,0.78088
204,2,1,5,1,0,81,7,5,4,6,10,2,2,1,0.84377
204,2,1,5,1,0,82,9,5,4,6,12,2,2,1,0.30286
204,2,1,5,1,0,83,11,5,4,6,14,2,2,1,0.4401
204,2,1,5,1,0,84,11,5,4,6,14,2,2,1,0.3476
204,2,1,5,1,0,85,5,5,4,6,8,1,1,1,0.43176
204,2,1,5,1,0,86,11,5,4,6,14,2,2,1,0.38431
204,2,1,5,1,0,87,3,5,4,6,6,1,1,1,0.46943
204,2,1,5,1,0,88,5,5,4,6,8,1,1,1,0.80792
204,2,1,5,1,0,89,3,5,4,6,6,1,1,1,0.46147
204,2,1,5,1,0,90,5,5,4,6,8,1,1,1,0.50825
204,2,1,5,1,0,91,7,5,4,6,10,2,2,1,0.56457
204,2,1,5,1,0,92,5,5,4,6,8,1,1,1,0.75716
204,2,1,5,1,0,93,7,5,4,6,10,2,2,1,0.55546
204,2,1,5,1,0,94,7,5,4,6,10,2,2,1,0.35788
204,2,1,5,1,0,95,1,5,4,6,4,1,1,1,0.52723
204,2,1,5,1,0,96,9,5,4,6,12,2,2,1,0.44671
204,2,1,5,1,0,97,11,5,4,6,14,2,2,1,0.39597
204,2,1,5,1,0,98,5,5,4,6,8,1,1,1,0.80204
204,2,1,5,1,0,99,3,5,4,6,6,1,1,1,0.3256
204,2,1,5,1,0,100,3,5,4,6,6,1,1,1,0.3083
204,2,1,5,1,0,101,11,5,4,6,14,2,2,1,0.46988
204,2,1,5,1,0,102,3,5,4,6,6,1,1,1,0.4993
204,2,1,5,1,0,103,1,5,4,6,4,1,1,1,0.48468
204,2,1,5,1,0,104,9,5,4,6,12,2,2,1,0.43476
204,2,1,5,1,0,105,7,5,4,6,10,2,2,1,0.30023
204,2,1,5,1,0,106,1,5,4,6,4,1,1,1,0.4648
204,2,1,5,1,0,107,1,5,4,6,4,1,1,1,0.35192
204,2,1,5,1,0,108,11,5,4,6,14,2,2,1,0.55957
204,2,1,5,1,0,109,3,5,4,6,6,1,1,1,0.40769
204,2,1,5,1,0,110,9,5,4,6,12,2,2,1,0.55772
204,2,1,5,1,0,111,9,5,4,6,12,2,2,1,0.49302
204,2,1,5,1,0,112,1,5,4,6,4,1,1,1,0.4438
204,2,1,5,1,0,113,3,5,4,6,6,1,1,1,1.0581
204,2,1,5,1,0,114,5,5,4,6,8,1,1,1,1.0758
204,2,1,5,1,0,115,11,5,4,6,14,2,2,1,0.45615
204,2,1,5,1,0,116,5,5,4,6,8,1,1,1,0.57863
204,2,1,5,1,0,117,1,5,4,6,4,1,1,1,0.3548
204,2,1,5,1,0,118,5,5,4,6,8,1,1,1,0.49553
204,2,1,5,1,0,119,1,5,4,6,4,1,1,1,0.32014
204,2,1,5,1,0,120,7,5,4,6,10,2,2,1,0.45648
204,2,1,5,5,1,1,6,6,4,6,8,1,1,1,1.4466
204,2,1,5,5,1,2,9,5,4,6,12,2,2,1,0.34502
204,2,1,5,5,1,3,11,5,4,6,14,2,2,1,0.30359
204,2,1,5,5,1,4,8,6,4,6,10,2,2,1,1.5922
204,2,1,5,5,1,5,1,5,4,6,4,1,1,1,0.33784
204,2,1,5,5,1,6,10,6,4,6,12,2,2,1,0.30231
204,2,1,5,5,1,7,3,5,4,6,6,1,1,1,0.36821
204,2,1,5,5,1,8,12,6,4,6,14,2,2,1,0.28357
204,2,1,5,5,1,9,5,5,4,6,8,1,1,1,0.36586
204,2,1,5,5,1,10,6,6,4,6,8,1,1,1,0.52007
204,2,1,5,5,1,11,1,5,4,6,4,1,1,1,0.39488
204,2,1,5,5,1,12,3,5,4,6,6,1,1,1,0.32
204,2,1,5,5,1,13,2,6,4,6,4,1,1,1,0.42785
204,2,1,5,5,1,14,4,6,4,6,6,1,1,1,0.30058
204,2,1,5,5,1,15,7,5,4,6,10,2,2,1,1.0964
204,2,1,5,5,1,16,10,6,4,6,12,2,2,1,0.5321
204,2,1,5,5,1,17,7,5,4,6,10,2,2,1,0.4725
204,2,1,5,5,1,18,11,5,4,6,14,2,2,1,0.31003
204,2,1,5,5,1,19,8,6,4,6,10,2,2,1,0.41133
204,2,1,5,5,1,20,4,6,4,6,6,1,1,1,0.33153
204,2,1,5,5,1,21,12,6,4,6,14,2,2,1,0.48425
204,2,1,5,5,1,22,2,6,4,6,4,1,1,1,0.36247
204,2,1,5,5,1,23,9,5,4,6,12,2,2,1,0.36742
204,2,1,5,5,1,24,5,5,4,6,8,1,1,1,0.34852
204,2,1,5,5,0,1,5,5,4,6,8,1,1,1,1.4853
204,2,1,5,5,0,2,9,5,4,6,12,2,2,1,0.39927
204,2,1,5,5,0,3,5,5,4,6,8,1,1,1,0.86638
204,2,1,5,5,0,4,8,6,4,6,10,2,2,1,0.52729
204,2,1,5,5,0,5,5,5,4,6,8,1,1,1,0.76512
204,2,1,5,5,0,6,11,5,4,6,14,2,2,1,0.34419
204,2,1,5,5,0,7,10,6,4,6,12,2,2,1,0.30475
204,2,1,5,5,0,8,3,5,4,6,6,1,1,1,0.5121
204,2,1,5,5,0,9,6,6,4,6,8,1,1,1,2.4897
204,2,1,5,5,0,10,10,6,4,6,12,2,2,1,0.58573
204,2,1,5,5,0,11,11,5,4,6,14,2,2,1,0.35524
204,2,1,5,5,0,12,11,5,4,6,14,2,2,1,0.28851
204,2,1,5,5,0,13,12,6,4,6,14,2,2,1,0.29054
204,2,1,5,5,0,14,8,6,4,6,10,2,2,1,0.29838
204,2,1,5,5,0,15,6,6,4,6,8,1,1,1,0.7019
204,2,1,5,5,0,16,11,5,4,6,14,2,2,1,0.45853
204,2,1,5,5,0,17,1,5,4,6,4,1,1,1,0.4692
204,2,1,5,5,0,18,6,6,4,6,8,1,1,1,0.63508
204,2,1,5,5,0,19,7,5,4,6,10,2,2,1,0.5943
204,2,1,5,5,0,20,4,6,4,6,6,1,1,1,0.45551
204,2,1,5,5,0,21,4,6,4,6,6,1,1,1,0.30922
204,2,1,5,5,0,22,10,6,4,6,12,2,2,1,0.40364
204,2,1,5,5,0,23,8,6,4,6,10,2,2,1,0.35383
204,2,1,5,5,0,24,5,5,4,6,8,1,1,1,1.1642
204,2,1,5,5,0,25,8,6,4,6,10,2,2,1,1.2861
204,2,1,5,5,0,26,10,6,4,6,12,2,2,1,0.38397
204,2,1,5,5,0,27,12,6,4,6,14,2,2,1,0.34933
204,2,1,5,5,0,28,7,5,4,6,10,2,2,1,0.31991
204,2,1,5,5,0,29,5,5,4,6,8,1,1,1,0.38265
204,2,1,5,5,0,30,8,6,4,6,10,2,2,1,0.4605
204,2,1,5,5,0,31,6,6,4,6,8,1,1,1,1.337
204,2,1,5,5,0,32,9,5,4,6,12,2,2,1,0.38464
204,2,1,5,5,0,33,8,6,4,6,10,2,2,1,0.36139
204,2,1,5,5,0,34,3,5,4,6,6,1,1,1,0.34749
204,2,1,5,5,0,35,9,5,4,6,12,2,2,1,0.37498
204,2,1,5,5,0,36,12,6,4,6,14,2,2,1,0.53584
204,2,1,5,5,0,37,8,6,4,6,10,2,2,1,0.32807
204,2,1,5,5,0,38,2,6,4,6,4,1,1,1,0.45993
204,2,1,5,5,0,39,12,6,4,6,14,2,2,1,0.39709
204,2,1,5,5,0,40,3,5,4,6,6,1,1,1,0.64662
204,2,1,5,5,0,41,5,5,4,6,8,1,1,1,0.88608
204,2,1,5,5,0,42,10,6,4,6,12,2,2,1,0.42866
204,2,1,5,5,0,43,2,6,4,6,4,1,1,1,0.51131
204,2,1,5,5,0,44,1,5,4,6,4,1,1,1,0.87154
204,2,1,5,5,0,45,12,6,4,6,14,2,2,1,0.35571
204,2,1,5,5,0,46,6,6,4,6,8,1,1,1,0.49856
204,2,1,5,5,0,47,1,5,4,6,4,1,1,1,0.58411
204,2,1,5,5,0,48,7,5,4,6,10,2,2,1,0.54396
204,2,1,5,5,0,49,4,6,4,6,6,1,1,1,0.67269
204,2,1,5,5,0,50,7,5,4,6,10,2,2,1,0.53327
204,2,1,5,5,0,51,7,5,4,6,10,2,2,1,0.45158
204,2,1,5,5,0,52,10,6,4,6,12,2,2,1,0.30845
204,2,1,5,5,0,53,11,5,4,6,14,2,2,1,0.26359
204,2,1,5,5,0,54,1,5,4,6,4,1,1,1,0.30038
204,2,1,5,5,0,55,10,6,4,6,12,2,2,1,0.3313
204,2,1,5,5,0,56,6,6,4,6,8,1,1,1,0.36405
204,2,1,5,5,0,57,10,6,4,6,12,2,2,1,0.48642
204,2,1,5,5,0,58,3,5,4,6,6,1,1,1,0.31016
204,2,1,5,5,0,59,3,5,4,6,6,1,1,1,0.42315
204,2,1,5,5,0,60,12,6,4,6,14,2,2,1,0.36332
204,2,1,5,5,0,61,9,5,4,6,12,2,2,1,0.48809
204,2,1,5,5,0,62,4,6,4,6,6,1,1,1,0.50137
204,2,1,5,5,0,63,8,6,4,6,10,2,2,1,0.38365
204,2,1,5,5,0,64,3,5,4,6,6,1,1,1,0.37165
204,2,1,5,5,0,65,1,5,4,6,4,1,1,1,0.36798
204,2,1,5,5,0,66,2,6,4,6,4,1,1,1,0.59035
204,2,1,5,5,0,67,4,6,4,6,6,1,1,1,0.38528
204,2,1,5,5,0,68,9,5,4,6,12,2,2,1,0.36099
204,2,1,5,5,0,69,1,5,4,6,4,1,1,1,0.64778
204,2,1,5,5,0,70,1,5,4,6,4,1,1,1,0.37794
204,2,1,5,5,0,71,8,6,4,6,10,2,2,1,0.45322
204,2,1,5,5,0,72,2,6,4,6,4,1,1,1,0.44107
204,2,1,5,5,0,73,1,5,4,6,4,1,1,1,0.40073
204,2,1,5,5,0,74,2,6,4,6,4,1,1,1,0.32533
204,2,1,5,5,0,75,12,6,4,6,14,2,2,1,0.42902
204,2,1,5,5,0,76,2,6,4,6,4,1,1,1,0.58166
204,2,1,5,5,0,77,11,5,4,6,14,2,2,1,0.59272
204,2,1,5,5,0,78,12,6,4,6,14,2,2,1,0.34779
204,2,1,5,5,0,79,12,6,4,6,14,2,2,1,0.33366
204,2,1,5,5,0,80,5,5,4,6,8,1,1,1,0.34301
204,2,1,5,5,0,81,8,6,4,6,10,2,2,1,0.39748
204,2,1,5,5,0,82,9,5,4,6,12,2,2,1,0.34338
204,2,1,5,5,0,83,2,6,4,6,4,1,1,1,0.49174
204,2,1,5,5,0,84,3,5,4,6,6,1,1,1,0.38687
204,2,1,5,5,0,85,11,5,4,6,14,2,2,1,0.53633
204,2,1,5,5,0,86,11,5,4,6,14,2,2,1,0.37768
204,2,1,5,5,0,87,7,5,4,6,10,2,2,1,0.76552
204,2,1,5,5,0,88,7,5,4,6,10,2,2,1,0.36933
204,2,1,5,5,0,89,4,6,4,6,6,1,1,1,0.53304
204,2,1,5,5,0,90,1,5,4,6,4,1,1,1,0.4192
204,2,1,5,5,0,91,7,5,4,6,10,2,2,1,0.37301
204,2,1,5,5,0,92,6,6,4,6,8,1,1,1,0.72443
204,2,1,5,5,0,93,7,5,4,6,10,2,2,1,0.40299
204,2,1,5,5,0,94,2,6,4,6,4,1,1,1,0.70691
204,2,1,5,5,0,95,6,6,4,6,8,1,1,1,0.61094
204,2,1,5,5,0,96,2,6,4,6,4,1,1,1,0.58807
204,2,1,5,5,0,97,1,5,4,6,4,1,1,1,0.95273
204,2,1,5,5,0,98,12,6,4,6,14,2,2,1,0.46778
204,2,1,5,5,0,99,5,5,4,6,8,1,1,1,1.018
204,2,1,5,5,0,100,6,6,4,6,8,1,1,1,1.2551
204,2,1,5,5,0,101,3,5,4,6,6,1,1,1,0.52126
204,2,1,5,5,0,102,10,6,4,6,12,2,2,1,0.42095
204,2,1,5,5,0,103,4,6,4,6,6,1,1,1,0.44193
204,2,1,5,5,0,104,2,6,4,6,4,1,1,1,0.32244
204,2,1,5,5,0,105,9,5,4,6,12,2,2,1,0.3524
204,2,1,5,5,0,106,5,5,4,6,8,1,1,1,0.4184
204,2,1,5,5,0,107,6,6,4,6,8,1,1,1,0.36358
204,2,1,5,5,0,108,4,6,4,6,6,1,1,1,0.31937
204,2,1,5,5,0,109,5,5,4,6,8,1,1,1,0.46895
204,2,1,5,5,0,110,10,6,4,6,12,2,2,1,0.61351
204,2,1,5,5,0,111,3,5,4,6,6,1,1,1,0.32874
204,2,1,5,5,0,112,9,5,4,6,12,2,2,1,0.43402
204,2,1,5,5,0,113,11,5,4,6,14,2,2,1,0.43591
204,2,1,5,5,0,114,4,6,4,6,6,1,1,1,0.34256
204,2,1,5,5,0,115,11,5,4,6,14,2,2,1,0.78891
204,2,1,5,5,0,116,4,6,4,6,6,1,1,1,0.48134
204,2,1,5,5,0,117,9,5,4,6,12,2,2,1,0.33847
204,2,1,5,5,0,118,9,5,4,6,12,2,2,1,0.31651
204,2,1,5,5,0,119,3,5,4,6,6,1,1,1,0.36539
204,2,1,5,5,0,120,7,5,4,6,10,2,2,1,0.98877
204,2,1,5,6,0,1,4,6,4,6,6,1,1,1,1.1496
204,2,1,5,6,0,2,3,5,4,6,6,1,1,1,0.36611
204,2,1,5,6,0,3,11,5,4,6,14,2,2,1,0.38612
204,2,1,5,6,0,4,7,5,4,6,10,2,2,1,0.76233
204,2,1,5,6,0,5,9,5,4,6,12,2,2,1,0.28088
204,2,1,5,6,0,6,10,6,4,6,12,2,2,1,0.28337
204,2,1,5,6,0,7,5,5,4,6,8,1,1,1,0.55226
204,2,1,5,6,0,8,7,5,4,6,10,2,2,1,0.98805
204,2,1,5,6,0,9,11,5,4,6,14,2,2,1,0.33121
204,2,1,5,6,0,10,1,5,4,6,4,1,1,1,0.4794
204,2,1,5,6,0,11,8,6,4,6,10,2,2,1,0.36808
204,2,1,5,6,0,12,4,6,4,6,6,1,1,1,0.29814
204,2,1,5,6,0,13,11,5,4,6,14,2,2,1,0.29734
204,2,1,5,6,0,14,1,5,4,6,4,1,1,1,0.50066
204,2,1,5,6,0,15,7,5,4,6,10,2,2,1,0.41798
204,2,1,5,6,0,16,3,5,4,6,6,1,1,1,0.35203
204,2,1,5,6,0,17,6,6,4,6,8,1,1,1,0.7061
204,2,1,5,6,0,18,11,5,4,6,14,2,2,1,0.55419
204,2,1,5,6,0,19,2,6,4,6,4,1,1,1,0.47741
204,2,1,5,6,0,20,8,6,4,6,10,2,2,1,0.5288
204,2,1,5,6,0,21,2,6,4,6,4,1,1,1,0.37736
204,2,1,5,6,0,22,8,6,4,6,10,2,2,1,0.36218
204,2,1,5,6,0,23,5,5,4,6,8,1,1,1,1.2502
204,2,1,5,6,0,24,5,5,4,6,8,1,1,1,0.96949
204,2,1,5,6,0,25,7,5,4,6,10,2,2,1,0.43159
204,2,1,5,6,0,26,9,5,4,6,12,2,2,1,0.47784
204,2,1,5,6,0,27,12,6,4,6,14,2,2,1,0.4003
204,2,1,5,6,0,28,2,6,4,6,4,1,1,1,0.53846
204,2,1,5,6,0,29,5,5,4,6,8,1,1,1,1.1695
204,2,1,5,6,0,30,6,6,4,6,8,1,1,1,0.53614
204,2,1,5,6,0,31,3,5,4,6,6,1,1,1,0.41407
204,2,1,5,6,0,32,1,5,4,6,4,1,1,1,0.32747
204,2,1,5,6,0,33,3,5,4,6,6,1,1,1,0.36231
204,2,1,5,6,0,34,5,5,4,6,8,1,1,1,1.9893
204,2,1,5,6,0,35,10,6,4,6,12,2,2,1,0.41581
204,2,1,5,6,0,36,6,6,4,6,8,1,1,1,0.85763
204,2,1,5,6,0,37,5,5,4,6,8,1,1,1,0.52695
204,2,1,5,6,0,38,7,5,4,6,10,2,2,1,1.0692
204,2,1,5,6,0,39,10,6,4,6,12,2,2,1,0.29887
204,2,1,5,6,0,40,5,5,4,6,8,1,1,1,0.78892
204,2,1,5,6,0,41,3,5,4,6,6,1,1,1,0.77092
204,2,1,5,6,0,42,10,6,4,6,12,2,2,1,0.40689
204,2,1,5,6,0,43,7,5,4,6,10,2,2,1,0.40316
204,2,1,5,6,0,44,12,6,4,6,14,2,2,1,0.30191
204,2,1,5,6,0,45,3,5,4,6,6,1,1,1,0.42892
204,2,1,5,6,0,46,11,5,4,6,14,2,2,1,0.47778
204,2,1,5,6,0,47,4,6,4,6,6,1,1,1,0.57655
204,2,1,5,6,0,48,9,5,4,6,12,2,2,1,0.36063
204,2,1,5,6,0,49,6,6,4,6,8,1,1,1,1.3258
204,2,1,5,6,0,50,10,6,4,6,12,2,2,1,0.38217
204,2,1,5,6,0,51,7,5,4,6,10,2,2,1,0.37001
204,2,1,5,6,0,52,4,6,4,6,6,1,1,1,0.7219
204,2,1,5,6,0,53,6,6,4,6,8,1,1,1,1.2598
204,2,1,5,6,0,54,11,5,4,6,14,2,2,1,0.39698
204,2,1,5,6,0,55,7,5,4,6,10,2,2,1,0.55422
204,2,1,5,6,0,56,8,6,4,6,10,2,2,1,0.35305
204,2,1,5,6,0,57,1,5,4,6,4,1,1,1,0.84431
204,2,1,5,6,0,58,3,5,4,6,6,1,1,1,0.38764
204,2,1,5,6,0,59,5,5,4,6,8,1,1,1,1.2484
204,2,1,5,6,0,60,8,6,4,6,10,2,2,1,0.45241
204,2,1,5,6,0,61,1,5,4,6,4,1,1,1,0.60941
204,2,1,5,6,0,62,1,5,4,6,4,1,1,1,0.40859
204,2,1,5,6,0,63,1,5,4,6,4,1,1,1,0.79736
204,2,1,5,6,0,64,12,6,4,6,14,2,2,1,0.34101
204,2,1,5,6,0,65,2,6,4,6,4,1,1,1,0.37646
204,2,1,5,6,0,66,1,5,4,6,4,1,1,1,0.42956
204,2,1,5,6,0,67,12,6,4,6,14,2,2,1,0.45885
204,2,1,5,6,0,68,9,5,4,6,12,2,2,1,0.55655
204,2,1,5,6,0,69,12,6,4,6,14,2,2,1,0.36524
204,2,1,5,6,0,70,2,6,4,6,4,1,1,1,0.95891
204,2,1,5,6,0,71,12,6,4,6,14,2,2,1,0.33422
204,2,1,5,6,0,72,4,6,4,6,6,1,1,1,0.70251
204,2,1,5,6,0,73,12,6,4,6,14,2,2,1,0.35222
204,2,1,5,6,0,74,2,6,4,6,4,1,1,1,0.41691
204,2,1,5,6,0,75,7,5,4,6,10,2,2,1,1.7334
204,2,1,5,6,0,76,3,5,4,6,6,1,1,1,0.44687
204,2,1,5,6,0,77,10,6,4,6,12,2,2,1,0.31427
204,2,1,5,6,0,78,3,5,4,6,6,1,1,1,0.39613
204,2,1,5,6,0,79,5,5,4,6,8,1,1,1,1.4093
204,2,1,5,6,0,80,12,6,4,6,14,2,2,1,0.40735
204,2,1,5,6,0,81,2,6,4,6,4,1,1,1,0.37518
204,2,1,5,6,0,82,2,6,4,6,4,1,1,1,0.33748
204,2,1,5,6,0,83,8,6,4,6,10,2,2,1,0.39103
204,2,1,5,6,0,84,11,5,4,6,14,2,2,1,0.35683
204,2,1,5,6,0,85,10,6,4,6,12,2,2,1,1.9778
204,2,1,5,6,0,86,12,6,4,6,14,2,2,1,0.61816
204,2,1,5,6,0,87,11,5,4,6,14,2,2,1,1.3413
204,2,1,5,6,0,88,4,6,4,6,6,1,1,1,1.7517
204,2,1,5,6,0,89,2,6,4,6,4,1,1,1,0.52615
204,2,1,5,6,0,90,7,5,4,6,10,2,2,1,0.52497
204,2,1,5,6,0,91,1,5,4,6,4,1,1,1,0.96883
204,2,1,5,6,0,92,3,5,4,6,6,1,1,1,0.46973
204,2,1,5,6,0,93,4,6,4,6,6,1,1,1,0.36066
204,2,1,5,6,0,94,9,5,4,6,12,2,2,1,0.33584
204,2,1,5,6,0,95,8,6,4,6,10,2,2,1,0.37852
204,2,1,5,6,0,96,1,5,4,6,4,1,1,1,0.35904
204,2,1,5,6,0,97,9,5,4,6,12,2,2,1,0.40258
204,2,1,5,6,0,98,9,5,4,6,12,2,2,1,0.375
204,2,1,5,6,0,99,6,6,4,6,8,1,1,1,2.7605
204,2,1,5,6,0,100,10,6,4,6,12,2,2,1,0.4421
204,2,1,5,6,0,101,11,5,4,6,14,2,2,1,0.30103
204,2,1,5,6,0,102,8,6,4,6,10,2,2,1,0.31572
204,2,1,5,6,0,103,5,5,4,6,8,1,1,1,0.40923
204,2,1,5,6,0,104,12,6,4,6,14,2,2,1,0.32908
204,2,1,5,6,0,105,6,6,4,6,8,1,1,1,1.7704
204,2,1,5,6,0,106,4,6,4,6,6,1,1,1,0.37362
204,2,1,5,6,0,107,6,6,4,6,8,1,1,1,0.78106
204,2,1,5,6,0,108,4,6,4,6,6,1,1,1,0.42225
204,2,1,5,6,0,109,9,5,4,6,12,2,2,1,0.47989
204,2,1,5,6,0,110,4,6,4,6,6,1,1,1,0.4954
204,2,1,5,6,0,111,9,5,4,6,12,2,2,1,0.38277
204,2,1,5,6,0,112,8,6,4,6,10,2,2,1,0.95973
204,2,1,5,6,0,113,6,6,4,6,8,1,1,1,0.52833
204,2,1,5,6,0,114,9,5,4,6,12,2,2,1,0.32855
204,2,1,5,6,0,115,2,6,4,6,4,1,1,1,0.56559
204,2,1,5,6,0,116,6,6,4,6,8,1,1,1,1.2135
204,2,1,5,6,0,117,10,6,4,6,12,2,2,1,0.44131
204,2,1,5,6,0,118,10,6,4,6,12,2,2,1,0.40141
204,2,1,5,6,0,119,11,5,4,6,14,2,2,1,0.32629
204,2,1,5,6,0,120,8,6,4,6,10,2,2,1,0.59589
