202,2,2,2,1,1,8,80,10,2,1,0,2.9525
202,2,2,2,1,2,2,80,4,1,1,1,1.0756
202,2,2,2,1,3,6,80,8,1,1,1,1.3983
202,2,2,2,1,4,12,80,14,2,2,1,0.95279
202,2,2,2,1,5,6,80,8,1,1,1,1.3627
202,2,2,2,1,6,4,80,6,1,1,1,1.2412
202,2,2,2,1,7,10,80,12,2,2,1,0.91006
202,2,2,2,1,8,10,80,12,2,2,1,1.2506
202,2,2,2,1,9,12,80,14,2,2,1,1.1844
202,2,2,2,1,10,2,80,4,1,1,1,0.95251
202,2,2,2,1,11,12,80,14,2,2,1,2.4197
202,2,2,2,1,12,2,80,4,1,1,1,0.97533
202,2,2,2,1,13,4,80,6,1,1,1,1.5937
202,2,2,2,1,14,4,80,6,1,1,1,1.3032
202,2,2,2,1,15,10,80,12,2,2,1,1.0118
202,2,2,2,1,16,8,80,10,2,2,1,1.0962
202,2,2,2,1,17,4,80,6,1,1,1,1.2503
202,2,2,2,1,18,8,80,10,2,2,1,1.7359
202,2,2,2,1,19,10,80,12,2,2,1,1.4233
202,2,2,2,1,20,2,80,4,1,1,1,1.0233
202,2,2,2,1,21,12,80,14,2,2,1,0.9952
202,2,2,2,1,22,6,80,8,1,1,1,1.8569
202,2,2,2,1,23,8,80,10,2,2,1,1.1115
202,2,2,2,1,24,6,80,8,1,1,1,1.4856
202,2,2,2,0,1,8,80,10,2,2,1,2.7
202,2,2,2,0,2,6,80,8,1,1,1,1.0415
202,2,2,2,0,3,12,80,14,2,2,1,0.77924
202,2,2,2,0,4,10,80,12,2,2,1,1.1393
202,2,2,2,0,5,12,80,14,2,2,1,0.93123
202,2,2,2,0,6,10,80,12,2,2,1,1.0373
202,2,2,2,0,7,4,80,6,1,1,1,0.92006
202,2,2,2,0,8,8,80,10,2,2,1,1.1749
202,2,2,2,0,9,12,80,14,2,2,1,0.98815
202,2,2,2,0,10,12,80,14,2,2,1,0.88336
202,2,2,2,0,11,10,80,12,2,2,1,0.93677
202,2,2,2,0,12,12,80,14,2,2,1,0.95656
202,2,2,2,0,13,12,80,14,2,2,1,0.94369
202,2,2,2,0,14,10,80,12,2,2,1,1.2889
202,2,2,2,0,15,12,80,14,2,2,1,0.85252
202,2,2,2,0,16,6,80,8,1,1,1,1.4276
202,2,2,2,0,17,8,80,10,2,2,1,1.0682
202,2,2,2,0,18,4,80,6,1,1,1,0.95596
202,2,2,2,0,19,12,80,14,2,2,1,0.87313
202,2,2,2,0,20,6,80,8,1,1,1,1.1967
202,2,2,2,0,21,4,80,6,1,1,1,1.0138
202,2,2,2,0,22,10,80,12,2,2,1,0.93434
202,2,2,2,0,23,8,80,10,2,2,1,1.0773
202,2,2,2,0,24,2,80,4,1,1,1,0.90887
202,2,2,2,0,25,6,80,8,1,1,1,1.3389
202,2,2,2,0,26,4,80,6,1,1,1,1.1043
202,2,2,2,0,27,4,80,6,1,1,1,1.3671
202,2,2,2,0,28,2,80,4,1,1,1,1.033
202,2,2,2,0,29,12,80,14,2,2,1,1.0674
202,2,2,2,0,30,8,80,10,2,2,1,3.5891
202,2,2,2,0,31,6,80,8,1,1,1,1.5085
202,2,2,2,0,32,2,80,4,1,1,1,0.99721
202,2,2,2,0,33,10,80,12,2,2,1,0.9377
202,2,2,2,0,34,10,80,12,2,2,1,1.0397
202,2,2,2,0,35,6,80,8,1,1,1,1.2546
202,2,2,2,0,36,4,80,6,1,1,1,1.494
202,2,2,2,0,37,8,80,10,2,1,0,2.4532
202,2,2,2,0,38,2,80,4,1,1,1,0.89789
202,2,2,2,0,39,8,80,10,2,1,0,2.601
202,2,2,2,0,40,2,80,4,1,1,1,0.89596
202,2,2,2,0,41,10,80,12,2,2,1,0.76864
202,2,2,2,0,42,6,80,8,1,1,1,2.8039
202,2,2,2,0,43,4,80,6,1,1,1,0.89826
202,2,2,2,0,44,2,80,4,1,1,1,0.98378
202,2,2,2,0,45,8,80,10,2,2,1,0.9432
202,2,2,2,0,46,6,80,8,1,2,0,0.85053
202,2,2,2,0,47,6,80,8,1,1,1,1.0507
202,2,2,2,0,48,8,80,10,2,2,1,2.5636
202,2,2,2,0,49,10,80,12,2,2,1,1.0027
202,2,2,2,0,50,4,80,6,1,1,1,0.96202
202,2,2,2,0,51,2,80,4,1,1,1,1.022
202,2,2,2,0,52,2,80,4,1,1,1,1.0443
202,2,2,2,0,53,2,80,4,1,1,1,1.3159
202,2,2,2,0,54,12,80,14,2,2,1,1.013
202,2,2,2,0,55,4,80,6,1,1,1,0.91377
202,2,2,2,0,56,2,80,4,1,1,1,1.0295
202,2,2,2,0,57,6,80,8,1,1,1,1.2704
202,2,2,2,0,58,2,80,4,1,1,1,1.1324
202,2,2,2,0,59,2,80,4,1,1,1,1.2281
202,2,2,2,0,60,6,80,8,1,1,1,1.0157
202,2,2,2,0,61,2,80,4,1,1,1,0.63383
202,2,2,2,0,62,8,80,10,2,2,1,0.92703
202,2,2,2,0,63,10,80,12,2,2,1,0.90505
202,2,2,2,0,64,4,80,6,1,1,1,1.1019
202,2,2,2,0,65,12,80,14,2,2,1,0.73286
202,2,2,2,0,66,8,80,10,2,2,1,1.6865
202,2,2,2,0,67,12,80,14,2,2,1,0.65668
202,2,2,2,0,68,8,80,10,2,2,1,0.77587
202,2,2,2,0,69,8,80,10,2,2,1,0.60509
202,2,2,2,0,70,4,80,6,1,1,1,2.048
202,2,2,2,0,71,10,80,12,2,2,1,0.97535
202,2,2,2,0,72,4,80,6,1,1,1,1.0574
202,2,2,2,0,73,6,80,8,1,1,1,0.88148
202,2,2,2,0,74,8,80,10,2,2,1,1.3438
202,2,2,2,0,75,4,80,6,1,1,1,0.86711
202,2,2,2,0,76,10,80,12,2,2,1,2.0579
202,2,2,2,0,77,8,80,10,2,1,0,0.96034
202,2,2,2,0,78,2,80,4,1,1,1,0.67535
202,2,2,2,0,79,10,80,12,2,2,1,0.49296
202,2,2,2,0,80,12,80,14,2,2,1,0.53914
202,2,2,2,0,81,6,80,8,1,1,1,1.8093
202,2,2,2,0,82,6,80,8,1,1,1,0.65763
202,2,2,2,0,83,10,80,12,2,2,1,0.61517
202,2,2,2,0,84,2,80,4,1,1,1,0.69015
202,2,2,2,0,85,2,80,4,1,1,1,0.80332
202,2,2,2,0,86,10,80,12,2,2,1,0.87436
202,2,2,2,0,87,6,80,8,1,1,1,1.2394
202,2,2,2,0,88,8,80,10,2,2,1,1.0231
202,2,2,2,0,89,10,80,12,2,2,1,0.59457
202,2,2,2,0,90,2,80,4,1,1,1,0.77317
202,2,2,2,0,91,4,80,6,1,1,1,0.73225
202,2,2,2,0,92,8,80,10,2,2,1,0.61153
202,2,2,2,0,93,12,80,14,2,2,1,0.80013
202,2,2,2,0,94,6,80,8,1,1,1,2.0142
202,2,2,2,0,95,6,80,8,1,1,1,0.7589
202,2,2,2,0,96,8,80,10,2,1,0,1.0057
202,2,2,2,0,97,4,80,6,1,1,1,0.90153
202,2,2,2,0,98,4,80,6,1,1,1,0.91468
202,2,2,2,0,99,2,80,4,1,1,1,0.78133
202,2,2,2,0,100,8,80,10,2,2,1,0.79605
202,2,2,2,0,101,12,80,14,2,2,1,0.61877
202,2,2,2,0,102,12,80,14,2,2,1,0.41056
202,2,2,2,0,103,10,80,12,2,2,1,0.37181
202,2,2,2,0,104,12,80,14,2,2,1,0.47358
202,2,2,2,0,105,12,80,14,2,2,1,0.44818
202,2,2,2,0,106,10,80,12,2,2,1,0.3795
202,2,2,2,0,107,2,80,4,1,1,1,0.8407
202,2,2,2,0,108,4,80,6,1,1,1,0.78053
202,2,2,2,0,109,4,80,6,1,1,1,0.63516
202,2,2,2,0,110,4,80,6,1,1,1,1.036
202,2,2,2,0,111,6,80,8,1,2,0,1.2049
202,2,2,2,0,112,8,80,10,2,2,1,2.1044
202,2,2,2,0,113,6,80,8,1,1,1,0.81345
202,2,2,2,0,114,10,80,12,2,2,1,0.81513
202,2,2,2,0,115,2,80,4,1,1,1,0.5285
202,2,2,2,0,116,10,80,12,2,2,1,0.53419
202,2,2,2,0,117,4,80,6,1,1,1,0.60094
202,2,2,2,0,118,12,80,14,2,2,1,0.59985
202,2,2,2,0,119,12,80,14,2,2,1,0.47771
202,2,2,2,0,120,6,80,8,1,1,1,0.58908
202,2,2,1,1,1,9,60,12,2,2,1,0.91796
202,2,2,1,1,2,9,60,12,2,2,1,0.77175
202,2,2,1,1,3,11,60,14,2,2,1,0.9222
202,2,2,1,1,4,1,60,4,1,1,1,1.0714
202,2,2,1,1,5,9,60,12,2,2,1,0.7871
202,2,2,1,1,6,5,60,8,1,1,1,0.74822
202,2,2,1,1,7,5,60,8,1,1,1,0.8505
202,2,2,1,1,8,1,60,4,1,1,1,0.9222
202,2,2,1,1,9,3,60,6,1,1,1,0.82134
202,2,2,1,1,10,1,60,4,1,1,1,1.0709
202,2,2,1,1,11,7,60,10,2,2,1,0.91491
202,2,2,1,1,12,11,60,14,2,2,1,0.96467
202,2,2,1,1,13,9,60,12,2,2,1,0.99668
202,2,2,1,1,14,3,60,6,1,1,1,1.9808
202,2,2,1,1,15,11,60,14,2,2,1,1.4374
202,2,2,1,1,16,5,60,8,1,2,0,4.4549
202,2,2,1,1,17,7,60,10,2,2,1,2.2566
202,2,2,1,1,18,3,60,6,1,1,1,0.83576
202,2,2,1,1,19,11,60,14,2,2,1,1.0478
202,2,2,1,1,20,3,60,6,1,1,1,1.7137
202,2,2,1,1,21,7,60,10,2,2,1,1.8373
202,2,2,1,1,22,7,60,10,2,2,1,1.35
202,2,2,1,1,23,1,60,4,1,1,1,0.97615
202,2,2,1,1,24,5,60,8,1,2,0,1.773
202,2,2,1,0,1,11,60,14,2,2,1,1.11
202,2,2,1,0,2,1,60,4,1,1,1,1.3843
202,2,2,1,0,3,9,60,12,2,2,1,0.56436
202,2,2,1,0,4,5,60,8,1,1,1,0.81044
202,2,2,1,0,5,3,60,6,1,1,1,0.99884
202,2,2,1,0,6,5,60,8,1,1,1,0.57496
202,2,2,1,0,7,3,60,6,1,1,1,0.58403
202,2,2,1,0,8,11,60,14,2,2,1,0.40346
202,2,2,1,0,9,11,60,14,2,2,1,0.47942
202,2,2,1,0,10,1,60,4,1,1,1,0.76774
202,2,2,1,0,11,1,60,4,1,1,1,1.4902
202,2,2,1,0,12,5,60,8,1,1,1,0.94701
202,2,2,1,0,13,5,60,8,1,1,1,0.64159
202,2,2,1,0,14,7,60,10,2,2,1,0.71477
202,2,2,1,0,15,7,60,10,2,2,1,0.9652
202,2,2,1,0,16,3,60,6,1,1,1,0.5796
202,2,2,1,0,17,3,60,6,1,1,1,0.60782
202,2,2,1,0,18,9,60,12,2,2,1,0.74938
202,2,2,1,0,19,9,60,12,2,2,1,0.59552
202,2,2,1,0,20,11,60,14,2,2,1,0.42675
202,2,2,1,0,21,9,60,12,2,2,1,0.50926
202,2,2,1,0,22,7,60,10,2,2,1,0.97876
202,2,2,1,0,23,3,60,6,1,1,1,0.87362
202,2,2,1,0,24,7,60,10,2,1,0,0.963
202,2,2,1,0,25,1,60,4,1,1,1,0.63757
202,2,2,1,0,26,7,60,10,2,2,1,2.9961
202,2,2,1,0,27,3,60,6,1,1,1,0.6756
202,2,2,1,0,28,9,60,12,2,2,1,0.46773
202,2,2,1,0,29,11,60,14,2,2,1,0.82729
202,2,2,1,0,30,7,60,10,2,2,1,1.7597
202,2,2,1,0,31,11,60,14,2,2,1,0.57756
202,2,2,1,0,32,9,60,12,2,2,1,0.84392
202,2,2,1,0,33,7,60,10,2,2,1,3.1482
202,2,2,1,0,34,1,60,4,1,1,1,0.57196
202,2,2,1,0,35,3,60,6,1,1,1,1.3069
202,2,2,1,0,36,1,60,4,1,1,1,0.57496
202,2,2,1,0,37,5,60,8,1,1,1,1.0215
202,2,2,1,0,38,1,60,4,1,1,1,0.55615
202,2,2,1,0,39,11,60,14,2,2,1,0.46605
202,2,2,1,0,40,9,60,12,2,2,1,0.56751
202,2,2,1,0,41,11,60,14,2,2,1,0.50738
202,2,2,1,0,42,9,60,12,2,2,1,0.46527
202,2,2,1,0,43,3,60,6,1,1,1,0.91036
202,2,2,1,0,44,7,60,10,2,2,1,2.1349
202,2,2,1,0,45,5,60,8,1,1,1,0.60765
202,2,2,1,0,46,9,60,12,2,2,1,0.49363
202,2,2,1,0,47,3,60,6,1,1,1,0.74563
202,2,2,1,0,48,5,60,8,1,1,1,0.72096
202,2,2,1,0,49,3,60,6,1,1,1,0.51281
202,2,2,1,0,50,5,60,8,1,1,1,0.51005
202,2,2,1,0,51,5,60,8,1,1,1,0.69314
202,2,2,1,0,52,5,60,8,1,1,1,0.56262
202,2,2,1,0,53,9,60,12,2,2,1,0.58496
202,2,2,1,0,54,5,60,8,1,1,1,2.484
202,2,2,1,0,55,9,60,12,2,2,1,0.5547
202,2,2,1,0,56,9,60,12,2,2,1,0.56185
202,2,2,1,0,57,5,60,8,1,1,1,1.1492
202,2,2,1,0,58,7,60,10,2,2,1,0.98841
202,2,2,1,0,59,9,60,12,2,2,1,0.5117
202,2,2,1,0,60,11,60,14,2,2,1,0.41687
202,2,2,1,0,61,7,60,10,2,2,1,0.45537
202,2,2,1,0,62,1,60,4,1,1,1,0.68312
202,2,2,1,0,63,1,60,4,1,1,1,0.70463
202,2,2,1,0,64,7,60,10,2,2,1,0.61855
202,2,2,1,0,65,3,60,6,1,1,1,0.63904
202,2,2,1,0,66,11,60,14,2,2,1,0.44694
202,2,2,1,0,67,5,60,8,1,1,1,0.7003
202,2,2,1,0,68,5,60,8,1,1,1,1.5364
202,2,2,1,0,69,11,60,14,2,2,1,1.4418
202,2,2,1,0,70,5,60,8,1,1,1,2.3698
202,2,2,1,0,71,9,60,12,2,2,1,0.7309
202,2,2,1,0,72,3,60,6,1,1,1,0.4965
202,2,2,1,0,73,7,60,10,2,2,1,0.79215
202,2,2,1,0,74,7,60,10,2,2,1,0.51918
202,2,2,1,0,75,11,60,14,2,2,1,0.38801
202,2,2,1,0,76,1,60,4,1,1,1,0.5385
202,2,2,1,0,77,3,60,6,1,1,1,0.45962
202,2,2,1,0,78,1,60,4,1,1,1,0.55028
202,2,2,1,0,79,5,60,8,1,1,1,0.57821
202,2,2,1,0,80,3,60,6,1,1,1,0.41802
202,2,2,1,0,81,11,60,14,2,2,1,1.0831
202,2,2,1,0,82,1,60,4,1,1,1,0.55912
202,2,2,1,0,83,1,60,4,1,1,1,1.0879
202,2,2,1,0,84,3,60,6,1,1,1,0.43495
202,2,2,1,0,85,11,60,14,2,2,1,0.7457
202,2,2,1,0,86,11,60,14,2,2,1,0.66313
202,2,2,1,0,87,7,60,10,2,2,1,0.76072
202,2,2,1,0,88,7,60,10,2,2,1,0.48717
202,2,2,1,0,89,11,60,14,2,2,1,0.70857
202,2,2,1,0,90,7,60,10,2,2,1,0.69842
202,2,2,1,0,91,9,60,12,2,2,1,0.42507
202,2,2,1,0,92,7,60,10,2,2,1,0.95932
202,2,2,1,0,93,7,60,10,2,2,1,0.54631
202,2,2,1,0,94,1,60,4,1,1,1,0.48503
202,2,2,1,0,95,1,60,4,1,1,1,0.51055
202,2,2,1,0,96,3,60,6,1,1,1,0.44661
202,2,2,1,0,97,9,60,12,2,2,1,0.88511
202,2,2,1,0,98,3,60,6,1,1,1,1.3979
202,2,2,1,0,99,1,60,4,1,1,1,0.53319
202,2,2,1,0,100,1,60,4,1,1,1,0.74387
202,2,2,1,0,101,5,60,8,1,1,1,1.1809
202,2,2,1,0,102,9,60,12,2,2,1,0.65874
202,2,2,1,0,103,11,60,14,2,2,1,0.5814
202,2,2,1,0,104,9,60,12,2,2,1,0.57606
202,2,2,1,0,105,3,60,6,1,1,1,0.82922
202,2,2,1,0,106,9,60,12,2,2,1,0.42556
202,2,2,1,0,107,1,60,4,1,1,1,0.57285
202,2,2,1,0,108,1,60,4,1,1,1,1.0805
202,2,2,1,0,109,11,60,14,2,2,1,0.53177
202,2,2,1,0,110,7,60,10,2,2,1,0.78655
202,2,2,1,0,111,5,60,8,1,2,0,0.99461
202,2,2,1,0,112,3,60,6,1,1,1,0.5146
202,2,2,1,0,113,11,60,14,2,2,1,0.4332
202,2,2,1,0,114,7,60,10,2,2,1,0.78581
202,2,2,1,0,115,3,60,6,1,1,1,0.48274
202,2,2,1,0,116,5,60,8,1,1,1,0.56309
202,2,2,1,0,117,11,60,14,2,2,1,0.44109
202,2,2,1,0,118,9,60,12,2,2,1,0.50266
202,2,2,1,0,119,1,60,4,1,1,1,0.54242
202,2,2,1,0,120,5,60,8,1,1,1,1.9556
202,2,2,3,1,1,5,60,8,1,2,0,4.6469
202,2,2,3,1,2,10,80,12,2,2,1,0.57048
202,2,2,3,1,3,8,80,10,2,2,1,2.6392
202,2,2,3,1,4,8,80,10,2,2,1,0.91172
202,2,2,3,1,5,1,60,4,1,1,1,0.83574
202,2,2,3,1,6,12,80,14,2,2,1,1.0772
202,2,2,3,1,7,5,60,8,1,1,1,1.351
202,2,2,3,1,8,1,60,4,1,1,1,0.80772
202,2,2,3,1,9,8,80,10,2,2,1,0.92683
202,2,2,3,1,10,3,60,6,1,1,1,0.59043
202,2,2,3,1,11,12,80,14,2,2,1,0.53134
202,2,2,3,1,12,5,60,8,1,1,1,0.51888
202,2,2,3,1,13,3,60,6,1,1,1,0.67878
202,2,2,3,1,14,10,80,12,2,2,1,0.54024
202,2,2,3,1,15,5,60,8,1,1,1,1.2477
202,2,2,3,1,16,10,80,12,2,2,1,1.1645
202,2,2,3,1,17,12,80,14,2,2,1,0.58847
202,2,2,3,1,18,3,60,6,1,1,1,0.59544
202,2,2,3,1,19,8,80,10,2,2,1,2.979
202,2,2,3,1,20,3,60,6,1,1,1,0.57934
202,2,2,3,1,21,12,80,14,2,2,1,0.42443
202,2,2,3,1,22,10,80,12,2,2,1,0.75641
202,2,2,3,1,23,1,60,4,1,1,1,0.51861
202,2,2,3,1,24,1,60,4,1,1,1,0.58009
202,2,2,3,0,1,10,80,12,2,2,1,0.43417
202,2,2,3,0,2,8,80,10,2,1,0,1.5591
202,2,2,3,0,3,10,80,12,2,2,1,0.35283
202,2,2,3,0,4,3,60,6,1,1,1,0.49297
202,2,2,3,0,5,12,80,14,2,2,1,0.47943
202,2,2,3,0,6,8,80,10,2,2,1,1.3328
202,2,2,3,0,7,3,60,6,1,1,1,0.63494
202,2,2,3,0,8,1,60,4,1,1,1,1.31
202,2,2,3,0,9,5,60,8,1,1,1,2.7265
202,2,2,3,0,10,8,80,10,2,2,1,0.61915
202,2,2,3,0,11,3,60,6,1,1,1,0.79076
202,2,2,3,0,12,1,60,4,1,1,1,0.60072
202,2,2,3,0,13,1,60,4,1,1,1,0.59899
202,2,2,3,0,14,12,80,14,2,2,1,0.47926
202,2,2,3,0,15,8,80,10,2,2,1,4.5287
202,2,2,3,0,16,12,80,14,2,2,1,0.40342
202,2,2,3,0,17,8,80,10,2,2,1,0.65742
202,2,2,3,0,18,5,60,8,1,1,1,0.69654
202,2,2,3,0,19,12,80,14,2,2,1,0.53219
202,2,2,3,0,20,10,80,12,2,2,1,0.45984
202,2,2,3,0,21,3,60,6,1,1,1,0.53708
202,2,2,3,0,22,8,80,10,2,2,1,0.67102
202,2,2,3,0,23,8,80,10,2,2,1,0.69557
202,2,2,3,0,24,12,80,14,2,2,1,0.68523
202,2,2,3,0,25,5,60,8,1,1,1,0.81958
202,2,2,3,0,26,12,80,14,2,2,1,0.38832
202,2,2,3,0,27,12,80,14,2,2,1,0.47052
202,2,2,3,0,28,5,60,8,1,1,1,0.9675
202,2,2,3,0,29,12,80,14,2,2,1,0.4311
202,2,2,3,0,30,10,80,12,2,2,1,0.47078
202,2,2,3,0,31,10,80,12,2,2,1,0.53803
202,2,2,3,0,32,5,60,8,1,1,1,0.67154
202,2,2,3,0,33,10,80,12,2,2,1,0.48721
202,2,2,3,0,34,1,60,4,1,1,1,0.5445
202,2,2,3,0,35,10,80,12,2,2,1,0.49572
202,2,2,3,0,36,8,80,10,2,2,1,0.63947
202,2,2,3,0,37,3,60,6,1,1,1,0.56965
202,2,2,3,0,38,3,60,6,1,1,1,0.70782
202,2,2,3,0,39,5,60,8,1,1,1,0.61756
202,2,2,3,0,40,3,60,6,1,1,1,0.58243
202,2,2,3,0,41,10,80,12,2,2,1,0.44521
202,2,2,3,0,42,5,60,8,1,2,0,0.56356
202,2,2,3,0,43,5,60,8,1,1,1,0.93989
202,2,2,3,0,44,5,60,8,1,1,1,0.54214
202,2,2,3,0,45,1,60,4,1,1,1,0.49178
202,2,2,3,0,46,1,60,4,1,1,1,0.42505
202,2,2,3,0,47,1,60,4,1,1,1,0.44663
202,2,2,3,0,48,8,80,10,2,2,1,1.1499
202,2,2,3,0,49,3,60,6,1,1,1,0.7005
202,2,2,3,0,50,3,60,6,1,1,1,0.55567
202,2,2,3,0,51,3,60,6,1,1,1,0.45697
202,2,2,3,0,52,3,60,6,1,1,1,0.57956
202,2,2,3,0,53,1,60,4,1,1,1,0.45543
202,2,2,3,0,54,3,60,6,1,1,1,0.44352
202,2,2,3,0,55,10,80,12,2,2,1,0.48395
202,2,2,3,0,56,8,80,10,2,2,1,0.33297
202,2,2,3,0,57,8,80,10,2,2,1,0.91463
202,2,2,3,0,58,12,80,14,2,2,1,0.44312
202,2,2,3,0,59,10,80,12,2,2,1,0.40183
202,2,2,3,0,60,1,60,4,1,1,1,0.54292
202,2,2,3,0,61,10,80,12,2,2,1,0.60704
202,2,2,3,0,62,10,80,12,2,2,1,0.47773
202,2,2,3,0,63,12,80,14,2,2,1,0.44623
202,2,2,3,0,64,5,60,8,1,1,1,1.0896
202,2,2,3,0,65,5,60,8,1,1,1,0.5936
202,2,2,3,0,66,3,60,6,1,1,1,0.56295
202,2,2,3,0,67,10,80,12,2,2,1,0.53015
202,2,2,3,0,68,12,80,14,2,2,1,0.46036
202,2,2,3,0,69,8,80,10,2,2,1,2.8275
202,2,2,3,0,70,1,60,4,1,1,1,0.53027
202,2,2,3,0,71,12,80,14,2,2,1,0.72508
202,2,2,3,0,72,10,80,12,2,2,1,0.51893
202,2,2,3,0,73,1,60,4,1,1,1,0.74868
202,2,2,3,0,74,5,60,8,1,2,0,2.9455
202,2,2,3,0,75,12,80,14,2,2,1,0.40951
202,2,2,3,0,76,10,80,12,2,2,1,0.48191
202,2,2,3,0,77,1,60,4,1,1,1,0.53589
202,2,2,3,0,78,12,80,14,2,2,1,1.9395
202,2,2,3,0,79,5,60,8,1,1,1,1.6819
202,2,2,3,0,80,3,60,6,1,1,1,0.61636
202,2,2,3,0,81,1,60,4,1,1,1,0.53507
202,2,2,3,0,82,8,80,10,2,2,1,1.2599
202,2,2,3,0,83,1,60,4,1,2,0,0.52173
202,2,2,3,0,84,10,80,12,2,2,1,0.87709
202,2,2,3,0,85,5,60,8,1,1,1,1.6861
202,2,2,3,0,86,12,80,14,2,2,1,0.40445
202,2,2,3,0,87,10,80,12,2,2,1,0.52121
202,2,2,3,0,88,10,80,12,2,2,1,0.44739
202,2,2,3,0,89,1,60,4,1,1,1,0.4925
202,2,2,3,0,90,8,80,10,2,2,1,0.51783
202,2,2,3,0,91,5,60,8,1,1,1,1.9244
202,2,2,3,0,92,5,60,8,1,1,1,0.65231
202,2,2,3,0,93,3,60,6,1,1,1,0.77062
202,2,2,3,0,94,5,60,8,1,1,1,0.8119
202,2,2,3,0,95,12,80,14,2,2,1,0.39499
202,2,2,3,0,96,5,60,8,1,1,1,0.56455
202,2,2,3,0,97,12,80,14,2,2,1,0.71448
202,2,2,3,0,98,8,80,10,2,2,1,1.5365
202,2,2,3,0,99,8,80,10,2,2,1,0.5164
202,2,2,3,0,100,8,80,10,2,2,1,0.48682
202,2,2,3,0,101,3,60,6,1,1,1,0.51723
202,2,2,3,0,102,12,80,14,2,2,1,0.45417
202,2,2,3,0,103,8,80,10,2,1,0,0.67544
202,2,2,3,0,104,10,80,12,2,2,1,0.67152
202,2,2,3,0,105,5,60,8,1,1,1,0.48526
202,2,2,3,0,106,1,60,4,1,1,1,0.69836
202,2,2,3,0,107,1,60,4,1,1,1,0.74548
202,2,2,3,0,108,3,60,6,1,1,1,0.74417
202,2,2,3,0,109,1,60,4,1,1,1,1.104
202,2,2,3,0,110,5,60,8,1,1,1,3.5348
202,2,2,3,0,111,1,60,4,1,1,1,0.5577
202,2,2,3,0,112,8,80,10,2,2,1,0.88316
202,2,2,3,0,113,8,80,10,2,2,1,0.49969
202,2,2,3,0,114,12,80,14,2,2,1,0.4709
202,2,2,3,0,115,1,60,4,1,1,1,0.63527
202,2,2,3,0,116,10,80,12,2,2,1,0.79307
202,2,2,3,0,117,12,80,14,2,2,1,0.49318
202,2,2,3,0,118,3,60,6,1,1,1,0.98389
202,2,2,3,0,119,3,60,6,1,1,1,0.97434
202,2,2,3,0,120,3,60,6,1,1,1,0.57439
202,2,2,4,1,1,9,60,12,2,2,1,2.1496
202,2,2,4,1,2,11,60,14,2,2,1,0.42668
202,2,2,4,1,3,2,80,4,1,1,1,0.52334
202,2,2,4,1,4,6,80,8,1,2,0,1.5989
202,2,2,4,1,5,7,60,10,2,2,1,0.81876
202,2,2,4,1,6,2,80,4,1,1,1,0.56339
202,2,2,4,1,7,6,80,8,1,1,1,1.1481
202,2,2,4,1,8,11,60,14,2,2,1,0.42303
202,2,2,4,1,9,9,60,12,2,2,1,0.36306
202,2,2,4,1,10,9,60,12,2,2,1,0.51154
202,2,2,4,1,11,7,60,10,2,2,1,0.5633
202,2,2,4,1,12,9,60,12,2,2,1,0.41703
202,2,2,4,1,13,4,80,6,1,1,1,0.6721
202,2,2,4,1,14,4,80,6,1,1,1,0.76162
202,2,2,4,1,15,7,60,10,2,1,0,4.7982
202,2,2,4,1,16,7,60,10,2,2,1,0.5617
202,2,2,4,1,17,11,60,14,2,2,1,0.39119
202,2,2,4,1,18,2,80,4,1,1,1,0.60482
202,2,2,4,1,19,2,80,4,1,1,1,0.52974
202,2,2,4,1,20,6,80,8,1,1,1,0.54681
202,2,2,4,1,21,4,80,6,1,1,1,0.40478
202,2,2,4,1,22,11,60,14,2,2,1,0.53541
202,2,2,4,1,23,6,80,8,1,1,1,1.0398
202,2,2,4,1,24,4,80,6,1,1,1,0.52597
202,2,2,4,0,1,4,80,6,1,1,1,1.3023
202,2,2,4,0,2,9,60,12,2,2,1,0.47618
202,2,2,4,0,3,9,60,12,2,2,1,0.54394
202,2,2,4,0,4,6,80,8,1,1,1,0.76131
202,2,2,4,0,5,2,80,4,1,2,0,0.89667
202,2,2,4,0,6,9,60,12,2,2,1,0.49828
202,2,2,4,0,7,9,60,12,2,2,1,0.49124
202,2,2,4,0,8,7,60,10,2,2,1,0.83936
202,2,2,4,0,9,2,80,4,1,1,1,0.55087
202,2,2,4,0,10,2,80,4,1,1,1,0.5204
202,2,2,4,0,11,9,60,12,2,2,1,0.63614
202,2,2,4,0,12,11,60,14,2,2,1,0.62414
202,2,2,4,0,13,11,60,14,2,2,1,1.1831
202,2,2,4,0,14,6,80,8,1,1,1,1.0428
202,2,2,4,0,15,9,60,12,2,2,1,0.35381
202,2,2,4,0,16,11,60,14,2,2,1,0.5021
202,2,2,4,0,17,6,80,8,1,1,1,0.47364
202,2,2,4,0,18,2,80,4,1,1,1,0.69736
202,2,2,4,0,19,4,80,6,1,1,1,0.46351
202,2,2,4,0,20,2,80,4,1,1,1,0.51291
202,2,2,4,0,21,2,80,4,1,1,1,0.44106
202,2,2,4,0,22,11,60,14,2,2,1,0.76708
202,2,2,4,0,23,9,60,12,2,2,1,0.39731
202,2,2,4,0,24,4,80,6,1,1,1,1.055
202,2,2,4,0,25,4,80,6,1,1,1,0.50986
202,2,2,4,0,26,7,60,10,2,2,1,1.4117
202,2,2,4,0,27,11,60,14,2,2,1,0.39854
202,2,2,4,0,28,9,60,12,2,2,1,0.35966
202,2,2,4,0,29,7,60,10,2,2,1,0.2866
202,2,2,4,0,30,6,80,8,1,1,1,0.73146
202,2,2,4,0,31,11,60,14,2,2,1,0.44436
202,2,2,4,0,32,2,80,4,1,1,1,0.48971
202,2,2,4,0,33,7,60,10,2,2,1,0.72271
202,2,2,4,0,34,2,80,4,1,1,1,0.56214
202,2,2,4,0,35,6,80,8,1,2,0,0.7274
202,2,2,4,0,36,2,80,4,1,1,1,0.51781
202,2,2,4,0,37,6,80,8,1,1,1,1.8941
202,2,2,4,0,38,6,80,8,1,1,1,0.77878
202,2,2,4,0,39,2,80,4,1,1,1,0.53985
202,2,2,4,0,40,2,80,4,1,1,1,0.42654
202,2,2,4,0,41,7,60,10,2,2,1,0.99842
202,2,2,4,0,42,6,80,8,1,2,0,0.73583
202,2,2,4,0,43,9,60,12,2,2,1,0.50447
202,2,2,4,0,44,4,80,6,1,1,1,0.50852
202,2,2,4,0,45,9,60,12,2,2,1,0.38698
202,2,2,4,0,46,7,60,10,2,2,1,3.0814
202,2,2,4,0,47,6,80,8,1,1,1,0.60725
202,2,2,4,0,48,6,80,8,1,1,1,0.65927
202,2,2,4,0,49,4,80,6,1,1,1,0.72634
202,2,2,4,0,50,7,60,10,2,1,0,1.2394
202,2,2,4,0,51,4,80,6,1,1,1,2.0761
202,2,2,4,0,52,6,80,8,1,1,1,0.55499
202,2,2,4,0,53,11,60,14,2,2,1,0.47428
202,2,2,4,0,54,7,60,10,2,2,1,2.8909
202,2,2,4,0,55,9,60,12,2,2,1,0.49374
202,2,2,4,0,56,4,80,6,1,1,1,0.50482
202,2,2,4,0,57,7,60,10,2,2,1,0.71064
202,2,2,4,0,58,11,60,14,2,2,1,0.63909
202,2,2,4,0,59,9,60,12,2,2,1,0.48847
202,2,2,4,0,60,2,80,4,1,1,1,0.57767
202,2,2,4,0,61,7,60,10,2,2,1,0.67889
202,2,2,4,0,62,4,80,6,1,1,1,0.54408
202,2,2,4,0,63,6,80,8,1,1,1,2.7556
202,2,2,4,0,64,4,80,6,1,1,1,0.55934
202,2,2,4,0,65,6,80,8,1,1,1,0.50764
202,2,2,4,0,66,6,80,8,1,1,1,0.63896
202,2,2,4,0,67,4,80,6,1,1,1,0.47717
202,2,2,4,0,68,11,60,14,2,2,1,0.44954
202,2,2,4,0,69,9,60,12,2,2,1,0.38742
202,2,2,4,0,70,4,80,6,1,1,1,0.69714
202,2,2,4,0,71,7,60,10,2,2,1,1.2909
202,2,2,4,0,72,7,60,10,2,2,1,0.55665
202,2,2,4,0,73,11,60,14,2,2,1,0.38406
202,2,2,4,0,74,9,60,12,2,2,1,0.46375
202,2,2,4,0,75,9,60,12,2,2,1,0.31277
202,2,2,4,0,76,2,80,4,1,2,0,0.48288
202,2,2,4,0,77,7,60,10,2,2,1,0.58767
202,2,2,4,0,78,11,60,14,2,2,1,0.47254
202,2,2,4,0,79,7,60,10,2,2,1,0.85449
202,2,2,4,0,80,4,80,6,1,1,1,0.54132
202,2,2,4,0,81,6,80,8,1,1,1,0.69736
202,2,2,4,0,82,9,60,12,2,2,1,0.56941
202,2,2,4,0,83,7,60,10,2,2,1,0.82525
202,2,2,4,0,84,2,80,4,1,1,1,0.79651
202,2,2,4,0,85,4,80,6,1,1,1,0.59005
202,2,2,4,0,86,4,80,6,1,1,1,4.0592
202,2,2,4,0,87,7,60,10,2,2,1,1.0263
202,2,2,4,0,88,7,60,10,2,2,1,0.70299
202,2,2,4,0,89,7,60,10,2,2,1,0.41332
202,2,2,4,0,90,11,60,14,2,2,1,0.68541
202,2,2,4,0,91,11,60,14,2,2,1,0.71195
202,2,2,4,0,92,7,60,10,2,2,1,0.68745
202,2,2,4,0,93,11,60,14,2,2,1,0.40951
202,2,2,4,0,94,2,80,4,1,1,1,0.89178
202,2,2,4,0,95,4,80,6,1,1,1,0.55206
202,2,2,4,0,96,4,80,6,1,1,1,0.52724
202,2,2,4,0,97,11,60,14,2,2,1,0.48347
202,2,2,4,0,98,6,80,8,1,1,1,1.0491
202,2,2,4,0,99,2,80,4,1,1,1,0.70264
202,2,2,4,0,100,11,60,14,2,2,1,0.55637
202,2,2,4,0,101,9,60,12,2,2,1,0.37556
202,2,2,4,0,102,11,60,14,2,2,1,0.36588
202,2,2,4,0,103,11,60,14,2,2,1,0.33986
202,2,2,4,0,104,11,60,14,2,2,1,0.48832
202,2,2,4,0,105,4,80,6,1,1,1,0.63415
202,2,2,4,0,106,4,80,6,1,1,1,0.47908
202,2,2,4,0,107,6,80,8,1,1,1,0.6107
202,2,2,4,0,108,2,80,4,1,1,1,0.57891
202,2,2,4,0,109,2,80,4,1,1,1,0.41776
202,2,2,4,0,110,9,60,12,2,2,1,0.54831
202,2,2,4,0,111,9,60,12,2,2,1,0.41569
202,2,2,4,0,112,2,80,4,1,1,1,0.79814
202,2,2,4,0,113,2,80,4,1,1,1,0.6112
202,2,2,4,0,114,6,80,8,1,1,1,1.1367
202,2,2,4,0,115,4,80,6,1,1,1,0.57499
202,2,2,4,0,116,9,60,12,2,2,1,0.43972
202,2,2,4,0,117,6,80,8,1,1,1,0.80538
202,2,2,4,0,118,11,60,14,2,2,1,0.3815
202,2,2,4,0,119,7,60,10,2,2,1,1.0649
202,2,2,4,0,120,6,80,8,1,2,0,1.025
202,2,2,5,1,1,1,60,4,1,1,1,1.4902
202,2,2,5,1,2,9,60,12,2,2,1,0.4688
202,2,2,5,1,3,8,80,10,2,2,1,0.61063
202,2,2,5,1,4,11,60,14,2,2,1,0.32151
202,2,2,5,1,5,8,80,10,2,2,1,0.64101
202,2,2,5,1,6,4,80,6,1,1,1,0.64854
202,2,2,5,1,7,3,60,6,1,1,1,0.51006
202,2,2,5,1,8,5,60,8,1,1,1,1.8833
202,2,2,5,1,9,7,60,10,2,2,1,0.81517
202,2,2,5,1,10,6,80,8,1,1,1,1.5767
202,2,2,5,1,11,2,80,4,1,1,1,0.5815
202,2,2,5,1,12,4,80,6,1,1,1,0.455
202,2,2,5,1,13,10,80,12,2,2,1,0.66299
202,2,2,5,1,14,12,80,14,2,2,1,0.36835
202,2,2,5,1,15,5,60,8,1,1,1,1.3723
202,2,2,5,1,16,9,60,12,2,2,1,0.41772
202,2,2,5,1,17,1,60,4,1,1,1,0.52499
202,2,2,5,1,18,10,80,12,2,2,1,0.48533
202,2,2,5,1,19,7,60,10,2,1,0,0.71397
202,2,2,5,1,20,3,60,6,1,1,1,0.93669
202,2,2,5,1,21,6,80,8,1,1,1,0.64127
202,2,2,5,1,22,2,80,4,1,1,1,0.85175
202,2,2,5,1,23,11,60,14,2,2,1,0.55641
202,2,2,5,1,24,12,80,14,2,2,1,0.60984
202,2,2,5,0,1,2,80,4,1,1,1,1.1303
202,2,2,5,0,2,11,60,14,2,2,1,0.54492
202,2,2,5,0,3,4,80,6,1,1,1,0.96939
202,2,2,5,0,4,4,80,6,1,1,1,1.2229
202,2,2,5,0,5,5,60,8,1,2,0,1.4504
202,2,2,5,0,6,2,80,4,1,1,1,0.56818
202,2,2,5,0,7,12,80,14,2,2,1,0.4993
202,2,2,5,0,8,6,80,8,1,1,1,0.72568
202,2,2,5,0,9,6,80,8,1,1,1,0.84405
202,2,2,5,0,10,3,60,6,1,1,1,0.5973
202,2,2,5,0,11,3,60,6,1,1,1,0.58382
202,2,2,5,0,12,10,80,12,2,2,1,0.46278
202,2,2,5,0,13,1,60,4,1,1,1,0.55135
202,2,2,5,0,14,5,60,8,1,1,1,0.55129
202,2,2,5,0,15,2,80,4,1,1,1,0.50668
202,2,2,5,0,16,10,80,12,2,2,1,0.80189
202,2,2,5,0,17,11,60,14,2,2,1,0.47972
202,2,2,5,0,18,5,60,8,1,1,1,1.7947
202,2,2,5,0,19,5,60,8,1,1,1,0.65877
202,2,2,5,0,20,7,60,10,2,1,0,0.97642
202,2,2,5,0,21,8,80,10,2,2,1,0.61861
202,2,2,5,0,22,6,80,8,1,1,1,0.81133
202,2,2,5,0,23,8,80,10,2,2,1,1.1598
202,2,2,5,0,24,12,80,14,2,2,1,0.48739
202,2,2,5,0,25,3,60,6,1,1,1,0.54137
202,2,2,5,0,26,9,60,12,2,2,1,0.55522
202,2,2,5,0,27,8,80,10,2,2,1,1.1219
202,2,2,5,0,28,8,80,10,2,2,1,0.63973
202,2,2,5,0,29,2,80,4,1,1,1,0.61262
202,2,2,5,0,30,12,80,14,2,2,1,0.50646
202,2,2,5,0,31,3,60,6,1,1,1,0.67678
202,2,2,5,0,32,1,60,4,1,1,1,0.57826
202,2,2,5,0,33,3,60,6,1,1,1,1.0993
202,2,2,5,0,34,11,60,14,2,2,1,0.4276
202,2,2,5,0,35,1,60,4,1,1,1,0.48868
202,2,2,5,0,36,5,60,8,1,1,1,0.73626
202,2,2,5,0,37,4,80,6,1,1,1,0.66243
202,2,2,5,0,38,9,60,12,2,2,1,0.37014
202,2,2,5,0,39,5,60,8,1,1,1,0.77102
202,2,2,5,0,40,4,80,6,1,1,1,0.5547
202,2,2,5,0,41,12,80,14,2,2,1,0.37031
202,2,2,5,0,42,7,60,10,2,1,0,0.85677
202,2,2,5,0,43,6,80,8,1,1,1,0.75132
202,2,2,5,0,44,9,60,12,2,2,1,0.44781
202,2,2,5,0,45,12,80,14,2,2,1,0.36826
202,2,2,5,0,46,9,60,12,2,2,1,0.51645
202,2,2,5,0,47,9,60,12,2,2,1,0.36352
202,2,2,5,0,48,9,60,12,2,2,1,0.3921
202,2,2,5,0,49,10,80,12,2,2,1,0.38345
202,2,2,5,0,50,12,80,14,2,2,1,0.40809
202,2,2,5,0,51,3,60,6,1,2,0,0.32245
202,2,2,5,0,52,1,60,4,1,1,1,0.84264
202,2,2,5,0,53,9,60,12,2,2,1,0.48681
202,2,2,5,0,54,2,80,4,1,1,1,0.56079
202,2,2,5,0,55,6,80,8,1,1,1,1.3218
202,2,2,5,0,56,12,80,14,2,2,1,0.64791
202,2,2,5,0,57,4,80,6,1,1,1,0.64213
202,2,2,5,0,58,4,80,6,1,1,1,0.52917
202,2,2,5,0,59,6,80,8,1,1,1,1.2144
202,2,2,5,0,60,8,80,10,2,2,1,0.67629
202,2,2,5,0,61,7,60,10,2,2,1,0.56362
202,2,2,5,0,62,10,80,12,2,2,1,1.5853
202,2,2,5,0,63,4,80,6,1,1,1,0.91268
202,2,2,5,0,64,8,80,10,2,2,1,0.90131
202,2,2,5,0,65,1,60,4,1,1,1,0.54011
202,2,2,5,0,66,9,60,12,2,2,1,0.49792
202,2,2,5,0,67,10,80,12,2,2,1,0.38593
202,2,2,5,0,68,3,60,6,1,1,1,0.7165
202,2,2,5,0,69,11,60,14,2,2,1,0.50031
202,2,2,5,0,70,7,60,10,2,2,1,0.65122
202,2,2,5,0,71,12,80,14,2,2,1,0.54807
202,2,2,5,0,72,5,60,8,1,1,1,0.62165
202,2,2,5,0,73,10,80,12,2,2,1,0.47579
202,2,2,5,0,74,6,80,8,1,1,1,0.5505
202,2,2,5,0,75,2,80,4,1,1,1,0.9087
202,2,2,5,0,76,5,60,8,1,1,1,1.3099
202,2,2,5,0,77,7,60,10,2,2,1,1.0005
202,2,2,5,0,78,9,60,12,2,2,1,0.55353
202,2,2,5,0,79,8,80,10,2,2,1,0.65337
202,2,2,5,0,80,1,60,4,1,1,1,1.6302
202,2,2,5,0,81,8,80,10,2,2,1,1.2491
202,2,2,5,0,82,7,60,10,2,2,1,0.5664
202,2,2,5,0,83,5,60,8,1,1,1,0.82049
202,2,2,5,0,84,10,80,12,2,2,1,0.53572
202,2,2,5,0,85,1,60,4,1,1,1,0.56823
202,2,2,5,0,86,8,80,10,2,2,1,0.72234
202,2,2,5,0,87,4,80,6,1,1,1,0.54693
202,2,2,5,0,88,5,60,8,1,1,1,0.61099
202,2,2,5,0,89,10,80,12,2,2,1,0.48783
202,2,2,5,0,90,2,80,4,1,1,1,0.49969
202,2,2,5,0,91,11,60,14,2,2,1,0.37135
202,2,2,5,0,92,2,80,4,1,1,1,0.58749
202,2,2,5,0,93,1,60,4,1,1,1,0.62479
202,2,2,5,0,94,6,80,8,1,2,0,1.1372
202,2,2,5,0,95,1,60,4,1,1,1,0.50155
202,2,2,5,0,96,12,80,14,2,2,1,0.5844
202,2,2,5,0,97,4,80,6,1,1,1,0.59351
202,2,2,5,0,98,11,60,14,2,2,1,0.38147
202,2,2,5,0,99,1,60,4,1,1,1,0.56816
202,2,2,5,0,100,4,80,6,1,1,1,0.80755
202,2,2,5,0,101,10,80,12,2,2,1,0.71031
202,2,2,5,0,102,10,80,12,2,2,1,0.58596
202,2,2,5,0,103,2,80,4,1,1,1,0.50238
202,2,2,5,0,104,3,60,6,1,1,1,1.3658
202,2,2,5,0,105,7,60,10,2,2,1,0.88753
202,2,2,5,0,106,6,80,8,1,2,0,1.1366
202,2,2,5,0,107,11,60,14,2,2,1,0.53163
202,2,2,5,0,108,8,80,10,2,2,1,0.61821
202,2,2,5,0,109,6,80,8,1,1,1,0.59962
202,2,2,5,0,110,2,80,4,1,1,1,0.92724
202,2,2,5,0,111,11,60,14,2,2,1,0.48727
202,2,2,5,0,112,3,60,6,1,1,1,1.1739
202,2,2,5,0,113,9,60,12,2,2,1,0.55282
202,2,2,5,0,114,3,60,6,1,1,1,0.56292
202,2,2,5,0,115,11,60,14,2,2,1,0.56351
202,2,2,5,0,116,7,60,10,2,2,1,0.96131
202,2,2,5,0,117,12,80,14,2,2,1,0.5815
202,2,2,5,0,118,7,60,10,2,2,1,0.91997
202,2,2,5,0,119,11,60,14,2,2,1,0.40491
202,2,2,5,0,120,7,60,10,2,2,1,0.67587
202,2,2,6,0,1,2,80,4,1,1,1,1.3649
202,2,2,6,0,2,2,80,4,1,1,1,0.58863
202,2,2,6,0,3,5,60,8,1,2,0,0.6333
202,2,2,6,0,4,12,80,14,2,2,1,0.45617
202,2,2,6,0,5,4,80,6,1,1,1,1.092
202,2,2,6,0,6,7,60,10,2,2,1,0.64984
202,2,2,6,0,7,1,60,4,1,1,1,0.69442
202,2,2,6,0,8,5,60,8,1,1,1,1.6232
202,2,2,6,0,9,7,60,10,2,2,1,0.61366
202,2,2,6,0,10,7,60,10,2,2,1,0.60862
202,2,2,6,0,11,8,80,10,2,2,1,0.54943
202,2,2,6,0,12,9,60,12,2,2,1,0.4264
202,2,2,6,0,13,1,60,4,1,1,1,1.0915
202,2,2,6,0,14,8,80,10,2,2,1,0.64879
202,2,2,6,0,15,10,80,12,2,2,1,0.48066
202,2,2,6,0,16,11,60,14,2,2,1,0.38104
202,2,2,6,0,17,7,60,10,2,2,1,0.38676
202,2,2,6,0,18,9,60,12,2,2,1,0.52254
202,2,2,6,0,19,3,60,6,1,1,1,0.68034
202,2,2,6,0,20,12,80,14,2,2,1,0.433
202,2,2,6,0,21,11,60,14,2,2,1,0.45348
202,2,2,6,0,22,9,60,12,2,2,1,0.47499
202,2,2,6,0,23,12,80,14,2,2,1,0.38468
202,2,2,6,0,24,9,60,12,2,2,1,0.52375
202,2,2,6,0,25,3,60,6,1,1,1,0.87105
202,2,2,6,0,26,3,60,6,1,1,1,1.035
202,2,2,6,0,27,10,80,12,2,2,1,1.8824
202,2,2,6,0,28,6,80,8,1,1,1,0.657
202,2,2,6,0,29,6,80,8,1,1,1,0.98146
202,2,2,6,0,30,6,80,8,1,1,1,0.81219
202,2,2,6,0,31,7,60,10,2,1,0,0.97994
202,2,2,6,0,32,2,80,4,1,1,1,0.63829
202,2,2,6,0,33,11,60,14,2,2,1,0.47413
202,2,2,6,0,34,12,80,14,2,2,1,0.67659
202,2,2,6,0,35,8,80,10,2,2,1,2.2313
202,2,2,6,0,36,11,60,14,2,2,1,0.50633
202,2,2,6,0,37,8,80,10,2,2,1,0.64632
202,2,2,6,0,38,11,60,14,2,2,1,0.53415
202,2,2,6,0,39,8,80,10,2,2,1,0.62945
202,2,2,6,0,40,5,60,8,1,1,1,2.4859
202,2,2,6,0,41,5,60,8,1,1,1,0.72154
202,2,2,6,0,42,10,80,12,2,2,1,0.41606
202,2,2,6,0,43,1,60,4,1,1,1,0.56813
202,2,2,6,0,44,5,60,8,1,1,1,0.80709
202,2,2,6,0,45,7,60,10,2,2,1,1.0098
202,2,2,6,0,46,1,60,4,1,1,1,0.81395
202,2,2,6,0,47,3,60,6,1,1,1,0.64747
202,2,2,6,0,48,4,80,6,1,1,1,0.70789
202,2,2,6,0,49,7,60,10,2,2,1,0.84123
202,2,2,6,0,50,12,80,14,2,2,1,0.47314
202,2,2,6,0,51,5,60,8,1,1,1,1.3694
202,2,2,6,0,52,4,80,6,1,1,1,0.54184
202,2,2,6,0,53,5,60,8,1,1,1,2.3255
202,2,2,6,0,54,9,60,12,2,2,1,0.43562
202,2,2,6,0,55,3,60,6,1,1,1,0.68988
202,2,2,6,0,56,12,80,14,2,2,1,0.48423
202,2,2,6,0,57,5,60,8,1,1,1,0.99002
202,2,2,6,0,58,3,60,6,1,1,1,1.0343
202,2,2,6,0,59,8,80,10,2,2,1,0.55205
202,2,2,6,0,60,11,60,14,2,2,1,0.46808
202,2,2,6,0,61,2,80,4,1,1,1,0.55102
202,2,2,6,0,62,1,60,4,1,1,1,0.65279
202,2,2,6,0,63,9,60,12,2,2,1,0.4984
202,2,2,6,0,64,10,80,12,2,2,1,0.37964
202,2,2,6,0,65,4,80,6,1,1,1,0.88136
202,2,2,6,0,66,2,80,4,1,1,1,0.57553
202,2,2,6,0,67,1,60,4,1,1,1,0.57429
202,2,2,6,0,68,11,60,14,2,2,1,0.6105
202,2,2,6,0,69,9,60,12,2,2,1,0.39931
202,2,2,6,0,70,12,80,14,2,2,1,0.61762
202,2,2,6,0,71,12,80,14,2,2,1,0.34477
202,2,2,6,0,72,10,80,12,2,2,1,0.52591
202,2,2,6,0,73,10,80,12,2,2,1,0.39546
202,2,2,6,0,74,10,80,12,2,2,1,0.69565
202,2,2,6,0,75,7,60,10,2,2,1,0.91506
202,2,2,6,0,76,10,80,12,2,2,1,0.4489
202,2,2,6,0,77,1,60,4,1,1,1,0.51745
202,2,2,6,0,78,6,80,8,1,1,1,0.8773
202,2,2,6,0,79,12,80,14,2,2,1,1.1696
202,2,2,6,0,80,8,80,10,2,2,1,0.71053
202,2,2,6,0,81,11,60,14,2,2,1,0.48319
202,2,2,6,0,82,1,60,4,1,1,1,0.7735
202,2,2,6,0,83,8,80,10,2,2,1,0.7774
202,2,2,6,0,84,4,80,6,1,1,1,0.66994
202,2,2,6,0,85,2,80,4,1,1,1,0.64333
202,2,2,6,0,86,4,80,6,1,1,1,0.55669
202,2,2,6,0,87,6,80,8,1,1,1,0.91814
202,2,2,6,0,88,4,80,6,1,1,1,0.53381
202,2,2,6,0,89,2,80,4,1,1,1,0.55712
202,2,2,6,0,90,3,60,6,1,1,1,0.63722
202,2,2,6,0,91,10,80,12,2,2,1,0.47885
202,2,2,6,0,92,1,60,4,1,1,1,0.48736
202,2,2,6,0,93,11,60,14,2,2,1,0.45687
202,2,2,6,0,94,4,80,6,1,1,1,0.5336
202,2,2,6,0,95,6,80,8,1,1,1,0.5961
202,2,2,6,0,96,8,80,10,2,2,1,0.87384
202,2,2,6,0,97,2,80,4,1,1,1,0.63811
202,2,2,6,0,98,2,80,4,1,1,1,0.56905
202,2,2,6,0,99,9,60,12,2,2,1,0.54824
202,2,2,6,0,100,5,60,8,1,1,1,1.023
202,2,2,6,0,101,8,80,10,2,2,1,0.71952
202,2,2,6,0,102,11,60,14,2,2,1,0.47271
202,2,2,6,0,103,3,60,6,1,1,1,0.84683
202,2,2,6,0,104,1,60,4,1,1,1,0.63727
202,2,2,6,0,105,7,60,10,2,2,1,0.85502
202,2,2,6,0,106,10,80,12,2,2,1,0.48196
202,2,2,6,0,107,5,60,8,1,1,1,0.67855
202,2,2,6,0,108,6,80,8,1,1,1,0.66427
202,2,2,6,0,109,3,60,6,1,1,1,0.62963
202,2,2,6,0,110,7,60,10,2,2,1,0.84559
202,2,2,6,0,111,3,60,6,1,1,1,0.60447
202,2,2,6,0,112,6,80,8,1,1,1,0.93287
202,2,2,6,0,113,2,80,4,1,1,1,0.50553
202,2,2,6,0,114,4,80,6,1,1,1,0.53092
202,2,2,6,0,115,12,80,14,2,2,1,0.38717
202,2,2,6,0,116,9,60,12,2,2,1,0.49119
202,2,2,6,0,117,6,80,8,1,2,0,0.89398
202,2,2,6,0,118,4,80,6,1,1,1,0.47191
202,2,2,6,0,119,9,60,12,2,2,1,0.7223
202,2,2,6,0,120,6,80,8,1,1,1,0.79484
