101,1,0,1,2,1,1,8,6,8,6,4,2,1,0,1.939
101,1,0,1,2,1,2,4,6,8,4,4,1,1,1,1.0955
101,1,0,1,2,1,3,6,6,8,5,4,1,1,1,0.6776
101,1,0,1,2,1,4,12,6,8,8,4,2,2,1,1.1032
101,1,0,1,2,1,5,6,6,8,5,4,1,1,1,0.77789
101,1,0,1,2,1,6,8,6,8,6,4,2,2,1,1.1577
101,1,0,1,2,1,7,6,6,8,5,4,1,1,1,0.86181
101,1,0,1,2,1,8,12,6,8,8,4,2,2,1,0.7797
101,1,0,1,2,1,9,2,6,8,3,4,1,1,1,0.63703
101,1,0,1,2,1,10,2,6,8,3,4,1,1,1,0.64336
101,1,0,1,2,1,11,10,6,8,7,4,2,2,1,0.56658
101,1,0,1,2,1,12,2,6,8,3,4,1,1,1,0.62571
101,1,0,1,2,1,13,12,6,8,8,4,2,2,1,0.71106
101,1,0,1,2,1,14,10,6,8,7,4,2,2,1,1.2455
101,1,0,1,2,1,15,10,6,8,7,4,2,2,1,0.58288
101,1,0,1,2,1,16,6,6,8,5,4,1,1,1,0.49165
101,1,0,1,2,1,17,4,6,8,4,4,1,1,1,0.41986
101,1,0,1,2,1,18,4,6,8,4,4,1,1,1,0.57817
101,1,0,1,2,1,19,4,6,8,4,4,1,1,1,0.38529
101,1,0,1,2,1,20,10,6,8,7,4,2,2,1,0.58084
101,1,0,1,2,1,21,8,6,8,6,4,2,2,1,0.98327
101,1,0,1,2,1,22,12,6,8,8,4,2,2,1,0.75116
101,1,0,1,2,1,23,8,6,8,6,4,2,1,0,1.2829
101,1,0,1,2,1,24,2,6,8,3,4,1,1,1,0.51291
101,1,0,1,2,0,1,6,6,8,5,4,1,2,0,1.4685
101,1,0,1,2,0,2,2,6,8,3,4,1,1,1,0.44195
101,1,0,1,2,0,3,6,6,8,5,4,1,2,0,0.94444
101,1,0,1,2,0,4,10,6,8,7,4,2,2,1,0.59225
101,1,0,1,2,0,5,4,6,8,4,4,1,1,1,0.54418
101,1,0,1,2,0,6,2,6,8,3,4,1,1,1,0.8295
101,1,0,1,2,0,7,4,6,8,4,4,1,1,1,0.56667
101,1,0,1,2,0,8,10,6,8,7,4,2,2,1,0.57486
101,1,0,1,2,0,9,6,6,8,5,4,1,1,1,0.84002
101,1,0,1,2,0,10,4,6,8,4,4,1,1,1,0.71781
101,1,0,1,2,0,11,8,6,8,6,4,2,2,1,0.68032
101,1,0,1,2,0,12,4,6,8,4,4,1,1,1,0.41586
101,1,0,1,2,0,13,8,6,8,6,4,2,2,1,0.92288
101,1,0,1,2,0,14,2,6,8,3,4,1,1,1,0.76235
101,1,0,1,2,0,15,10,6,8,7,4,2,2,1,0.54236
101,1,0,1,2,0,16,2,6,8,3,4,1,1,1,0.4536
101,1,0,1,2,0,17,12,6,8,8,4,2,2,1,0.82989
101,1,0,1,2,0,18,6,6,8,5,4,1,1,1,0.59765
101,1,0,1,2,0,19,6,6,8,5,4,1,1,1,0.63407
101,1,0,1,2,0,20,8,6,8,6,4,2,2,1,1.5587
101,1,0,1,2,0,21,2,6,8,3,4,1,1,1,0.55672
101,1,0,1,2,0,22,4,6,8,4,4,1,1,1,0.56449
101,1,0,1,2,0,23,2,6,8,3,4,1,1,1,0.84433
101,1,0,1,2,0,24,4,6,8,4,4,1,1,1,0.73348
101,1,0,1,2,0,25,10,6,8,7,4,2,2,1,0.53376
101,1,0,1,2,0,26,8,6,8,6,4,2,2,1,0.71895
101,1,0,1,2,0,27,10,6,8,7,4,2,2,1,1.1797
101,1,0,1,2,0,28,10,6,8,7,4,2,2,1,0.43528
101,1,0,1,2,0,29,4,6,8,4,4,1,1,1,0.4191
101,1,0,1,2,0,30,4,6,8,4,4,1,1,1,0.45954
101,1,0,1,2,0,31,10,6,8,7,4,2,2,1,0.54962
101,1,0,1,2,0,32,12,6,8,8,4,2,2,1,0.75348
101,1,0,1,2,0,33,8,6,8,6,4,2,1,0,1.1671
101,1,0,1,2,0,34,10,6,8,7,4,2,2,1,0.56197
101,1,0,1,2,0,35,4,6,8,4,4,1,1,1,0.39901
101,1,0,1,2,0,36,8,6,8,6,4,2,2,1,1.7918
101,1,0,1,2,0,37,4,6,8,4,4,1,1,1,0.51003
101,1,0,1,2,0,38,12,6,8,8,4,2,2,1,0.48071
101,1,0,1,2,0,39,12,6,8,8,4,2,2,1,0.53338
101,1,0,1,2,0,40,6,6,8,5,4,1,1,1,0.96998
101,1,0,1,2,0,41,12,6,8,8,4,2,2,1,0.64211
101,1,0,1,2,0,42,10,6,8,7,4,2,2,1,0.97903
101,1,0,1,2,0,43,8,6,8,6,4,2,1,0,1.0479
101,1,0,1,2,0,44,8,6,8,6,4,2,2,1,0.63228
101,1,0,1,2,0,45,10,6,8,7,4,2,2,1,1.1779
101,1,0,1,2,0,46,6,6,8,5,4,1,1,1,0.66282
101,1,0,1,2,0,47,8,6,8,6,4,2,2,1,0.86721
101,1,0,1,2,0,48,2,6,8,3,4,1,1,1,0.60533
101,1,0,1,2,0,49,2,6,8,3,4,1,1,1,0.4636
101,1,0,1,2,0,50,12,6,8,8,4,2,2,1,0.54114
101,1,0,1,2,0,51,4,6,8,4,4,1,1,1,0.51008
101,1,0,1,2,0,52,12,6,8,8,4,2,2,1,0.6705
101,1,0,1,2,0,53,10,6,8,7,4,2,2,1,0.86186
101,1,0,1,2,0,54,12,6,8,8,4,2,2,1,0.4363
101,1,0,1,2,0,55,8,6,8,6,4,2,1,0,2.5125
101,1,0,1,2,0,56,2,6,8,3,4,1,1,1,0.4663
101,1,0,1,2,0,57,6,6,8,5,4,1,1,1,1.2996
101,1,0,1,2,0,58,6,6,8,5,4,1,1,1,0.69215
101,1,0,1,2,0,59,6,6,8,5,4,1,1,1,0.54903
101,1,0,1,2,0,60,10,6,8,7,4,2,2,1,0.51487
101,1,0,1,2,0,61,4,6,8,4,4,1,2,0,0.35566
101,1,0,1,2,0,62,12,6,8,8,4,2,2,1,0.59282
101,1,0,1,2,0,63,6,6,8,5,4,1,1,1,0.6
101,1,0,1,2,0,64,12,6,8,8,4,2,2,1,1.0524
101,1,0,1,2,0,65,2,6,8,3,4,1,1,1,0.52364
101,1,0,1,2,0,66,8,6,8,6,4,2,2,1,1.0011
101,1,0,1,2,0,67,8,6,8,6,4,2,2,1,0.57783
101,1,0,1,2,0,68,12,6,8,8,4,2,2,1,0.51398
101,1,0,1,2,0,69,4,6,8,4,4,1,1,1,0.45166
101,1,0,1,2,0,70,2,6,8,3,4,1,1,1,0.61983
101,1,0,1,2,0,71,12,6,8,8,4,2,2,1,0.59068
101,1,0,1,2,0,72,12,6,8,8,4,2,2,1,0.51049
101,1,0,1,2,0,73,6,6,8,5,4,1,1,1,0.48698
101,1,0,1,2,0,74,6,6,8,5,4,1,1,1,0.66654
101,1,0,1,2,0,75,4,6,8,4,4,1,1,1,0.51243
101,1,0,1,2,0,76,6,6,8,5,4,1,1,1,0.41586
101,1,0,1,2,0,77,12,6,8,8,4,2,2,1,0.41071
101,1,0,1,2,0,78,6,6,8,5,4,1,1,1,0.83061
101,1,0,1,2,0,79,12,6,8,8,4,2,2,1,0.6809
101,1,0,1,2,0,80,4,6,8,4,4,1,1,1,0.80766
101,1,0,1,2,0,81,2,6,8,3,4,1,1,1,0.90651
101,1,0,1,2,0,82,12,6,8,8,4,2,2,1,0.58419
101,1,0,1,2,0,83,10,6,8,7,4,2,2,1,0.6256
101,1,0,1,2,0,84,10,6,8,7,4,2,2,1,0.6165
101,1,0,1,2,0,85,8,6,8,6,4,2,2,1,1.2025
101,1,0,1,2,0,86,6,6,8,5,4,1,1,1,0.80947
101,1,0,1,2,0,87,6,6,8,5,4,1,1,1,0.78927
101,1,0,1,2,0,88,10,6,8,7,4,2,2,1,0.70151
101,1,0,1,2,0,89,2,6,8,3,4,1,1,1,0.57842
101,1,0,1,2,0,90,4,6,8,4,4,1,1,1,0.84676
101,1,0,1,2,0,91,10,6,8,7,4,2,2,1,0.53108
101,1,0,1,2,0,92,8,6,8,6,4,2,2,1,1.2617
101,1,0,1,2,0,93,6,6,8,5,4,1,1,1,0.64704
101,1,0,1,2,0,94,4,6,8,4,4,1,1,1,0.51493
101,1,0,1,2,0,95,10,6,8,7,4,2,2,1,0.47992
101,1,0,1,2,0,96,12,6,8,8,4,2,2,1,0.5932
101,1,0,1,2,0,97,8,6,8,6,4,2,2,1,0.97957
101,1,0,1,2,0,98,8,6,8,6,4,2,2,1,0.55221
101,1,0,1,2,0,99,4,6,8,4,4,1,1,1,0.58821
101,1,0,1,2,0,100,10,6,8,7,4,2,2,1,0.63282
101,1,0,1,2,0,101,2,6,8,3,4,1,1,1,0.54548
101,1,0,1,2,0,102,12,6,8,8,4,2,2,1,0.77338
101,1,0,1,2,0,103,2,6,8,3,4,1,1,1,2.5493
101,1,0,1,2,0,104,10,6,8,7,4,2,2,1,0.60484
101,1,0,1,2,0,105,2,6,8,3,4,1,1,1,1.5898
101,1,0,1,2,0,106,8,6,8,6,4,2,2,1,1.656
101,1,0,1,2,0,107,2,6,8,3,4,1,1,1,1.5398
101,1,0,1,2,0,108,12,6,8,8,4,2,2,1,0.44807
101,1,0,1,2,0,109,4,6,8,4,4,1,1,1,0.46236
101,1,0,1,2,0,110,8,6,8,6,4,2,2,1,0.72116
101,1,0,1,2,0,111,8,6,8,6,4,2,2,1,0.76117
101,1,0,1,2,0,112,2,6,8,3,4,1,1,1,0.39106
101,1,0,1,2,0,113,6,6,8,5,4,1,2,0,0.5717
101,1,0,1,2,0,114,6,6,8,5,4,1,1,1,0.72781
101,1,0,1,2,0,115,4,6,8,4,4,1,1,1,0.48625
101,1,0,1,2,0,116,2,6,8,3,4,1,1,1,0.90146
101,1,0,1,2,0,117,2,6,8,3,4,1,1,1,0.58376
101,1,0,1,2,0,118,8,6,8,6,4,2,2,1,0.59409
101,1,0,1,2,0,119,12,6,8,8,4,2,2,1,0.61876
101,1,0,1,2,0,120,10,6,8,7,4,2,2,1,0.77553
101,1,0,1,1,1,1,5,6,6,5,4,1,2,0,1.7243
101,1,0,1,1,1,2,1,6,6,3,4,1,1,1,0.51174
101,1,0,1,1,1,3,11,6,6,8,4,2,2,1,0.62004
101,1,0,1,1,1,4,11,6,6,8,4,2,2,1,0.47686
101,1,0,1,1,1,5,5,6,6,5,4,1,1,1,0.46628
101,1,0,1,1,1,6,9,6,6,7,4,2,2,1,0.5661
101,1,0,1,1,1,7,7,6,6,6,4,2,2,1,1.1432
101,1,0,1,1,1,8,3,6,6,4,4,1,1,1,0.9384
101,1,0,1,1,1,9,5,6,6,5,4,1,1,1,1.0231
101,1,0,1,1,1,10,5,6,6,5,4,1,1,1,0.43856
101,1,0,1,1,1,11,7,6,6,6,4,2,2,1,0.59823
101,1,0,1,1,1,12,3,6,6,4,4,1,1,1,0.44486
101,1,0,1,1,1,13,7,6,6,6,4,2,2,1,0.73822
101,1,0,1,1,1,14,3,6,6,4,4,1,1,1,0.77719
101,1,0,1,1,1,15,9,6,6,7,4,2,2,1,0.55093
101,1,0,1,1,1,16,9,6,6,7,4,2,2,1,0.48193
101,1,0,1,1,1,17,1,6,6,3,4,1,1,1,0.78663
101,1,0,1,1,1,18,1,6,6,3,4,1,1,1,0.43559
101,1,0,1,1,1,19,11,6,6,8,4,2,2,1,0.45593
101,1,0,1,1,1,20,7,6,6,6,4,2,2,1,0.67279
101,1,0,1,1,1,21,11,6,6,8,4,2,2,1,0.60682
101,1,0,1,1,1,22,9,6,6,7,4,2,2,1,0.80443
101,1,0,1,1,1,23,1,6,6,3,4,1,1,1,0.78831
101,1,0,1,1,1,24,3,6,6,4,4,1,1,1,0.62688
101,1,0,1,1,0,1,5,6,6,5,4,1,1,1,1.2187
101,1,0,1,1,0,2,11,6,6,8,4,2,2,1,0.43241
101,1,0,1,1,0,3,3,6,6,4,4,1,1,1,0.65548
101,1,0,1,1,0,4,1,6,6,3,4,1,1,1,0.4512
101,1,0,1,1,0,5,7,6,6,6,4,2,2,1,0.61942
101,1,0,1,1,0,6,5,6,6,5,4,1,1,1,0.82465
101,1,0,1,1,0,7,7,6,6,6,4,2,2,1,0.66443
101,1,0,1,1,0,8,5,6,6,5,4,1,1,1,0.49331
101,1,0,1,1,0,9,1,6,6,3,4,1,1,1,0.52957
101,1,0,1,1,0,10,7,6,6,6,4,2,2,1,0.53242
101,1,0,1,1,0,11,3,6,6,4,4,1,1,1,0.72959
101,1,0,1,1,0,12,3,6,6,4,4,1,1,1,0.69664
101,1,0,1,1,0,13,5,6,6,5,4,1,1,1,1.68
101,1,0,1,1,0,14,11,6,6,8,4,2,2,1,0.46337
101,1,0,1,1,0,15,5,6,6,5,4,1,1,1,0.61137
101,1,0,1,1,0,16,3,6,6,4,4,1,1,1,0.90212
101,1,0,1,1,0,17,1,6,6,3,4,1,1,1,0.58754
101,1,0,1,1,0,18,7,6,6,6,4,2,2,1,0.71347
101,1,0,1,1,0,19,11,6,6,8,4,2,2,1,0.54293
101,1,0,1,1,0,20,3,6,6,4,4,1,1,1,0.45781
101,1,0,1,1,0,21,3,6,6,4,4,1,1,1,0.42935
101,1,0,1,1,0,22,9,6,6,7,4,2,2,1,0.55621
101,1,0,1,1,0,23,11,6,6,8,4,2,2,1,0.34249
101,1,0,1,1,0,24,9,6,6,7,4,2,2,1,0.57455
101,1,0,1,1,0,25,5,6,6,5,4,1,1,1,0.44471
101,1,0,1,1,0,26,9,6,6,7,4,2,2,1,0.5026
101,1,0,1,1,0,27,11,6,6,8,4,2,2,1,0.44973
101,1,0,1,1,0,28,7,6,6,6,4,2,2,1,0.90797
101,1,0,1,1,0,29,7,6,6,6,4,2,1,0,1.1572
101,1,0,1,1,0,30,1,6,6,3,4,1,1,1,0.47982
101,1,0,1,1,0,31,3,6,6,4,4,1,1,1,1.0192
101,1,0,1,1,0,32,1,6,6,3,4,1,1,1,0.41031
101,1,0,1,1,0,33,11,6,6,8,4,2,2,1,0.45318
101,1,0,1,1,0,34,11,6,6,8,4,2,2,1,0.65125
101,1,0,1,1,0,35,11,6,6,8,4,2,2,1,0.4262
101,1,0,1,1,0,36,11,6,6,8,4,2,2,1,0.43356
101,1,0,1,1,0,37,9,6,6,7,4,2,2,1,0.66855
101,1,0,1,1,0,38,7,6,6,6,4,2,2,1,0.70621
101,1,0,1,1,0,39,1,6,6,3,4,1,1,1,0.82773
101,1,0,1,1,0,40,7,6,6,6,4,2,2,1,0.62295
101,1,0,1,1,0,41,1,6,6,3,4,1,1,1,0.97735
101,1,0,1,1,0,42,5,6,6,5,4,1,2,0,1.7057
101,1,0,1,1,0,43,9,6,6,7,4,2,2,1,0.4825
101,1,0,1,1,0,44,9,6,6,7,4,2,2,1,0.47153
101,1,0,1,1,0,45,5,6,6,5,4,1,1,1,0.70828
101,1,0,1,1,0,46,5,6,6,5,4,1,1,1,0.62319
101,1,0,1,1,0,47,1,6,6,3,4,1,1,1,0.47775
101,1,0,1,1,0,48,7,6,6,6,4,2,2,1,0.58818
101,1,0,1,1,0,49,11,6,6,8,4,2,2,1,0.46035
101,1,0,1,1,0,50,1,6,6,3,4,1,1,1,0.43331
101,1,0,1,1,0,51,9,6,6,7,4,2,2,1,0.52836
101,1,0,1,1,0,52,5,6,6,5,4,1,1,1,0.95624
101,1,0,1,1,0,53,9,6,6,7,4,2,2,1,0.50854
101,1,0,1,1,0,54,3,6,6,4,4,1,1,1,0.474
101,1,0,1,1,0,55,3,6,6,4,4,1,1,1,0.42145
101,1,0,1,1,0,56,11,6,6,8,4,2,2,1,0.49124
101,1,0,1,1,0,57,5,6,6,5,4,1,1,1,1.2182
101,1,0,1,1,0,58,9,6,6,7,4,2,2,1,0.61646
101,1,0,1,1,0,59,5,6,6,5,4,1,1,1,0.5166
101,1,0,1,1,0,60,1,6,6,3,4,1,1,1,1.2972
101,1,0,1,1,0,61,9,6,6,7,4,2,2,1,0.59792
101,1,0,1,1,0,62,9,6,6,7,4,2,2,1,0.50119
101,1,0,1,1,0,63,9,6,6,7,4,2,2,1,0.63484
101,1,0,1,1,0,64,3,6,6,4,4,1,1,1,0.49856
101,1,0,1,1,0,65,5,6,6,5,4,1,1,1,0.94831
101,1,0,1,1,0,66,1,6,6,3,4,1,1,1,0.47971
101,1,0,1,1,0,67,11,6,6,8,4,2,2,1,0.52493
101,1,0,1,1,0,68,9,6,6,7,4,2,2,1,0.57791
101,1,0,1,1,0,69,9,6,6,7,4,2,2,1,0.47586
101,1,0,1,1,0,70,3,6,6,4,4,1,1,1,0.68318
101,1,0,1,1,0,71,7,6,6,6,4,2,2,1,0.834
101,1,0,1,1,0,72,3,6,6,4,4,1,1,1,0.5553
101,1,0,1,1,0,73,11,6,6,8,4,2,2,1,0.4762
101,1,0,1,1,0,74,11,6,6,8,4,2,2,1,0.45833
101,1,0,1,1,0,75,1,6,6,3,4,1,1,1,0.60396
101,1,0,1,1,0,76,1,6,6,3,4,1,1,1,1.0222
101,1,0,1,1,0,77,7,6,6,6,4,2,2,1,0.57264
101,1,0,1,1,0,78,9,6,6,7,4,2,2,1,0.5508
101,1,0,1,1,0,79,11,6,6,8,4,2,2,1,0.47468
101,1,0,1,1,0,80,9,6,6,7,4,2,2,1,0.39953
101,1,0,1,1,0,81,3,6,6,4,4,1,1,1,0.36819
101,1,0,1,1,0,82,7,6,6,6,4,2,2,1,0.73059
101,1,0,1,1,0,83,3,6,6,4,4,1,1,1,0.77987
101,1,0,1,1,0,84,9,6,6,7,4,2,2,1,0.45114
101,1,0,1,1,0,85,9,6,6,7,4,2,2,1,0.49695
101,1,0,1,1,0,86,7,6,6,6,4,2,2,1,0.95306
101,1,0,1,1,0,87,3,6,6,4,4,1,1,1,0.86093
101,1,0,1,1,0,88,1,6,6,3,4,1,1,1,0.64312
101,1,0,1,1,0,89,5,6,6,5,4,1,1,1,0.83846
101,1,0,1,1,0,90,3,6,6,4,4,1,1,1,0.54787
101,1,0,1,1,0,91,1,6,6,3,4,1,1,1,0.41702
101,1,0,1,1,0,92,11,6,6,8,4,2,2,1,0.7602
101,1,0,1,1,0,93,9,6,6,7,4,2,2,1,0.54703
101,1,0,1,1,0,94,3,6,6,4,4,1,1,1,0.60921
101,1,0,1,1,0,95,7,6,6,6,4,2,2,1,0.74509
101,1,0,1,1,0,96,5,6,6,5,4,1,1,1,0.8159
101,1,0,1,1,0,97,5,6,6,5,4,1,1,1,0.64712
101,1,0,1,1,0,98,1,6,6,3,4,1,1,1,0.47747
101,1,0,1,1,0,99,3,6,6,4,4,1,1,1,0.51375
101,1,0,1,1,0,100,11,6,6,8,4,2,2,1,0.69143
101,1,0,1,1,0,101,11,6,6,8,4,2,2,1,1.3455
101,1,0,1,1,0,102,5,6,6,5,4,1,1,1,0.62667
101,1,0,1,1,0,103,9,6,6,7,4,2,2,1,0.47954
101,1,0,1,1,0,104,7,6,6,6,4,2,2,1,0.53849
101,1,0,1,1,0,105,7,6,6,6,4,2,2,1,0.59161
101,1,0,1,1,0,106,1,6,6,3,4,1,1,1,0.56405
101,1,0,1,1,0,107,3,6,6,4,4,1,1,1,0.60661
101,1,0,1,1,0,108,7,6,6,6,4,2,2,1,0.51003
101,1,0,1,1,0,109,3,6,6,4,4,1,1,1,0.57828
101,1,0,1,1,0,110,5,6,6,5,4,1,1,1,1.0433
101,1,0,1,1,0,111,11,6,6,8,4,2,2,1,0.4347
101,1,0,1,1,0,112,1,6,6,3,4,1,1,1,0.46371
101,1,0,1,1,0,113,5,6,6,5,4,1,1,1,1.2708
101,1,0,1,1,0,114,5,6,6,5,4,1,1,1,0.65853
101,1,0,1,1,0,115,11,6,6,8,4,2,2,1,0.58142
101,1,0,1,1,0,116,1,6,6,3,4,1,1,1,0.54083
101,1,0,1,1,0,117,7,6,6,6,4,2,2,1,0.82173
101,1,0,1,1,0,118,7,6,6,6,4,2,2,1,0.87807
101,1,0,1,1,0,119,1,6,6,3,4,1,1,1,0.44525
101,1,0,1,1,0,120,7,6,6,6,4,2,2,1,0.77864
101,1,0,1,4,1,1,2,6,8,3,4,1,1,1,1.144
101,1,0,1,4,1,2,7,6,6,6,4,2,2,1,0.60334
101,1,0,1,4,1,3,7,6,6,6,4,2,2,1,0.52091
101,1,0,1,4,1,4,7,6,6,6,4,2,2,1,0.42896
101,1,0,1,4,1,5,9,6,6,7,4,2,2,1,1.4158
101,1,0,1,4,1,6,4,6,8,4,4,1,1,1,0.68182
101,1,0,1,4,1,7,9,6,6,7,4,2,2,1,0.47369
101,1,0,1,4,1,8,9,6,6,7,4,2,2,1,0.59125
101,1,0,1,4,1,9,4,6,8,4,4,1,1,1,0.55572
101,1,0,1,4,1,10,6,6,8,5,4,1,2,0,0.44254
101,1,0,1,4,1,11,11,6,6,8,4,2,2,1,0.39057
101,1,0,1,4,1,12,9,6,6,7,4,2,2,1,0.48502
101,1,0,1,4,1,13,4,6,8,4,4,1,1,1,0.46518
101,1,0,1,4,1,14,11,6,6,8,4,2,2,1,0.39917
101,1,0,1,4,1,15,11,6,6,8,4,2,2,1,0.79985
101,1,0,1,4,1,16,2,6,8,3,4,1,1,1,0.47326
101,1,0,1,4,1,17,6,6,8,5,4,1,1,1,0.65853
101,1,0,1,4,1,18,6,6,8,5,4,1,1,1,0.89572
101,1,0,1,4,1,19,7,6,6,6,4,2,2,1,1.04
101,1,0,1,4,1,20,4,6,8,4,4,1,1,1,0.56574
101,1,0,1,4,1,21,11,6,6,8,4,2,2,1,0.49027
101,1,0,1,4,1,22,2,6,8,3,4,1,1,1,0.68757
101,1,0,1,4,1,23,2,6,8,3,4,1,1,1,0.46797
101,1,0,1,4,1,24,6,6,8,5,4,1,1,1,0.45644
101,1,0,1,4,0,1,9,6,6,7,4,2,2,1,0.46842
101,1,0,1,4,0,2,6,6,8,5,4,1,1,1,0.58061
101,1,0,1,4,0,3,9,6,6,7,4,2,2,1,0.5555
101,1,0,1,4,0,4,2,6,8,3,4,1,1,1,0.47791
101,1,0,1,4,0,5,6,6,8,5,4,1,1,1,0.40644
101,1,0,1,4,0,6,11,6,6,8,4,2,2,1,0.81138
101,1,0,1,4,0,7,4,6,8,4,4,1,1,1,0.52177
101,1,0,1,4,0,8,11,6,6,8,4,2,2,1,0.47109
101,1,0,1,4,0,9,6,6,8,5,4,1,1,1,0.57674
101,1,0,1,4,0,10,6,6,8,5,4,1,1,1,0.40297
101,1,0,1,4,0,11,7,6,6,6,4,2,2,1,1.2966
101,1,0,1,4,0,12,9,6,6,7,4,2,2,1,0.54862
101,1,0,1,4,0,13,6,6,8,5,4,1,1,1,0.53983
101,1,0,1,4,0,14,9,6,6,7,4,2,2,1,0.60679
101,1,0,1,4,0,15,11,6,6,8,4,2,2,1,1.0595
101,1,0,1,4,0,16,7,6,6,6,4,2,2,1,1.8609
101,1,0,1,4,0,17,2,6,8,3,4,1,1,1,0.45205
101,1,0,1,4,0,18,4,6,8,4,4,1,1,1,0.55237
101,1,0,1,4,0,19,6,6,8,5,4,1,1,1,0.49803
101,1,0,1,4,0,20,9,6,6,7,4,2,2,1,0.66831
101,1,0,1,4,0,21,2,6,8,3,4,1,1,1,0.926
101,1,0,1,4,0,22,9,6,6,7,4,2,2,1,0.74982
101,1,0,1,4,0,23,11,6,6,8,4,2,2,1,0.54384
101,1,0,1,4,0,24,4,6,8,4,4,1,1,1,1.4848
101,1,0,1,4,0,25,7,6,6,6,4,2,2,1,2.1863
101,1,0,1,4,0,26,11,6,6,8,4,2,2,1,1.17
101,1,0,1,4,0,27,7,6,6,6,4,2,2,1,1.0411
101,1,0,1,4,0,28,4,6,8,4,4,1,2,0,1.6146
101,1,0,1,4,0,29,2,6,8,3,4,1,1,1,0.47342
101,1,0,1,4,0,30,11,6,6,8,4,2,2,1,0.59988
101,1,0,1,4,0,31,4,6,8,4,4,1,1,1,1.0644
101,1,0,1,4,0,32,4,6,8,4,4,1,1,1,0.54658
101,1,0,1,4,0,33,2,6,8,3,4,1,1,1,0.55538
101,1,0,1,4,0,34,6,6,8,5,4,1,1,1,3.0163
101,1,0,1,4,0,35,6,6,8,5,4,1,1,1,0.45779
101,1,0,1,4,0,36,2,6,8,3,4,1,1,1,0.50888
101,1,0,1,4,0,37,7,6,6,6,4,2,2,1,0.48274
101,1,0,1,4,0,38,9,6,6,7,4,2,2,1,0.69772
101,1,0,1,4,0,39,4,6,8,4,4,1,1,1,0.42197
101,1,0,1,4,0,40,2,6,8,3,4,1,1,1,0.32974
101,1,0,1,4,0,41,7,6,6,6,4,2,2,1,0.38424
101,1,0,1,4,0,42,9,6,6,7,4,2,2,1,0.50343
101,1,0,1,4,0,43,7,6,6,6,4,2,2,1,0.65669
101,1,0,1,4,0,44,9,6,6,7,4,2,2,1,0.43255
101,1,0,1,4,0,45,9,6,6,7,4,2,2,1,0.78436
101,1,0,1,4,0,46,2,6,8,3,4,1,1,1,0.87923
101,1,0,1,4,0,47,7,6,6,6,4,2,2,1,0.65869
101,1,0,1,4,0,48,7,6,6,6,4,2,2,1,0.57535
101,1,0,1,4,0,49,4,6,8,4,4,1,1,1,1.79
101,1,0,1,4,0,50,9,6,6,7,4,2,2,1,0.50411
101,1,0,1,4,0,51,4,6,8,4,4,1,1,1,1.0159
101,1,0,1,4,0,52,11,6,6,8,4,2,2,1,2.0548
101,1,0,1,4,0,53,4,6,8,4,4,1,1,1,0.43964
101,1,0,1,4,0,54,11,6,6,8,4,2,2,1,0.46958
101,1,0,1,4,0,55,7,6,6,6,4,2,2,1,0.62235
101,1,0,1,4,0,56,4,6,8,4,4,1,1,1,1.8574
101,1,0,1,4,0,57,2,6,8,3,4,1,1,1,0.58273
101,1,0,1,4,0,58,9,6,6,7,4,2,2,1,0.97857
101,1,0,1,4,0,59,6,6,8,5,4,1,1,1,1.2281
101,1,0,1,4,0,60,7,6,6,6,4,2,2,1,0.51031
101,1,0,1,4,0,61,2,6,8,3,4,1,1,1,0.6397
101,1,0,1,4,0,62,7,6,6,6,4,2,2,1,0.80083
101,1,0,1,4,0,63,7,6,6,6,4,2,2,1,0.54922
101,1,0,1,4,0,64,11,6,6,8,4,2,2,1,0.815
101,1,0,1,4,0,65,2,6,8,3,4,1,1,1,0.46195
101,1,0,1,4,0,66,2,6,8,3,4,1,1,1,0.48632
101,1,0,1,4,0,67,2,6,8,3,4,1,1,1,0.39476
101,1,0,1,4,0,68,4,6,8,4,4,1,1,1,0.40992
101,1,0,1,4,0,69,4,6,8,4,4,1,1,1,0.40307
101,1,0,1,4,0,70,9,6,6,7,4,2,2,1,0.85393
101,1,0,1,4,0,71,7,6,6,6,4,2,2,1,0.60547
101,1,0,1,4,0,72,2,6,8,3,4,1,1,1,0.53884
101,1,0,1,4,0,73,11,6,6,8,4,2,2,1,0.63912
101,1,0,1,4,0,74,6,6,8,5,4,1,1,1,1.369
101,1,0,1,4,0,75,11,6,6,8,4,2,2,1,1.3075
101,1,0,1,4,0,76,4,6,8,4,4,1,1,1,0.5337
101,1,0,1,4,0,77,9,6,6,7,4,2,2,1,0.46235
101,1,0,1,4,0,78,9,6,6,7,4,2,2,1,0.55194
101,1,0,1,4,0,79,11,6,6,8,4,2,2,1,0.45736
101,1,0,1,4,0,80,7,6,6,6,4,2,2,1,0.79309
101,1,0,1,4,0,81,4,6,8,4,4,1,1,1,0.46908
101,1,0,1,4,0,82,7,6,6,6,4,2,2,1,0.57359
101,1,0,1,4,0,83,4,6,8,4,4,1,1,1,0.94985
101,1,0,1,4,0,84,6,6,8,5,4,1,1,1,0.46494
101,1,0,1,4,0,85,6,6,8,5,4,1,1,1,0.51411
101,1,0,1,4,0,86,11,6,6,8,4,2,2,1,0.50211
101,1,0,1,4,0,87,11,6,6,8,4,2,2,1,0.61788
101,1,0,1,4,0,88,6,6,8,5,4,1,1,1,0.60304
101,1,0,1,4,0,89,11,6,6,8,4,2,2,1,0.57757
101,1,0,1,4,0,90,11,6,6,8,4,2,2,1,0.47618
101,1,0,1,4,0,91,11,6,6,8,4,2,2,1,0.51638
101,1,0,1,4,0,92,4,6,8,4,4,1,1,1,0.696
101,1,0,1,4,0,93,7,6,6,6,4,2,2,1,0.54828
101,1,0,1,4,0,94,6,6,8,5,4,1,1,1,0.71911
101,1,0,1,4,0,95,11,6,6,8,4,2,2,1,0.52179
101,1,0,1,4,0,96,6,6,8,5,4,1,1,1,0.49189
101,1,0,1,4,0,97,9,6,6,7,4,2,2,1,0.52162
101,1,0,1,4,0,98,4,6,8,4,4,1,1,1,0.57391
101,1,0,1,4,0,99,11,6,6,8,4,2,2,1,0.5124
101,1,0,1,4,0,100,4,6,8,4,4,1,1,1,0.50879
101,1,0,1,4,0,101,7,6,6,6,4,2,2,1,0.5595
101,1,0,1,4,0,102,4,6,8,4,4,1,1,1,0.60046
101,1,0,1,4,0,103,2,6,8,3,4,1,1,1,0.46847
101,1,0,1,4,0,104,7,6,6,6,4,2,2,1,0.48982
101,1,0,1,4,0,105,6,6,8,5,4,1,1,1,0.50693
101,1,0,1,4,0,106,6,6,8,5,4,1,1,1,0.54518
101,1,0,1,4,0,107,11,6,6,8,4,2,2,1,0.48535
101,1,0,1,4,0,108,9,6,6,7,4,2,2,1,1.197
101,1,0,1,4,0,109,2,6,8,3,4,1,1,1,0.48755
101,1,0,1,4,0,110,9,6,6,7,4,2,2,1,0.57256
101,1,0,1,4,0,111,2,6,8,3,4,1,1,1,0.59328
101,1,0,1,4,0,112,9,6,6,7,4,2,2,1,0.46083
101,1,0,1,4,0,113,9,6,6,7,4,2,2,1,0.66061
101,1,0,1,4,0,114,6,6,8,5,4,1,1,1,0.58935
101,1,0,1,4,0,115,7,6,6,6,4,2,2,1,0.51781
101,1,0,1,4,0,116,2,6,8,3,4,1,1,1,0.80722
101,1,0,1,4,0,117,2,6,8,3,4,1,1,1,0.69712
101,1,0,1,4,0,118,6,6,8,5,4,1,1,1,1.173
101,1,0,1,4,0,119,6,6,8,5,4,1,1,1,0.44413
101,1,0,1,4,0,120,2,6,8,3,4,1,1,1,0.52544
101,1,0,1,3,1,1,3,6,6,4,4,1,1,1,0.76029
101,1,0,1,3,1,2,3,6,6,4,4,1,1,1,0.2975
101,1,0,1,3,1,3,12,6,8,8,4,2,2,1,0.45875
101,1,0,1,3,1,4,1,6,6,3,4,1,1,1,0.38355
101,1,0,1,3,1,5,5,6,6,5,4,1,2,0,1.2453
101,1,0,1,3,1,6,12,6,8,8,4,2,2,1,0.51298
101,1,0,1,3,1,7,8,6,8,6,4,2,2,1,1.2465
101,1,0,1,3,1,8,3,6,6,4,4,1,1,1,0.67874
101,1,0,1,3,1,9,5,6,6,5,4,1,2,0,1.8431
101,1,0,1,3,1,10,1,6,6,3,4,1,1,1,0.54062
101,1,0,1,3,1,11,1,6,6,3,4,1,1,1,0.42139
101,1,0,1,3,1,12,3,6,6,4,4,1,1,1,1.2031
101,1,0,1,3,1,13,8,6,8,6,4,2,2,1,0.59373
101,1,0,1,3,1,14,10,6,8,7,4,2,2,1,0.48918
101,1,0,1,3,1,15,5,6,6,5,4,1,1,1,1.0036
101,1,0,1,3,1,16,1,6,6,3,4,1,1,1,0.47956
101,1,0,1,3,1,17,12,6,8,8,4,2,2,1,0.43429
101,1,0,1,3,1,18,10,6,8,7,4,2,2,1,1.1266
101,1,0,1,3,1,19,8,6,8,6,4,2,2,1,1.7178
101,1,0,1,3,1,20,12,6,8,8,4,2,2,1,0.51189
101,1,0,1,3,1,21,10,6,8,7,4,2,2,1,0.52065
101,1,0,1,3,1,22,10,6,8,7,4,2,2,1,0.40327
101,1,0,1,3,1,23,8,6,8,6,4,2,2,1,1.0119
101,1,0,1,3,1,24,5,6,6,5,4,1,1,1,0.50924
101,1,0,1,3,0,1,12,6,8,8,4,2,2,1,0.46996
101,1,0,1,3,0,2,3,6,6,4,4,1,1,1,0.79972
101,1,0,1,3,0,3,5,6,6,5,4,1,1,1,0.88573
101,1,0,1,3,0,4,8,6,8,6,4,2,2,1,1.013
101,1,0,1,3,0,5,1,6,6,3,4,1,1,1,0.48128
101,1,0,1,3,0,6,12,6,8,8,4,2,2,1,0.49773
101,1,0,1,3,0,7,10,6,8,7,4,2,2,1,0.64219
101,1,0,1,3,0,8,3,6,6,4,4,1,1,1,1.4937
101,1,0,1,3,0,9,5,6,6,5,4,1,1,1,0.86131
101,1,0,1,3,0,10,8,6,8,6,4,2,2,1,0.59896
101,1,0,1,3,0,11,3,6,6,4,4,1,1,1,0.57212
101,1,0,1,3,0,12,3,6,6,4,4,1,1,1,0.78319
101,1,0,1,3,0,13,8,6,8,6,4,2,2,1,0.51241
101,1,0,1,3,0,14,12,6,8,8,4,2,2,1,0.4374
101,1,0,1,3,0,15,5,6,6,5,4,1,1,1,0.54558
101,1,0,1,3,0,16,3,6,6,4,4,1,1,1,0.54098
101,1,0,1,3,0,17,10,6,8,7,4,2,2,1,0.60345
101,1,0,1,3,0,18,10,6,8,7,4,2,2,1,0.47634
101,1,0,1,3,0,19,5,6,6,5,4,1,1,1,0.56907
101,1,0,1,3,0,20,10,6,8,7,4,2,2,1,0.36347
101,1,0,1,3,0,21,8,6,8,6,4,2,2,1,0.71553
101,1,0,1,3,0,22,8,6,8,6,4,2,2,1,0.7305
101,1,0,1,3,0,23,10,6,8,7,4,2,2,1,0.49029
101,1,0,1,3,0,24,12,6,8,8,4,2,2,1,0.41378
101,1,0,1,3,0,25,3,6,6,4,4,1,1,1,0.90722
101,1,0,1,3,0,26,5,6,6,5,4,1,1,1,0.789
101,1,0,1,3,0,27,8,6,8,6,4,2,2,1,0.50743
101,1,0,1,3,0,28,8,6,8,6,4,2,2,1,0.57292
101,1,0,1,3,0,29,12,6,8,8,4,2,2,1,0.46177
101,1,0,1,3,0,30,5,6,6,5,4,1,1,1,0.4556
101,1,0,1,3,0,31,5,6,6,5,4,1,1,1,0.47762
101,1,0,1,3,0,32,1,6,6,3,4,1,1,1,0.49423
101,1,0,1,3,0,33,5,6,6,5,4,1,1,1,1.8568
101,1,0,1,3,0,34,10,6,8,7,4,2,2,1,0.39563
101,1,0,1,3,0,35,10,6,8,7,4,2,2,1,0.46199
101,1,0,1,3,0,36,1,6,6,3,4,1,1,1,0.43792
101,1,0,1,3,0,37,5,6,6,5,4,1,1,1,0.58811
101,1,0,1,3,0,38,8,6,8,6,4,2,2,1,0.57748
101,1,0,1,3,0,39,10,6,8,7,4,2,2,1,0.4914
101,1,0,1,3,0,40,5,6,6,5,4,1,1,1,0.63374
101,1,0,1,3,0,41,3,6,6,4,4,1,1,1,0.50966
101,1,0,1,3,0,42,1,6,6,3,4,1,1,1,0.47644
101,1,0,1,3,0,43,1,6,6,3,4,1,1,1,0.43519
101,1,0,1,3,0,44,3,6,6,4,4,1,1,1,0.38375
101,1,0,1,3,0,45,8,6,8,6,4,2,2,1,0.47212
101,1,0,1,3,0,46,10,6,8,7,4,2,2,1,0.49104
101,1,0,1,3,0,47,12,6,8,8,4,2,2,1,0.50274
101,1,0,1,3,0,48,10,6,8,7,4,2,2,1,0.86438
101,1,0,1,3,0,49,1,6,6,3,4,1,1,1,0.6222
101,1,0,1,3,0,50,12,6,8,8,4,2,2,1,1.2192
101,1,0,1,3,0,51,5,6,6,5,4,1,1,1,0.60729
101,1,0,1,3,0,52,1,6,6,3,4,1,1,1,0.42367
101,1,0,1,3,0,53,1,6,6,3,4,1,1,1,0.88146
101,1,0,1,3,0,54,5,6,6,5,4,1,1,1,0.99149
101,1,0,1,3,0,55,8,6,8,6,4,2,2,1,0.5413
101,1,0,1,3,0,56,3,6,6,4,4,1,1,1,0.87287
101,1,0,1,3,0,57,5,6,6,5,4,1,1,1,0.66713
101,1,0,1,3,0,58,3,6,6,4,4,1,1,1,0.57585
101,1,0,1,3,0,59,8,6,8,6,4,2,2,1,0.60263
101,1,0,1,3,0,60,8,6,8,6,4,2,2,1,0.54134
101,1,0,1,3,0,61,12,6,8,8,4,2,2,1,0.43421
101,1,0,1,3,0,62,5,6,6,5,4,1,1,1,1.4964
101,1,0,1,3,0,63,3,6,6,4,4,1,1,1,0.9461
101,1,0,1,3,0,64,5,6,6,5,4,1,1,1,0.61911
101,1,0,1,3,0,65,5,6,6,5,4,1,1,1,0.77989
101,1,0,1,3,0,66,10,6,8,7,4,2,2,1,0.54403
101,1,0,1,3,0,67,1,6,6,3,4,1,1,1,0.57616
101,1,0,1,3,0,68,1,6,6,3,4,1,1,1,0.44282
101,1,0,1,3,0,69,10,6,8,7,4,2,2,1,0.44402
101,1,0,1,3,0,70,8,6,8,6,4,2,2,1,0.87941
101,1,0,1,3,0,71,12,6,8,8,4,2,2,1,0.75953
101,1,0,1,3,0,72,5,6,6,5,4,1,1,1,0.60655
101,1,0,1,3,0,73,5,6,6,5,4,1,1,1,0.49702
101,1,0,1,3,0,74,10,6,8,7,4,2,2,1,0.53005
101,1,0,1,3,0,75,3,6,6,4,4,1,1,1,0.49435
101,1,0,1,3,0,76,12,6,8,8,4,2,2,1,0.43103
101,1,0,1,3,0,77,10,6,8,7,4,2,2,1,0.49254
101,1,0,1,3,0,78,10,6,8,7,4,2,2,1,0.45822
101,1,0,1,3,0,79,8,6,8,6,4,2,2,1,0.82003
101,1,0,1,3,0,80,10,6,8,7,4,2,2,1,0.42158
101,1,0,1,3,0,81,10,6,8,7,4,2,2,1,0.49023
101,1,0,1,3,0,82,8,6,8,6,4,2,2,1,0.5572
101,1,0,1,3,0,83,5,6,6,5,4,1,1,1,0.40958
101,1,0,1,3,0,84,1,6,6,3,4,1,1,1,0.44801
101,1,0,1,3,0,85,3,6,6,4,4,1,1,1,0.38973
101,1,0,1,3,0,86,12,6,8,8,4,2,2,1,0.4744
101,1,0,1,3,0,87,3,6,6,4,4,1,1,1,0.37184
101,1,0,1,3,0,88,3,6,6,4,4,1,1,1,0.49799
101,1,0,1,3,0,89,1,6,6,3,4,1,1,1,0.51078
101,1,0,1,3,0,90,1,6,6,3,4,1,1,1,0.46741
101,1,0,1,3,0,91,12,6,8,8,4,2,2,1,0.40476
101,1,0,1,3,0,92,8,6,8,6,4,2,2,1,0.60269
101,1,0,1,3,0,93,10,6,8,7,4,2,2,1,0.42381
101,1,0,1,3,0,94,8,6,8,6,4,2,2,1,0.68074
101,1,0,1,3,0,95,1,6,6,3,4,1,1,1,0.29353
101,1,0,1,3,0,96,3,6,6,4,4,1,1,1,0.26666
101,1,0,1,3,0,97,1,6,6,3,4,1,1,1,0.47822
101,1,0,1,3,0,98,8,6,8,6,4,2,2,1,0.45663
101,1,0,1,3,0,99,1,6,6,3,4,1,1,1,0.42581
101,1,0,1,3,0,100,12,6,8,8,4,2,2,1,0.42522
101,1,0,1,3,0,101,12,6,8,8,4,2,2,1,0.45228
101,1,0,1,3,0,102,12,6,8,8,4,2,2,1,0.43706
101,1,0,1,3,0,103,8,6,8,6,4,2,2,1,0.78753
101,1,0,1,3,0,104,12,6,8,8,4,2,2,1,0.3752
101,1,0,1,3,0,105,1,6,6,3,4,1,1,1,0.43247
101,1,0,1,3,0,106,1,6,6,3,4,1,1,1,0.81602
101,1,0,1,3,0,107,12,6,8,8,4,2,2,1,0.68833
101,1,0,1,3,0,108,3,6,6,4,4,1,1,1,0.81342
101,1,0,1,3,0,109,3,6,6,4,4,1,1,1,0.62994
101,1,0,1,3,0,110,3,6,6,4,4,1,1,1,0.55381
101,1,0,1,3,0,111,5,6,6,5,4,1,1,1,0.86634
101,1,0,1,3,0,112,12,6,8,8,4,2,2,1,0.60245
101,1,0,1,3,0,113,10,6,8,7,4,2,2,1,0.5298
101,1,0,1,3,0,114,10,6,8,7,4,2,2,1,0.43745
101,1,0,1,3,0,115,1,6,6,3,4,1,1,1,0.92995
101,1,0,1,3,0,116,1,6,6,3,4,1,1,1,0.48475
101,1,0,1,3,0,117,12,6,8,8,4,2,2,1,0.57444
101,1,0,1,3,0,118,3,6,6,4,4,1,1,1,0.90899
101,1,0,1,3,0,119,8,6,8,6,4,2,2,1,0.59293
101,1,0,1,3,0,120,12,6,8,8,4,2,2,1,0.47923
101,1,0,1,5,1,1,10,6,8,7,4,2,2,1,0.45567
101,1,0,1,5,1,2,4,6,8,4,4,1,1,1,0.47163
101,1,0,1,5,1,3,3,6,6,4,4,1,1,1,0.35253
101,1,0,1,5,1,4,7,6,6,6,4,2,2,1,0.7144
101,1,0,1,5,1,5,10,6,8,7,4,2,2,1,0.42879
101,1,0,1,5,1,6,5,6,6,5,4,1,1,1,0.40088
101,1,0,1,5,1,7,11,6,6,8,4,2,2,1,0.44618
101,1,0,1,5,1,8,9,6,6,7,4,2,2,1,0.47003
101,1,0,1,5,1,9,2,6,8,3,4,1,1,1,0.45382
101,1,0,1,5,1,10,11,6,6,8,4,2,2,1,0.4623
101,1,0,1,5,1,11,1,6,6,3,4,1,1,1,0.42897
101,1,0,1,5,1,12,5,6,6,5,4,1,1,1,1.8442
101,1,0,1,5,1,13,4,6,8,4,4,1,1,1,0.541
101,1,0,1,5,1,14,8,6,8,6,4,2,2,1,0.44544
101,1,0,1,5,1,15,9,6,6,7,4,2,2,1,0.59964
101,1,0,1,5,1,16,1,6,6,3,4,1,1,1,0.48568
101,1,0,1,5,1,17,12,6,8,8,4,2,2,1,0.48844
101,1,0,1,5,1,18,6,6,8,5,4,1,1,1,0.79034
101,1,0,1,5,1,19,7,6,6,6,4,2,2,1,0.72267
101,1,0,1,5,1,20,2,6,8,3,4,1,1,1,0.58631
101,1,0,1,5,1,21,3,6,6,4,4,1,1,1,0.54033
101,1,0,1,5,1,22,6,6,8,5,4,1,1,1,0.47501
101,1,0,1,5,1,23,12,6,8,8,4,2,2,1,0.42648
101,1,0,1,5,1,24,8,6,8,6,4,2,2,1,0.61665
101,1,0,1,5,0,1,2,6,8,3,4,1,1,1,0.8327
101,1,0,1,5,0,2,9,6,6,7,4,2,2,1,0.59785
101,1,0,1,5,0,3,4,6,8,4,4,1,1,1,1.2115
101,1,0,1,5,0,4,6,6,8,5,4,1,1,1,0.68742
101,1,0,1,5,0,5,5,6,6,5,4,1,1,1,0.86326
101,1,0,1,5,0,6,12,6,8,8,4,2,2,1,0.39675
101,1,0,1,5,0,7,2,6,8,3,4,1,1,1,0.75293
101,1,0,1,5,0,8,4,6,8,4,4,1,1,1,0.28095
101,1,0,1,5,0,9,11,6,6,8,4,2,2,1,0.35346
101,1,0,1,5,0,10,2,6,8,3,4,1,1,1,0.31135
101,1,0,1,5,0,11,1,6,6,3,4,1,1,1,0.35018
101,1,0,1,5,0,12,2,6,8,3,4,1,1,1,0.31985
101,1,0,1,5,0,13,7,6,6,6,4,2,2,1,0.63625
101,1,0,1,5,0,14,7,6,6,6,4,2,2,1,0.52238
101,1,0,1,5,0,15,5,6,6,5,4,1,1,1,0.73757
101,1,0,1,5,0,16,1,6,6,3,4,1,1,1,0.36811
101,1,0,1,5,0,17,2,6,8,3,4,1,1,1,0.3758
101,1,0,1,5,0,18,6,6,8,5,4,1,1,1,0.2967
101,1,0,1,5,0,19,7,6,6,6,4,2,2,1,0.61105
101,1,0,1,5,0,20,6,6,8,5,4,1,1,1,0.39618
101,1,0,1,5,0,21,12,6,8,8,4,2,2,1,0.4453
101,1,0,1,5,0,22,10,6,8,7,4,2,2,1,0.50562
101,1,0,1,5,0,23,2,6,8,3,4,1,1,1,0.35924
101,1,0,1,5,0,24,8,6,8,6,4,2,2,1,0.4655
101,1,0,1,5,0,25,5,6,6,5,4,1,1,1,0.60547
101,1,0,1,5,0,26,5,6,6,5,4,1,1,1,0.65344
101,1,0,1,5,0,27,11,6,6,8,4,2,2,1,0.53137
101,1,0,1,5,0,28,9,6,6,7,4,2,2,1,1.2015
101,1,0,1,5,0,29,6,6,8,5,4,1,1,1,1.0923
101,1,0,1,5,0,30,10,6,8,7,4,2,2,1,0.44995
101,1,0,1,5,0,31,1,6,6,3,4,1,1,1,0.4661
101,1,0,1,5,0,32,3,6,6,4,4,1,1,1,0.41947
101,1,0,1,5,0,33,3,6,6,4,4,1,1,1,0.4109
101,1,0,1,5,0,34,4,6,8,4,4,1,1,1,0.37453
101,1,0,1,5,0,35,7,6,6,6,4,2,2,1,0.68679
101,1,0,1,5,0,36,6,6,8,5,4,1,1,1,0.74538
101,1,0,1,5,0,37,1,6,6,3,4,1,1,1,0.75334
101,1,0,1,5,0,38,9,6,6,7,4,2,2,1,0.37894
101,1,0,1,5,0,39,3,6,6,4,4,1,1,1,0.44032
101,1,0,1,5,0,40,3,6,6,4,4,1,1,1,0.36537
101,1,0,1,5,0,41,10,6,8,7,4,2,2,1,0.36458
101,1,0,1,5,0,42,10,6,8,7,4,2,2,1,0.43193
101,1,0,1,5,0,43,4,6,8,4,4,1,1,1,0.90894
101,1,0,1,5,0,44,1,6,6,3,4,1,1,1,0.30725
101,1,0,1,5,0,45,8,6,8,6,4,2,2,1,0.42009
101,1,0,1,5,0,46,9,6,6,7,4,2,2,1,0.4539
101,1,0,1,5,0,47,7,6,6,6,4,2,2,1,0.46843
101,1,0,1,5,0,48,10,6,8,7,4,2,2,1,0.4259
101,1,0,1,5,0,49,4,6,8,4,4,1,1,1,0.41121
101,1,0,1,5,0,50,1,6,6,3,4,1,1,1,0.43823
101,1,0,1,5,0,51,8,6,8,6,4,2,2,1,0.49254
101,1,0,1,5,0,52,11,6,6,8,4,2,2,1,0.57005
101,1,0,1,5,0,53,1,6,6,3,4,1,1,1,0.5357
101,1,0,1,5,0,54,11,6,6,8,4,2,2,1,0.45136
101,1,0,1,5,0,55,10,6,8,7,4,2,2,1,0.56422
101,1,0,1,5,0,56,12,6,8,8,4,2,2,1,0.85319
101,1,0,1,5,0,57,7,6,6,6,4,2,2,1,0.6606
101,1,0,1,5,0,58,6,6,8,5,4,1,1,1,1.5829
101,1,0,1,5,0,59,5,6,6,5,4,1,1,1,0.78425
101,1,0,1,5,0,60,8,6,8,6,4,2,2,1,0.52692
101,1,0,1,5,0,61,11,6,6,8,4,2,2,1,0.39777
101,1,0,1,5,0,62,6,6,8,5,4,1,1,1,0.65885
101,1,0,1,5,0,63,7,6,6,6,4,2,2,1,0.72955
101,1,0,1,5,0,64,2,6,8,3,4,1,1,1,0.43301
101,1,0,1,5,0,65,10,6,8,7,4,2,2,1,0.61498
101,1,0,1,5,0,66,5,6,6,5,4,1,1,1,0.91914
101,1,0,1,5,0,67,9,6,6,7,4,2,2,1,0.73827
101,1,0,1,5,0,68,9,6,6,7,4,2,2,1,0.41183
101,1,0,1,5,0,69,3,6,6,4,4,1,1,1,0.3867
101,1,0,1,5,0,70,4,6,8,4,4,1,1,1,0.38975
101,1,0,1,5,0,71,2,6,8,3,4,1,1,1,0.44727
101,1,0,1,5,0,72,5,6,6,5,4,1,1,1,0.78373
101,1,0,1,5,0,73,8,6,8,6,4,2,2,1,0.49732
101,1,0,1,5,0,74,9,6,6,7,4,2,2,1,0.48233
101,1,0,1,5,0,75,12,6,8,8,4,2,2,1,0.40774
101,1,0,1,5,0,76,8,6,8,6,4,2,2,1,1.0148
101,1,0,1,5,0,77,8,6,8,6,4,2,2,1,0.52645
101,1,0,1,5,0,78,4,6,8,4,4,1,1,1,0.7249
101,1,0,1,5,0,79,6,6,8,5,4,1,1,1,0.92806
101,1,0,1,5,0,80,10,6,8,7,4,2,2,1,0.49973
101,1,0,1,5,0,81,3,6,6,4,4,1,1,1,0.4405
101,1,0,1,5,0,82,7,6,6,6,4,2,2,1,0.88698
101,1,0,1,5,0,83,8,6,8,6,4,2,2,1,0.52794
101,1,0,1,5,0,84,11,6,6,8,4,2,2,1,0.50444
101,1,0,1,5,0,85,12,6,8,8,4,2,2,1,0.39326
101,1,0,1,5,0,86,4,6,8,4,4,1,1,1,0.4227
101,1,0,1,5,0,87,2,6,8,3,4,1,1,1,0.45987
101,1,0,1,5,0,88,8,6,8,6,4,2,2,1,0.49153
101,1,0,1,5,0,89,11,6,6,8,4,2,2,1,0.60175
101,1,0,1,5,0,90,3,6,6,4,4,1,1,1,0.39497
101,1,0,1,5,0,91,10,6,8,7,4,2,2,1,0.73351
101,1,0,1,5,0,92,9,6,6,7,4,2,2,1,0.41855
101,1,0,1,5,0,93,12,6,8,8,4,2,2,1,0.51441
101,1,0,1,5,0,94,8,6,8,6,4,2,1,0,0.92471
101,1,0,1,5,0,95,5,6,6,5,4,1,1,1,0.55454
101,1,0,1,5,0,96,6,6,8,5,4,1,1,1,1.1759
101,1,0,1,5,0,97,4,6,8,4,4,1,1,1,0.45062
101,1,0,1,5,0,98,1,6,6,3,4,1,1,1,0.47321
101,1,0,1,5,0,99,5,6,6,5,4,1,1,1,0.58972
101,1,0,1,5,0,100,5,6,6,5,4,1,1,1,0.35135
101,1,0,1,5,0,101,12,6,8,8,4,2,2,1,0.42827
101,1,0,1,5,0,102,1,6,6,3,4,1,1,1,0.48145
101,1,0,1,5,0,103,1,6,6,3,4,1,1,1,0.5034
101,1,0,1,5,0,104,12,6,8,8,4,2,2,1,0.53149
101,1,0,1,5,0,105,3,6,6,4,4,1,1,1,0.43705
101,1,0,1,5,0,106,7,6,6,6,4,2,2,1,0.57115
101,1,0,1,5,0,107,11,6,6,8,4,2,2,1,0.5346
101,1,0,1,5,0,108,6,6,8,5,4,1,1,1,0.4989
101,1,0,1,5,0,109,12,6,8,8,4,2,2,1,0.58608
101,1,0,1,5,0,110,12,6,8,8,4,2,2,1,0.50826
101,1,0,1,5,0,111,11,6,6,8,4,2,2,1,0.51898
101,1,0,1,5,0,112,2,6,8,3,4,1,1,1,0.58594
101,1,0,1,5,0,113,4,6,8,4,4,1,1,1,0.4565
101,1,0,1,5,0,114,11,6,6,8,4,2,2,1,0.46201
101,1,0,1,5,0,115,9,6,6,7,4,2,2,1,0.55184
101,1,0,1,5,0,116,3,6,6,4,4,1,1,1,0.48636
101,1,0,1,5,0,117,9,6,6,7,4,2,2,1,0.5173
101,1,0,1,5,0,118,10,6,8,7,4,2,2,1,0.53243
101,1,0,1,5,0,119,3,6,6,4,4,1,1,1,0.92104
101,1,0,1,5,0,120,7,6,6,6,4,2,2,1,0.72177
101,1,0,1,6,0,1,3,6,6,4,4,1,1,1,0.87893
101,1,0,1,6,0,2,12,6,8,8,4,2,2,1,0.53272
101,1,0,1,6,0,3,11,6,6,8,4,2,2,1,0.43246
101,1,0,1,6,0,4,2,6,8,3,4,1,1,1,0.45288
101,1,0,1,6,0,5,5,6,6,5,4,1,1,1,1.1264
101,1,0,1,6,0,6,12,6,8,8,4,2,2,1,0.36435
101,1,0,1,6,0,7,5,6,6,5,4,1,1,1,0.442
101,1,0,1,6,0,8,4,6,8,4,4,1,1,1,0.5944
101,1,0,1,6,0,9,1,6,6,3,4,1,1,1,0.46658
101,1,0,1,6,0,10,4,6,8,4,4,1,1,1,0.55142
101,1,0,1,6,0,11,7,6,6,6,4,2,2,1,0.49105
101,1,0,1,6,0,12,11,6,6,8,4,2,2,1,0.64978
101,1,0,1,6,0,13,4,6,8,4,4,1,1,1,0.54499
101,1,0,1,6,0,14,11,6,6,8,4,2,2,1,0.48042
101,1,0,1,6,0,15,3,6,6,4,4,1,1,1,0.43718
101,1,0,1,6,0,16,1,6,6,3,4,1,1,1,0.50046
101,1,0,1,6,0,17,6,6,8,5,4,1,1,1,0.42524
101,1,0,1,6,0,18,5,6,6,5,4,1,1,1,1.4226
101,1,0,1,6,0,19,6,6,8,5,4,1,1,1,0.72177
101,1,0,1,6,0,20,7,6,6,6,4,2,2,1,0.63472
101,1,0,1,6,0,21,6,6,8,5,4,1,1,1,0.58868
101,1,0,1,6,0,22,12,6,8,8,4,2,2,1,0.96034
101,1,0,1,6,0,23,12,6,8,8,4,2,2,1,0.4772
101,1,0,1,6,0,24,7,6,6,6,4,2,2,1,0.77644
101,1,0,1,6,0,25,5,6,6,5,4,1,1,1,0.96584
101,1,0,1,6,0,26,7,6,6,6,4,2,2,1,0.74147
101,1,0,1,6,0,27,2,6,8,3,4,1,1,1,0.49262
101,1,0,1,6,0,28,10,6,8,7,4,2,2,1,0.4491
101,1,0,1,6,0,29,6,6,8,5,4,1,1,1,0.4584
101,1,0,1,6,0,30,9,6,6,7,4,2,2,1,0.86741
101,1,0,1,6,0,31,4,6,8,4,4,1,1,1,0.6733
101,1,0,1,6,0,32,4,6,8,4,4,1,1,1,0.43145
101,1,0,1,6,0,33,10,6,8,7,4,2,2,1,0.42733
101,1,0,1,6,0,34,2,6,8,3,4,1,1,1,0.39375
101,1,0,1,6,0,35,10,6,8,7,4,2,2,1,0.75223
101,1,0,1,6,0,36,2,6,8,3,4,1,1,1,0.41526
101,1,0,1,6,0,37,3,6,6,4,4,1,1,1,0.89861
101,1,0,1,6,0,38,2,6,8,3,4,1,1,1,0.40739
101,1,0,1,6,0,39,6,6,8,5,4,1,1,1,1.1472
101,1,0,1,6,0,40,1,6,6,3,4,1,1,1,1.2961
101,1,0,1,6,0,41,11,6,6,8,4,2,2,1,0.53008
101,1,0,1,6,0,42,9,6,6,7,4,2,2,1,0.50201
101,1,0,1,6,0,43,10,6,8,7,4,2,2,1,0.40813
101,1,0,1,6,0,44,4,6,8,4,4,1,1,1,0.48443
101,1,0,1,6,0,45,11,6,6,8,4,2,2,1,0.51335
101,1,0,1,6,0,46,6,6,8,5,4,1,1,1,0.61122
101,1,0,1,6,0,47,7,6,6,6,4,2,2,1,0.55944
101,1,0,1,6,0,48,11,6,6,8,4,2,2,1,0.45626
101,1,0,1,6,0,49,7,6,6,6,4,2,2,1,0.58763
101,1,0,1,6,0,50,8,6,8,6,4,2,2,1,0.84073
101,1,0,1,6,0,51,6,6,8,5,4,1,1,1,0.50928
101,1,0,1,6,0,52,3,6,6,4,4,1,1,1,1.2132
101,1,0,1,6,0,53,3,6,6,4,4,1,1,1,0.46837
101,1,0,1,6,0,54,1,6,6,3,4,1,1,1,0.51044
101,1,0,1,6,0,55,2,6,8,3,4,1,1,1,0.42868
101,1,0,1,6,0,56,12,6,8,8,4,2,2,1,0.56066
101,1,0,1,6,0,57,1,6,6,3,4,1,1,1,0.48301
101,1,0,1,6,0,58,9,6,6,7,4,2,2,1,0.6807
101,1,0,1,6,0,59,10,6,8,7,4,2,2,1,0.41497
101,1,0,1,6,0,60,12,6,8,8,4,2,2,1,0.49105
101,1,0,1,6,0,61,11,6,6,8,4,2,2,1,0.40376
101,1,0,1,6,0,62,12,6,8,8,4,2,2,1,0.36034
101,1,0,1,6,0,63,8,6,8,6,4,2,2,1,0.6532
101,1,0,1,6,0,64,8,6,8,6,4,2,2,1,0.91939
101,1,0,1,6,0,65,2,6,8,3,4,1,1,1,0.50386
101,1,0,1,6,0,66,10,6,8,7,4,2,2,1,0.50337
101,1,0,1,6,0,67,9,6,6,7,4,2,2,1,0.65324
101,1,0,1,6,0,68,3,6,6,4,4,1,1,1,0.58304
101,1,0,1,6,0,69,1,6,6,3,4,1,1,1,1.6507
101,1,0,1,6,0,70,9,6,6,7,4,2,2,1,0.64074
101,1,0,1,6,0,71,5,6,6,5,4,1,2,0,1.7305
101,1,0,1,6,0,72,12,6,8,8,4,2,2,1,0.59309
101,1,0,1,6,0,73,8,6,8,6,4,2,2,1,0.6698
101,1,0,1,6,0,74,8,6,8,6,4,2,2,1,1.3524
101,1,0,1,6,0,75,11,6,6,8,4,2,2,1,0.6323
101,1,0,1,6,0,76,8,6,8,6,4,2,2,1,1.1992
101,1,0,1,6,0,77,10,6,8,7,4,2,2,1,0.48743
101,1,0,1,6,0,78,9,6,6,7,4,2,2,1,0.38045
101,1,0,1,6,0,79,7,6,6,6,4,2,2,1,0.75085
101,1,0,1,6,0,80,9,6,6,7,4,2,2,1,0.52189
101,1,0,1,6,0,81,1,6,6,3,4,1,1,1,0.57835
101,1,0,1,6,0,82,6,6,8,5,4,1,1,1,0.87315
101,1,0,1,6,0,83,10,6,8,7,4,2,2,1,0.46941
101,1,0,1,6,0,84,1,6,6,3,4,1,1,1,0.55414
101,1,0,1,6,0,85,3,6,6,4,4,1,1,1,0.38765
101,1,0,1,6,0,86,10,6,8,7,4,2,2,1,0.36723
101,1,0,1,6,0,87,9,6,6,7,4,2,2,1,0.51594
101,1,0,1,6,0,88,12,6,8,8,4,2,2,1,0.51805
101,1,0,1,6,0,89,9,6,6,7,4,2,2,1,0.41448
101,1,0,1,6,0,90,3,6,6,4,4,1,1,1,0.42527
101,1,0,1,6,0,91,12,6,8,8,4,2,2,1,0.61506
101,1,0,1,6,0,92,10,6,8,7,4,2,2,1,0.94318
101,1,0,1,6,0,93,6,6,8,5,4,1,1,1,0.84708
101,1,0,1,6,0,94,11,6,6,8,4,2,2,1,0.46507
101,1,0,1,6,0,95,5,6,6,5,4,1,1,1,0.45894
101,1,0,1,6,0,96,5,6,6,5,4,1,1,1,0.76787
101,1,0,1,6,0,97,8,6,8,6,4,2,2,1,1.3777
101,1,0,1,6,0,98,5,6,6,5,4,1,1,1,0.69876
101,1,0,1,6,0,99,7,6,6,6,4,2,2,1,0.69922
101,1,0,1,6,0,100,2,6,8,3,4,1,1,1,0.48973
101,1,0,1,6,0,101,3,6,6,4,4,1,1,1,0.42096
101,1,0,1,6,0,102,5,6,6,5,4,1,1,1,0.83002
101,1,0,1,6,0,103,4,6,8,4,4,1,1,1,0.48235
101,1,0,1,6,0,104,1,6,6,3,4,1,1,1,0.87613
101,1,0,1,6,0,105,4,6,8,4,4,1,1,1,0.52716
101,1,0,1,6,0,106,11,6,6,8,4,2,2,1,0.47923
101,1,0,1,6,0,107,8,6,8,6,4,2,2,1,0.68374
101,1,0,1,6,0,108,5,6,6,5,4,1,1,1,0.97811
101,1,0,1,6,0,109,8,6,8,6,4,2,2,1,0.53108
101,1,0,1,6,0,110,3,6,6,4,4,1,1,1,0.43446
101,1,0,1,6,0,111,7,6,6,6,4,2,2,1,0.56946
101,1,0,1,6,0,112,8,6,8,6,4,2,2,1,1.075
101,1,0,1,6,0,113,9,6,6,7,4,2,2,1,0.45991
101,1,0,1,6,0,114,4,6,8,4,4,1,1,1,0.44099
101,1,0,1,6,0,115,6,6,8,5,4,1,1,1,0.78907
101,1,0,1,6,0,116,7,6,6,6,4,2,2,1,0.84132
101,1,0,1,6,0,117,4,6,8,4,4,1,1,1,0.53651
101,1,0,1,6,0,118,2,6,8,3,4,1,1,1,0.64428
101,1,0,1,6,0,119,1,6,6,3,4,1,1,1,0.40781
101,1,0,1,6,0,120,2,6,8,3,4,1,1,1,0.45726
