205,2,2,1,1,1,9,60,12,2,2,1,0.7887
205,2,2,1,1,2,1,60,4,1,1,1,1.2352
205,2,2,1,1,3,3,60,6,1,1,1,0.94917
205,2,2,1,1,4,7,60,10,2,2,1,0.4499
205,2,2,1,1,5,9,60,12,2,2,1,0.45634
205,2,2,1,1,6,11,60,14,2,2,1,0.53622
205,2,2,1,1,7,1,60,4,1,1,1,0.4275
205,2,2,1,1,8,7,60,10,2,2,1,0.3376
205,2,2,1,1,9,3,60,6,1,1,1,0.4217
205,2,2,1,1,10,9,60,12,2,2,1,0.29514
205,2,2,1,1,11,3,60,6,1,1,1,0.38573
205,2,2,1,1,12,9,60,12,2,2,1,0.27558
205,2,2,1,1,13,1,60,4,1,1,1,0.39655
205,2,2,1,1,14,5,60,8,1,1,1,0.37401
205,2,2,1,1,15,1,60,4,1,2,0,0.3601
205,2,2,1,1,16,7,60,10,2,2,1,0.52341
205,2,2,1,1,17,11,60,14,2,2,1,0.38834
205,2,2,1,1,18,11,60,14,2,2,1,0.35475
205,2,2,1,1,19,11,60,14,2,2,1,0.38814
205,2,2,1,1,20,5,60,8,1,1,1,0.48249
205,2,2,1,1,21,3,60,6,1,1,1,0.36095
205,2,2,1,1,22,7,60,10,2,2,1,0.4979
205,2,2,1,1,23,5,60,8,1,1,1,0.41309
205,2,2,1,1,24,5,60,8,1,1,1,0.38366
205,2,2,1,0,1,3,60,6,1,1,1,0.44339
205,2,2,1,0,2,9,60,12,2,2,1,0.55689
205,2,2,1,0,3,9,60,12,2,2,1,0.43334
205,2,2,1,0,4,5,60,8,1,1,1,0.43393
205,2,2,1,0,5,3,60,6,1,1,1,0.3601
205,2,2,1,0,6,1,60,4,1,1,1,0.31116
205,2,2,1,0,7,3,60,6,1,1,1,0.32499
205,2,2,1,0,8,11,60,14,2,2,1,0.31667
205,2,2,1,0,9,3,60,6,1,1,1,0.51042
205,2,2,1,0,10,11,60,14,2,2,1,0.45631
205,2,2,1,0,11,11,60,14,2,2,1,0.35038
205,2,2,1,0,12,3,60,6,1,1,1,0.4154
205,2,2,1,0,13,7,60,10,2,2,1,0.37963
205,2,2,1,0,14,1,60,4,1,1,1,0.30648
205,2,2,1,0,15,1,60,4,1,1,1,0.33677
205,2,2,1,0,16,11,60,14,2,2,1,0.35888
205,2,2,1,0,17,1,60,4,1,2,0,0.34239
205,2,2,1,0,18,9,60,12,2,2,1,0.38884
205,2,2,1,0,19,7,60,10,2,2,1,0.40275
205,2,2,1,0,20,3,60,6,1,1,1,0.36989
205,2,2,1,0,21,5,60,8,1,1,1,0.32159
205,2,2,1,0,22,1,60,4,1,1,1,0.30798
205,2,2,1,0,23,1,60,4,1,1,1,0.29341
205,2,2,1,0,24,5,60,8,1,2,0,0.39085
205,2,2,1,0,25,5,60,8,1,1,1,0.3421
205,2,2,1,0,26,1,60,4,1,1,1,0.35765
205,2,2,1,0,27,7,60,10,2,1,0,0.38425
205,2,2,1,0,28,1,60,4,1,1,1,0.78002
205,2,2,1,0,29,9,60,12,2,2,1,0.39212
205,2,2,1,0,30,5,60,8,1,1,1,0.41694
205,2,2,1,0,31,7,60,10,2,2,1,0.52041
205,2,2,1,0,32,1,60,4,1,1,1,0.36529
205,2,2,1,0,33,3,60,6,1,2,0,0.38495
205,2,2,1,0,34,11,60,14,2,2,1,0.48932
205,2,2,1,0,35,11,60,14,2,2,1,0.41902
205,2,2,1,0,36,9,60,12,2,2,1,0.40832
205,2,2,1,0,37,9,60,12,2,2,1,0.41708
205,2,2,1,0,38,11,60,14,2,2,1,0.4811
205,2,2,1,0,39,3,60,6,1,1,1,0.31408
205,2,2,1,0,40,11,60,14,2,2,1,0.39845
205,2,2,1,0,41,9,60,12,2,1,0,0.31509
205,2,2,1,0,42,5,60,8,1,1,1,0.47889
205,2,2,1,0,43,5,60,8,1,1,1,0.37358
205,2,2,1,0,44,5,60,8,1,1,1,0.44357
205,2,2,1,0,45,11,60,14,2,2,1,0.35567
205,2,2,1,0,46,7,60,10,2,1,0,0.51333
205,2,2,1,0,47,1,60,4,1,1,1,0.43409
205,2,2,1,0,48,3,60,6,1,1,1,0.29516
205,2,2,1,0,49,7,60,10,2,2,1,0.45375
205,2,2,1,0,50,11,60,14,2,2,1,0.54469
205,2,2,1,0,51,5,60,8,1,1,1,0.5226
205,2,2,1,0,52,7,60,10,2,2,1,0.59399
205,2,2,1,0,53,11,60,14,2,2,1,0.42762
205,2,2,1,0,54,11,60,14,2,2,1,0.37584
205,2,2,1,0,55,5,60,8,1,1,1,0.42488
205,2,2,1,0,56,9,60,12,2,2,1,0.47023
205,2,2,1,0,57,3,60,6,1,1,1,0.42206
205,2,2,1,0,58,7,60,10,2,1,0,0.44243
205,2,2,1,0,59,11,60,14,2,2,1,0.44461
205,2,2,1,0,60,7,60,10,2,2,1,0.56396
205,2,2,1,0,61,5,60,8,1,2,0,0.54011
205,2,2,1,0,62,9,60,12,2,2,1,0.53016
205,2,2,1,0,63,1,60,4,1,1,1,0.40477
205,2,2,1,0,64,7,60,10,2,1,0,0.61386
205,2,2,1,0,65,9,60,12,2,2,1,0.41589
205,2,2,1,0,66,7,60,10,2,2,1,0.34372
205,2,2,1,0,67,7,60,10,2,2,1,0.43753
205,2,2,1,0,68,7,60,10,2,2,1,0.37867
205,2,2,1,0,69,1,60,4,1,1,1,0.3546
205,2,2,1,0,70,9,60,12,2,2,1,0.46638
205,2,2,1,0,71,7,60,10,2,1,0,0.47312
205,2,2,1,0,72,1,60,4,1,1,1,0.502
205,2,2,1,0,73,11,60,14,2,2,1,0.43035
205,2,2,1,0,74,7,60,10,2,1,0,0.54463
205,2,2,1,0,75,5,60,8,1,1,1,0.52599
205,2,2,1,0,76,9,60,12,2,2,1,0.49557
205,2,2,1,0,77,3,60,6,1,1,1,0.48794
205,2,2,1,0,78,11,60,14,2,2,1,0.43211
205,2,2,1,0,79,9,60,12,2,1,0,0.38564
205,2,2,1,0,80,3,60,6,1,1,1,0.48097
205,2,2,1,0,81,5,60,8,1,1,1,0.42107
205,2,2,1,0,82,1,60,4,1,1,1,0.36742
205,2,2,1,0,83,1,60,4,1,1,1,0.31695
205,2,2,1,0,84,7,60,10,2,2,1,0.43682
205,2,2,1,0,85,11,60,14,2,2,1,0.43773
205,2,2,1,0,86,5,60,8,1,1,1,0.49053
205,2,2,1,0,87,7,60,10,2,2,1,0.62941
205,2,2,1,0,88,9,60,12,2,2,1,0.49959
205,2,2,1,0,89,5,60,8,1,1,1,0.4394
205,2,2,1,0,90,3,60,6,1,1,1,0.42953
205,2,2,1,0,91,5,60,8,1,1,1,0.44479
205,2,2,1,0,92,1,60,4,1,1,1,0.51529
205,2,2,1,0,93,7,60,10,2,2,1,0.30419
205,2,2,1,0,94,3,60,6,1,1,1,0.41029
205,2,2,1,0,95,9,60,12,2,2,1,0.49037
205,2,2,1,0,96,9,60,12,2,2,1,0.38292
205,2,2,1,0,97,1,60,4,1,1,1,0.39322
205,2,2,1,0,98,3,60,6,1,1,1,0.40978
205,2,2,1,0,99,7,60,10,2,2,1,0.43606
205,2,2,1,0,100,5,60,8,1,1,1,0.45921
205,2,2,1,0,101,11,60,14,2,2,1,0.38197
205,2,2,1,0,102,5,60,8,1,1,1,0.40829
205,2,2,1,0,103,5,60,8,1,1,1,0.37042
205,2,2,1,0,104,9,60,12,2,2,1,0.31309
205,2,2,1,0,105,7,60,10,2,2,1,0.50422
205,2,2,1,0,106,1,60,4,1,1,1,0.37735
205,2,2,1,0,107,3,60,6,1,1,1,0.44107
205,2,2,1,0,108,1,60,4,1,1,1,0.34445
205,2,2,1,0,109,5,60,8,1,2,0,0.29131
205,2,2,1,0,110,11,60,14,2,1,0,0.3851
205,2,2,1,0,111,3,60,6,1,1,1,0.43666
205,2,2,1,0,112,3,60,6,1,1,1,0.4008
205,2,2,1,0,113,3,60,6,1,1,1,0.38359
205,2,2,1,0,114,9,60,12,2,2,1,0.41563
205,2,2,1,0,115,9,60,12,2,2,1,0.43056
205,2,2,1,0,116,9,60,12,2,2,1,0.37689
205,2,2,1,0,117,11,60,14,2,2,1,0.33947
205,2,2,1,0,118,3,60,6,1,1,1,0.39047
205,2,2,1,0,119,11,60,14,2,2,1,0.3695
205,2,2,1,0,120,1,60,4,1,1,1,0.70223
205,2,2,2,1,1,2,80,4,1,1,1,0.4816
205,2,2,2,1,2,10,80,12,2,2,1,0.39927
205,2,2,2,1,3,4,80,6,1,1,1,0.48367
205,2,2,2,1,4,8,80,10,2,2,1,0.39627
205,2,2,2,1,5,2,80,4,1,1,1,0.31708
205,2,2,2,1,6,10,80,12,2,2,1,0.34728
205,2,2,2,1,7,2,80,4,1,1,1,0.34244
205,2,2,2,1,8,8,80,10,2,2,1,0.31937
205,2,2,2,1,9,6,80,8,1,1,1,0.53289
205,2,2,2,1,10,6,80,8,1,1,1,0.43107
205,2,2,2,1,11,12,80,14,2,2,1,0.35294
205,2,2,2,1,12,12,80,14,2,2,1,0.35856
205,2,2,2,1,13,6,80,8,1,1,1,0.47133
205,2,2,2,1,14,6,80,8,1,1,1,0.48366
205,2,2,2,1,15,4,80,6,1,1,1,0.44612
205,2,2,2,1,16,4,80,6,1,1,1,0.32066
205,2,2,2,1,17,2,80,4,1,1,1,0.42085
205,2,2,2,1,18,8,80,10,2,2,1,0.53593
205,2,2,2,1,19,4,80,6,1,2,0,0.42121
205,2,2,2,1,20,12,80,14,2,2,1,0.41956
205,2,2,2,1,21,8,80,10,2,1,0,0.47945
205,2,2,2,1,22,10,80,12,2,2,1,0.47297
205,2,2,2,1,23,10,80,12,2,2,1,0.42368
205,2,2,2,1,24,12,80,14,2,2,1,0.3721
205,2,2,2,0,1,4,80,6,1,1,1,0.50947
205,2,2,2,0,2,6,80,8,1,1,1,0.46629
205,2,2,2,0,3,10,80,12,2,2,1,0.43592
205,2,2,2,0,4,12,80,14,2,2,1,0.32799
205,2,2,2,0,5,12,80,14,2,2,1,0.34913
205,2,2,2,0,6,6,80,8,1,1,1,0.40389
205,2,2,2,0,7,2,80,4,1,1,1,0.459
205,2,2,2,0,8,6,80,8,1,1,1,0.38013
205,2,2,2,0,9,10,80,12,2,2,1,0.42015
205,2,2,2,0,10,4,80,6,1,1,1,0.45724
205,2,2,2,0,11,2,80,4,1,1,1,0.4071
205,2,2,2,0,12,10,80,12,2,2,1,0.42033
205,2,2,2,0,13,8,80,10,2,2,1,0.59068
205,2,2,2,0,14,6,80,8,1,1,1,0.39542
205,2,2,2,0,15,2,80,4,1,1,1,0.41193
205,2,2,2,0,16,4,80,6,1,1,1,0.43015
205,2,2,2,0,17,4,80,6,1,1,1,0.41087
205,2,2,2,0,18,12,80,14,2,2,1,0.38358
205,2,2,2,0,19,10,80,12,2,2,1,0.40181
205,2,2,2,0,20,2,80,4,1,1,1,0.42716
205,2,2,2,0,21,12,80,14,2,2,1,0.40415
205,2,2,2,0,22,8,80,10,2,2,1,0.5206
205,2,2,2,0,23,10,80,12,2,2,1,0.42514
205,2,2,2,0,24,8,80,10,2,2,1,0.39002
205,2,2,2,0,25,8,80,10,2,2,1,0.37118
205,2,2,2,0,26,10,80,12,2,2,1,0.32715
205,2,2,2,0,27,2,80,4,1,1,1,0.37833
205,2,2,2,0,28,12,80,14,2,2,1,0.43766
205,2,2,2,0,29,8,80,10,2,2,1,0.52202
205,2,2,2,0,30,10,80,12,2,2,1,0.43174
205,2,2,2,0,31,2,80,4,1,1,1,0.41782
205,2,2,2,0,32,4,80,6,1,1,1,0.43779
205,2,2,2,0,33,10,80,12,2,2,1,0.41918
205,2,2,2,0,34,4,80,6,1,1,1,0.43695
205,2,2,2,0,35,12,80,14,2,2,1,0.41517
205,2,2,2,0,36,4,80,6,1,1,1,0.36167
205,2,2,2,0,37,8,80,10,2,2,1,0.39557
205,2,2,2,0,38,12,80,14,2,2,1,0.47305
205,2,2,2,0,39,10,80,12,2,1,0,0.53596
205,2,2,2,0,40,2,80,4,1,1,1,0.4235
205,2,2,2,0,41,2,80,4,1,1,1,0.37715
205,2,2,2,0,42,10,80,12,2,2,1,0.40812
205,2,2,2,0,43,2,80,4,1,1,1,0.4535
205,2,2,2,0,44,6,80,8,1,2,0,0.50431
205,2,2,2,0,45,6,80,8,1,1,1,0.49699
205,2,2,2,0,46,6,80,8,1,1,1,0.35338
205,2,2,2,0,47,4,80,6,1,1,1,0.41109
205,2,2,2,0,48,4,80,6,1,1,1,0.35221
205,2,2,2,0,49,2,80,4,1,1,1,0.31847
205,2,2,2,0,50,10,80,12,2,2,1,0.38303
205,2,2,2,0,51,6,80,8,1,1,1,0.45134
205,2,2,2,0,52,2,80,4,1,2,0,0.33542
205,2,2,2,0,53,10,80,12,2,1,0,0.36327
205,2,2,2,0,54,12,80,14,2,2,1,0.42321
205,2,2,2,0,55,6,80,8,1,1,1,0.53564
205,2,2,2,0,56,10,80,12,2,2,1,0.47542
205,2,2,2,0,57,8,80,10,2,2,1,0.59369
205,2,2,2,0,58,8,80,10,2,2,1,0.4494
205,2,2,2,0,59,12,80,14,2,2,1,0.38049
205,2,2,2,0,60,6,80,8,1,1,1,0.50895
205,2,2,2,0,61,12,80,14,2,2,1,0.46048
205,2,2,2,0,62,6,80,8,1,1,1,0.47828
205,2,2,2,0,63,4,80,6,1,1,1,0.4368
205,2,2,2,0,64,12,80,14,2,2,1,0.50052
205,2,2,2,0,65,6,80,8,1,1,1,0.49012
205,2,2,2,0,66,8,80,10,2,1,0,0.44257
205,2,2,2,0,67,8,80,10,2,2,1,0.35207
205,2,2,2,0,68,4,80,6,1,1,1,0.46207
205,2,2,2,0,69,4,80,6,1,1,1,0.34096
205,2,2,2,0,70,12,80,14,2,2,1,0.41726
205,2,2,2,0,71,4,80,6,1,1,1,0.3301
205,2,2,2,0,72,4,80,6,1,1,1,0.34385
205,2,2,2,0,73,6,80,8,1,1,1,0.27229
205,2,2,2,0,74,6,80,8,1,1,1,0.42079
205,2,2,2,0,75,2,80,4,1,1,1,0.42023
205,2,2,2,0,76,6,80,8,1,2,0,0.47439
205,2,2,2,0,77,8,80,10,2,2,1,0.5439
205,2,2,2,0,78,2,80,4,1,1,1,0.35912
205,2,2,2,0,79,12,80,14,2,2,1,0.45928
205,2,2,2,0,80,8,80,10,2,1,0,0.60375
205,2,2,2,0,81,8,80,10,2,2,1,0.52311
205,2,2,2,0,82,2,80,4,1,1,1,0.43785
205,2,2,2,0,83,12,80,14,2,1,0,0.44615
205,2,2,2,0,84,6,80,8,1,1,1,0.57498
205,2,2,2,0,85,12,80,14,2,2,1,0.42638
205,2,2,2,0,86,4,80,6,1,1,1,0.45869
205,2,2,2,0,87,10,80,12,2,2,1,0.53971
205,2,2,2,0,88,4,80,6,1,1,1,0.3752
205,2,2,2,0,89,10,80,12,2,2,1,0.44921
205,2,2,2,0,90,6,80,8,1,2,0,0.47811
205,2,2,2,0,91,2,80,4,1,1,1,0.48315
205,2,2,2,0,92,6,80,8,1,1,1,0.38471
205,2,2,2,0,93,6,80,8,1,1,1,0.40714
205,2,2,2,0,94,8,80,10,2,2,1,0.45489
205,2,2,2,0,95,12,80,14,2,2,1,0.37156
205,2,2,2,0,96,10,80,12,2,2,1,0.40162
205,2,2,2,0,97,10,80,12,2,2,1,0.34666
205,2,2,2,0,98,2,80,4,1,1,1,0.4288
205,2,2,2,0,99,12,80,14,2,2,1,0.45435
205,2,2,2,0,100,10,80,12,2,2,1,0.54081
205,2,2,2,0,101,10,80,12,2,2,1,0.3861
205,2,2,2,0,102,8,80,10,2,1,0,0.53557
205,2,2,2,0,103,8,80,10,2,2,1,0.67888
205,2,2,2,0,104,8,80,10,2,2,1,0.34574
205,2,2,2,0,105,2,80,4,1,1,1,0.45416
205,2,2,2,0,106,2,80,4,1,1,1,0.4651
205,2,2,2,0,107,4,80,6,1,1,1,0.3678
205,2,2,2,0,108,12,80,14,2,2,1,0.44388
205,2,2,2,0,109,10,80,12,2,2,1,0.51415
205,2,2,2,0,110,4,80,6,1,1,1,0.55675
205,2,2,2,0,111,8,80,10,2,2,1,0.45885
205,2,2,2,0,112,2,80,4,1,2,0,0.699
205,2,2,2,0,113,6,80,8,1,1,1,0.57358
205,2,2,2,0,114,8,80,10,2,2,1,0.58979
205,2,2,2,0,115,12,80,14,2,2,1,0.45908
205,2,2,2,0,116,12,80,14,2,2,1,0.34048
205,2,2,2,0,117,2,80,4,1,1,1,0.34888
205,2,2,2,0,118,4,80,6,1,1,1,0.3896
205,2,2,2,0,119,8,80,10,2,1,0,0.72581
205,2,2,2,0,120,4,80,6,1,1,1,0.5354
205,2,2,3,1,1,12,80,14,2,2,1,0.50807
205,2,2,3,1,2,10,80,12,2,2,1,0.51688
205,2,2,3,1,3,5,60,8,1,1,1,0.64937
205,2,2,3,1,4,5,60,8,1,1,1,0.3841
205,2,2,3,1,5,10,80,12,2,2,1,0.46564
205,2,2,3,1,6,5,60,8,1,1,1,0.43822
205,2,2,3,1,7,3,60,6,1,1,1,0.38288
205,2,2,3,1,8,1,60,4,1,1,1,0.34625
205,2,2,3,1,9,3,60,6,1,1,1,0.4267
205,2,2,3,1,10,3,60,6,1,1,1,0.31995
205,2,2,3,1,11,3,60,6,1,1,1,0.42399
205,2,2,3,1,12,8,80,10,2,2,1,0.4636
205,2,2,3,1,13,8,80,10,2,2,1,0.38463
205,2,2,3,1,14,10,80,12,2,2,1,0.38515
205,2,2,3,1,15,1,60,4,1,1,1,0.40042
205,2,2,3,1,16,1,60,4,1,1,1,0.36097
205,2,2,3,1,17,12,80,14,2,2,1,0.42229
205,2,2,3,1,18,12,80,14,2,2,1,0.44434
205,2,2,3,1,19,8,80,10,2,1,0,0.5264
205,2,2,3,1,20,1,60,4,1,1,1,0.40258
205,2,2,3,1,21,10,80,12,2,2,1,0.41571
205,2,2,3,1,22,8,80,10,2,2,1,0.48519
205,2,2,3,1,23,5,60,8,1,2,0,0.51188
205,2,2,3,1,24,12,80,14,2,2,1,0.46121
205,2,2,3,0,1,3,60,6,1,1,1,0.49571
205,2,2,3,0,2,1,60,4,1,1,1,0.34871
205,2,2,3,0,3,8,80,10,2,2,1,0.5734
205,2,2,3,0,4,8,80,10,2,2,1,0.47539
205,2,2,3,0,5,10,80,12,2,2,1,0.40752
205,2,2,3,0,6,10,80,12,2,2,1,0.35413
205,2,2,3,0,7,5,60,8,1,1,1,0.48858
205,2,2,3,0,8,5,60,8,1,1,1,0.35582
205,2,2,3,0,9,8,80,10,2,2,1,0.57352
205,2,2,3,0,10,10,80,12,2,2,1,0.35842
205,2,2,3,0,11,5,60,8,1,1,1,0.48944
205,2,2,3,0,12,5,60,8,1,1,1,0.38646
205,2,2,3,0,13,12,80,14,2,2,1,0.47518
205,2,2,3,0,14,3,60,6,1,1,1,0.44648
205,2,2,3,0,15,1,60,4,1,1,1,0.38763
205,2,2,3,0,16,10,80,12,2,2,1,0.44955
205,2,2,3,0,17,12,80,14,2,2,1,0.37511
205,2,2,3,0,18,10,80,12,2,2,1,0.39066
205,2,2,3,0,19,3,60,6,1,1,1,0.45346
205,2,2,3,0,20,3,60,6,1,1,1,0.43974
205,2,2,3,0,21,10,80,12,2,2,1,0.56944
205,2,2,3,0,22,8,80,10,2,2,1,0.7013
205,2,2,3,0,23,5,60,8,1,1,1,0.55974
205,2,2,3,0,24,1,60,4,1,1,1,0.40274
205,2,2,3,0,25,5,60,8,1,1,1,0.47757
205,2,2,3,0,26,8,80,10,2,2,1,0.59308
205,2,2,3,0,27,10,80,12,2,2,1,0.50215
205,2,2,3,0,28,12,80,14,2,2,1,0.40797
205,2,2,3,0,29,10,80,12,2,2,1,0.45089
205,2,2,3,0,30,5,60,8,1,1,1,0.5451
205,2,2,3,0,31,8,80,10,2,2,1,0.77947
205,2,2,3,0,32,3,60,6,1,1,1,0.47838
205,2,2,3,0,33,5,60,8,1,1,1,0.47827
205,2,2,3,0,34,1,60,4,1,1,1,0.5608
205,2,2,3,0,35,1,60,4,1,1,1,0.39982
205,2,2,3,0,36,8,80,10,2,2,1,0.40646
205,2,2,3,0,37,10,80,12,2,2,1,0.51442
205,2,2,3,0,38,5,60,8,1,1,1,0.4875
205,2,2,3,0,39,5,60,8,1,1,1,0.4033
205,2,2,3,0,40,10,80,12,2,2,1,0.49818
205,2,2,3,0,41,5,60,8,1,2,0,0.4642
205,2,2,3,0,42,1,60,4,1,1,1,0.48606
205,2,2,3,0,43,8,80,10,2,2,1,0.53115
205,2,2,3,0,44,10,80,12,2,2,1,0.39242
205,2,2,3,0,45,5,60,8,1,1,1,0.44707
205,2,2,3,0,46,5,60,8,1,1,1,0.38224
205,2,2,3,0,47,1,60,4,1,1,1,0.38024
205,2,2,3,0,48,3,60,6,1,1,1,0.44728
205,2,2,3,0,49,1,60,4,1,1,1,0.44889
205,2,2,3,0,50,1,60,4,1,1,1,0.38098
205,2,2,3,0,51,12,80,14,2,2,1,0.46096
205,2,2,3,0,52,8,80,10,2,2,1,0.39927
205,2,2,3,0,53,1,60,4,1,1,1,0.4075
205,2,2,3,0,54,8,80,10,2,2,1,0.48439
205,2,2,3,0,55,12,80,14,2,2,1,0.47262
205,2,2,3,0,56,5,60,8,1,1,1,0.4545
205,2,2,3,0,57,8,80,10,2,1,0,0.44188
205,2,2,3,0,58,8,80,10,2,2,1,0.54902
205,2,2,3,0,59,3,60,6,1,1,1,0.47557
205,2,2,3,0,60,3,60,6,1,1,1,0.46997
205,2,2,3,0,61,1,60,4,1,1,1,0.37603
205,2,2,3,0,62,5,60,8,1,1,1,0.59386
205,2,2,3,0,63,3,60,6,1,1,1,0.37066
205,2,2,3,0,64,5,60,8,1,1,1,0.41544
205,2,2,3,0,65,12,80,14,2,2,1,0.48513
205,2,2,3,0,66,3,60,6,1,2,0,0.81199
205,2,2,3,0,67,1,60,4,1,1,1,0.49953
205,2,2,3,0,68,8,80,10,2,1,0,0.62854
205,2,2,3,0,69,8,80,10,2,2,1,0.47693
205,2,2,3,0,70,8,80,10,2,2,1,0.39673
205,2,2,3,0,71,10,80,12,2,2,1,0.41078
205,2,2,3,0,72,12,80,14,2,2,1,0.39866
205,2,2,3,0,73,10,80,12,2,2,1,0.36276
205,2,2,3,0,74,3,60,6,1,1,1,0.52277
205,2,2,3,0,75,12,80,14,2,2,1,0.49799
205,2,2,3,0,76,10,80,12,2,2,1,0.49308
205,2,2,3,0,77,1,60,4,1,1,1,0.46601
205,2,2,3,0,78,3,60,6,1,1,1,0.45952
205,2,2,3,0,79,12,80,14,2,2,1,0.43649
205,2,2,3,0,80,3,60,6,1,1,1,0.49165
205,2,2,3,0,81,12,80,14,2,2,1,0.49551
205,2,2,3,0,82,10,80,12,2,1,0,0.66971
205,2,2,3,0,83,8,80,10,2,2,1,0.65906
205,2,2,3,0,84,8,80,10,2,2,1,0.37009
205,2,2,3,0,85,12,80,14,2,2,1,0.42347
205,2,2,3,0,86,1,60,4,1,1,1,0.5352
205,2,2,3,0,87,5,60,8,1,1,1,0.83993
205,2,2,3,0,88,12,80,14,2,2,1,0.52259
205,2,2,3,0,89,10,80,12,2,2,1,0.65213
205,2,2,3,0,90,1,60,4,1,1,1,0.49513
205,2,2,3,0,91,12,80,14,2,2,1,0.43566
205,2,2,3,0,92,8,80,10,2,1,0,0.66625
205,2,2,3,0,93,3,60,6,1,1,1,0.5523
205,2,2,3,0,94,10,80,12,2,2,1,0.48955
205,2,2,3,0,95,1,60,4,1,1,1,0.43142
205,2,2,3,0,96,5,60,8,1,2,0,0.59958
205,2,2,3,0,97,3,60,6,1,1,1,0.56774
205,2,2,3,0,98,12,80,14,2,2,1,0.50771
205,2,2,3,0,99,1,60,4,1,1,1,0.51279
205,2,2,3,0,100,10,80,12,2,2,1,0.50254
205,2,2,3,0,101,3,60,6,1,1,1,0.51754
205,2,2,3,0,102,10,80,12,2,2,1,0.50763
205,2,2,3,0,103,3,60,6,1,1,1,0.56651
205,2,2,3,0,104,3,60,6,1,1,1,0.52095
205,2,2,3,0,105,12,80,14,2,2,1,0.49285
205,2,2,3,0,106,12,80,14,2,2,1,0.43038
205,2,2,3,0,107,1,60,4,1,1,1,0.52022
205,2,2,3,0,108,12,80,14,2,2,1,0.59178
205,2,2,3,0,109,3,60,6,1,1,1,0.62329
205,2,2,3,0,110,12,80,14,2,2,1,0.49699
205,2,2,3,0,111,5,60,8,1,1,1,0.4962
205,2,2,3,0,112,1,60,4,1,1,1,0.47841
205,2,2,3,0,113,12,80,14,2,2,1,0.56139
205,2,2,3,0,114,8,80,10,2,2,1,0.59751
205,2,2,3,0,115,1,60,4,1,1,1,0.37574
205,2,2,3,0,116,3,60,6,1,1,1,0.4744
205,2,2,3,0,117,5,60,8,1,1,1,0.42138
205,2,2,3,0,118,12,80,14,2,2,1,0.50713
205,2,2,3,0,119,10,80,12,2,2,1,0.67597
205,2,2,3,0,120,8,80,10,2,2,1,0.70545
205,2,2,4,1,1,4,80,6,1,1,1,0.50809
205,2,2,4,1,2,11,60,14,2,2,1,0.41896
205,2,2,4,1,3,7,60,10,2,2,1,0.55824
205,2,2,4,1,4,7,60,10,2,2,1,0.37558
205,2,2,4,1,5,9,60,12,2,2,1,0.40923
205,2,2,4,1,6,9,60,12,2,2,1,0.36512
205,2,2,4,1,7,7,60,10,2,2,1,0.33501
205,2,2,4,1,8,9,60,12,2,2,1,0.38556
205,2,2,4,1,9,7,60,10,2,2,1,0.30924
205,2,2,4,1,10,2,80,4,1,1,1,0.34865
205,2,2,4,1,11,2,80,4,1,1,1,0.37847
205,2,2,4,1,12,6,80,8,1,1,1,0.567
205,2,2,4,1,13,6,80,8,1,1,1,0.41202
205,2,2,4,1,14,11,60,14,2,2,1,0.37868
205,2,2,4,1,15,4,80,6,1,1,1,0.48009
205,2,2,4,1,16,4,80,6,1,1,1,0.43373
205,2,2,4,1,17,6,80,8,1,1,1,0.441
205,2,2,4,1,18,2,80,4,1,1,1,0.399
205,2,2,4,1,19,4,80,6,1,1,1,0.47767
205,2,2,4,1,20,6,80,8,1,1,1,0.51401
205,2,2,4,1,21,11,60,14,2,2,1,0.38467
205,2,2,4,1,22,9,60,12,2,2,1,0.35901
205,2,2,4,1,23,11,60,14,2,2,1,0.3737
205,2,2,4,1,24,2,80,4,1,1,1,0.45311
205,2,2,4,0,1,4,80,6,1,1,1,0.52864
205,2,2,4,0,2,11,60,14,2,2,1,0.48709
205,2,2,4,0,3,7,60,10,2,1,0,0.52297
205,2,2,4,0,4,2,80,4,1,1,1,0.45148
205,2,2,4,0,5,2,80,4,1,1,1,0.41899
205,2,2,4,0,6,9,60,12,2,2,1,0.53764
205,2,2,4,0,7,11,60,14,2,2,1,0.42886
205,2,2,4,0,8,7,60,10,2,2,1,0.3373
205,2,2,4,0,9,6,80,8,1,2,0,0.52462
205,2,2,4,0,10,4,80,6,1,1,1,0.52424
205,2,2,4,0,11,9,60,12,2,2,1,0.45444
205,2,2,4,0,12,11,60,14,2,2,1,0.42865
205,2,2,4,0,13,2,80,4,1,1,1,0.45433
205,2,2,4,0,14,2,80,4,1,1,1,0.44547
205,2,2,4,0,15,4,80,6,1,1,1,0.58198
205,2,2,4,0,16,4,80,6,1,1,1,0.42551
205,2,2,4,0,17,9,60,12,2,2,1,0.53016
205,2,2,4,0,18,2,80,4,1,1,1,0.46778
205,2,2,4,0,19,9,60,12,2,2,1,0.39188
205,2,2,4,0,20,6,80,8,1,1,1,0.44658
205,2,2,4,0,21,7,60,10,2,2,1,0.56467
205,2,2,4,0,22,4,80,6,1,1,1,0.56648
205,2,2,4,0,23,7,60,10,2,2,1,0.42923
205,2,2,4,0,24,2,80,4,1,1,1,0.4183
205,2,2,4,0,25,4,80,6,1,1,1,0.47722
205,2,2,4,0,26,7,60,10,2,2,1,0.5034
205,2,2,4,0,27,2,80,4,1,1,1,0.44925
205,2,2,4,0,28,6,80,8,1,1,1,0.49866
205,2,2,4,0,29,7,60,10,2,2,1,0.44639
205,2,2,4,0,30,9,60,12,2,2,1,0.48274
205,2,2,4,0,31,6,80,8,1,2,0,0.63994
205,2,2,4,0,32,9,60,12,2,2,1,0.55526
205,2,2,4,0,33,4,80,6,1,1,1,0.4297
205,2,2,4,0,34,9,60,12,2,2,1,0.45303
205,2,2,4,0,35,7,60,10,2,2,1,0.44258
205,2,2,4,0,36,6,80,8,1,1,1,0.91475
205,2,2,4,0,37,11,60,14,2,2,1,0.58543
205,2,2,4,0,38,2,80,4,1,1,1,0.5348
205,2,2,4,0,39,6,80,8,1,2,0,0.62444
205,2,2,4,0,40,4,80,6,1,1,1,0.46939
205,2,2,4,0,41,2,80,4,1,1,1,0.42713
205,2,2,4,0,42,6,80,8,1,2,0,0.54037
205,2,2,4,0,43,4,80,6,1,1,1,0.32861
205,2,2,4,0,44,11,60,14,2,2,1,0.51782
205,2,2,4,0,45,6,80,8,1,2,0,0.489
205,2,2,4,0,46,7,60,10,2,1,0,0.47555
205,2,2,4,0,47,9,60,12,2,2,1,0.45326
205,2,2,4,0,48,6,80,8,1,1,1,0.48813
205,2,2,4,0,49,2,80,4,1,1,1,0.78445
205,2,2,4,0,50,4,80,6,1,1,1,0.38376
205,2,2,4,0,51,9,60,12,2,2,1,0.49009
205,2,2,4,0,52,7,60,10,2,2,1,0.61996
205,2,2,4,0,53,9,60,12,2,2,1,0.41773
205,2,2,4,0,54,2,80,4,1,1,1,0.46664
205,2,2,4,0,55,4,80,6,1,1,1,0.41887
205,2,2,4,0,56,4,80,6,1,1,1,0.35593
205,2,2,4,0,57,2,80,4,1,1,1,0.31471
205,2,2,4,0,58,9,60,12,2,2,1,0.42175
205,2,2,4,0,59,6,80,8,1,2,0,0.74024
205,2,2,4,0,60,11,60,14,2,2,1,0.54135
205,2,2,4,0,61,7,60,10,2,2,1,0.34251
205,2,2,4,0,62,11,60,14,2,2,1,0.36306
205,2,2,4,0,63,6,80,8,1,1,1,0.42268
205,2,2,4,0,64,2,80,4,1,1,1,0.34487
205,2,2,4,0,65,11,60,14,2,2,1,0.45325
205,2,2,4,0,66,2,80,4,1,1,1,0.41165
205,2,2,4,0,67,7,60,10,2,1,0,0.72688
205,2,2,4,0,68,11,60,14,2,2,1,0.39718
205,2,2,4,0,69,4,80,6,1,1,1,0.53032
205,2,2,4,0,70,4,80,6,1,1,1,0.41437
205,2,2,4,0,71,4,80,6,1,1,1,0.4558
205,2,2,4,0,72,7,60,10,2,2,1,0.51289
205,2,2,4,0,73,4,80,6,1,1,1,0.46169
205,2,2,4,0,74,7,60,10,2,2,1,0.49359
205,2,2,4,0,75,11,60,14,2,2,1,0.43446
205,2,2,4,0,76,11,60,14,2,2,1,0.46995
205,2,2,4,0,77,6,80,8,1,1,1,0.64657
205,2,2,4,0,78,4,80,6,1,1,1,0.56713
205,2,2,4,0,79,2,80,4,1,1,1,0.36747
205,2,2,4,0,80,11,60,14,2,2,1,0.48085
205,2,2,4,0,81,9,60,12,2,2,1,0.57553
205,2,2,4,0,82,11,60,14,2,2,1,0.45082
205,2,2,4,0,83,11,60,14,2,2,1,0.37292
205,2,2,4,0,84,11,60,14,2,2,1,0.43849
205,2,2,4,0,85,9,60,12,2,2,1,0.53779
205,2,2,4,0,86,2,80,4,1,1,1,0.51184
205,2,2,4,0,87,6,80,8,1,1,1,0.68708
205,2,2,4,0,88,9,60,12,2,2,1,0.57062
205,2,2,4,0,89,11,60,14,2,2,1,0.46474
205,2,2,4,0,90,9,60,12,2,2,1,0.46488
205,2,2,4,0,91,7,60,10,2,2,1,0.6997
205,2,2,4,0,92,6,80,8,1,1,1,0.53702
205,2,2,4,0,93,6,80,8,1,1,1,0.42732
205,2,2,4,0,94,7,60,10,2,1,0,0.68813
205,2,2,4,0,95,9,60,12,2,2,1,0.41782
205,2,2,4,0,96,7,60,10,2,2,1,0.36634
205,2,2,4,0,97,4,80,6,1,1,1,0.45304
205,2,2,4,0,98,9,60,12,2,2,1,0.45158
205,2,2,4,0,99,2,80,4,1,1,1,0.49094
205,2,2,4,0,100,2,80,4,1,1,1,0.45225
205,2,2,4,0,101,6,80,8,1,1,1,0.62432
205,2,2,4,0,102,6,80,8,1,1,1,0.33635
205,2,2,4,0,103,9,60,12,2,2,1,0.41965
205,2,2,4,0,104,9,60,12,2,2,1,0.39918
205,2,2,4,0,105,7,60,10,2,2,1,0.40218
205,2,2,4,0,106,11,60,14,2,2,1,0.43685
205,2,2,4,0,107,7,60,10,2,2,1,0.76696
205,2,2,4,0,108,11,60,14,2,2,1,0.50924
205,2,2,4,0,109,4,80,6,1,1,1,0.43553
205,2,2,4,0,110,2,80,4,1,1,1,0.43484
205,2,2,4,0,111,6,80,8,1,1,1,0.89597
205,2,2,4,0,112,11,60,14,2,2,1,0.49204
205,2,2,4,0,113,7,60,10,2,1,0,0.58365
205,2,2,4,0,114,2,80,4,1,1,1,0.64089
205,2,2,4,0,115,9,60,12,2,2,1,0.50307
205,2,2,4,0,116,4,80,6,1,1,1,0.44678
205,2,2,4,0,117,6,80,8,1,1,1,0.43058
205,2,2,4,0,118,11,60,14,2,2,1,0.45527
205,2,2,4,0,119,6,80,8,1,1,1,0.43027
205,2,2,4,0,120,7,60,10,2,2,1,0.83198
205,2,2,5,1,1,1,60,4,1,1,1,0.46009
205,2,2,5,1,2,7,60,10,2,2,1,0.51543
205,2,2,5,1,3,4,80,6,1,1,1,0.40858
205,2,2,5,1,4,6,80,8,1,2,0,0.66682
205,2,2,5,1,5,4,80,6,1,1,1,0.40712
205,2,2,5,1,6,3,60,6,1,1,1,0.36152
205,2,2,5,1,7,2,80,4,1,1,1,0.29004
205,2,2,5,1,8,8,80,10,2,2,1,0.42408
205,2,2,5,1,9,12,80,14,2,2,1,0.33975
205,2,2,5,1,10,7,60,10,2,2,1,0.55619
205,2,2,5,1,11,11,60,14,2,2,1,0.28291
205,2,2,5,1,12,10,80,12,2,2,1,0.32271
205,2,2,5,1,13,9,60,12,2,2,1,0.28259
205,2,2,5,1,14,10,80,12,2,2,1,0.30101
205,2,2,5,1,15,1,60,4,1,1,1,0.45015
205,2,2,5,1,16,5,60,8,1,1,1,0.37585
205,2,2,5,1,17,12,80,14,2,2,1,0.43589
205,2,2,5,1,18,3,60,6,1,1,1,0.44623
205,2,2,5,1,19,8,80,10,2,2,1,0.40975
205,2,2,5,1,20,5,60,8,1,1,1,0.52671
205,2,2,5,1,21,6,80,8,1,1,1,0.34276
205,2,2,5,1,22,11,60,14,2,2,1,0.39572
205,2,2,5,1,23,2,80,4,1,1,1,0.39202
205,2,2,5,1,24,9,60,12,2,2,1,0.40638
205,2,2,5,0,1,8,80,10,2,1,0,0.79867
205,2,2,5,0,2,2,80,4,1,1,1,0.70679
205,2,2,5,0,3,6,80,8,1,1,1,0.38636
205,2,2,5,0,4,12,80,14,2,2,1,0.47905
205,2,2,5,0,5,1,60,4,1,1,1,0.43759
205,2,2,5,0,6,1,60,4,1,1,1,0.41592
205,2,2,5,0,7,3,60,6,1,1,1,0.38888
205,2,2,5,0,8,8,80,10,2,2,1,0.48068
205,2,2,5,0,9,10,80,12,2,2,1,0.38541
205,2,2,5,0,10,12,80,14,2,2,1,0.36028
205,2,2,5,0,11,4,80,6,1,1,1,0.47456
205,2,2,5,0,12,7,60,10,2,1,0,0.41282
205,2,2,5,0,13,1,60,4,1,1,1,0.35184
205,2,2,5,0,14,9,60,12,2,2,1,0.431
205,2,2,5,0,15,8,80,10,2,2,1,0.3489
205,2,2,5,0,16,8,80,10,2,2,1,0.36866
205,2,2,5,0,17,12,80,14,2,2,1,0.45796
205,2,2,5,0,18,4,80,6,1,1,1,1.2689
205,2,2,5,0,19,2,80,4,1,1,1,0.52495
205,2,2,5,0,20,7,60,10,2,2,1,0.59396
205,2,2,5,0,21,9,60,12,2,2,1,0.44756
205,2,2,5,0,22,8,80,10,2,2,1,0.43056
205,2,2,5,0,23,1,60,4,1,1,1,0.51389
205,2,2,5,0,24,4,80,6,1,1,1,0.50042
205,2,2,5,0,25,7,60,10,2,2,1,0.46188
205,2,2,5,0,26,7,60,10,2,2,1,0.48519
205,2,2,5,0,27,11,60,14,2,1,0,0.46645
205,2,2,5,0,28,4,80,6,1,1,1,0.40798
205,2,2,5,0,29,10,80,12,2,2,1,0.43096
205,2,2,5,0,30,2,80,4,1,1,1,0.42938
205,2,2,5,0,31,9,60,12,2,2,1,0.5156
205,2,2,5,0,32,5,60,8,1,2,0,0.75941
205,2,2,5,0,33,6,80,8,1,2,0,0.47246
205,2,2,5,0,34,8,80,10,2,1,0,0.45323
205,2,2,5,0,35,3,60,6,1,1,1,0.36977
205,2,2,5,0,36,6,80,8,1,1,1,0.38025
205,2,2,5,0,37,10,80,12,2,2,1,0.42781
205,2,2,5,0,38,3,60,6,1,1,1,0.34161
205,2,2,5,0,39,5,60,8,1,1,1,0.51548
205,2,2,5,0,40,2,80,4,1,1,1,0.35056
205,2,2,5,0,41,11,60,14,2,2,1,0.42627
205,2,2,5,0,42,8,80,10,2,1,0,0.63802
205,2,2,5,0,43,3,60,6,1,1,1,0.4614
205,2,2,5,0,44,12,80,14,2,2,1,0.37115
205,2,2,5,0,45,5,60,8,1,2,0,0.61866
205,2,2,5,0,46,5,60,8,1,1,1,0.43705
205,2,2,5,0,47,7,60,10,2,1,0,0.3683
205,2,2,5,0,48,7,60,10,2,2,1,0.29016
205,2,2,5,0,49,5,60,8,1,2,0,0.33882
205,2,2,5,0,50,10,80,12,2,2,1,0.54732
205,2,2,5,0,51,3,60,6,1,2,0,0.41472
205,2,2,5,0,52,6,80,8,1,1,1,0.48516
205,2,2,5,0,53,5,60,8,1,1,1,0.38115
205,2,2,5,0,54,4,80,6,1,1,1,0.3283
205,2,2,5,0,55,6,80,8,1,1,1,0.32322
205,2,2,5,0,56,3,60,6,1,1,1,0.32158
205,2,2,5,0,57,7,60,10,2,2,1,0.48727
205,2,2,5,0,58,2,80,4,1,1,1,0.40563
205,2,2,5,0,59,2,80,4,1,1,1,0.37838
205,2,2,5,0,60,2,80,4,1,1,1,0.37847
205,2,2,5,0,61,5,60,8,1,2,0,0.53749
205,2,2,5,0,62,11,60,14,2,2,1,0.79135
205,2,2,5,0,63,6,80,8,1,1,1,0.53614
205,2,2,5,0,64,4,80,6,1,1,1,0.43597
205,2,2,5,0,65,10,80,12,2,2,1,0.46742
205,2,2,5,0,66,6,80,8,1,2,0,0.62978
205,2,2,5,0,67,5,60,8,1,1,1,0.36085
205,2,2,5,0,68,8,80,10,2,1,0,0.48305
205,2,2,5,0,69,6,80,8,1,1,1,0.47335
205,2,2,5,0,70,1,60,4,1,1,1,0.43272
205,2,2,5,0,71,2,80,4,1,1,1,0.40324
205,2,2,5,0,72,12,80,14,2,2,1,0.47985
205,2,2,5,0,73,1,60,4,1,1,1,0.51959
205,2,2,5,0,74,10,80,12,2,2,1,0.42113
205,2,2,5,0,75,7,60,10,2,2,1,0.5687
205,2,2,5,0,76,9,60,12,2,2,1,0.40911
205,2,2,5,0,77,3,60,6,1,1,1,0.48877
205,2,2,5,0,78,5,60,8,1,1,1,0.40446
205,2,2,5,0,79,9,60,12,2,2,1,0.4986
205,2,2,5,0,80,11,60,14,2,2,1,0.41577
205,2,2,5,0,81,1,60,4,1,1,1,0.4739
205,2,2,5,0,82,3,60,6,1,1,1,0.4895
205,2,2,5,0,83,12,80,14,2,2,1,0.45698
205,2,2,5,0,84,8,80,10,2,1,0,0.53739
205,2,2,5,0,85,12,80,14,2,2,1,0.46486
205,2,2,5,0,86,11,60,14,2,2,1,0.44841
205,2,2,5,0,87,12,80,14,2,2,1,0.33039
205,2,2,5,0,88,11,60,14,2,2,1,0.43672
205,2,2,5,0,89,10,80,12,2,2,1,0.38425
205,2,2,5,0,90,10,80,12,2,2,1,0.38703
205,2,2,5,0,91,9,60,12,2,2,1,0.33862
205,2,2,5,0,92,3,60,6,1,1,1,0.48179
205,2,2,5,0,93,4,80,6,1,1,1,0.45455
205,2,2,5,0,94,7,60,10,2,2,1,0.58381
205,2,2,5,0,95,11,60,14,2,2,1,0.44715
205,2,2,5,0,96,1,60,4,1,1,1,0.60412
205,2,2,5,0,97,1,60,4,1,1,1,0.42593
205,2,2,5,0,98,4,80,6,1,1,1,0.51401
205,2,2,5,0,99,9,60,12,2,2,1,0.58235
205,2,2,5,0,100,2,80,4,1,1,1,0.55327
205,2,2,5,0,101,2,80,4,1,1,1,0.43409
205,2,2,5,0,102,9,60,12,2,2,1,0.53973
205,2,2,5,0,103,4,80,6,1,1,1,0.57574
205,2,2,5,0,104,10,80,12,2,2,1,0.51704
205,2,2,5,0,105,6,80,8,1,1,1,0.47214
205,2,2,5,0,106,11,60,14,2,2,1,0.40806
205,2,2,5,0,107,4,80,6,1,1,1,0.46634
205,2,2,5,0,108,7,60,10,2,2,1,0.5993
205,2,2,5,0,109,8,80,10,2,2,1,0.49217
205,2,2,5,0,110,12,80,14,2,2,1,0.43548
205,2,2,5,0,111,9,60,12,2,2,1,0.56971
205,2,2,5,0,112,12,80,14,2,2,1,0.35383
205,2,2,5,0,113,1,60,4,1,1,1,0.42126
205,2,2,5,0,114,3,60,6,1,1,1,0.50986
205,2,2,5,0,115,5,60,8,1,1,1,0.53291
205,2,2,5,0,116,9,60,12,2,2,1,0.4335
205,2,2,5,0,117,11,60,14,2,2,1,0.43402
205,2,2,5,0,118,6,80,8,1,1,1,0.50433
205,2,2,5,0,119,10,80,12,2,2,1,0.37873
205,2,2,5,0,120,11,60,14,2,2,1,0.40406
205,2,2,6,0,1,1,60,4,1,1,1,0.60969
205,2,2,6,0,2,10,80,12,2,2,1,0.40029
205,2,2,6,0,3,10,80,12,2,2,1,0.41179
205,2,2,6,0,4,1,60,4,1,1,1,0.36847
205,2,2,6,0,5,9,60,12,2,2,1,0.40758
205,2,2,6,0,6,8,80,10,2,2,1,0.61836
205,2,2,6,0,7,11,60,14,2,2,1,0.39655
205,2,2,6,0,8,2,80,4,1,1,1,0.40965
205,2,2,6,0,9,10,80,12,2,2,1,0.55161
205,2,2,6,0,10,2,80,4,1,1,1,0.36904
205,2,2,6,0,11,3,60,6,1,1,1,0.35147
205,2,2,6,0,12,7,60,10,2,2,1,0.51274
205,2,2,6,0,13,9,60,12,2,2,1,0.40616
205,2,2,6,0,14,7,60,10,2,2,1,0.36122
205,2,2,6,0,15,9,60,12,2,2,1,0.3712
205,2,2,6,0,16,8,80,10,2,2,1,0.39394
205,2,2,6,0,17,9,60,12,2,2,1,0.34109
205,2,2,6,0,18,4,80,6,1,1,1,0.45695
205,2,2,6,0,19,10,80,12,2,2,1,0.44124
205,2,2,6,0,20,6,80,8,1,1,1,0.45914
205,2,2,6,0,21,4,80,6,1,1,1,0.49545
205,2,2,6,0,22,1,60,4,1,1,1,0.38535
205,2,2,6,0,23,5,60,8,1,1,1,0.48073
205,2,2,6,0,24,11,60,14,2,2,1,0.3891
205,2,2,6,0,25,11,60,14,2,2,1,0.37626
205,2,2,6,0,26,5,60,8,1,1,1,0.49394
205,2,2,6,0,27,3,60,6,1,1,1,0.42907
205,2,2,6,0,28,10,80,12,2,2,1,0.38016
205,2,2,6,0,29,3,60,6,1,1,1,0.46617
205,2,2,6,0,30,8,80,10,2,2,1,0.55609
205,2,2,6,0,31,1,60,4,1,1,1,0.35126
205,2,2,6,0,32,8,80,10,2,2,1,0.34564
205,2,2,6,0,33,11,60,14,2,2,1,0.43315
205,2,2,6,0,34,4,80,6,1,1,1,0.49135
205,2,2,6,0,35,2,80,4,1,1,1,0.40817
205,2,2,6,0,36,2,80,4,1,1,1,0.36138
205,2,2,6,0,37,12,80,14,2,2,1,0.37498
205,2,2,6,0,38,12,80,14,2,2,1,0.41314
205,2,2,6,0,39,9,60,12,2,2,1,0.36074
205,2,2,6,0,40,9,60,12,2,2,1,0.36032
205,2,2,6,0,41,6,80,8,1,1,1,0.44579
205,2,2,6,0,42,9,60,12,2,2,1,0.3572
205,2,2,6,0,43,3,60,6,1,1,1,0.38586
205,2,2,6,0,44,5,60,8,1,1,1,0.52101
205,2,2,6,0,45,6,80,8,1,1,1,0.36848
205,2,2,6,0,46,6,80,8,1,1,1,0.32065
205,2,2,6,0,47,11,60,14,2,2,1,0.38661
205,2,2,6,0,48,11,60,14,2,2,1,0.43458
205,2,2,6,0,49,5,60,8,1,1,1,0.49323
205,2,2,6,0,50,4,80,6,1,1,1,0.39317
205,2,2,6,0,51,12,80,14,2,2,1,0.43419
205,2,2,6,0,52,4,80,6,1,1,1,0.4105
205,2,2,6,0,53,1,60,4,1,1,1,0.40362
205,2,2,6,0,54,11,60,14,2,2,1,0.39594
205,2,2,6,0,55,7,60,10,2,1,0,0.52029
205,2,2,6,0,56,4,80,6,1,1,1,0.46743
205,2,2,6,0,57,4,80,6,1,1,1,0.42368
205,2,2,6,0,58,8,80,10,2,2,1,0.43137
205,2,2,6,0,59,10,80,12,2,2,1,0.50593
205,2,2,6,0,60,2,80,4,1,1,1,0.44751
205,2,2,6,0,61,9,60,12,2,2,1,0.39658
205,2,2,6,0,62,6,80,8,1,1,1,0.56758
205,2,2,6,0,63,6,80,8,1,1,1,0.41574
205,2,2,6,0,64,6,80,8,1,1,1,0.47736
205,2,2,6,0,65,8,80,10,2,1,0,0.3667
205,2,2,6,0,66,7,60,10,2,2,1,0.57289
205,2,2,6,0,67,11,60,14,2,2,1,0.31581
205,2,2,6,0,68,10,80,12,2,2,1,0.36773
205,2,2,6,0,69,12,80,14,2,2,1,0.36616
205,2,2,6,0,70,7,60,10,2,2,1,0.3454
205,2,2,6,0,71,5,60,8,1,2,0,0.64183
205,2,2,6,0,72,9,60,12,2,2,1,0.52132
205,2,2,6,0,73,7,60,10,2,1,0,0.58472
205,2,2,6,0,74,3,60,6,1,1,1,0.5446
205,2,2,6,0,75,12,80,14,2,2,1,0.47674
205,2,2,6,0,76,2,80,4,1,1,1,0.69849
205,2,2,6,0,77,5,60,8,1,1,1,0.41321
205,2,2,6,0,78,11,60,14,2,2,1,0.4608
205,2,2,6,0,79,11,60,14,2,2,1,0.39414
205,2,2,6,0,80,8,80,10,2,2,1,0.5305
205,2,2,6,0,81,8,80,10,2,2,1,0.35778
205,2,2,6,0,82,8,80,10,2,2,1,0.34782
205,2,2,6,0,83,12,80,14,2,2,1,0.45361
205,2,2,6,0,84,3,60,6,1,1,1,0.43658
205,2,2,6,0,85,7,60,10,2,1,0,0.55287
205,2,2,6,0,86,3,60,6,1,1,1,0.42569
205,2,2,6,0,87,12,80,14,2,1,0,0.51603
205,2,2,6,0,88,1,60,4,1,1,1,0.38188
205,2,2,6,0,89,10,80,12,2,2,1,0.54336
205,2,2,6,0,90,1,60,4,1,1,1,0.49817
205,2,2,6,0,91,1,60,4,1,1,1,0.52145
205,2,2,6,0,92,1,60,4,1,1,1,0.49114
205,2,2,6,0,93,3,60,6,1,1,1,0.35205
205,2,2,6,0,94,12,80,14,2,2,1,0.47312
205,2,2,6,0,95,4,80,6,1,2,0,0.46127
205,2,2,6,0,96,12,80,14,2,2,1,0.49687
205,2,2,6,0,97,1,60,4,1,1,1,0.39427
205,2,2,6,0,98,10,80,12,2,1,0,0.35955
205,2,2,6,0,99,5,60,8,1,1,1,0.49097
205,2,2,6,0,100,2,80,4,1,1,1,0.33477
205,2,2,6,0,101,10,80,12,2,2,1,0.43619
205,2,2,6,0,102,2,80,4,1,1,1,0.82928
205,2,2,6,0,103,8,80,10,2,2,1,0.51956
205,2,2,6,0,104,9,60,12,2,2,1,0.54998
205,2,2,6,0,105,4,80,6,1,1,1,0.43266
205,2,2,6,0,106,2,80,4,1,1,1,0.45307
205,2,2,6,0,107,5,60,8,1,2,0,0.43212
205,2,2,6,0,108,7,60,10,2,2,1,0.78997
205,2,2,6,0,109,5,60,8,1,2,0,0.46084
205,2,2,6,0,110,7,60,10,2,2,1,0.63625
205,2,2,6,0,111,12,80,14,2,2,1,0.50803
205,2,2,6,0,112,6,80,8,1,1,1,0.53021
205,2,2,6,0,113,7,60,10,2,2,1,0.63068
205,2,2,6,0,114,3,60,6,1,1,1,0.42606
205,2,2,6,0,115,4,80,6,1,1,1,0.4772
205,2,2,6,0,116,6,80,8,1,1,1,0.48427
205,2,2,6,0,117,6,80,8,1,1,1,0.50926
205,2,2,6,0,118,5,60,8,1,1,1,0.43294
205,2,2,6,0,119,3,60,6,1,1,1,0.49904
205,2,2,6,0,120,2,80,4,1,1,1,0.52984
