202,2,0,3,2,1,1,12,6,14,6,4,2,2,1,0.54762
202,2,0,3,2,1,2,8,6,10,6,4,2,2,1,0.68489
202,2,0,3,2,1,3,4,6,6,6,4,1,2,0,0.80368
202,2,0,3,2,1,4,2,6,4,6,4,1,1,1,0.64237
202,2,0,3,2,1,5,2,6,4,6,4,1,1,1,0.51571
202,2,0,3,2,1,6,10,6,12,6,4,2,2,1,0.591
202,2,0,3,2,1,7,12,6,14,6,4,2,2,1,0.35888
202,2,0,3,2,1,8,8,6,10,6,4,2,2,1,0.36144
202,2,0,3,2,1,9,6,6,8,6,4,1,2,0,0.6841
202,2,0,3,2,1,10,4,6,6,6,4,1,1,1,0.47899
202,2,0,3,2,1,11,6,6,8,6,4,1,1,1,0.52598
202,2,0,3,2,1,12,4,6,6,6,4,1,1,1,0.48013
202,2,0,3,2,1,13,8,6,10,6,4,2,2,1,0.55558
202,2,0,3,2,1,14,2,6,4,6,4,1,1,1,0.52873
202,2,0,3,2,1,15,2,6,4,6,4,1,1,1,0.32479
202,2,0,3,2,1,16,12,6,14,6,4,2,2,1,0.38965
202,2,0,3,2,1,17,6,6,8,6,4,1,1,1,0.6313
202,2,0,3,2,1,18,10,6,12,6,4,2,2,1,0.38839
202,2,0,3,2,1,19,10,6,12,6,4,2,2,1,0.38182
202,2,0,3,2,1,20,10,6,12,6,4,2,2,1,0.35744
202,2,0,3,2,1,21,12,6,14,6,4,2,2,1,0.36407
202,2,0,3,2,1,22,6,6,8,6,4,1,1,1,0.39583
202,2,0,3,2,1,23,4,6,6,6,4,1,1,1,0.57432
202,2,0,3,2,1,24,8,6,10,6,4,2,2,1,0.4661
202,2,0,3,2,0,1,2,6,4,6,4,1,1,1,0.57948
202,2,0,3,2,0,2,8,6,10,6,4,2,2,1,0.39345
202,2,0,3,2,0,3,12,6,14,6,4,2,2,1,0.4418
202,2,0,3,2,0,4,6,6,8,6,4,1,1,1,0.31568
202,2,0,3,2,0,5,6,6,8,6,4,1,1,1,0.44481
202,2,0,3,2,0,6,2,6,4,6,4,1,1,1,0.45285
202,2,0,3,2,0,7,12,6,14,6,4,2,2,1,0.33643
202,2,0,3,2,0,8,8,6,10,6,4,2,2,1,0.35879
202,2,0,3,2,0,9,2,6,4,6,4,1,1,1,0.33297
202,2,0,3,2,0,10,6,6,8,6,4,1,1,1,0.42678
202,2,0,3,2,0,11,2,6,4,6,4,1,1,1,0.33145
202,2,0,3,2,0,12,8,6,10,6,4,2,2,1,0.58243
202,2,0,3,2,0,13,10,6,12,6,4,2,1,0,0.46087
202,2,0,3,2,0,14,12,6,14,6,4,2,2,1,0.49683
202,2,0,3,2,0,15,2,6,4,6,4,1,1,1,0.38017
202,2,0,3,2,0,16,10,6,12,6,4,2,2,1,0.49301
202,2,0,3,2,0,17,12,6,14,6,4,2,2,1,0.41267
202,2,0,3,2,0,18,4,6,6,6,4,1,1,1,0.45473
202,2,0,3,2,0,19,10,6,12,6,4,2,2,1,0.47227
202,2,0,3,2,0,20,6,6,8,6,4,1,1,1,0.40422
202,2,0,3,2,0,21,12,6,14,6,4,2,2,1,0.35352
202,2,0,3,2,0,22,10,6,12,6,4,2,2,1,0.56608
202,2,0,3,2,0,23,10,6,12,6,4,2,2,1,0.43729
202,2,0,3,2,0,24,12,6,14,6,4,2,2,1,0.34819
202,2,0,3,2,0,25,8,6,10,6,4,2,2,1,0.35712
202,2,0,3,2,0,26,4,6,6,6,4,1,1,1,0.48109
202,2,0,3,2,0,27,6,6,8,6,4,1,1,1,0.36647
202,2,0,3,2,0,28,2,6,4,6,4,1,1,1,0.35618
202,2,0,3,2,0,29,6,6,8,6,4,1,1,1,0.52759
202,2,0,3,2,0,30,2,6,4,6,4,1,1,1,0.34142
202,2,0,3,2,0,31,8,6,10,6,4,2,2,1,1.2786
202,2,0,3,2,0,32,8,6,10,6,4,2,2,1,0.49476
202,2,0,3,2,0,33,12,6,14,6,4,2,2,1,0.46662
202,2,0,3,2,0,34,8,6,10,6,4,2,2,1,0.33979
202,2,0,3,2,0,35,12,6,14,6,4,2,2,1,0.48285
202,2,0,3,2,0,36,10,6,12,6,4,2,2,1,0.40663
202,2,0,3,2,0,37,4,6,6,6,4,1,1,1,0.4348
202,2,0,3,2,0,38,12,6,14,6,4,2,2,1,0.56888
202,2,0,3,2,0,39,2,6,4,6,4,1,1,1,0.42131
202,2,0,3,2,0,40,8,6,10,6,4,2,1,0,1.3642
202,2,0,3,2,0,41,4,6,6,6,4,1,1,1,0.50919
202,2,0,3,2,0,42,6,6,8,6,4,1,1,1,0.58828
202,2,0,3,2,0,43,6,6,8,6,4,1,1,1,0.45777
202,2,0,3,2,0,44,10,6,12,6,4,2,2,1,0.61644
202,2,0,3,2,0,45,4,6,6,6,4,1,1,1,0.83361
202,2,0,3,2,0,46,12,6,14,6,4,2,2,1,0.94064
202,2,0,3,2,0,47,2,6,4,6,4,1,1,1,0.58535
202,2,0,3,2,0,48,6,6,8,6,4,1,1,1,0.5303
202,2,0,3,2,0,49,2,6,4,6,4,1,1,1,0.44578
202,2,0,3,2,0,50,6,6,8,6,4,1,1,1,0.49747
202,2,0,3,2,0,51,8,6,10,6,4,2,1,0,0.8123
202,2,0,3,2,0,52,8,6,10,6,4,2,1,0,1.1609
202,2,0,3,2,0,53,10,6,12,6,4,2,2,1,0.69561
202,2,0,3,2,0,54,6,6,8,6,4,1,2,0,0.46282
202,2,0,3,2,0,55,10,6,12,6,4,2,2,1,0.50939
202,2,0,3,2,0,56,8,6,10,6,4,2,1,0,0.73961
202,2,0,3,2,0,57,4,6,6,6,4,1,1,1,0.4574
202,2,0,3,2,0,58,4,6,6,6,4,1,1,1,0.66818
202,2,0,3,2,0,59,4,6,6,6,4,1,1,1,0.48276
202,2,0,3,2,0,60,4,6,6,6,4,1,1,1,0.46063
202,2,0,3,2,0,61,2,6,4,6,4,1,1,1,0.45288
202,2,0,3,2,0,62,2,6,4,6,4,1,1,1,0.42597
202,2,0,3,2,0,63,2,6,4,6,4,1,1,1,0.44442
202,2,0,3,2,0,64,6,6,8,6,4,1,1,1,0.97174
202,2,0,3,2,0,65,6,6,8,6,4,1,1,1,0.50897
202,2,0,3,2,0,66,6,6,8,6,4,1,1,1,0.45654
202,2,0,3,2,0,67,8,6,10,6,4,2,1,0,0.4082
202,2,0,3,2,0,68,4,6,6,6,4,1,1,1,0.55816
202,2,0,3,2,0,69,12,6,14,6,4,2,2,1,0.52111
202,2,0,3,2,0,70,10,6,12,6,4,2,2,1,0.52811
202,2,0,3,2,0,71,12,6,14,6,4,2,2,1,0.49502
202,2,0,3,2,0,72,8,6,10,6,4,2,2,1,0.45522
202,2,0,3,2,0,73,12,6,14,6,4,2,2,1,0.34872
202,2,0,3,2,0,74,2,6,4,6,4,1,1,1,0.54815
202,2,0,3,2,0,75,2,6,4,6,4,1,1,1,0.4408
202,2,0,3,2,0,76,2,6,4,6,4,1,1,1,0.42274
202,2,0,3,2,0,77,12,6,14,6,4,2,2,1,0.65662
202,2,0,3,2,0,78,4,6,6,6,4,1,1,1,0.5079
202,2,0,3,2,0,79,4,6,6,6,4,1,1,1,0.45448
202,2,0,3,2,0,80,2,6,4,6,4,1,1,1,0.58857
202,2,0,3,2,0,81,10,6,12,6,4,2,2,1,0.66467
202,2,0,3,2,0,82,10,6,12,6,4,2,2,1,0.66194
202,2,0,3,2,0,83,2,6,4,6,4,1,1,1,0.48771
202,2,0,3,2,0,84,8,6,10,6,4,2,2,1,0.70219
202,2,0,3,2,0,85,10,6,12,6,4,2,2,1,0.55952
202,2,0,3,2,0,86,8,6,10,6,4,2,2,1,0.51546
202,2,0,3,2,0,87,4,6,6,6,4,1,1,1,0.50666
202,2,0,3,2,0,88,8,6,10,6,4,2,2,1,0.90405
202,2,0,3,2,0,89,10,6,12,6,4,2,2,1,0.52196
202,2,0,3,2,0,90,6,6,8,6,4,1,1,1,0.67762
202,2,0,3,2,0,91,12,6,14,6,4,2,2,1,0.37454
202,2,0,3,2,0,92,10,6,12,6,4,2,2,1,0.42242
202,2,0,3,2,0,93,10,6,12,6,4,2,2,1,0.46342
202,2,0,3,2,0,94,2,6,4,6,4,1,1,1,0.64223
202,2,0,3,2,0,95,6,6,8,6,4,1,1,1,0.69587
202,2,0,3,2,0,96,4,6,6,6,4,1,1,1,0.49941
202,2,0,3,2,0,97,4,6,6,6,4,1,1,1,0.43362
202,2,0,3,2,0,98,4,6,6,6,4,1,1,1,0.39743
202,2,0,3,2,0,99,4,6,6,6,4,1,1,1,0.3822
202,2,0,3,2,0,100,10,6,12,6,4,2,2,1,0.83838
202,2,0,3,2,0,101,10,6,12,6,4,2,2,1,0.66874
202,2,0,3,2,0,102,2,6,4,6,4,1,1,1,0.4649
202,2,0,3,2,0,103,12,6,14,6,4,2,2,1,0.72015
202,2,0,3,2,0,104,8,6,10,6,4,2,2,1,1.0773
202,2,0,3,2,0,105,8,6,10,6,4,2,2,1,0.89919
202,2,0,3,2,0,106,4,6,6,6,4,1,1,1,0.55446
202,2,0,3,2,0,107,8,6,10,6,4,2,2,1,0.7092
202,2,0,3,2,0,108,12,6,14,6,4,2,2,1,0.55428
202,2,0,3,2,0,109,10,6,12,6,4,2,2,1,0.55887
202,2,0,3,2,0,110,6,6,8,6,4,1,1,1,0.75892
202,2,0,3,2,0,111,12,6,14,6,4,2,2,1,0.5135
202,2,0,3,2,0,112,10,6,12,6,4,2,2,1,0.67715
202,2,0,3,2,0,113,4,6,6,6,4,1,1,1,0.53826
202,2,0,3,2,0,114,6,6,8,6,4,1,1,1,0.70415
202,2,0,3,2,0,115,6,6,8,6,4,1,1,1,0.53405
202,2,0,3,2,0,116,12,6,14,6,4,2,2,1,0.61722
202,2,0,3,2,0,117,4,6,6,6,4,1,1,1,0.48055
202,2,0,3,2,0,118,12,6,14,6,4,2,2,1,0.6057
202,2,0,3,2,0,119,6,6,8,6,4,1,1,1,0.91045
202,2,0,3,2,0,120,8,6,10,6,4,2,2,1,1.0024
202,2,0,3,1,1,1,9,6,12,5,4,2,2,1,0.71934
202,2,0,3,1,1,2,7,6,10,5,4,2,2,1,0.93748
202,2,0,3,1,1,3,9,6,12,5,4,2,2,1,0.74126
202,2,0,3,1,1,4,5,6,8,5,4,1,1,1,0.80239
202,2,0,3,1,1,5,3,6,6,5,4,1,1,1,0.50148
202,2,0,3,1,1,6,1,6,4,5,4,1,1,1,0.67312
202,2,0,3,1,1,7,3,6,6,5,4,1,1,1,0.53273
202,2,0,3,1,1,8,1,6,4,5,4,1,1,1,0.49534
202,2,0,3,1,1,9,11,6,14,5,4,2,2,1,0.51907
202,2,0,3,1,1,10,5,6,8,5,4,1,1,1,0.80401
202,2,0,3,1,1,11,1,6,4,5,4,1,1,1,0.49755
202,2,0,3,1,1,12,9,6,12,5,4,2,2,1,0.65361
202,2,0,3,1,1,13,3,6,6,5,4,1,1,1,0.57664
202,2,0,3,1,1,14,11,6,14,5,4,2,2,1,0.66187
202,2,0,3,1,1,15,5,6,8,5,4,1,1,1,0.62531
202,2,0,3,1,1,16,7,6,10,5,4,2,2,1,0.45644
202,2,0,3,1,1,17,7,6,10,5,4,2,2,1,0.65082
202,2,0,3,1,1,18,11,6,14,5,4,2,2,1,0.72769
202,2,0,3,1,1,19,7,6,10,5,4,2,2,1,0.83687
202,2,0,3,1,1,20,1,6,4,5,4,1,1,1,0.45454
202,2,0,3,1,1,21,5,6,8,5,4,1,1,1,0.54903
202,2,0,3,1,1,22,9,6,12,5,4,2,2,1,0.66919
202,2,0,3,1,1,23,3,6,6,5,4,1,1,1,0.51923
202,2,0,3,1,1,24,11,6,14,5,4,2,2,1,0.48546
202,2,0,3,1,0,1,5,6,8,5,4,1,1,1,1.0682
202,2,0,3,1,0,2,7,6,10,5,4,2,2,1,0.55629
202,2,0,3,1,0,3,7,6,10,5,4,2,2,1,0.97814
202,2,0,3,1,0,4,9,6,12,5,4,2,2,1,0.34963
202,2,0,3,1,0,5,1,6,4,5,4,1,1,1,0.53863
202,2,0,3,1,0,6,11,6,14,5,4,2,2,1,0.46486
202,2,0,3,1,0,7,5,6,8,5,4,1,1,1,0.622
202,2,0,3,1,0,8,11,6,14,5,4,2,2,1,0.41722
202,2,0,3,1,0,9,1,6,4,5,4,1,1,1,0.80747
202,2,0,3,1,0,10,7,6,10,5,4,2,2,1,0.92175
202,2,0,3,1,0,11,1,6,4,5,4,1,1,1,0.94361
202,2,0,3,1,0,12,11,6,14,5,4,2,2,1,0.51369
202,2,0,3,1,0,13,11,6,14,5,4,2,2,1,0.56345
202,2,0,3,1,0,14,7,6,10,5,4,2,2,1,0.69471
202,2,0,3,1,0,15,9,6,12,5,4,2,2,1,0.6374
202,2,0,3,1,0,16,11,6,14,5,4,2,2,1,0.39396
202,2,0,3,1,0,17,1,6,4,5,4,1,1,1,0.55784
202,2,0,3,1,0,18,5,6,8,5,4,1,1,1,1.6067
202,2,0,3,1,0,19,1,6,4,5,4,1,1,1,0.45117
202,2,0,3,1,0,20,3,6,6,5,4,1,1,1,0.40816
202,2,0,3,1,0,21,9,6,12,5,4,2,2,1,0.52656
202,2,0,3,1,0,22,5,6,8,5,4,1,1,1,1.2702
202,2,0,3,1,0,23,11,6,14,5,4,2,2,1,0.49917
202,2,0,3,1,0,24,11,6,14,5,4,2,2,1,0.74801
202,2,0,3,1,0,25,3,6,6,5,4,1,1,1,0.48382
202,2,0,3,1,0,26,5,6,8,5,4,1,1,1,1.0449
202,2,0,3,1,0,27,9,6,12,5,4,2,2,1,0.5727
202,2,0,3,1,0,28,9,6,12,5,4,2,2,1,0.60002
202,2,0,3,1,0,29,11,6,14,5,4,2,2,1,0.49781
202,2,0,3,1,0,30,5,6,8,5,4,1,1,1,0.53048
202,2,0,3,1,0,31,7,6,10,5,4,2,2,1,1.2424
202,2,0,3,1,0,32,3,6,6,5,4,1,1,1,0.73625
202,2,0,3,1,0,33,3,6,6,5,4,1,1,1,0.58101
202,2,0,3,1,0,34,11,6,14,5,4,2,2,1,0.59171
202,2,0,3,1,0,35,7,6,10,5,4,2,2,1,1.5278
202,2,0,3,1,0,36,5,6,8,5,4,1,1,1,0.69986
202,2,0,3,1,0,37,3,6,6,5,4,1,1,1,0.95831
202,2,0,3,1,0,38,7,6,10,5,4,2,1,0,0.69602
202,2,0,3,1,0,39,1,6,4,5,4,1,1,1,0.52432
202,2,0,3,1,0,40,9,6,12,5,4,2,2,1,0.57654
202,2,0,3,1,0,41,1,6,4,5,4,1,1,1,0.6085
202,2,0,3,1,0,42,11,6,14,5,4,2,2,1,0.56055
202,2,0,3,1,0,43,5,6,8,5,4,1,1,1,0.60096
202,2,0,3,1,0,44,7,6,10,5,4,2,2,1,1.1267
202,2,0,3,1,0,45,7,6,10,5,4,2,2,1,0.52815
202,2,0,3,1,0,46,3,6,6,5,4,1,1,1,0.47929
202,2,0,3,1,0,47,11,6,14,5,4,2,2,1,0.62568
202,2,0,3,1,0,48,5,6,8,5,4,1,1,1,1.2038
202,2,0,3,1,0,49,1,6,4,5,4,1,1,1,0.44477
202,2,0,3,1,0,50,3,6,6,5,4,1,1,1,0.48843
202,2,0,3,1,0,51,7,6,10,5,4,2,2,1,1.0335
202,2,0,3,1,0,52,9,6,12,5,4,2,2,1,0.43872
202,2,0,3,1,0,53,11,6,14,5,4,2,2,1,0.5525
202,2,0,3,1,0,54,3,6,6,5,4,1,1,1,0.4654
202,2,0,3,1,0,55,1,6,4,5,4,1,1,1,0.56579
202,2,0,3,1,0,56,11,6,14,5,4,2,2,1,0.48355
202,2,0,3,1,0,57,7,6,10,5,4,2,2,1,1.4061
202,2,0,3,1,0,58,1,6,4,5,4,1,1,1,0.37852
202,2,0,3,1,0,59,5,6,8,5,4,1,1,1,1.9515
202,2,0,3,1,0,60,7,6,10,5,4,2,2,1,0.34022
202,2,0,3,1,0,61,5,6,8,5,4,1,2,0,1.6058
202,2,0,3,1,0,62,1,6,4,5,4,1,1,1,0.49732
202,2,0,3,1,0,63,1,6,4,5,4,1,1,1,0.60302
202,2,0,3,1,0,64,9,6,12,5,4,2,2,1,0.48579
202,2,0,3,1,0,65,3,6,6,5,4,1,1,1,0.45072
202,2,0,3,1,0,66,5,6,8,5,4,1,1,1,0.51349
202,2,0,3,1,0,67,9,6,12,5,4,2,2,1,0.51605
202,2,0,3,1,0,68,3,6,6,5,4,1,1,1,0.50493
202,2,0,3,1,0,69,5,6,8,5,4,1,1,1,0.54494
202,2,0,3,1,0,70,9,6,12,5,4,2,2,1,0.48999
202,2,0,3,1,0,71,3,6,6,5,4,1,1,1,0.4444
202,2,0,3,1,0,72,7,6,10,5,4,2,2,1,0.97031
202,2,0,3,1,0,73,5,6,8,5,4,1,2,0,0.45262
202,2,0,3,1,0,74,7,6,10,5,4,2,2,1,0.56711
202,2,0,3,1,0,75,1,6,4,5,4,1,1,1,0.45101
202,2,0,3,1,0,76,9,6,12,5,4,2,2,1,0.73738
202,2,0,3,1,0,77,5,6,8,5,4,1,1,1,0.78164
202,2,0,3,1,0,78,11,6,14,5,4,2,2,1,0.54576
202,2,0,3,1,0,79,5,6,8,5,4,1,1,1,0.54317
202,2,0,3,1,0,80,3,6,6,5,4,1,1,1,1.2788
202,2,0,3,1,0,81,7,6,10,5,4,2,2,1,0.82273
202,2,0,3,1,0,82,7,6,10,5,4,2,2,1,1.1467
202,2,0,3,1,0,83,7,6,10,5,4,2,2,1,0.50812
202,2,0,3,1,0,84,3,6,6,5,4,1,1,1,0.70046
202,2,0,3,1,0,85,1,6,4,5,4,1,1,1,0.52645
202,2,0,3,1,0,86,5,6,8,5,4,1,1,1,2.4695
202,2,0,3,1,0,87,1,6,4,5,4,1,1,1,0.86922
202,2,0,3,1,0,88,9,6,12,5,4,2,2,1,0.594
202,2,0,3,1,0,89,5,6,8,5,4,1,1,1,2.0184
202,2,0,3,1,0,90,9,6,12,5,4,2,2,1,0.52723
202,2,0,3,1,0,91,11,6,14,5,4,2,2,1,0.4033
202,2,0,3,1,0,92,9,6,12,5,4,2,2,1,0.38383
202,2,0,3,1,0,93,9,6,12,5,4,2,2,1,0.49008
202,2,0,3,1,0,94,9,6,12,5,4,2,2,1,0.58186
202,2,0,3,1,0,95,11,6,14,5,4,2,2,1,0.49736
202,2,0,3,1,0,96,9,6,12,5,4,2,2,1,0.49366
202,2,0,3,1,0,97,1,6,4,5,4,1,1,1,0.43219
202,2,0,3,1,0,98,5,6,8,5,4,1,1,1,0.50746
202,2,0,3,1,0,99,3,6,6,5,4,1,1,1,0.45027
202,2,0,3,1,0,100,3,6,6,5,4,1,1,1,1.92
202,2,0,3,1,0,101,1,6,4,5,4,1,1,1,0.41823
202,2,0,3,1,0,102,7,6,10,5,4,2,1,0,1.0341
202,2,0,3,1,0,103,11,6,14,5,4,2,2,1,0.48662
202,2,0,3,1,0,104,1,6,4,5,4,1,1,1,0.53454
202,2,0,3,1,0,105,9,6,12,5,4,2,2,1,0.51853
202,2,0,3,1,0,106,5,6,8,5,4,1,1,1,0.56369
202,2,0,3,1,0,107,9,6,12,5,4,2,2,1,0.67883
202,2,0,3,1,0,108,3,6,6,5,4,1,1,1,0.58947
202,2,0,3,1,0,109,11,6,14,5,4,2,2,1,0.52614
202,2,0,3,1,0,110,11,6,14,5,4,2,2,1,0.45844
202,2,0,3,1,0,111,3,6,6,5,4,1,1,1,0.42137
202,2,0,3,1,0,112,3,6,6,5,4,1,1,1,0.45462
202,2,0,3,1,0,113,9,6,12,5,4,2,2,1,1.0379
202,2,0,3,1,0,114,1,6,4,5,4,1,1,1,0.47735
202,2,0,3,1,0,115,3,6,6,5,4,1,1,1,0.42205
202,2,0,3,1,0,116,7,6,10,5,4,2,2,1,0.58086
202,2,0,3,1,0,117,3,6,6,5,4,1,1,1,0.42879
202,2,0,3,1,0,118,1,6,4,5,4,1,1,1,0.48263
202,2,0,3,1,0,119,7,6,10,5,4,2,2,1,0.78602
202,2,0,3,1,0,120,11,6,14,5,4,2,2,1,0.47236
202,2,0,3,5,1,1,7,6,10,5,4,2,2,1,1.4214
202,2,0,3,5,1,2,6,6,8,6,4,1,1,1,0.51626
202,2,0,3,5,1,3,5,6,8,5,4,1,1,1,1.3484
202,2,0,3,5,1,4,11,6,14,5,4,2,2,1,0.48971
202,2,0,3,5,1,5,2,6,4,6,4,1,1,1,0.53279
202,2,0,3,5,1,6,1,6,4,5,4,1,1,1,0.98738
202,2,0,3,5,1,7,4,6,6,6,4,1,1,1,0.59308
202,2,0,3,5,1,8,2,6,4,6,4,1,1,1,0.87155
202,2,0,3,5,1,9,4,6,6,6,4,1,1,1,0.43042
202,2,0,3,5,1,10,9,6,12,5,4,2,2,1,0.51227
202,2,0,3,5,1,11,11,6,14,5,4,2,2,1,0.41035
202,2,0,3,5,1,12,3,6,6,5,4,1,1,1,0.4151
202,2,0,3,5,1,13,5,6,8,5,4,1,1,1,1.0154
202,2,0,3,5,1,14,10,6,12,6,4,2,2,1,0.33292
202,2,0,3,5,1,15,12,6,14,6,4,2,2,1,0.5707
202,2,0,3,5,1,16,8,6,10,6,4,2,2,1,0.7609
202,2,0,3,5,1,17,8,6,10,6,4,2,2,1,0.4665
202,2,0,3,5,1,18,3,6,6,5,4,1,1,1,0.49168
202,2,0,3,5,1,19,9,6,12,5,4,2,2,1,0.49899
202,2,0,3,5,1,20,12,6,14,6,4,2,2,1,0.47346
202,2,0,3,5,1,21,10,6,12,6,4,2,2,1,0.34385
202,2,0,3,5,1,22,7,6,10,5,4,2,2,1,1.1034
202,2,0,3,5,1,23,6,6,8,6,4,1,1,1,1.6902
202,2,0,3,5,1,24,1,6,4,5,4,1,1,1,0.79584
202,2,0,3,5,0,1,4,6,6,6,4,1,1,1,1.1234
202,2,0,3,5,0,2,8,6,10,6,4,2,2,1,0.66734
202,2,0,3,5,0,3,2,6,4,6,4,1,1,1,0.45684
202,2,0,3,5,0,4,6,6,8,6,4,1,1,1,1.0745
202,2,0,3,5,0,5,12,6,14,6,4,2,2,1,0.39365
202,2,0,3,5,0,6,9,6,12,5,4,2,2,1,0.35666
202,2,0,3,5,0,7,4,6,6,6,4,1,1,1,0.50256
202,2,0,3,5,0,8,5,6,8,5,4,1,1,1,0.95402
202,2,0,3,5,0,9,6,6,8,6,4,1,1,1,0.53126
202,2,0,3,5,0,10,6,6,8,6,4,1,1,1,0.42233
202,2,0,3,5,0,11,10,6,12,6,4,2,2,1,0.42675
202,2,0,3,5,0,12,2,6,4,6,4,1,1,1,0.47149
202,2,0,3,5,0,13,4,6,6,6,4,1,1,1,0.45527
202,2,0,3,5,0,14,11,6,14,5,4,2,2,1,0.36129
202,2,0,3,5,0,15,7,6,10,5,4,2,2,1,1.6882
202,2,0,3,5,0,16,5,6,8,5,4,1,1,1,0.95996
202,2,0,3,5,0,17,7,6,10,5,4,2,1,0,0.46139
202,2,0,3,5,0,18,10,6,12,6,4,2,2,1,0.53227
202,2,0,3,5,0,19,4,6,6,6,4,1,1,1,0.66799
202,2,0,3,5,0,20,7,6,10,5,4,2,2,1,1.03
202,2,0,3,5,0,21,7,6,10,5,4,2,2,1,0.57399
202,2,0,3,5,0,22,3,6,6,5,4,1,1,1,0.90108
202,2,0,3,5,0,23,11,6,14,5,4,2,2,1,0.52649
202,2,0,3,5,0,24,6,6,8,6,4,1,1,1,0.58542
202,2,0,3,5,0,25,12,6,14,6,4,2,2,1,0.56568
202,2,0,3,5,0,26,9,6,12,5,4,2,2,1,1.2845
202,2,0,3,5,0,27,11,6,14,5,4,2,2,1,0.44783
202,2,0,3,5,0,28,2,6,4,6,4,1,1,1,0.51205
202,2,0,3,5,0,29,8,6,10,6,4,2,1,0,1.3819
202,2,0,3,5,0,30,9,6,12,5,4,2,2,1,0.48205
202,2,0,3,5,0,31,11,6,14,5,4,2,2,1,0.54161
202,2,0,3,5,0,32,5,6,8,5,4,1,1,1,0.51453
202,2,0,3,5,0,33,12,6,14,6,4,2,2,1,0.48444
202,2,0,3,5,0,34,7,6,10,5,4,2,1,0,1.328
202,2,0,3,5,0,35,1,6,4,5,4,1,1,1,0.51875
202,2,0,3,5,0,36,10,6,12,6,4,2,2,1,0.52224
202,2,0,3,5,0,37,8,6,10,6,4,2,2,1,0.3972
202,2,0,3,5,0,38,2,6,4,6,4,1,1,1,0.31043
202,2,0,3,5,0,39,8,6,10,6,4,2,2,1,0.47939
202,2,0,3,5,0,40,6,6,8,6,4,1,1,1,0.75404
202,2,0,3,5,0,41,2,6,4,6,4,1,1,1,0.49723
202,2,0,3,5,0,42,8,6,10,6,4,2,2,1,0.88641
202,2,0,3,5,0,43,2,6,4,6,4,1,1,1,0.4144
202,2,0,3,5,0,44,6,6,8,6,4,1,1,1,1.0354
202,2,0,3,5,0,45,3,6,6,5,4,1,1,1,0.53907
202,2,0,3,5,0,46,9,6,12,5,4,2,2,1,0.46998
202,2,0,3,5,0,47,9,6,12,5,4,2,2,1,0.57944
202,2,0,3,5,0,48,9,6,12,5,4,2,2,1,0.44598
202,2,0,3,5,0,49,12,6,14,6,4,2,2,1,0.41519
202,2,0,3,5,0,50,3,6,6,5,4,1,1,1,0.44886
202,2,0,3,5,0,51,12,6,14,6,4,2,2,1,0.49444
202,2,0,3,5,0,52,3,6,6,5,4,1,1,1,0.72155
202,2,0,3,5,0,53,5,6,8,5,4,1,1,1,2.5537
202,2,0,3,5,0,54,10,6,12,6,4,2,2,1,0.46437
202,2,0,3,5,0,55,6,6,8,6,4,1,1,1,0.41736
202,2,0,3,5,0,56,3,6,6,5,4,1,1,1,0.87391
202,2,0,3,5,0,57,6,6,8,6,4,1,1,1,0.60562
202,2,0,3,5,0,58,1,6,4,5,4,1,1,1,0.43292
202,2,0,3,5,0,59,12,6,14,6,4,2,2,1,0.48349
202,2,0,3,5,0,60,5,6,8,5,4,1,1,1,0.5017
202,2,0,3,5,0,61,10,6,12,6,4,2,2,1,0.51163
202,2,0,3,5,0,62,5,6,8,5,4,1,2,0,0.45971
202,2,0,3,5,0,63,9,6,12,5,4,2,2,1,0.48332
202,2,0,3,5,0,64,10,6,12,6,4,2,1,0,0.47827
202,2,0,3,5,0,65,2,6,4,6,4,1,1,1,0.46432
202,2,0,3,5,0,66,10,6,12,6,4,2,2,1,0.52507
202,2,0,3,5,0,67,3,6,6,5,4,1,1,1,0.55344
202,2,0,3,5,0,68,3,6,6,5,4,1,1,1,0.6857
202,2,0,3,5,0,69,2,6,4,6,4,1,1,1,0.44443
202,2,0,3,5,0,70,11,6,14,5,4,2,2,1,0.48099
202,2,0,3,5,0,71,9,6,12,5,4,2,2,1,0.53856
202,2,0,3,5,0,72,5,6,8,5,4,1,1,1,0.90051
202,2,0,3,5,0,73,8,6,10,6,4,2,2,1,1.6213
202,2,0,3,5,0,74,2,6,4,6,4,1,1,1,0.46612
202,2,0,3,5,0,75,11,6,14,5,4,2,2,1,0.46583
202,2,0,3,5,0,76,8,6,10,6,4,2,2,1,1.4443
202,2,0,3,5,0,77,8,6,10,6,4,2,2,1,0.43859
202,2,0,3,5,0,78,3,6,6,5,4,1,1,1,0.49715
202,2,0,3,5,0,79,5,6,8,5,4,1,1,1,2.5147
202,2,0,3,5,0,80,3,6,6,5,4,1,1,1,0.60246
202,2,0,3,5,0,81,11,6,14,5,4,2,2,1,0.39182
202,2,0,3,5,0,82,10,6,12,6,4,2,2,1,0.36537
202,2,0,3,5,0,83,4,6,6,6,4,1,1,1,0.35478
202,2,0,3,5,0,84,1,6,4,5,4,1,1,1,0.50956
202,2,0,3,5,0,85,9,6,12,5,4,2,2,1,0.42466
202,2,0,3,5,0,86,4,6,6,6,4,1,1,1,0.47854
202,2,0,3,5,0,87,10,6,12,6,4,2,2,1,0.43528
202,2,0,3,5,0,88,1,6,4,5,4,1,1,1,0.51227
202,2,0,3,5,0,89,1,6,4,5,4,1,1,1,0.36691
202,2,0,3,5,0,90,3,6,6,5,4,1,1,1,0.37192
202,2,0,3,5,0,91,9,6,12,5,4,2,2,1,0.47127
202,2,0,3,5,0,92,4,6,6,6,4,1,1,1,0.38821
202,2,0,3,5,0,93,11,6,14,5,4,2,2,1,0.40948
202,2,0,3,5,0,94,6,6,8,6,4,1,1,1,0.43723
202,2,0,3,5,0,95,1,6,4,5,4,1,1,1,0.53559
202,2,0,3,5,0,96,1,6,4,5,4,1,1,1,0.3752
202,2,0,3,5,0,97,11,6,14,5,4,2,2,1,0.43791
202,2,0,3,5,0,98,1,6,4,5,4,1,1,1,0.3872
202,2,0,3,5,0,99,2,6,4,6,4,1,1,1,0.48584
202,2,0,3,5,0,100,1,6,4,5,4,1,1,1,0.38261
202,2,0,3,5,0,101,5,6,8,5,4,1,1,1,0.9883
202,2,0,3,5,0,102,8,6,10,6,4,2,2,1,1.9139
202,2,0,3,5,0,103,7,6,10,5,4,2,2,1,0.63839
202,2,0,3,5,0,104,12,6,14,6,4,2,2,1,0.49889
202,2,0,3,5,0,105,4,6,6,6,4,1,1,1,0.38688
202,2,0,3,5,0,106,12,6,14,6,4,2,2,1,0.46403
202,2,0,3,5,0,107,4,6,6,6,4,1,1,1,0.41164
202,2,0,3,5,0,108,4,6,6,6,4,1,1,1,1.1432
202,2,0,3,5,0,109,5,6,8,5,4,1,2,0,1.3897
202,2,0,3,5,0,110,1,6,4,5,4,1,1,1,0.55435
202,2,0,3,5,0,111,10,6,12,6,4,2,2,1,0.4871
202,2,0,3,5,0,112,6,6,8,6,4,1,1,1,2.0112
202,2,0,3,5,0,113,12,6,14,6,4,2,2,1,0.35457
202,2,0,3,5,0,114,12,6,14,6,4,2,2,1,0.45682
202,2,0,3,5,0,115,11,6,14,5,4,2,2,1,0.33958
202,2,0,3,5,0,116,7,6,10,5,4,2,2,1,1.6926
202,2,0,3,5,0,117,7,6,10,5,4,2,2,1,0.32198
202,2,0,3,5,0,118,7,6,10,5,4,2,2,1,0.34283
202,2,0,3,5,0,119,7,6,10,5,4,2,2,1,0.39065
202,2,0,3,5,0,120,8,6,10,6,4,2,2,1,0.41472
202,2,0,3,6,0,1,4,6,6,6,4,1,1,1,0.73956
202,2,0,3,6,0,2,8,6,10,6,4,2,2,1,0.64494
202,2,0,3,6,0,3,12,6,14,6,4,2,2,1,0.44874
202,2,0,3,6,0,4,11,6,14,5,4,2,2,1,0.37414
202,2,0,3,6,0,5,11,6,14,5,4,2,2,1,0.38738
202,2,0,3,6,0,6,2,6,4,6,4,1,1,1,0.46585
202,2,0,3,6,0,7,9,6,12,5,4,2,2,1,0.50432
202,2,0,3,6,0,8,5,6,8,5,4,1,1,1,0.78516
202,2,0,3,6,0,9,4,6,6,6,4,1,1,1,0.93304
202,2,0,3,6,0,10,6,6,8,6,4,1,1,1,0.64328
202,2,0,3,6,0,11,12,6,14,6,4,2,2,1,0.45315
202,2,0,3,6,0,12,7,6,10,5,4,2,2,1,1.8168
202,2,0,3,6,0,13,6,6,8,6,4,1,1,1,0.6171
202,2,0,3,6,0,14,3,6,6,5,4,1,1,1,0.49381
202,2,0,3,6,0,15,9,6,12,5,4,2,2,1,0.39531
202,2,0,3,6,0,16,10,6,12,6,4,2,2,1,0.40875
202,2,0,3,6,0,17,11,6,14,5,4,2,2,1,0.46375
202,2,0,3,6,0,18,2,6,4,6,4,1,1,1,0.36653
202,2,0,3,6,0,19,6,6,8,6,4,1,1,1,0.72578
202,2,0,3,6,0,20,12,6,14,6,4,2,2,1,0.43922
202,2,0,3,6,0,21,1,6,4,5,4,1,1,1,0.3822
202,2,0,3,6,0,22,8,6,10,6,4,2,2,1,0.69185
202,2,0,3,6,0,23,2,6,4,6,4,1,1,1,0.40087
202,2,0,3,6,0,24,1,6,4,5,4,1,1,1,0.48064
202,2,0,3,6,0,25,10,6,12,6,4,2,2,1,0.54508
202,2,0,3,6,0,26,1,6,4,5,4,1,1,1,0.48212
202,2,0,3,6,0,27,1,6,4,5,4,1,1,1,0.41055
202,2,0,3,6,0,28,5,6,8,5,4,1,1,1,1.7965
202,2,0,3,6,0,29,12,6,14,6,4,2,2,1,0.34332
202,2,0,3,6,0,30,3,6,6,5,4,1,1,1,0.38009
202,2,0,3,6,0,31,3,6,6,5,4,1,1,1,0.50438
202,2,0,3,6,0,32,8,6,10,6,4,2,2,1,0.75878
202,2,0,3,6,0,33,4,6,6,6,4,1,1,1,0.37142
202,2,0,3,6,0,34,4,6,6,6,4,1,1,1,0.38143
202,2,0,3,6,0,35,11,6,14,5,4,2,2,1,0.44023
202,2,0,3,6,0,36,10,6,12,6,4,2,2,1,0.36991
202,2,0,3,6,0,37,3,6,6,5,4,1,1,1,0.4096
202,2,0,3,6,0,38,10,6,12,6,4,2,2,1,0.4121
202,2,0,3,6,0,39,5,6,8,5,4,1,1,1,0.63949
202,2,0,3,6,0,40,2,6,4,6,4,1,1,1,0.43794
202,2,0,3,6,0,41,10,6,12,6,4,2,2,1,0.47829
202,2,0,3,6,0,42,11,6,14,5,4,2,2,1,0.44622
202,2,0,3,6,0,43,6,6,8,6,4,1,1,1,0.45469
202,2,0,3,6,0,44,7,6,10,5,4,2,2,1,1.6353
202,2,0,3,6,0,45,5,6,8,5,4,1,1,1,0.67363
202,2,0,3,6,0,46,6,6,8,6,4,1,2,0,0.78162
202,2,0,3,6,0,47,12,6,14,6,4,2,2,1,0.53266
202,2,0,3,6,0,48,2,6,4,6,4,1,1,1,0.3668
202,2,0,3,6,0,49,11,6,14,5,4,2,2,1,0.51016
202,2,0,3,6,0,50,2,6,4,6,4,1,1,1,0.46967
202,2,0,3,6,0,51,2,6,4,6,4,1,1,1,0.47334
202,2,0,3,6,0,52,4,6,6,6,4,1,1,1,0.51523
202,2,0,3,6,0,53,6,6,8,6,4,1,1,1,0.65167
202,2,0,3,6,0,54,7,6,10,5,4,2,2,1,0.96465
202,2,0,3,6,0,55,5,6,8,5,4,1,1,1,1.3525
202,2,0,3,6,0,56,2,6,4,6,4,1,1,1,0.50612
202,2,0,3,6,0,57,10,6,12,6,4,2,2,1,0.4707
202,2,0,3,6,0,58,9,6,12,5,4,2,2,1,1.8192
202,2,0,3,6,0,59,6,6,8,6,4,1,1,1,0.55292
202,2,0,3,6,0,60,1,6,4,5,4,1,1,1,0.69183
202,2,0,3,6,0,61,3,6,6,5,4,1,1,1,0.75567
202,2,0,3,6,0,62,6,6,8,6,4,1,1,1,1.7881
202,2,0,3,6,0,63,12,6,14,6,4,2,2,1,0.59078
202,2,0,3,6,0,64,3,6,6,5,4,1,1,1,0.69954
202,2,0,3,6,0,65,11,6,14,5,4,2,2,1,0.38354
202,2,0,3,6,0,66,9,6,12,5,4,2,2,1,0.43149
202,2,0,3,6,0,67,7,6,10,5,4,2,2,1,0.88831
202,2,0,3,6,0,68,7,6,10,5,4,2,2,1,1.9589
202,2,0,3,6,0,69,11,6,14,5,4,2,2,1,0.52131
202,2,0,3,6,0,70,2,6,4,6,4,1,1,1,0.46514
202,2,0,3,6,0,71,3,6,6,5,4,1,1,1,0.50604
202,2,0,3,6,0,72,7,6,10,5,4,2,1,0,1.19
202,2,0,3,6,0,73,5,6,8,5,4,1,1,1,1.3633
202,2,0,3,6,0,74,10,6,12,6,4,2,2,1,0.35097
202,2,0,3,6,0,75,1,6,4,5,4,1,1,1,0.45696
202,2,0,3,6,0,76,4,6,6,6,4,1,1,1,0.43299
202,2,0,3,6,0,77,8,6,10,6,4,2,2,1,0.60285
202,2,0,3,6,0,78,12,6,14,6,4,2,2,1,0.42282
202,2,0,3,6,0,79,3,6,6,5,4,1,1,1,0.48917
202,2,0,3,6,0,80,4,6,6,6,4,1,1,1,1.32
202,2,0,3,6,0,81,8,6,10,6,4,2,2,1,0.83206
202,2,0,3,6,0,82,4,6,6,6,4,1,1,1,0.48408
202,2,0,3,6,0,83,5,6,8,5,4,1,1,1,0.7956
202,2,0,3,6,0,84,2,6,4,6,4,1,1,1,0.50045
202,2,0,3,6,0,85,1,6,4,5,4,1,1,1,0.3612
202,2,0,3,6,0,86,8,6,10,6,4,2,2,1,0.58391
202,2,0,3,6,0,87,3,6,6,5,4,1,1,1,0.4493
202,2,0,3,6,0,88,9,6,12,5,4,2,2,1,0.49718
202,2,0,3,6,0,89,6,6,8,6,4,1,1,1,0.81565
202,2,0,3,6,0,90,7,6,10,5,4,2,2,1,0.31034
202,2,0,3,6,0,91,11,6,14,5,4,2,2,1,0.52602
202,2,0,3,6,0,92,5,6,8,5,4,1,1,1,0.64647
202,2,0,3,6,0,93,3,6,6,5,4,1,1,1,0.49761
202,2,0,3,6,0,94,1,6,4,5,4,1,1,1,0.45969
202,2,0,3,6,0,95,8,6,10,6,4,2,2,1,0.50212
202,2,0,3,6,0,96,12,6,14,6,4,2,2,1,0.49789
202,2,0,3,6,0,97,11,6,14,5,4,2,2,1,0.53147
202,2,0,3,6,0,98,5,6,8,5,4,1,1,1,1.1361
202,2,0,3,6,0,99,4,6,6,6,4,1,1,1,0.48247
202,2,0,3,6,0,100,4,6,6,6,4,1,1,1,0.80437
202,2,0,3,6,0,101,9,6,12,5,4,2,2,1,0.50017
202,2,0,3,6,0,102,12,6,14,6,4,2,2,1,0.59313
202,2,0,3,6,0,103,7,6,10,5,4,2,1,0,0.8107
202,2,0,3,6,0,104,8,6,10,6,4,2,2,1,1.9483
202,2,0,3,6,0,105,1,6,4,5,4,1,1,1,0.4205
202,2,0,3,6,0,106,5,6,8,5,4,1,1,1,1.0107
202,2,0,3,6,0,107,7,6,10,5,4,2,2,1,1.8426
202,2,0,3,6,0,108,9,6,12,5,4,2,2,1,0.44467
202,2,0,3,6,0,109,9,6,12,5,4,2,2,1,0.33197
202,2,0,3,6,0,110,9,6,12,5,4,2,2,1,0.36139
202,2,0,3,6,0,111,9,6,12,5,4,2,2,1,0.31165
202,2,0,3,6,0,112,8,6,10,6,4,2,2,1,0.50055
202,2,0,3,6,0,113,10,6,12,6,4,2,2,1,0.34408
202,2,0,3,6,0,114,12,6,14,6,4,2,2,1,0.4878
202,2,0,3,6,0,115,8,6,10,6,4,2,2,1,0.62076
202,2,0,3,6,0,116,10,6,12,6,4,2,2,1,0.37762
202,2,0,3,6,0,117,7,6,10,5,4,2,2,1,1.4488
202,2,0,3,6,0,118,6,6,8,6,4,1,2,0,1.6261
202,2,0,3,6,0,119,10,6,12,6,4,2,2,1,0.55975
202,2,0,3,6,0,120,1,6,4,5,4,1,1,1,0.45185
202,2,0,3,4,1,1,11,6,14,5,4,2,2,1,0.62451
202,2,0,3,4,1,2,7,6,10,5,4,2,2,1,1.4029
202,2,0,3,4,1,3,9,6,12,5,4,2,2,1,0.42453
202,2,0,3,4,1,4,9,6,12,5,4,2,2,1,0.41484
202,2,0,3,4,1,5,6,6,8,6,4,1,1,1,0.48538
202,2,0,3,4,1,6,4,6,6,6,4,1,1,1,0.46195
202,2,0,3,4,1,7,6,6,8,6,4,1,1,1,0.3802
202,2,0,3,4,1,8,11,6,14,5,4,2,2,1,0.44137
202,2,0,3,4,1,9,6,6,8,6,4,1,1,1,0.38908
202,2,0,3,4,1,10,2,6,4,6,4,1,2,0,0.3334
202,2,0,3,4,1,11,9,6,12,5,4,2,2,1,0.49272
202,2,0,3,4,1,12,7,6,10,5,4,2,2,1,0.71734
202,2,0,3,4,1,13,7,6,10,5,4,2,2,1,0.52155
202,2,0,3,4,1,14,7,6,10,5,4,2,2,1,0.6252
202,2,0,3,4,1,15,4,6,6,6,4,1,1,1,0.40929
202,2,0,3,4,1,16,11,6,14,5,4,2,2,1,0.43975
202,2,0,3,4,1,17,6,6,8,6,4,1,1,1,1.1543
202,2,0,3,4,1,18,4,6,6,6,4,1,1,1,0.491
202,2,0,3,4,1,19,2,6,4,6,4,1,1,1,0.37016
202,2,0,3,4,1,20,4,6,6,6,4,1,1,1,0.3248
202,2,0,3,4,1,21,9,6,12,5,4,2,2,1,0.48454
202,2,0,3,4,1,22,11,6,14,5,4,2,2,1,0.3961
202,2,0,3,4,1,23,2,6,4,6,4,1,1,1,0.42328
202,2,0,3,4,1,24,2,6,4,6,4,1,1,1,0.42987
202,2,0,3,4,0,1,7,6,10,5,4,2,2,1,0.82657
202,2,0,3,4,0,2,7,6,10,5,4,2,2,1,0.5635
202,2,0,3,4,0,3,6,6,8,6,4,1,1,1,0.70111
202,2,0,3,4,0,4,7,6,10,5,4,2,2,1,0.52971
202,2,0,3,4,0,5,7,6,10,5,4,2,2,1,0.54953
202,2,0,3,4,0,6,7,6,10,5,4,2,2,1,0.40071
202,2,0,3,4,0,7,2,6,4,6,4,1,1,1,0.46918
202,2,0,3,4,0,8,4,6,6,6,4,1,1,1,0.66632
202,2,0,3,4,0,9,9,6,12,5,4,2,2,1,0.36815
202,2,0,3,4,0,10,6,6,8,6,4,1,1,1,1.6492
202,2,0,3,4,0,11,4,6,6,6,4,1,1,1,0.48287
202,2,0,3,4,0,12,7,6,10,5,4,2,2,1,0.50248
202,2,0,3,4,0,13,11,6,14,5,4,2,2,1,0.43162
202,2,0,3,4,0,14,11,6,14,5,4,2,2,1,0.40617
202,2,0,3,4,0,15,6,6,8,6,4,1,1,1,1.0012
202,2,0,3,4,0,16,4,6,6,6,4,1,1,1,0.54173
202,2,0,3,4,0,17,6,6,8,6,4,1,1,1,0.57178
202,2,0,3,4,0,18,9,6,12,5,4,2,2,1,0.44129
202,2,0,3,4,0,19,2,6,4,6,4,1,1,1,0.48948
202,2,0,3,4,0,20,7,6,10,5,4,2,2,1,0.59894
202,2,0,3,4,0,21,11,6,14,5,4,2,2,1,0.50165
202,2,0,3,4,0,22,7,6,10,5,4,2,2,1,0.92717
202,2,0,3,4,0,23,2,6,4,6,4,1,1,1,0.44612
202,2,0,3,4,0,24,6,6,8,6,4,1,1,1,0.60332
202,2,0,3,4,0,25,4,6,6,6,4,1,1,1,0.43987
202,2,0,3,4,0,26,9,6,12,5,4,2,2,1,0.41811
202,2,0,3,4,0,27,6,6,8,6,4,1,1,1,0.86115
202,2,0,3,4,0,28,2,6,4,6,4,1,1,1,0.50325
202,2,0,3,4,0,29,2,6,4,6,4,1,1,1,0.42054
202,2,0,3,4,0,30,4,6,6,6,4,1,1,1,0.45904
202,2,0,3,4,0,31,11,6,14,5,4,2,2,1,0.49093
202,2,0,3,4,0,32,11,6,14,5,4,2,2,1,0.37321
202,2,0,3,4,0,33,2,6,4,6,4,1,1,1,0.37297
202,2,0,3,4,0,34,2,6,4,6,4,1,1,1,0.43013
202,2,0,3,4,0,35,6,6,8,6,4,1,1,1,0.91039
202,2,0,3,4,0,36,7,6,10,5,4,2,2,1,0.48088
202,2,0,3,4,0,37,7,6,10,5,4,2,2,1,0.37764
202,2,0,3,4,0,38,4,6,6,6,4,1,1,1,0.54108
202,2,0,3,4,0,39,9,6,12,5,4,2,2,1,0.38103
202,2,0,3,4,0,40,7,6,10,5,4,2,2,1,0.37723
202,2,0,3,4,0,41,4,6,6,6,4,1,1,1,0.4389
202,2,0,3,4,0,42,9,6,12,5,4,2,2,1,0.50081
202,2,0,3,4,0,43,11,6,14,5,4,2,2,1,0.50332
202,2,0,3,4,0,44,6,6,8,6,4,1,1,1,0.45682
202,2,0,3,4,0,45,9,6,12,5,4,2,2,1,0.5497
202,2,0,3,4,0,46,2,6,4,6,4,1,1,1,0.40923
202,2,0,3,4,0,47,2,6,4,6,4,1,1,1,0.56249
202,2,0,3,4,0,48,11,6,14,5,4,2,2,1,0.4859
202,2,0,3,4,0,49,11,6,14,5,4,2,2,1,0.47345
202,2,0,3,4,0,50,4,6,6,6,4,1,1,1,0.43753
202,2,0,3,4,0,51,9,6,12,5,4,2,2,1,0.61949
202,2,0,3,4,0,52,9,6,12,5,4,2,2,1,0.46825
202,2,0,3,4,0,53,4,6,6,6,4,1,1,1,0.47557
202,2,0,3,4,0,54,11,6,14,5,4,2,2,1,0.4843
202,2,0,3,4,0,55,6,6,8,6,4,1,1,1,1.2624
202,2,0,3,4,0,56,2,6,4,6,4,1,1,1,0.53
202,2,0,3,4,0,57,4,6,6,6,4,1,1,1,0.51154
202,2,0,3,4,0,58,7,6,10,5,4,2,2,1,0.7351
202,2,0,3,4,0,59,9,6,12,5,4,2,2,1,0.46777
202,2,0,3,4,0,60,6,6,8,6,4,1,1,1,0.68757
202,2,0,3,4,0,61,11,6,14,5,4,2,2,1,0.359
202,2,0,3,4,0,62,9,6,12,5,4,2,2,1,0.40349
202,2,0,3,4,0,63,9,6,12,5,4,2,2,1,0.4181
202,2,0,3,4,0,64,2,6,4,6,4,1,1,1,0.39301
202,2,0,3,4,0,65,11,6,14,5,4,2,2,1,0.31298
202,2,0,3,4,0,66,11,6,14,5,4,2,2,1,0.39576
202,2,0,3,4,0,67,7,6,10,5,4,2,1,0,1.0235
202,2,0,3,4,0,68,11,6,14,5,4,2,2,1,0.44729
202,2,0,3,4,0,69,6,6,8,6,4,1,1,1,0.44649
202,2,0,3,4,0,70,7,6,10,5,4,2,2,1,1.1932
202,2,0,3,4,0,71,11,6,14,5,4,2,2,1,0.77323
202,2,0,3,4,0,72,4,6,6,6,4,1,1,1,0.46677
202,2,0,3,4,0,73,9,6,12,5,4,2,2,1,0.62729
202,2,0,3,4,0,74,4,6,6,6,4,1,1,1,0.66715
202,2,0,3,4,0,75,2,6,4,6,4,1,1,1,0.48118
202,2,0,3,4,0,76,7,6,10,5,4,2,1,0,1.9509
202,2,0,3,4,0,77,6,6,8,6,4,1,1,1,1.1202
202,2,0,3,4,0,78,2,6,4,6,4,1,1,1,0.78901
202,2,0,3,4,0,79,4,6,6,6,4,1,1,1,0.46395
202,2,0,3,4,0,80,2,6,4,6,4,1,1,1,0.4621
202,2,0,3,4,0,81,9,6,12,5,4,2,2,1,0.73184
202,2,0,3,4,0,82,4,6,6,6,4,1,1,1,0.33341
202,2,0,3,4,0,83,11,6,14,5,4,2,2,1,0.61339
202,2,0,3,4,0,84,9,6,12,5,4,2,2,1,0.52091
202,2,0,3,4,0,85,6,6,8,6,4,1,1,1,0.49671
202,2,0,3,4,0,86,11,6,14,5,4,2,2,1,0.56713
202,2,0,3,4,0,87,2,6,4,6,4,1,1,1,0.44014
202,2,0,3,4,0,88,7,6,10,5,4,2,2,1,1.3681
202,2,0,3,4,0,89,9,6,12,5,4,2,2,1,0.42474
202,2,0,3,4,0,90,7,6,10,5,4,2,2,1,1.2432
202,2,0,3,4,0,91,6,6,8,6,4,1,2,0,0.72314
202,2,0,3,4,0,92,4,6,6,6,4,1,1,1,0.48233
202,2,0,3,4,0,93,6,6,8,6,4,1,1,1,0.58273
202,2,0,3,4,0,94,11,6,14,5,4,2,2,1,0.99246
202,2,0,3,4,0,95,9,6,12,5,4,2,2,1,0.32937
202,2,0,3,4,0,96,11,6,14,5,4,2,2,1,0.33616
202,2,0,3,4,0,97,9,6,12,5,4,2,2,1,0.42316
202,2,0,3,4,0,98,6,6,8,6,4,1,1,1,0.46503
202,2,0,3,4,0,99,6,6,8,6,4,1,1,1,0.36756
202,2,0,3,4,0,100,4,6,6,6,4,1,1,1,0.43271
202,2,0,3,4,0,101,4,6,6,6,4,1,1,1,0.33481
202,2,0,3,4,0,102,9,6,12,5,4,2,2,1,0.55351
202,2,0,3,4,0,103,4,6,6,6,4,1,1,1,0.42003
202,2,0,3,4,0,104,7,6,10,5,4,2,2,1,1.3588
202,2,0,3,4,0,105,4,6,6,6,4,1,1,1,0.4185
202,2,0,3,4,0,106,2,6,4,6,4,1,1,1,0.47549
202,2,0,3,4,0,107,2,6,4,6,4,1,1,1,0.35095
202,2,0,3,4,0,108,6,6,8,6,4,1,1,1,0.74617
202,2,0,3,4,0,109,7,6,10,5,4,2,2,1,1.361
202,2,0,3,4,0,110,2,6,4,6,4,1,1,1,0.40966
202,2,0,3,4,0,111,9,6,12,5,4,2,2,1,0.53624
202,2,0,3,4,0,112,6,6,8,6,4,1,1,1,0.41118
202,2,0,3,4,0,113,7,6,10,5,4,2,2,1,0.7996
202,2,0,3,4,0,114,2,6,4,6,4,1,1,1,0.47404
202,2,0,3,4,0,115,9,6,12,5,4,2,2,1,0.49106
202,2,0,3,4,0,116,11,6,14,5,4,2,2,1,0.42869
202,2,0,3,4,0,117,2,6,4,6,4,1,1,1,0.39266
202,2,0,3,4,0,118,6,6,8,6,4,1,1,1,0.84959
202,2,0,3,4,0,119,4,6,6,6,4,1,1,1,0.42257
202,2,0,3,4,0,120,11,6,14,5,4,2,2,1,0.43897
202,2,0,3,3,1,1,10,6,12,6,4,2,2,1,0.49884
202,2,0,3,3,1,2,8,6,10,6,4,2,2,1,0.80014
202,2,0,3,3,1,3,3,6,6,5,4,1,1,1,0.47167
202,2,0,3,3,1,4,3,6,6,5,4,1,1,1,0.41455
202,2,0,3,3,1,5,3,6,6,5,4,1,1,1,0.4299
202,2,0,3,3,1,6,8,6,10,6,4,2,2,1,1.1287
202,2,0,3,3,1,7,12,6,14,6,4,2,2,1,0.59083
202,2,0,3,3,1,8,1,6,4,5,4,1,1,1,0.45646
202,2,0,3,3,1,9,1,6,4,5,4,1,1,1,0.44037
202,2,0,3,3,1,10,3,6,6,5,4,1,1,1,0.5496
202,2,0,3,3,1,11,5,6,8,5,4,1,1,1,0.38511
202,2,0,3,3,1,12,12,6,14,6,4,2,2,1,0.51444
202,2,0,3,3,1,13,1,6,4,5,4,1,1,1,0.51958
202,2,0,3,3,1,14,12,6,14,6,4,2,2,1,0.5144
202,2,0,3,3,1,15,8,6,10,6,4,2,2,1,1.0015
202,2,0,3,3,1,16,8,6,10,6,4,2,2,1,0.4626
202,2,0,3,3,1,17,5,6,8,5,4,1,1,1,0.53703
202,2,0,3,3,1,18,10,6,12,6,4,2,2,1,0.57648
202,2,0,3,3,1,19,10,6,12,6,4,2,2,1,0.63927
202,2,0,3,3,1,20,10,6,12,6,4,2,2,1,0.48671
202,2,0,3,3,1,21,12,6,14,6,4,2,2,1,0.52271
202,2,0,3,3,1,22,5,6,8,5,4,1,1,1,0.5414
202,2,0,3,3,1,23,1,6,4,5,4,1,1,1,0.68043
202,2,0,3,3,1,24,5,6,8,5,4,1,1,1,0.5215
202,2,0,3,3,0,1,3,6,6,5,4,1,1,1,0.51324
202,2,0,3,3,0,2,12,6,14,6,4,2,2,1,0.47817
202,2,0,3,3,0,3,1,6,4,5,4,1,1,1,0.42322
202,2,0,3,3,0,4,12,6,14,6,4,2,2,1,0.36556
202,2,0,3,3,0,5,5,6,8,5,4,1,1,1,0.75404
202,2,0,3,3,0,6,1,6,4,5,4,1,1,1,0.93496
202,2,0,3,3,0,7,12,6,14,6,4,2,2,1,0.52235
202,2,0,3,3,0,8,12,6,14,6,4,2,2,1,0.43501
202,2,0,3,3,0,9,8,6,10,6,4,2,2,1,1.6378
202,2,0,3,3,0,10,10,6,12,6,4,2,2,1,0.47016
202,2,0,3,3,0,11,5,6,8,5,4,1,1,1,0.3733
202,2,0,3,3,0,12,12,6,14,6,4,2,2,1,0.38839
202,2,0,3,3,0,13,5,6,8,5,4,1,1,1,0.49585
202,2,0,3,3,0,14,12,6,14,6,4,2,2,1,0.77596
202,2,0,3,3,0,15,3,6,6,5,4,1,1,1,0.51401
202,2,0,3,3,0,16,8,6,10,6,4,2,2,1,1.7798
202,2,0,3,3,0,17,12,6,14,6,4,2,2,1,0.41294
202,2,0,3,3,0,18,8,6,10,6,4,2,2,1,0.96903
202,2,0,3,3,0,19,10,6,12,6,4,2,2,1,0.51239
202,2,0,3,3,0,20,12,6,14,6,4,2,2,1,0.40386
202,2,0,3,3,0,21,8,6,10,6,4,2,1,0,0.85785
202,2,0,3,3,0,22,10,6,12,6,4,2,2,1,0.58601
202,2,0,3,3,0,23,8,6,10,6,4,2,2,1,0.48933
202,2,0,3,3,0,24,5,6,8,5,4,1,1,1,0.46192
202,2,0,3,3,0,25,10,6,12,6,4,2,2,1,0.82784
202,2,0,3,3,0,26,3,6,6,5,4,1,1,1,0.49014
202,2,0,3,3,0,27,1,6,4,5,4,1,1,1,0.62026
202,2,0,3,3,0,28,8,6,10,6,4,2,2,1,1.2685
202,2,0,3,3,0,29,10,6,12,6,4,2,2,1,0.56603
202,2,0,3,3,0,30,5,6,8,5,4,1,1,1,0.47762
202,2,0,3,3,0,31,3,6,6,5,4,1,1,1,0.40589
202,2,0,3,3,0,32,10,6,12,6,4,2,2,1,0.45259
202,2,0,3,3,0,33,12,6,14,6,4,2,2,1,0.51458
202,2,0,3,3,0,34,1,6,4,5,4,1,1,1,0.46512
202,2,0,3,3,0,35,8,6,10,6,4,2,2,1,1.8047
202,2,0,3,3,0,36,8,6,10,6,4,2,2,1,0.68174
202,2,0,3,3,0,37,1,6,4,5,4,1,1,1,0.39916
202,2,0,3,3,0,38,1,6,4,5,4,1,1,1,0.43728
202,2,0,3,3,0,39,12,6,14,6,4,2,2,1,0.45194
202,2,0,3,3,0,40,1,6,4,5,4,1,1,1,0.52998
202,2,0,3,3,0,41,5,6,8,5,4,1,1,1,0.98041
202,2,0,3,3,0,42,8,6,10,6,4,2,2,1,1.2835
202,2,0,3,3,0,43,3,6,6,5,4,1,1,1,0.64351
202,2,0,3,3,0,44,8,6,10,6,4,2,2,1,0.68126
202,2,0,3,3,0,45,5,6,8,5,4,1,1,1,0.55243
202,2,0,3,3,0,46,8,6,10,6,4,2,1,0,0.4766
202,2,0,3,3,0,47,12,6,14,6,4,2,2,1,0.34284
202,2,0,3,3,0,48,3,6,6,5,4,1,1,1,0.4494
202,2,0,3,3,0,49,3,6,6,5,4,1,1,1,0.55823
202,2,0,3,3,0,50,3,6,6,5,4,1,1,1,0.54694
202,2,0,3,3,0,51,1,6,4,5,4,1,1,1,0.34915
202,2,0,3,3,0,52,3,6,6,5,4,1,1,1,0.45196
202,2,0,3,3,0,53,3,6,6,5,4,1,1,1,0.48287
202,2,0,3,3,0,54,5,6,8,5,4,1,1,1,0.46597
202,2,0,3,3,0,55,8,6,10,6,4,2,2,1,2.3183
202,2,0,3,3,0,56,1,6,4,5,4,1,1,1,0.45124
202,2,0,3,3,0,57,10,6,12,6,4,2,2,1,0.50797
202,2,0,3,3,0,58,1,6,4,5,4,1,1,1,0.40919
202,2,0,3,3,0,59,12,6,14,6,4,2,2,1,0.47301
202,2,0,3,3,0,60,10,6,12,6,4,2,2,1,0.57041
202,2,0,3,3,0,61,5,6,8,5,4,1,1,1,0.50938
202,2,0,3,3,0,62,1,6,4,5,4,1,1,1,0.41683
202,2,0,3,3,0,63,5,6,8,5,4,1,1,1,1.8397
202,2,0,3,3,0,64,12,6,14,6,4,2,2,1,0.5132
202,2,0,3,3,0,65,10,6,12,6,4,2,2,1,0.43838
202,2,0,3,3,0,66,5,6,8,5,4,1,1,1,0.56679
202,2,0,3,3,0,67,3,6,6,5,4,1,1,1,0.44164
202,2,0,3,3,0,68,3,6,6,5,4,1,1,1,0.7197
202,2,0,3,3,0,69,8,6,10,6,4,2,2,1,0.70183
202,2,0,3,3,0,70,1,6,4,5,4,1,1,1,0.53038
202,2,0,3,3,0,71,10,6,12,6,4,2,2,1,0.69953
202,2,0,3,3,0,72,5,6,8,5,4,1,1,1,0.51442
202,2,0,3,3,0,73,5,6,8,5,4,1,1,1,1.1508
202,2,0,3,3,0,74,3,6,6,5,4,1,1,1,0.49777
202,2,0,3,3,0,75,10,6,12,6,4,2,2,1,0.47885
202,2,0,3,3,0,76,12,6,14,6,4,2,2,1,0.62114
202,2,0,3,3,0,77,12,6,14,6,4,2,2,1,0.64203
202,2,0,3,3,0,78,8,6,10,6,4,2,2,1,1.1579
202,2,0,3,3,0,79,3,6,6,5,4,1,1,1,0.51861
202,2,0,3,3,0,80,5,6,8,5,4,1,1,1,0.91364
202,2,0,3,3,0,81,8,6,10,6,4,2,2,1,1.3187
202,2,0,3,3,0,82,3,6,6,5,4,1,1,1,0.47424
202,2,0,3,3,0,83,1,6,4,5,4,1,1,1,0.57866
202,2,0,3,3,0,84,3,6,6,5,4,1,1,1,0.40103
202,2,0,3,3,0,85,5,6,8,5,4,1,1,1,0.4582
202,2,0,3,3,0,86,8,6,10,6,4,2,2,1,0.9201
202,2,0,3,3,0,87,12,6,14,6,4,2,2,1,0.62638
202,2,0,3,3,0,88,3,6,6,5,4,1,1,1,0.68272
202,2,0,3,3,0,89,5,6,8,5,4,1,1,1,0.67887
202,2,0,3,3,0,90,5,6,8,5,4,1,1,1,0.44913
202,2,0,3,3,0,91,8,6,10,6,4,2,2,1,1.5688
202,2,0,3,3,0,92,8,6,10,6,4,2,2,1,0.48053
202,2,0,3,3,0,93,8,6,10,6,4,2,2,1,0.41109
202,2,0,3,3,0,94,10,6,12,6,4,2,2,1,0.34278
202,2,0,3,3,0,95,1,6,4,5,4,1,1,1,0.45693
202,2,0,3,3,0,96,10,6,12,6,4,2,2,1,0.67322
202,2,0,3,3,0,97,10,6,12,6,4,2,2,1,0.44242
202,2,0,3,3,0,98,3,6,6,5,4,1,1,1,0.46842
202,2,0,3,3,0,99,10,6,12,6,4,2,2,1,0.60708
202,2,0,3,3,0,100,10,6,12,6,4,2,2,1,0.56858
202,2,0,3,3,0,101,12,6,14,6,4,2,1,0,0.84774
202,2,0,3,3,0,102,1,6,4,5,4,1,1,1,0.54732
202,2,0,3,3,0,103,3,6,6,5,4,1,1,1,0.56792
202,2,0,3,3,0,104,10,6,12,6,4,2,2,1,0.64538
202,2,0,3,3,0,105,8,6,10,6,4,2,2,1,1.4169
202,2,0,3,3,0,106,12,6,14,6,4,2,2,1,0.445
202,2,0,3,3,0,107,1,6,4,5,4,1,1,1,0.47945
202,2,0,3,3,0,108,1,6,4,5,4,1,1,1,0.36966
202,2,0,3,3,0,109,12,6,14,6,4,2,2,1,0.45148
202,2,0,3,3,0,110,3,6,6,5,4,1,1,1,0.5576
202,2,0,3,3,0,111,1,6,4,5,4,1,1,1,0.6326
202,2,0,3,3,0,112,10,6,12,6,4,2,2,1,0.70154
202,2,0,3,3,0,113,5,6,8,5,4,1,1,1,0.60472
202,2,0,3,3,0,114,5,6,8,5,4,1,1,1,0.57662
202,2,0,3,3,0,115,10,6,12,6,4,2,2,1,0.6012
202,2,0,3,3,0,116,1,6,4,5,4,1,1,1,0.73844
202,2,0,3,3,0,117,1,6,4,5,4,1,1,1,1.2837
202,2,0,3,3,0,118,12,6,14,6,4,2,2,1,0.43839
202,2,0,3,3,0,119,10,6,12,6,4,2,2,1,0.50502
202,2,0,3,3,0,120,5,6,8,5,4,1,1,1,1.3293
