204,2,1,3,2,1,1,8,6,4,6,10,2,2,1,1.457
204,2,1,3,2,1,2,4,6,4,6,6,1,2,0,4.7875
204,2,1,3,2,1,3,6,6,4,6,8,1,1,1,0.95408
204,2,1,3,2,1,4,10,6,4,6,12,2,2,1,1.3324
204,2,1,3,2,1,5,4,6,4,6,6,1,1,1,1.0561
204,2,1,3,2,1,6,12,6,4,6,14,2,2,1,0.9034
204,2,1,3,2,1,7,12,6,4,6,14,2,2,1,0.42963
204,2,1,3,2,1,8,6,6,4,6,8,1,1,1,0.69189
204,2,1,3,2,1,9,8,6,4,6,10,2,1,0,0.51689
204,2,1,3,2,1,10,6,6,4,6,8,1,1,1,2.0221
204,2,1,3,2,1,11,4,6,4,6,6,1,1,1,0.6354
204,2,1,3,2,1,12,2,6,4,6,4,1,1,1,0.64176
204,2,1,3,2,1,13,8,6,4,6,10,2,2,1,0.95298
204,2,1,3,2,1,14,8,6,4,6,10,2,2,1,0.39652
204,2,1,3,2,1,15,10,6,4,6,12,2,2,1,0.35302
204,2,1,3,2,1,16,12,6,4,6,14,2,2,1,0.40175
204,2,1,3,2,1,17,4,6,4,6,6,1,1,1,0.38558
204,2,1,3,2,1,18,2,6,4,6,4,1,1,1,0.43106
204,2,1,3,2,1,19,10,6,4,6,12,2,2,1,0.46572
204,2,1,3,2,1,20,2,6,4,6,4,1,1,1,0.45683
204,2,1,3,2,1,21,2,6,4,6,4,1,1,1,0.40501
204,2,1,3,2,1,22,12,6,4,6,14,2,2,1,0.81934
204,2,1,3,2,1,23,6,6,4,6,8,1,1,1,1.022
204,2,1,3,2,1,24,10,6,4,6,12,2,2,1,0.3961
204,2,1,3,2,0,1,10,6,4,6,12,2,2,1,1.1029
204,2,1,3,2,0,2,6,6,4,6,8,1,1,1,0.78151
204,2,1,3,2,0,3,12,6,4,6,14,2,2,1,0.43842
204,2,1,3,2,0,4,6,6,4,6,8,1,1,1,0.93061
204,2,1,3,2,0,5,6,6,4,6,8,1,1,1,0.72015
204,2,1,3,2,0,6,2,6,4,6,4,1,1,1,0.36059
204,2,1,3,2,0,7,10,6,4,6,12,2,2,1,0.40226
204,2,1,3,2,0,8,8,6,4,6,10,2,2,1,0.5127
204,2,1,3,2,0,9,12,6,4,6,14,2,2,1,0.46172
204,2,1,3,2,0,10,2,6,4,6,4,1,1,1,0.35634
204,2,1,3,2,0,11,2,6,4,6,4,1,1,1,0.55297
204,2,1,3,2,0,12,10,6,4,6,12,2,2,1,0.45128
204,2,1,3,2,0,13,4,6,4,6,6,1,1,1,0.61229
204,2,1,3,2,0,14,4,6,4,6,6,1,1,1,0.47478
204,2,1,3,2,0,15,10,6,4,6,12,2,2,1,0.4235
204,2,1,3,2,0,16,10,6,4,6,12,2,2,1,0.43452
204,2,1,3,2,0,17,12,6,4,6,14,2,2,1,0.34005
204,2,1,3,2,0,18,2,6,4,6,4,1,1,1,0.3696
204,2,1,3,2,0,19,2,6,4,6,4,1,1,1,0.39825
204,2,1,3,2,0,20,6,6,4,6,8,1,1,1,0.81519
204,2,1,3,2,0,21,8,6,4,6,10,2,1,0,1.6184
204,2,1,3,2,0,22,2,6,4,6,4,1,1,1,0.40251
204,2,1,3,2,0,23,8,6,4,6,10,2,2,1,0.7731
204,2,1,3,2,0,24,4,6,4,6,6,1,1,1,0.54558
204,2,1,3,2,0,25,2,6,4,6,4,1,1,1,0.37733
204,2,1,3,2,0,26,4,6,4,6,6,1,1,1,0.38876
204,2,1,3,2,0,27,10,6,4,6,12,2,2,1,0.52244
204,2,1,3,2,0,28,10,6,4,6,12,2,2,1,0.43029
204,2,1,3,2,0,29,12,6,4,6,14,2,2,1,0.35935
204,2,1,3,2,0,30,6,6,4,6,8,1,1,1,0.55882
204,2,1,3,2,0,31,8,6,4,6,10,2,2,1,0.88688
204,2,1,3,2,0,32,8,6,4,6,10,2,2,1,0.57579
204,2,1,3,2,0,33,6,6,4,6,8,1,1,1,0.56061
204,2,1,3,2,0,34,10,6,4,6,12,2,2,1,0.42864
204,2,1,3,2,0,35,6,6,4,6,8,1,1,1,1.2371
204,2,1,3,2,0,36,4,6,4,6,6,1,1,1,0.45264
204,2,1,3,2,0,37,4,6,4,6,6,1,1,1,0.31686
204,2,1,3,2,0,38,12,6,4,6,14,2,2,1,0.43858
204,2,1,3,2,0,39,12,6,4,6,14,2,2,1,0.3809
204,2,1,3,2,0,40,6,6,4,6,8,1,1,1,0.36121
204,2,1,3,2,0,41,8,6,4,6,10,2,2,1,0.49833
204,2,1,3,2,0,42,4,6,4,6,6,1,1,1,0.35078
204,2,1,3,2,0,43,2,6,4,6,4,1,1,1,0.32412
204,2,1,3,2,0,44,8,6,4,6,10,2,2,1,0.52867
204,2,1,3,2,0,45,4,6,4,6,6,1,1,1,0.33111
204,2,1,3,2,0,46,12,6,4,6,14,2,2,1,0.36335
204,2,1,3,2,0,47,8,6,4,6,10,2,2,1,0.70929
204,2,1,3,2,0,48,2,6,4,6,4,1,1,1,0.29551
204,2,1,3,2,0,49,12,6,4,6,14,2,2,1,0.37616
204,2,1,3,2,0,50,4,6,4,6,6,1,1,1,0.33427
204,2,1,3,2,0,51,12,6,4,6,14,2,2,1,0.37543
204,2,1,3,2,0,52,10,6,4,6,12,2,2,1,0.39736
204,2,1,3,2,0,53,10,6,4,6,12,2,2,1,0.34053
204,2,1,3,2,0,54,2,6,4,6,4,1,1,1,0.35521
204,2,1,3,2,0,55,2,6,4,6,4,1,1,1,0.35072
204,2,1,3,2,0,56,4,6,4,6,6,1,1,1,0.40791
204,2,1,3,2,0,57,6,6,4,6,8,1,1,1,0.38097
204,2,1,3,2,0,58,6,6,4,6,8,1,1,1,0.3184
204,2,1,3,2,0,59,4,6,4,6,6,1,1,1,0.36435
204,2,1,3,2,0,60,8,6,4,6,10,2,2,1,0.47334
204,2,1,3,2,0,61,2,6,4,6,4,1,1,1,0.37489
204,2,1,3,2,0,62,6,6,4,6,8,1,1,1,0.69607
204,2,1,3,2,0,63,6,6,4,6,8,1,1,1,0.33745
204,2,1,3,2,0,64,4,6,4,6,6,1,1,1,0.33044
204,2,1,3,2,0,65,8,6,4,6,10,2,2,1,0.66152
204,2,1,3,2,0,66,6,6,4,6,8,1,1,1,0.6033
204,2,1,3,2,0,67,4,6,4,6,6,1,1,1,0.29866
204,2,1,3,2,0,68,12,6,4,6,14,2,2,1,0.43197
204,2,1,3,2,0,69,8,6,4,6,10,2,2,1,0.54987
204,2,1,3,2,0,70,12,6,4,6,14,2,2,1,0.33122
204,2,1,3,2,0,71,6,6,4,6,8,1,1,1,1.0149
204,2,1,3,2,0,72,12,6,4,6,14,2,2,1,0.43283
204,2,1,3,2,0,73,12,6,4,6,14,2,2,1,0.34886
204,2,1,3,2,0,74,12,6,4,6,14,2,2,1,0.34409
204,2,1,3,2,0,75,10,6,4,6,12,2,2,1,0.40697
204,2,1,3,2,0,76,12,6,4,6,14,2,2,1,0.38267
204,2,1,3,2,0,77,4,6,4,6,6,1,1,1,0.38593
204,2,1,3,2,0,78,2,6,4,6,4,1,1,1,0.3388
204,2,1,3,2,0,79,10,6,4,6,12,2,2,1,0.38361
204,2,1,3,2,0,80,6,6,4,6,8,1,1,1,0.48986
204,2,1,3,2,0,81,2,6,4,6,4,1,1,1,0.34868
204,2,1,3,2,0,82,4,6,4,6,6,1,1,1,0.33565
204,2,1,3,2,0,83,6,6,4,6,8,1,1,1,0.43602
204,2,1,3,2,0,84,10,6,4,6,12,2,2,1,0.47809
204,2,1,3,2,0,85,10,6,4,6,12,2,2,1,0.39662
204,2,1,3,2,0,86,10,6,4,6,12,2,2,1,0.34621
204,2,1,3,2,0,87,4,6,4,6,6,1,1,1,0.38515
204,2,1,3,2,0,88,4,6,4,6,6,1,1,1,0.33455
204,2,1,3,2,0,89,2,6,4,6,4,1,1,1,0.32849
204,2,1,3,2,0,90,2,6,4,6,4,1,1,1,0.3682
204,2,1,3,2,0,91,12,6,4,6,14,2,2,1,0.4335
204,2,1,3,2,0,92,12,6,4,6,14,2,2,1,0.41471
204,2,1,3,2,0,93,8,6,4,6,10,2,2,1,1.3467
204,2,1,3,2,0,94,6,6,4,6,8,1,1,1,0.67085
204,2,1,3,2,0,95,10,6,4,6,12,2,2,1,0.59093
204,2,1,3,2,0,96,2,6,4,6,4,1,1,1,0.40599
204,2,1,3,2,0,97,4,6,4,6,6,1,1,1,0.42635
204,2,1,3,2,0,98,2,6,4,6,4,1,1,1,0.35702
204,2,1,3,2,0,99,8,6,4,6,10,2,2,1,0.50062
204,2,1,3,2,0,100,4,6,4,6,6,1,1,1,0.41141
204,2,1,3,2,0,101,8,6,4,6,10,2,2,1,0.49872
204,2,1,3,2,0,102,2,6,4,6,4,1,1,1,0.43293
204,2,1,3,2,0,103,12,6,4,6,14,2,2,1,0.45334
204,2,1,3,2,0,104,8,6,4,6,10,2,2,1,0.5543
204,2,1,3,2,0,105,2,6,4,6,4,1,1,1,0.46232
204,2,1,3,2,0,106,8,6,4,6,10,2,2,1,0.52577
204,2,1,3,2,0,107,6,6,4,6,8,1,2,0,0.77095
204,2,1,3,2,0,108,8,6,4,6,10,2,2,1,1.8131
204,2,1,3,2,0,109,10,6,4,6,12,2,2,1,0.49649
204,2,1,3,2,0,110,8,6,4,6,10,2,2,1,0.60663
204,2,1,3,2,0,111,8,6,4,6,10,2,2,1,0.88852
204,2,1,3,2,0,112,8,6,4,6,10,2,2,1,0.56679
204,2,1,3,2,0,113,6,6,4,6,8,1,1,1,0.62065
204,2,1,3,2,0,114,12,6,4,6,14,2,2,1,0.47012
204,2,1,3,2,0,115,12,6,4,6,14,2,2,1,0.42559
204,2,1,3,2,0,116,10,6,4,6,12,2,2,1,0.33557
204,2,1,3,2,0,117,6,6,4,6,8,1,1,1,0.45477
204,2,1,3,2,0,118,10,6,4,6,12,2,2,1,0.41267
204,2,1,3,2,0,119,10,6,4,6,12,2,2,1,0.46323
204,2,1,3,2,0,120,4,6,4,6,6,1,1,1,0.36289
204,2,1,3,1,1,1,1,5,4,6,4,1,1,1,1.0245
204,2,1,3,1,1,2,7,5,4,6,10,2,2,1,0.75954
204,2,1,3,1,1,3,3,5,4,6,6,1,1,1,0.37175
204,2,1,3,1,1,4,7,5,4,6,10,2,2,1,0.55856
204,2,1,3,1,1,5,11,5,4,6,14,2,2,1,0.47093
204,2,1,3,1,1,6,7,5,4,6,10,2,2,1,0.47832
204,2,1,3,1,1,7,5,5,4,6,8,1,1,1,0.48643
204,2,1,3,1,1,8,11,5,4,6,14,2,2,1,0.33311
204,2,1,3,1,1,9,3,5,4,6,6,1,1,1,0.50045
204,2,1,3,1,1,10,11,5,4,6,14,2,2,1,0.46652
204,2,1,3,1,1,11,11,5,4,6,14,2,2,1,0.39532
204,2,1,3,1,1,12,5,5,4,6,8,1,1,1,0.41973
204,2,1,3,1,1,13,9,5,4,6,12,2,2,1,0.34282
204,2,1,3,1,1,14,9,5,4,6,12,2,2,1,0.31692
204,2,1,3,1,1,15,1,5,4,6,4,1,1,1,0.57851
204,2,1,3,1,1,16,7,5,4,6,10,2,2,1,0.62207
204,2,1,3,1,1,17,9,5,4,6,12,2,2,1,0.4605
204,2,1,3,1,1,18,1,5,4,6,4,1,1,1,0.9537
204,2,1,3,1,1,19,3,5,4,6,6,1,1,1,0.45101
204,2,1,3,1,1,20,5,5,4,6,8,1,1,1,0.61604
204,2,1,3,1,1,21,5,5,4,6,8,1,1,1,0.37899
204,2,1,3,1,1,22,1,5,4,6,4,1,1,1,0.46233
204,2,1,3,1,1,23,9,5,4,6,12,2,2,1,0.52482
204,2,1,3,1,1,24,3,5,4,6,6,1,1,1,0.47817
204,2,1,3,1,0,1,11,5,4,6,14,2,2,1,0.61134
204,2,1,3,1,0,2,3,5,4,6,6,1,1,1,0.41747
204,2,1,3,1,0,3,11,5,4,6,14,2,2,1,0.34872
204,2,1,3,1,0,4,7,5,4,6,10,2,2,1,1.2671
204,2,1,3,1,0,5,1,5,4,6,4,1,1,1,0.50688
204,2,1,3,1,0,6,1,5,4,6,4,1,1,1,0.35514
204,2,1,3,1,0,7,5,5,4,6,8,1,1,1,0.46268
204,2,1,3,1,0,8,5,5,4,6,8,1,1,1,0.32702
204,2,1,3,1,0,9,3,5,4,6,6,1,1,1,0.2926
204,2,1,3,1,0,10,5,5,4,6,8,1,1,1,0.26779
204,2,1,3,1,0,11,5,5,4,6,8,1,1,1,0.24634
204,2,1,3,1,0,12,7,5,4,6,10,2,2,1,0.93369
204,2,1,3,1,0,13,11,5,4,6,14,2,2,1,0.31996
204,2,1,3,1,0,14,7,5,4,6,10,2,2,1,0.30903
204,2,1,3,1,0,15,11,5,4,6,14,2,2,1,0.31059
204,2,1,3,1,0,16,5,5,4,6,8,1,1,1,0.79944
204,2,1,3,1,0,17,5,5,4,6,8,1,1,1,0.45976
204,2,1,3,1,0,18,11,5,4,6,14,2,2,1,0.43055
204,2,1,3,1,0,19,11,5,4,6,14,2,2,1,0.30356
204,2,1,3,1,0,20,3,5,4,6,6,1,1,1,0.52146
204,2,1,3,1,0,21,3,5,4,6,6,1,1,1,0.57023
204,2,1,3,1,0,22,3,5,4,6,6,1,1,1,1.0934
204,2,1,3,1,0,23,3,5,4,6,6,1,1,1,0.3022
204,2,1,3,1,0,24,1,5,4,6,4,1,1,1,0.28041
204,2,1,3,1,0,25,3,5,4,6,6,1,1,1,0.29813
204,2,1,3,1,0,26,7,5,4,6,10,2,1,0,0.7216
204,2,1,3,1,0,27,9,5,4,6,12,2,2,1,0.41528
204,2,1,3,1,0,28,5,5,4,6,8,1,1,1,0.44405
204,2,1,3,1,0,29,5,5,4,6,8,1,1,1,0.40958
204,2,1,3,1,0,30,5,5,4,6,8,1,1,1,0.66162
204,2,1,3,1,0,31,7,5,4,6,10,2,1,0,0.64362
204,2,1,3,1,0,32,5,5,4,6,8,1,1,1,0.65351
204,2,1,3,1,0,33,3,5,4,6,6,1,1,1,0.50227
204,2,1,3,1,0,34,9,5,4,6,12,2,2,1,0.43378
204,2,1,3,1,0,35,9,5,4,6,12,2,2,1,0.34208
204,2,1,3,1,0,36,11,5,4,6,14,2,2,1,0.36337
204,2,1,3,1,0,37,3,5,4,6,6,1,1,1,0.54278
204,2,1,3,1,0,38,11,5,4,6,14,2,2,1,0.4047
204,2,1,3,1,0,39,9,5,4,6,12,2,2,1,0.35137
204,2,1,3,1,0,40,7,5,4,6,10,2,2,1,0.47105
204,2,1,3,1,0,41,1,5,4,6,4,1,1,1,0.44051
204,2,1,3,1,0,42,9,5,4,6,12,2,2,1,0.42717
204,2,1,3,1,0,43,11,5,4,6,14,2,2,1,0.36401
204,2,1,3,1,0,44,11,5,4,6,14,2,2,1,0.75013
204,2,1,3,1,0,45,1,5,4,6,4,1,1,1,0.4382
204,2,1,3,1,0,46,11,5,4,6,14,2,2,1,0.47695
204,2,1,3,1,0,47,11,5,4,6,14,2,2,1,0.32908
204,2,1,3,1,0,48,3,5,4,6,6,1,1,1,0.38999
204,2,1,3,1,0,49,11,5,4,6,14,2,2,1,0.39441
204,2,1,3,1,0,50,3,5,4,6,6,1,1,1,0.31257
204,2,1,3,1,0,51,11,5,4,6,14,2,2,1,0.36997
204,2,1,3,1,0,52,9,5,4,6,12,2,2,1,0.37149
204,2,1,3,1,0,53,3,5,4,6,6,1,1,1,0.32924
204,2,1,3,1,0,54,5,5,4,6,8,1,1,1,0.5062
204,2,1,3,1,0,55,5,5,4,6,8,1,1,1,0.53577
204,2,1,3,1,0,56,5,5,4,6,8,1,1,1,0.44864
204,2,1,3,1,0,57,3,5,4,6,6,1,1,1,0.39643
204,2,1,3,1,0,58,3,5,4,6,6,1,1,1,0.38521
204,2,1,3,1,0,59,7,5,4,6,10,2,2,1,0.49696
204,2,1,3,1,0,60,1,5,4,6,4,1,1,1,0.36413
204,2,1,3,1,0,61,5,5,4,6,8,1,1,1,0.57563
204,2,1,3,1,0,62,9,5,4,6,12,2,2,1,0.63519
204,2,1,3,1,0,63,9,5,4,6,12,2,2,1,0.44306
204,2,1,3,1,0,64,5,5,4,6,8,1,1,1,0.93033
204,2,1,3,1,0,65,1,5,4,6,4,1,1,1,0.35969
204,2,1,3,1,0,66,9,5,4,6,12,2,2,1,0.46221
204,2,1,3,1,0,67,7,5,4,6,10,2,2,1,0.4387
204,2,1,3,1,0,68,5,5,4,6,8,1,1,1,0.66954
204,2,1,3,1,0,69,9,5,4,6,12,2,2,1,0.3773
204,2,1,3,1,0,70,1,5,4,6,4,1,1,1,0.37066
204,2,1,3,1,0,71,11,5,4,6,14,2,2,1,0.60677
204,2,1,3,1,0,72,1,5,4,6,4,1,1,1,0.36893
204,2,1,3,1,0,73,3,5,4,6,6,1,1,1,0.33593
204,2,1,3,1,0,74,1,5,4,6,4,1,1,1,0.39822
204,2,1,3,1,0,75,1,5,4,6,4,1,1,1,0.29996
204,2,1,3,1,0,76,3,5,4,6,6,1,1,1,0.32116
204,2,1,3,1,0,77,11,5,4,6,14,2,2,1,0.47625
204,2,1,3,1,0,78,9,5,4,6,12,2,2,1,0.34696
204,2,1,3,1,0,79,9,5,4,6,12,2,2,1,0.34739
204,2,1,3,1,0,80,9,5,4,6,12,2,2,1,0.32949
204,2,1,3,1,0,81,1,5,4,6,4,1,1,1,0.69884
204,2,1,3,1,0,82,7,5,4,6,10,2,2,1,0.57077
204,2,1,3,1,0,83,7,5,4,6,10,2,2,1,0.31657
204,2,1,3,1,0,84,1,5,4,6,4,1,1,1,0.51515
204,2,1,3,1,0,85,9,5,4,6,12,2,2,1,0.63863
204,2,1,3,1,0,86,1,5,4,6,4,1,1,1,0.86297
204,2,1,3,1,0,87,7,5,4,6,10,2,2,1,0.67677
204,2,1,3,1,0,88,1,5,4,6,4,1,1,1,0.41357
204,2,1,3,1,0,89,11,5,4,6,14,2,2,1,0.41438
204,2,1,3,1,0,90,3,5,4,6,6,1,1,1,0.78213
204,2,1,3,1,0,91,1,5,4,6,4,1,1,1,0.68303
204,2,1,3,1,0,92,7,5,4,6,10,2,2,1,0.54942
204,2,1,3,1,0,93,3,5,4,6,6,1,1,1,0.51304
204,2,1,3,1,0,94,9,5,4,6,12,2,2,1,0.48928
204,2,1,3,1,0,95,7,5,4,6,10,2,2,1,0.52811
204,2,1,3,1,0,96,9,5,4,6,12,2,2,1,0.44293
204,2,1,3,1,0,97,3,5,4,6,6,1,1,1,0.83923
204,2,1,3,1,0,98,11,5,4,6,14,2,2,1,0.4634
204,2,1,3,1,0,99,9,5,4,6,12,2,2,1,0.31253
204,2,1,3,1,0,100,7,5,4,6,10,2,2,1,0.33165
204,2,1,3,1,0,101,7,5,4,6,10,2,2,1,0.38624
204,2,1,3,1,0,102,1,5,4,6,4,1,1,1,0.33422
204,2,1,3,1,0,103,11,5,4,6,14,2,2,1,0.4037
204,2,1,3,1,0,104,7,5,4,6,10,2,2,1,0.55698
204,2,1,3,1,0,105,9,5,4,6,12,2,2,1,0.34206
204,2,1,3,1,0,106,7,5,4,6,10,2,2,1,0.32788
204,2,1,3,1,0,107,5,5,4,6,8,1,2,0,0.32225
204,2,1,3,1,0,108,3,5,4,6,6,1,1,1,0.4097
204,2,1,3,1,0,109,1,5,4,6,4,1,1,1,0.43722
204,2,1,3,1,0,110,5,5,4,6,8,1,1,1,0.98583
204,2,1,3,1,0,111,1,5,4,6,4,1,1,1,0.45597
204,2,1,3,1,0,112,1,5,4,6,4,1,1,1,0.357
204,2,1,3,1,0,113,9,5,4,6,12,2,2,1,0.45579
204,2,1,3,1,0,114,7,5,4,6,10,2,2,1,1.0432
204,2,1,3,1,0,115,5,5,4,6,8,1,1,1,0.68221
204,2,1,3,1,0,116,7,5,4,6,10,2,2,1,0.48059
204,2,1,3,1,0,117,9,5,4,6,12,2,2,1,0.41009
204,2,1,3,1,0,118,7,5,4,6,10,2,2,1,0.49497
204,2,1,3,1,0,119,11,5,4,6,14,2,2,1,0.54476
204,2,1,3,1,0,120,5,5,4,6,8,1,1,1,0.44314
204,2,1,3,5,1,1,5,5,4,6,8,1,1,1,1.0054
204,2,1,3,5,1,2,12,6,4,6,14,2,2,1,0.40651
204,2,1,3,5,1,3,1,5,4,6,4,1,1,1,0.34756
204,2,1,3,5,1,4,3,5,4,6,6,1,1,1,0.32138
204,2,1,3,5,1,5,4,6,4,6,6,1,1,1,0.31325
204,2,1,3,5,1,6,3,5,4,6,6,1,1,1,0.32487
204,2,1,3,5,1,7,11,5,4,6,14,2,2,1,0.44567
204,2,1,3,5,1,8,2,6,4,6,4,1,1,1,0.45825
204,2,1,3,5,1,9,1,5,4,6,4,1,1,1,0.39157
204,2,1,3,5,1,10,11,5,4,6,14,2,2,1,0.42148
204,2,1,3,5,1,11,7,5,4,6,10,2,2,1,0.87717
204,2,1,3,5,1,12,4,6,4,6,6,1,1,1,0.54338
204,2,1,3,5,1,13,2,6,4,6,4,1,1,1,0.52694
204,2,1,3,5,1,14,9,5,4,6,12,2,2,1,0.42295
204,2,1,3,5,1,15,10,6,4,6,12,2,2,1,0.37948
204,2,1,3,5,1,16,6,6,4,6,8,1,1,1,0.79198
204,2,1,3,5,1,17,5,5,4,6,8,1,1,1,0.85373
204,2,1,3,5,1,18,8,6,4,6,10,2,2,1,0.62288
204,2,1,3,5,1,19,12,6,4,6,14,2,2,1,0.37291
204,2,1,3,5,1,20,9,5,4,6,12,2,2,1,0.34476
204,2,1,3,5,1,21,10,6,4,6,12,2,2,1,0.40565
204,2,1,3,5,1,22,6,6,4,6,8,1,1,1,0.59867
204,2,1,3,5,1,23,7,5,4,6,10,2,2,1,0.56432
204,2,1,3,5,1,24,8,6,4,6,10,2,2,1,0.39921
204,2,1,3,5,0,1,6,6,4,6,8,1,2,0,2.4226
204,2,1,3,5,0,2,10,6,4,6,12,2,2,1,0.56551
204,2,1,3,5,0,3,12,6,4,6,14,2,2,1,0.41821
204,2,1,3,5,0,4,11,5,4,6,14,2,2,1,0.33918
204,2,1,3,5,0,5,6,6,4,6,8,1,1,1,0.39418
204,2,1,3,5,0,6,3,5,4,6,6,1,1,1,0.37016
204,2,1,3,5,0,7,2,6,4,6,4,1,1,1,0.35838
204,2,1,3,5,0,8,2,6,4,6,4,1,1,1,0.36506
204,2,1,3,5,0,9,2,6,4,6,4,1,1,1,0.33359
204,2,1,3,5,0,10,12,6,4,6,14,2,2,1,0.36658
204,2,1,3,5,0,11,4,6,4,6,6,1,1,1,0.59309
204,2,1,3,5,0,12,6,6,4,6,8,1,1,1,0.40739
204,2,1,3,5,0,13,12,6,4,6,14,2,2,1,0.46948
204,2,1,3,5,0,14,8,6,4,6,10,2,2,1,0.46
204,2,1,3,5,0,15,12,6,4,6,14,2,2,1,0.4039
204,2,1,3,5,0,16,3,5,4,6,6,1,1,1,0.41341
204,2,1,3,5,0,17,3,5,4,6,6,1,1,1,0.36023
204,2,1,3,5,0,18,9,5,4,6,12,2,2,1,0.49139
204,2,1,3,5,0,19,4,6,4,6,6,1,1,1,0.38454
204,2,1,3,5,0,20,11,5,4,6,14,2,2,1,0.39187
204,2,1,3,5,0,21,7,5,4,6,10,2,2,1,0.62987
204,2,1,3,5,0,22,11,5,4,6,14,2,2,1,0.31335
204,2,1,3,5,0,23,8,6,4,6,10,2,2,1,0.41118
204,2,1,3,5,0,24,5,5,4,6,8,1,1,1,1.3308
204,2,1,3,5,0,25,11,5,4,6,14,2,2,1,0.3701
204,2,1,3,5,0,26,10,6,4,6,12,2,2,1,0.37025
204,2,1,3,5,0,27,10,6,4,6,12,2,2,1,0.40364
204,2,1,3,5,0,28,3,5,4,6,6,1,1,1,0.56436
204,2,1,3,5,0,29,10,6,4,6,12,2,2,1,0.39088
204,2,1,3,5,0,30,10,6,4,6,12,2,2,1,0.36385
204,2,1,3,5,0,31,7,5,4,6,10,2,2,1,0.39892
204,2,1,3,5,0,32,4,6,4,6,6,1,1,1,0.42664
204,2,1,3,5,0,33,9,5,4,6,12,2,2,1,0.38276
204,2,1,3,5,0,34,4,6,4,6,6,1,1,1,0.44122
204,2,1,3,5,0,35,8,6,4,6,10,2,2,1,0.64414
204,2,1,3,5,0,36,6,6,4,6,8,1,1,1,1.2317
204,2,1,3,5,0,37,5,5,4,6,8,1,1,1,0.82745
204,2,1,3,5,0,38,1,5,4,6,4,1,1,1,0.44728
204,2,1,3,5,0,39,1,5,4,6,4,1,1,1,0.46047
204,2,1,3,5,0,40,5,5,4,6,8,1,1,1,1.0442
204,2,1,3,5,0,41,8,6,4,6,10,2,2,1,0.5212
204,2,1,3,5,0,42,6,6,4,6,8,1,1,1,0.98766
204,2,1,3,5,0,43,4,6,4,6,6,1,1,1,0.40698
204,2,1,3,5,0,44,6,6,4,6,8,1,1,1,0.91951
204,2,1,3,5,0,45,7,5,4,6,10,2,2,1,0.45629
204,2,1,3,5,0,46,2,6,4,6,4,1,1,1,0.6532
204,2,1,3,5,0,47,11,5,4,6,14,2,2,1,0.43077
204,2,1,3,5,0,48,11,5,4,6,14,2,2,1,0.37091
204,2,1,3,5,0,49,11,5,4,6,14,2,2,1,0.44752
204,2,1,3,5,0,50,9,5,4,6,12,2,2,1,0.51389
204,2,1,3,5,0,51,11,5,4,6,14,2,2,1,0.40811
204,2,1,3,5,0,52,4,6,4,6,6,1,1,1,0.43896
204,2,1,3,5,0,53,2,6,4,6,4,1,1,1,0.37226
204,2,1,3,5,0,54,12,6,4,6,14,2,2,1,0.3849
204,2,1,3,5,0,55,4,6,4,6,6,1,1,1,0.37458
204,2,1,3,5,0,56,5,5,4,6,8,1,1,1,0.59871
204,2,1,3,5,0,57,8,6,4,6,10,2,2,1,0.84098
204,2,1,3,5,0,58,8,6,4,6,10,2,2,1,0.35552
204,2,1,3,5,0,59,7,5,4,6,10,2,2,1,0.30223
204,2,1,3,5,0,60,12,6,4,6,14,2,2,1,0.27728
204,2,1,3,5,0,61,9,5,4,6,12,2,2,1,0.33356
204,2,1,3,5,0,62,12,6,4,6,14,2,2,1,0.43441
204,2,1,3,5,0,63,7,5,4,6,10,2,2,1,0.54659
204,2,1,3,5,0,64,9,5,4,6,12,2,2,1,0.37845
204,2,1,3,5,0,65,12,6,4,6,14,2,2,1,0.32308
204,2,1,3,5,0,66,10,6,4,6,12,2,2,1,0.48635
204,2,1,3,5,0,67,12,6,4,6,14,2,2,1,0.33942
204,2,1,3,5,0,68,9,5,4,6,12,2,2,1,0.34263
204,2,1,3,5,0,69,5,5,4,6,8,1,1,1,0.489
204,2,1,3,5,0,70,5,5,4,6,8,1,1,1,0.52652
204,2,1,3,5,0,71,2,6,4,6,4,1,1,1,0.42805
204,2,1,3,5,0,72,2,6,4,6,4,1,1,1,0.41381
204,2,1,3,5,0,73,1,5,4,6,4,1,1,1,0.46064
204,2,1,3,5,0,74,2,6,4,6,4,1,1,1,0.42603
204,2,1,3,5,0,75,3,5,4,6,6,1,1,1,0.37042
204,2,1,3,5,0,76,6,6,4,6,8,1,1,1,0.36055
204,2,1,3,5,0,77,3,5,4,6,6,1,1,1,0.31546
204,2,1,3,5,0,78,1,5,4,6,4,1,1,1,0.28435
204,2,1,3,5,0,79,6,6,4,6,8,1,1,1,0.27599
204,2,1,3,5,0,80,7,5,4,6,10,2,2,1,0.92201
204,2,1,3,5,0,81,3,5,4,6,6,1,1,1,0.50008
204,2,1,3,5,0,82,5,5,4,6,8,1,1,1,0.33505
204,2,1,3,5,0,83,1,5,4,6,4,1,1,1,0.3722
204,2,1,3,5,0,84,12,6,4,6,14,2,2,1,0.54106
204,2,1,3,5,0,85,5,5,4,6,8,1,1,1,0.57451
204,2,1,3,5,0,86,1,5,4,6,4,1,1,1,0.33801
204,2,1,3,5,0,87,10,6,4,6,12,2,2,1,0.40982
204,2,1,3,5,0,88,2,6,4,6,4,1,1,1,0.50231
204,2,1,3,5,0,89,9,5,4,6,12,2,2,1,0.36507
204,2,1,3,5,0,90,10,6,4,6,12,2,2,1,0.36252
204,2,1,3,5,0,91,3,5,4,6,6,1,1,1,0.41986
204,2,1,3,5,0,92,4,6,4,6,6,1,1,1,0.43229
204,2,1,3,5,0,93,11,5,4,6,14,2,2,1,0.4295
204,2,1,3,5,0,94,8,6,4,6,10,2,2,1,0.34887
204,2,1,3,5,0,95,3,5,4,6,6,1,1,1,0.45745
204,2,1,3,5,0,96,7,5,4,6,10,2,2,1,0.3858
204,2,1,3,5,0,97,8,6,4,6,10,2,2,1,0.42574
204,2,1,3,5,0,98,6,6,4,6,8,1,1,1,0.6678
204,2,1,3,5,0,99,4,6,4,6,6,1,1,1,0.38087
204,2,1,3,5,0,100,8,6,4,6,10,2,2,1,0.69402
204,2,1,3,5,0,101,8,6,4,6,10,2,2,1,0.50985
204,2,1,3,5,0,102,10,6,4,6,12,2,2,1,0.54101
204,2,1,3,5,0,103,7,5,4,6,10,2,2,1,0.89591
204,2,1,3,5,0,104,1,5,4,6,4,1,1,1,0.48865
204,2,1,3,5,0,105,1,5,4,6,4,1,1,1,0.55616
204,2,1,3,5,0,106,5,5,4,6,8,1,2,0,0.87168
204,2,1,3,5,0,107,9,5,4,6,12,2,2,1,0.50729
204,2,1,3,5,0,108,11,5,4,6,14,2,2,1,0.42462
204,2,1,3,5,0,109,4,6,4,6,6,1,1,1,0.37229
204,2,1,3,5,0,110,2,6,4,6,4,1,1,1,0.34597
204,2,1,3,5,0,111,1,5,4,6,4,1,1,1,0.38434
204,2,1,3,5,0,112,10,6,4,6,12,2,2,1,0.44873
204,2,1,3,5,0,113,6,6,4,6,8,1,1,1,0.86643
204,2,1,3,5,0,114,3,5,4,6,6,1,1,1,0.40968
204,2,1,3,5,0,115,9,5,4,6,12,2,2,1,0.42258
204,2,1,3,5,0,116,7,5,4,6,10,2,2,1,0.54462
204,2,1,3,5,0,117,7,5,4,6,10,2,2,1,0.37269
204,2,1,3,5,0,118,9,5,4,6,12,2,2,1,0.34629
204,2,1,3,5,0,119,5,5,4,6,8,1,1,1,0.47548
204,2,1,3,5,0,120,1,5,4,6,4,1,1,1,0.5133
204,2,1,3,6,0,1,9,5,4,6,12,2,2,1,0.64177
204,2,1,3,6,0,2,3,5,4,6,6,1,1,1,0.47014
204,2,1,3,6,0,3,6,6,4,6,8,1,1,1,0.33853
204,2,1,3,6,0,4,4,6,4,6,6,1,1,1,0.43186
204,2,1,3,6,0,5,7,5,4,6,10,2,2,1,0.47542
204,2,1,3,6,0,6,12,6,4,6,14,2,2,1,0.32916
204,2,1,3,6,0,7,7,5,4,6,10,2,2,1,0.29779
204,2,1,3,6,0,8,11,5,4,6,14,2,2,1,0.31279
204,2,1,3,6,0,9,10,6,4,6,12,2,2,1,0.3491
204,2,1,3,6,0,10,3,5,4,6,6,1,1,1,0.39993
204,2,1,3,6,0,11,5,5,4,6,8,1,1,1,0.42374
204,2,1,3,6,0,12,12,6,4,6,14,2,2,1,0.448
204,2,1,3,6,0,13,2,6,4,6,4,1,1,1,0.46045
204,2,1,3,6,0,14,8,6,4,6,10,2,2,1,0.39172
204,2,1,3,6,0,15,11,5,4,6,14,2,2,1,0.31157
204,2,1,3,6,0,16,10,6,4,6,12,2,2,1,0.29409
204,2,1,3,6,0,17,1,5,4,6,4,1,1,1,0.33788
204,2,1,3,6,0,18,2,6,4,6,4,1,1,1,0.3375
204,2,1,3,6,0,19,7,5,4,6,10,2,2,1,0.35488
204,2,1,3,6,0,20,11,5,4,6,14,2,2,1,0.32784
204,2,1,3,6,0,21,9,5,4,6,12,2,2,1,0.29895
204,2,1,3,6,0,22,4,6,4,6,6,1,1,1,0.51036
204,2,1,3,6,0,23,5,5,4,6,8,1,1,1,0.35833
204,2,1,3,6,0,24,4,6,4,6,6,1,1,1,0.35139
204,2,1,3,6,0,25,7,5,4,6,10,2,2,1,0.4377
204,2,1,3,6,0,26,11,5,4,6,14,2,2,1,0.33181
204,2,1,3,6,0,27,6,6,4,6,8,1,1,1,0.36219
204,2,1,3,6,0,28,9,5,4,6,12,2,2,1,0.34553
204,2,1,3,6,0,29,8,6,4,6,10,2,2,1,0.31598
204,2,1,3,6,0,30,5,5,4,6,8,1,1,1,0.37739
204,2,1,3,6,0,31,12,6,4,6,14,2,2,1,0.30913
204,2,1,3,6,0,32,11,5,4,6,14,2,2,1,0.28799
204,2,1,3,6,0,33,2,6,4,6,4,1,1,1,0.34432
204,2,1,3,6,0,34,2,6,4,6,4,1,1,1,0.35309
204,2,1,3,6,0,35,7,5,4,6,10,2,2,1,0.34219
204,2,1,3,6,0,36,5,5,4,6,8,1,1,1,0.70799
204,2,1,3,6,0,37,8,6,4,6,10,2,2,1,0.41717
204,2,1,3,6,0,38,1,5,4,6,4,1,1,1,0.36535
204,2,1,3,6,0,39,4,6,4,6,6,1,1,1,0.30901
204,2,1,3,6,0,40,11,5,4,6,14,2,2,1,0.37629
204,2,1,3,6,0,41,3,5,4,6,6,1,1,1,0.34682
204,2,1,3,6,0,42,8,6,4,6,10,2,2,1,0.34622
204,2,1,3,6,0,43,7,5,4,6,10,2,2,1,0.44802
204,2,1,3,6,0,44,9,5,4,6,12,2,2,1,0.3274
204,2,1,3,6,0,45,6,6,4,6,8,1,1,1,1.0689
204,2,1,3,6,0,46,8,6,4,6,10,2,2,1,0.50808
204,2,1,3,6,0,47,12,6,4,6,14,2,2,1,0.39893
204,2,1,3,6,0,48,1,5,4,6,4,1,1,1,0.61254
204,2,1,3,6,0,49,5,5,4,6,8,1,1,1,1.4409
204,2,1,3,6,0,50,1,5,4,6,4,1,1,1,0.33724
204,2,1,3,6,0,51,10,6,4,6,12,2,2,1,1.1046
204,2,1,3,6,0,52,10,6,4,6,12,2,2,1,0.43091
204,2,1,3,6,0,53,5,5,4,6,8,1,1,1,0.41317
204,2,1,3,6,0,54,8,6,4,6,10,2,2,1,0.70979
204,2,1,3,6,0,55,6,6,4,6,8,1,1,1,0.64461
204,2,1,3,6,0,56,12,6,4,6,14,2,2,1,0.33094
204,2,1,3,6,0,57,5,5,4,6,8,1,1,1,0.54368
204,2,1,3,6,0,58,9,5,4,6,12,2,2,1,0.41971
204,2,1,3,6,0,59,3,5,4,6,6,1,1,1,0.4716
204,2,1,3,6,0,60,2,6,4,6,4,1,1,1,1.2025
204,2,1,3,6,0,61,8,6,4,6,10,2,2,1,0.41837
204,2,1,3,6,0,62,12,6,4,6,14,2,2,1,0.34265
204,2,1,3,6,0,63,3,5,4,6,6,1,1,1,0.40159
204,2,1,3,6,0,64,9,5,4,6,12,2,2,1,0.3686
204,2,1,3,6,0,65,9,5,4,6,12,2,2,1,0.32598
204,2,1,3,6,0,66,2,6,4,6,4,1,1,1,0.40226
204,2,1,3,6,0,67,12,6,4,6,14,2,2,1,0.42664
204,2,1,3,6,0,68,2,6,4,6,4,1,1,1,0.33257
204,2,1,3,6,0,69,10,6,4,6,12,2,2,1,0.25957
204,2,1,3,6,0,70,4,6,4,6,6,1,1,1,0.48185
204,2,1,3,6,0,71,8,6,4,6,10,2,2,1,0.39724
204,2,1,3,6,0,72,4,6,4,6,6,1,1,1,0.3937
204,2,1,3,6,0,73,11,5,4,6,14,2,2,1,0.40204
204,2,1,3,6,0,74,6,6,4,6,8,1,1,1,0.45565
204,2,1,3,6,0,75,6,6,4,6,8,1,1,1,0.54069
204,2,1,3,6,0,76,1,5,4,6,4,1,1,1,0.44605
204,2,1,3,6,0,77,1,5,4,6,4,1,1,1,0.51352
204,2,1,3,6,0,78,10,6,4,6,12,2,2,1,0.43635
204,2,1,3,6,0,79,11,5,4,6,14,2,2,1,0.36633
204,2,1,3,6,0,80,10,6,4,6,12,2,2,1,0.3414
204,2,1,3,6,0,81,1,5,4,6,4,1,1,1,0.35989
204,2,1,3,6,0,82,1,5,4,6,4,1,1,1,0.31158
204,2,1,3,6,0,83,2,6,4,6,4,1,1,1,0.39062
204,2,1,3,6,0,84,8,6,4,6,10,2,2,1,0.42958
204,2,1,3,6,0,85,1,5,4,6,4,1,1,1,0.32248
204,2,1,3,6,0,86,1,5,4,6,4,1,1,1,0.35803
204,2,1,3,6,0,87,2,6,4,6,4,1,1,1,0.33691
204,2,1,3,6,0,88,3,5,4,6,6,1,1,1,0.33944
204,2,1,3,6,0,89,5,5,4,6,8,1,1,1,0.30393
204,2,1,3,6,0,90,12,6,4,6,14,2,2,1,0.55425
204,2,1,3,6,0,91,4,6,4,6,6,1,1,1,0.34135
204,2,1,3,6,0,92,10,6,4,6,12,2,2,1,0.56159
204,2,1,3,6,0,93,9,5,4,6,12,2,2,1,0.54551
204,2,1,3,6,0,94,9,5,4,6,12,2,2,1,0.30119
204,2,1,3,6,0,95,12,6,4,6,14,2,2,1,0.30524
204,2,1,3,6,0,96,7,5,4,6,10,2,2,1,0.58588
204,2,1,3,6,0,97,7,5,4,6,10,2,2,1,0.31906
204,2,1,3,6,0,98,2,6,4,6,4,1,1,1,0.41614
204,2,1,3,6,0,99,4,6,4,6,6,1,1,1,0.4277
204,2,1,3,6,0,100,4,6,4,6,6,1,1,1,0.31593
204,2,1,3,6,0,101,6,6,4,6,8,1,1,1,0.32558
204,2,1,3,6,0,102,5,5,4,6,8,1,1,1,0.76061
204,2,1,3,6,0,103,6,6,4,6,8,1,1,1,0.35695
204,2,1,3,6,0,104,11,5,4,6,14,2,2,1,0.49844
204,2,1,3,6,0,105,3,5,4,6,6,1,1,1,0.43876
204,2,1,3,6,0,106,3,5,4,6,6,1,1,1,0.34723
204,2,1,3,6,0,107,4,6,4,6,6,1,1,1,0.35304
204,2,1,3,6,0,108,8,6,4,6,10,2,2,1,0.94065
204,2,1,3,6,0,109,7,5,4,6,10,2,2,1,0.40116
204,2,1,3,6,0,110,3,5,4,6,6,1,1,1,0.70748
204,2,1,3,6,0,111,6,6,4,6,8,1,2,0,0.78481
204,2,1,3,6,0,112,9,5,4,6,12,2,2,1,0.54075
204,2,1,3,6,0,113,12,6,4,6,14,2,2,1,0.55268
204,2,1,3,6,0,114,6,6,4,6,8,1,1,1,0.87369
204,2,1,3,6,0,115,7,5,4,6,10,2,2,1,1.7133
204,2,1,3,6,0,116,5,5,4,6,8,1,1,1,1.2589
204,2,1,3,6,0,117,3,5,4,6,6,1,1,1,0.62489
204,2,1,3,6,0,118,10,6,4,6,12,2,2,1,0.4749
204,2,1,3,6,0,119,11,5,4,6,14,2,2,1,0.31686
204,2,1,3,6,0,120,10,6,4,6,12,2,2,1,0.37469
204,2,1,3,4,1,1,4,6,4,6,6,1,1,1,0.55047
204,2,1,3,4,1,2,2,6,4,6,4,1,1,1,0.49164
204,2,1,3,4,1,3,2,6,4,6,4,1,1,1,0.3533
204,2,1,3,4,1,4,2,6,4,6,4,1,1,1,0.34091
204,2,1,3,4,1,5,4,6,4,6,6,1,1,1,0.32728
204,2,1,3,4,1,6,4,6,4,6,6,1,1,1,0.32968
204,2,1,3,4,1,7,4,6,4,6,6,1,1,1,0.37328
204,2,1,3,4,1,8,11,5,4,6,14,2,2,1,0.37038
204,2,1,3,4,1,9,6,6,4,6,8,1,1,1,0.41114
204,2,1,3,4,1,10,7,5,4,6,10,2,2,1,0.57296
204,2,1,3,4,1,11,9,5,4,6,12,2,2,1,0.32967
204,2,1,3,4,1,12,6,6,4,6,8,1,1,1,0.50245
204,2,1,3,4,1,13,6,6,4,6,8,1,1,1,1.8041
204,2,1,3,4,1,14,9,5,4,6,12,2,2,1,0.48665
204,2,1,3,4,1,15,6,6,4,6,8,1,1,1,1.0815
204,2,1,3,4,1,16,9,5,4,6,12,2,2,1,0.41037
204,2,1,3,4,1,17,11,5,4,6,14,2,2,1,0.40388
204,2,1,3,4,1,18,11,5,4,6,14,2,2,1,0.48681
204,2,1,3,4,1,19,7,5,4,6,10,2,2,1,1.8911
204,2,1,3,4,1,20,7,5,4,6,10,2,2,1,0.3688
204,2,1,3,4,1,21,11,5,4,6,14,2,2,1,0.37209
204,2,1,3,4,1,22,2,6,4,6,4,1,1,1,0.43624
204,2,1,3,4,1,23,9,5,4,6,12,2,2,1,0.41724
204,2,1,3,4,1,24,7,5,4,6,10,2,2,1,0.43505
204,2,1,3,4,0,1,11,5,4,6,14,2,2,1,0.60863
204,2,1,3,4,0,2,7,5,4,6,10,2,2,1,0.75716
204,2,1,3,4,0,3,4,6,4,6,6,1,1,1,0.82505
204,2,1,3,4,0,4,2,6,4,6,4,1,1,1,0.5893
204,2,1,3,4,0,5,11,5,4,6,14,2,2,1,0.70615
204,2,1,3,4,0,6,2,6,4,6,4,1,1,1,0.36196
204,2,1,3,4,0,7,11,5,4,6,14,2,2,1,0.35457
204,2,1,3,4,0,8,2,6,4,6,4,1,1,1,0.44856
204,2,1,3,4,0,9,2,6,4,6,4,1,1,1,0.35677
204,2,1,3,4,0,10,4,6,4,6,6,1,1,1,0.44003
204,2,1,3,4,0,11,4,6,4,6,6,1,1,1,0.39392
204,2,1,3,4,0,12,6,6,4,6,8,1,1,1,0.78058
204,2,1,3,4,0,13,11,5,4,6,14,2,2,1,0.4269
204,2,1,3,4,0,14,7,5,4,6,10,2,2,1,0.4537
204,2,1,3,4,0,15,4,6,4,6,6,1,1,1,0.56899
204,2,1,3,4,0,16,6,6,4,6,8,1,1,1,0.3687
204,2,1,3,4,0,17,4,6,4,6,6,1,1,1,0.30118
204,2,1,3,4,0,18,4,6,4,6,6,1,1,1,0.32739
204,2,1,3,4,0,19,11,5,4,6,14,2,2,1,0.36624
204,2,1,3,4,0,20,4,6,4,6,6,1,1,1,0.39713
204,2,1,3,4,0,21,9,5,4,6,12,2,2,1,0.39909
204,2,1,3,4,0,22,9,5,4,6,12,2,2,1,0.32847
204,2,1,3,4,0,23,2,6,4,6,4,1,1,1,0.37183
204,2,1,3,4,0,24,2,6,4,6,4,1,1,1,0.36392
204,2,1,3,4,0,25,4,6,4,6,6,1,1,1,0.39948
204,2,1,3,4,0,26,7,5,4,6,10,2,2,1,0.36091
204,2,1,3,4,0,27,2,6,4,6,4,1,1,1,0.35656
204,2,1,3,4,0,28,2,6,4,6,4,1,1,1,0.37316
204,2,1,3,4,0,29,6,6,4,6,8,1,1,1,1.6345
204,2,1,3,4,0,30,7,5,4,6,10,2,2,1,0.39498
204,2,1,3,4,0,31,9,5,4,6,12,2,2,1,0.31042
204,2,1,3,4,0,32,9,5,4,6,12,2,2,1,0.37865
204,2,1,3,4,0,33,11,5,4,6,14,2,2,1,0.32351
204,2,1,3,4,0,34,6,6,4,6,8,1,1,1,0.68791
204,2,1,3,4,0,35,11,5,4,6,14,2,2,1,0.36172
204,2,1,3,4,0,36,11,5,4,6,14,2,2,1,0.31762
204,2,1,3,4,0,37,9,5,4,6,12,2,2,1,0.36098
204,2,1,3,4,0,38,9,5,4,6,12,2,2,1,0.30329
204,2,1,3,4,0,39,11,5,4,6,14,2,2,1,0.31592
204,2,1,3,4,0,40,7,5,4,6,10,2,2,1,0.87389
204,2,1,3,4,0,41,2,6,4,6,4,1,1,1,0.47333
204,2,1,3,4,0,42,11,5,4,6,14,2,2,1,0.53926
204,2,1,3,4,0,43,7,5,4,6,10,2,2,1,0.34455
204,2,1,3,4,0,44,4,6,4,6,6,1,1,1,0.54936
204,2,1,3,4,0,45,6,6,4,6,8,1,1,1,0.79984
204,2,1,3,4,0,46,7,5,4,6,10,2,2,1,0.43386
204,2,1,3,4,0,47,7,5,4,6,10,2,2,1,0.48697
204,2,1,3,4,0,48,6,6,4,6,8,1,1,1,0.44643
204,2,1,3,4,0,49,9,5,4,6,12,2,2,1,0.43884
204,2,1,3,4,0,50,6,6,4,6,8,1,1,1,0.6604
204,2,1,3,4,0,51,7,5,4,6,10,2,2,1,0.37662
204,2,1,3,4,0,52,2,6,4,6,4,1,1,1,0.57015
204,2,1,3,4,0,53,6,6,4,6,8,1,1,1,0.39025
204,2,1,3,4,0,54,11,5,4,6,14,2,2,1,0.41788
204,2,1,3,4,0,55,6,6,4,6,8,1,1,1,0.43171
204,2,1,3,4,0,56,9,5,4,6,12,2,2,1,0.35676
204,2,1,3,4,0,57,7,5,4,6,10,2,2,1,0.43501
204,2,1,3,4,0,58,11,5,4,6,14,2,2,1,0.30785
204,2,1,3,4,0,59,7,5,4,6,10,2,2,1,1.6512
204,2,1,3,4,0,60,9,5,4,6,12,2,2,1,0.37834
204,2,1,3,4,0,61,6,6,4,6,8,1,1,1,0.37574
204,2,1,3,4,0,62,2,6,4,6,4,1,1,1,0.50593
204,2,1,3,4,0,63,11,5,4,6,14,2,2,1,0.49545
204,2,1,3,4,0,64,2,6,4,6,4,1,1,1,0.37362
204,2,1,3,4,0,65,9,5,4,6,12,2,2,1,0.34631
204,2,1,3,4,0,66,2,6,4,6,4,1,1,1,0.32705
204,2,1,3,4,0,67,2,6,4,6,4,1,1,1,0.36791
204,2,1,3,4,0,68,7,5,4,6,10,2,2,1,0.74029
204,2,1,3,4,0,69,6,6,4,6,8,1,1,1,0.4271
204,2,1,3,4,0,70,2,6,4,6,4,1,1,1,0.39057
204,2,1,3,4,0,71,6,6,4,6,8,1,1,1,0.764
204,2,1,3,4,0,72,7,5,4,6,10,2,2,1,0.47564
204,2,1,3,4,0,73,9,5,4,6,12,2,2,1,0.35638
204,2,1,3,4,0,74,2,6,4,6,4,1,1,1,0.31807
204,2,1,3,4,0,75,4,6,4,6,6,1,1,1,0.45116
204,2,1,3,4,0,76,7,5,4,6,10,2,2,1,0.417
204,2,1,3,4,0,77,4,6,4,6,6,1,1,1,0.36639
204,2,1,3,4,0,78,6,6,4,6,8,1,2,0,0.50993
204,2,1,3,4,0,79,9,5,4,6,12,2,2,1,0.48692
204,2,1,3,4,0,80,6,6,4,6,8,1,1,1,1.0332
204,2,1,3,4,0,81,2,6,4,6,4,1,1,1,0.54647
204,2,1,3,4,0,82,6,6,4,6,8,1,1,1,0.89327
204,2,1,3,4,0,83,7,5,4,6,10,2,2,1,0.43342
204,2,1,3,4,0,84,7,5,4,6,10,2,2,1,0.51742
204,2,1,3,4,0,85,7,5,4,6,10,2,2,1,0.40735
204,2,1,3,4,0,86,9,5,4,6,12,2,2,1,0.39113
204,2,1,3,4,0,87,4,6,4,6,6,1,1,1,0.66122
204,2,1,3,4,0,88,6,6,4,6,8,1,1,1,0.91648
204,2,1,3,4,0,89,4,6,4,6,6,1,1,1,0.4506
204,2,1,3,4,0,90,7,5,4,6,10,2,2,1,0.52546
204,2,1,3,4,0,91,4,6,4,6,6,1,1,1,0.46272
204,2,1,3,4,0,92,4,6,4,6,6,1,1,1,0.55222
204,2,1,3,4,0,93,9,5,4,6,12,2,2,1,0.56425
204,2,1,3,4,0,94,4,6,4,6,6,1,1,1,0.48725
204,2,1,3,4,0,95,11,5,4,6,14,2,2,1,0.38779
204,2,1,3,4,0,96,11,5,4,6,14,2,2,1,0.33305
204,2,1,3,4,0,97,7,5,4,6,10,2,2,1,0.43904
204,2,1,3,4,0,98,9,5,4,6,12,2,2,1,1.7716
204,2,1,3,4,0,99,9,5,4,6,12,2,2,1,0.35522
204,2,1,3,4,0,100,9,5,4,6,12,2,2,1,0.30821
204,2,1,3,4,0,101,4,6,4,6,6,1,1,1,0.76116
204,2,1,3,4,0,102,9,5,4,6,12,2,2,1,0.66448
204,2,1,3,4,0,103,6,6,4,6,8,1,1,1,1.4219
204,2,1,3,4,0,104,2,6,4,6,4,1,1,1,0.38261
204,2,1,3,4,0,105,4,6,4,6,6,1,1,1,0.70428
204,2,1,3,4,0,106,11,5,4,6,14,2,2,1,0.47899
204,2,1,3,4,0,107,2,6,4,6,4,1,1,1,0.42166
204,2,1,3,4,0,108,11,5,4,6,14,2,2,1,0.32749
204,2,1,3,4,0,109,6,6,4,6,8,1,1,1,0.46033
204,2,1,3,4,0,110,11,5,4,6,14,2,2,1,0.3015
204,2,1,3,4,0,111,11,5,4,6,14,2,2,1,0.32568
204,2,1,3,4,0,112,4,6,4,6,6,1,1,1,0.51302
204,2,1,3,4,0,113,6,6,4,6,8,1,1,1,0.49658
204,2,1,3,4,0,114,6,6,4,6,8,1,1,1,0.53566
204,2,1,3,4,0,115,7,5,4,6,10,2,2,1,0.55576
204,2,1,3,4,0,116,11,5,4,6,14,2,2,1,0.46979
204,2,1,3,4,0,117,4,6,4,6,6,1,1,1,0.44
204,2,1,3,4,0,118,9,5,4,6,12,2,2,1,0.36289
204,2,1,3,4,0,119,9,5,4,6,12,2,2,1,0.47351
204,2,1,3,4,0,120,2,6,4,6,4,1,1,1,0.54143
204,2,1,3,3,1,1,1,5,4,6,4,1,1,1,0.63022
204,2,1,3,3,1,2,12,6,4,6,14,2,2,1,0.40511
204,2,1,3,3,1,3,12,6,4,6,14,2,2,1,0.31157
204,2,1,3,3,1,4,1,5,4,6,4,1,1,1,0.34691
204,2,1,3,3,1,5,1,5,4,6,4,1,1,1,0.5497
204,2,1,3,3,1,6,5,5,4,6,8,1,1,1,0.46076
204,2,1,3,3,1,7,12,6,4,6,14,2,2,1,0.37437
204,2,1,3,3,1,8,3,5,4,6,6,1,1,1,0.42064
204,2,1,3,3,1,9,10,6,4,6,12,2,2,1,0.37011
204,2,1,3,3,1,10,8,6,4,6,10,2,2,1,0.31
204,2,1,3,3,1,11,5,5,4,6,8,1,2,0,0.27321
204,2,1,3,3,1,12,8,6,4,6,10,2,2,1,0.53483
204,2,1,3,3,1,13,1,5,4,6,4,1,1,1,0.34692
204,2,1,3,3,1,14,10,6,4,6,12,2,2,1,0.53819
204,2,1,3,3,1,15,5,5,4,6,8,1,1,1,1.0463
204,2,1,3,3,1,16,3,5,4,6,6,1,1,1,0.4565
204,2,1,3,3,1,17,3,5,4,6,6,1,1,1,0.33902
204,2,1,3,3,1,18,12,6,4,6,14,2,2,1,0.37638
204,2,1,3,3,1,19,10,6,4,6,12,2,2,1,0.31008
204,2,1,3,3,1,20,3,5,4,6,6,1,1,1,0.3455
204,2,1,3,3,1,21,8,6,4,6,10,2,2,1,0.47743
204,2,1,3,3,1,22,8,6,4,6,10,2,2,1,0.35646
204,2,1,3,3,1,23,5,5,4,6,8,1,1,1,0.90032
204,2,1,3,3,1,24,10,6,4,6,12,2,2,1,0.45924
204,2,1,3,3,0,1,3,5,4,6,6,1,1,1,0.68983
204,2,1,3,3,0,2,3,5,4,6,6,1,1,1,0.31455
204,2,1,3,3,0,3,1,5,4,6,4,1,1,1,0.46593
204,2,1,3,3,0,4,5,5,4,6,8,1,1,1,0.3394
204,2,1,3,3,0,5,8,6,4,6,10,2,2,1,0.4316
204,2,1,3,3,0,6,8,6,4,6,10,2,2,1,0.30727
204,2,1,3,3,0,7,10,6,4,6,12,2,2,1,0.32701
204,2,1,3,3,0,8,12,6,4,6,14,2,2,1,0.32893
204,2,1,3,3,0,9,1,5,4,6,4,1,1,1,0.41242
204,2,1,3,3,0,10,5,5,4,6,8,1,1,1,0.72718
204,2,1,3,3,0,11,1,5,4,6,4,1,1,1,0.36219
204,2,1,3,3,0,12,10,6,4,6,12,2,2,1,0.57336
204,2,1,3,3,0,13,12,6,4,6,14,2,2,1,0.33313
204,2,1,3,3,0,14,1,5,4,6,4,1,1,1,0.33056
204,2,1,3,3,0,15,1,5,4,6,4,1,1,1,0.40051
204,2,1,3,3,0,16,3,5,4,6,6,1,1,1,0.70075
204,2,1,3,3,0,17,10,6,4,6,12,2,2,1,0.40497
204,2,1,3,3,0,18,12,6,4,6,14,2,2,1,0.35802
204,2,1,3,3,0,19,5,5,4,6,8,1,1,1,0.52051
204,2,1,3,3,0,20,10,6,4,6,12,2,2,1,0.37385
204,2,1,3,3,0,21,8,6,4,6,10,2,2,1,0.3385
204,2,1,3,3,0,22,5,5,4,6,8,1,1,1,0.41647
204,2,1,3,3,0,23,1,5,4,6,4,1,1,1,0.35373
204,2,1,3,3,0,24,1,5,4,6,4,1,1,1,0.32174
204,2,1,3,3,0,25,1,5,4,6,4,1,1,1,0.52917
204,2,1,3,3,0,26,5,5,4,6,8,1,1,1,0.35256
204,2,1,3,3,0,27,12,6,4,6,14,2,2,1,0.35816
204,2,1,3,3,0,28,3,5,4,6,6,1,1,1,0.31383
204,2,1,3,3,0,29,3,5,4,6,6,1,1,1,0.37376
204,2,1,3,3,0,30,1,5,4,6,4,1,1,1,0.38095
204,2,1,3,3,0,31,1,5,4,6,4,1,1,1,0.3174
204,2,1,3,3,0,32,3,5,4,6,6,1,1,1,0.32721
204,2,1,3,3,0,33,5,5,4,6,8,1,1,1,0.39942
204,2,1,3,3,0,34,8,6,4,6,10,2,2,1,0.42424
204,2,1,3,3,0,35,8,6,4,6,10,2,2,1,0.36383
204,2,1,3,3,0,36,10,6,4,6,12,2,2,1,0.63112
204,2,1,3,3,0,37,3,5,4,6,6,1,1,1,0.4091
204,2,1,3,3,0,38,12,6,4,6,14,2,2,1,0.4194
204,2,1,3,3,0,39,10,6,4,6,12,2,2,1,0.34218
204,2,1,3,3,0,40,8,6,4,6,10,2,2,1,0.76365
204,2,1,3,3,0,41,8,6,4,6,10,2,2,1,0.31544
204,2,1,3,3,0,42,3,5,4,6,6,1,1,1,0.64345
204,2,1,3,3,0,43,3,5,4,6,6,1,1,1,0.54798
204,2,1,3,3,0,44,5,5,4,6,8,1,1,1,1.817
204,2,1,3,3,0,45,12,6,4,6,14,2,2,1,0.42296
204,2,1,3,3,0,46,3,5,4,6,6,1,1,1,0.54139
204,2,1,3,3,0,47,5,5,4,6,8,1,1,1,0.89699
204,2,1,3,3,0,48,1,5,4,6,4,1,1,1,0.46245
204,2,1,3,3,0,49,10,6,4,6,12,2,2,1,0.43089
204,2,1,3,3,0,50,10,6,4,6,12,2,2,1,0.52324
204,2,1,3,3,0,51,12,6,4,6,14,2,2,1,1.4903
204,2,1,3,3,0,52,3,5,4,6,6,1,1,1,1.2452
204,2,1,3,3,0,53,5,5,4,6,8,1,1,1,0.45679
204,2,1,3,3,0,54,10,6,4,6,12,2,2,1,0.45463
204,2,1,3,3,0,55,8,6,4,6,10,2,2,1,0.36632
204,2,1,3,3,0,56,1,5,4,6,4,1,1,1,0.42504
204,2,1,3,3,0,57,8,6,4,6,10,2,2,1,0.43301
204,2,1,3,3,0,58,3,5,4,6,6,1,1,1,0.43795
204,2,1,3,3,0,59,5,5,4,6,8,1,2,0,2.6314
204,2,1,3,3,0,60,1,5,4,6,4,1,1,1,0.56337
204,2,1,3,3,0,61,12,6,4,6,14,2,2,1,0.34777
204,2,1,3,3,0,62,10,6,4,6,12,2,2,1,0.32057
204,2,1,3,3,0,63,5,5,4,6,8,1,1,1,1.2501
204,2,1,3,3,0,64,3,5,4,6,6,1,1,1,0.34748
204,2,1,3,3,0,65,12,6,4,6,14,2,2,1,0.46444
204,2,1,3,3,0,66,8,6,4,6,10,2,2,1,0.40941
204,2,1,3,3,0,67,12,6,4,6,14,2,2,1,0.30283
204,2,1,3,3,0,68,12,6,4,6,14,2,2,1,0.28863
204,2,1,3,3,0,69,10,6,4,6,12,2,2,1,0.28016
204,2,1,3,3,0,70,10,6,4,6,12,2,2,1,0.26943
204,2,1,3,3,0,71,10,6,4,6,12,2,2,1,0.25876
204,2,1,3,3,0,72,12,6,4,6,14,2,2,1,0.2439
204,2,1,3,3,0,73,12,6,4,6,14,2,2,1,0.23848
204,2,1,3,3,0,74,3,5,4,6,6,1,1,1,1.0679
204,2,1,3,3,0,75,1,5,4,6,4,1,1,1,0.78197
204,2,1,3,3,0,76,5,5,4,6,8,1,1,1,1.5482
204,2,1,3,3,0,77,1,5,4,6,4,1,1,1,0.41471
204,2,1,3,3,0,78,12,6,4,6,14,2,2,1,0.34812
204,2,1,3,3,0,79,8,6,4,6,10,2,2,1,0.3631
204,2,1,3,3,0,80,10,6,4,6,12,2,2,1,0.43777
204,2,1,3,3,0,81,5,5,4,6,8,1,1,1,0.44577
204,2,1,3,3,0,82,10,6,4,6,12,2,2,1,0.40002
204,2,1,3,3,0,83,1,5,4,6,4,1,1,1,0.51531
204,2,1,3,3,0,84,5,5,4,6,8,1,1,1,0.94012
204,2,1,3,3,0,85,3,5,4,6,6,1,1,1,0.32649
204,2,1,3,3,0,86,10,6,4,6,12,2,2,1,0.43545
204,2,1,3,3,0,87,8,6,4,6,10,2,2,1,0.37247
204,2,1,3,3,0,88,8,6,4,6,10,2,2,1,0.29413
204,2,1,3,3,0,89,8,6,4,6,10,2,2,1,0.32319
204,2,1,3,3,0,90,5,5,4,6,8,1,2,0,0.27783
204,2,1,3,3,0,91,10,6,4,6,12,2,2,1,0.86852
204,2,1,3,3,0,92,1,5,4,6,4,1,1,1,0.42973
204,2,1,3,3,0,93,1,5,4,6,4,1,1,1,0.31551
204,2,1,3,3,0,94,8,6,4,6,10,2,2,1,0.41499
204,2,1,3,3,0,95,12,6,4,6,14,2,2,1,0.46331
204,2,1,3,3,0,96,10,6,4,6,12,2,2,1,0.32132
204,2,1,3,3,0,97,3,5,4,6,6,1,1,1,0.34489
204,2,1,3,3,0,98,12,6,4,6,14,2,2,1,0.44205
204,2,1,3,3,0,99,1,5,4,6,4,1,1,1,0.35013
204,2,1,3,3,0,100,3,5,4,6,6,1,1,1,0.34019
204,2,1,3,3,0,101,5,5,4,6,8,1,1,1,0.70354
204,2,1,3,3,0,102,8,6,4,6,10,2,2,1,0.39514
204,2,1,3,3,0,103,5,5,4,6,8,1,1,1,0.955
204,2,1,3,3,0,104,8,6,4,6,10,2,2,1,0.40767
204,2,1,3,3,0,105,12,6,4,6,14,2,2,1,0.37263
204,2,1,3,3,0,106,12,6,4,6,14,2,2,1,0.32297
204,2,1,3,3,0,107,8,6,4,6,10,2,2,1,0.34045
204,2,1,3,3,0,108,10,6,4,6,12,2,2,1,0.32667
204,2,1,3,3,0,109,10,6,4,6,12,2,2,1,0.31633
204,2,1,3,3,0,110,5,5,4,6,8,1,1,1,1.0091
204,2,1,3,3,0,111,5,5,4,6,8,1,1,1,0.4142
204,2,1,3,3,0,112,3,5,4,6,6,1,1,1,0.30657
204,2,1,3,3,0,113,12,6,4,6,14,2,2,1,0.4449
204,2,1,3,3,0,114,8,6,4,6,10,2,2,1,0.36499
204,2,1,3,3,0,115,1,5,4,6,4,1,1,1,0.3798
204,2,1,3,3,0,116,8,6,4,6,10,2,2,1,0.42009
204,2,1,3,3,0,117,12,6,4,6,14,2,2,1,0.35441
204,2,1,3,3,0,118,3,5,4,6,6,1,1,1,0.45584
204,2,1,3,3,0,119,5,5,4,6,8,1,1,1,0.92186
204,2,1,3,3,0,120,3,5,4,6,6,1,1,1,0.36365
