202,2,0,2,2,1,1,8,6,10,6,4,2,2,1,0.83136
202,2,0,2,2,1,2,2,6,4,6,4,1,1,1,0.48505
202,2,0,2,2,1,3,6,6,8,6,4,1,2,0,0.46318
202,2,0,2,2,1,4,12,6,14,6,4,2,2,1,0.42353
202,2,0,2,2,1,5,6,6,8,6,4,1,1,1,0.49647
202,2,0,2,2,1,6,4,6,6,6,4,1,1,1,0.53359
202,2,0,2,2,1,7,10,6,12,6,4,2,2,1,0.69892
202,2,0,2,2,1,8,10,6,12,6,4,2,2,1,0.37232
202,2,0,2,2,1,9,12,6,14,6,4,2,2,1,0.31859
202,2,0,2,2,1,10,2,6,4,6,4,1,1,1,0.39043
202,2,0,2,2,1,11,12,6,14,6,4,2,2,1,0.4173
202,2,0,2,2,1,12,2,6,4,6,4,1,1,1,0.50246
202,2,0,2,2,1,13,4,6,6,6,4,1,2,0,0.42504
202,2,0,2,2,1,14,4,6,6,6,4,1,1,1,0.52252
202,2,0,2,2,1,15,10,6,12,6,4,2,2,1,0.61571
202,2,0,2,2,1,16,8,6,10,6,4,2,2,1,0.47502
202,2,0,2,2,1,17,4,6,6,6,4,1,1,1,0.39991
202,2,0,2,2,1,18,8,6,10,6,4,2,2,1,0.41472
202,2,0,2,2,1,19,10,6,12,6,4,2,1,0,0.33573
202,2,0,2,2,1,20,2,6,4,6,4,1,1,1,0.41283
202,2,0,2,2,1,21,12,6,14,6,4,2,2,1,0.34452
202,2,0,2,2,1,22,6,6,8,6,4,1,1,1,0.78947
202,2,0,2,2,1,23,8,6,10,6,4,2,2,1,0.57443
202,2,0,2,2,1,24,6,6,8,6,4,1,1,1,0.44207
202,2,0,2,2,0,1,8,6,10,6,4,2,2,1,0.52883
202,2,0,2,2,0,2,6,6,8,6,4,1,1,1,0.80571
202,2,0,2,2,0,3,12,6,14,6,4,2,2,1,0.36317
202,2,0,2,2,0,4,10,6,12,6,4,2,2,1,0.38232
202,2,0,2,2,0,5,12,6,14,6,4,2,2,1,0.33847
202,2,0,2,2,0,6,10,6,12,6,4,2,2,1,0.43875
202,2,0,2,2,0,7,4,6,6,6,4,1,1,1,1.3639
202,2,0,2,2,0,8,8,6,10,6,4,2,2,1,0.61191
202,2,0,2,2,0,9,12,6,14,6,4,2,2,1,0.48963
202,2,0,2,2,0,10,12,6,14,6,4,2,2,1,0.39572
202,2,0,2,2,0,11,10,6,12,6,4,2,2,1,0.38661
202,2,0,2,2,0,12,12,6,14,6,4,2,2,1,0.41304
202,2,0,2,2,0,13,12,6,14,6,4,2,2,1,0.41645
202,2,0,2,2,0,14,10,6,12,6,4,2,2,1,0.38717
202,2,0,2,2,0,15,12,6,14,6,4,2,2,1,0.43128
202,2,0,2,2,0,16,6,6,8,6,4,1,1,1,0.63618
202,2,0,2,2,0,17,8,6,10,6,4,2,1,0,0.60735
202,2,0,2,2,0,18,4,6,6,6,4,1,1,1,0.60115
202,2,0,2,2,0,19,12,6,14,6,4,2,2,1,0.601
202,2,0,2,2,0,20,6,6,8,6,4,1,1,1,0.56966
202,2,0,2,2,0,21,4,6,6,6,4,1,1,1,0.566
202,2,0,2,2,0,22,10,6,12,6,4,2,2,1,0.57949
202,2,0,2,2,0,23,8,6,10,6,4,2,2,1,1.1229
202,2,0,2,2,0,24,2,6,4,6,4,1,1,1,0.5023
202,2,0,2,2,0,25,6,6,8,6,4,1,1,1,0.54171
202,2,0,2,2,0,26,4,6,6,6,4,1,1,1,0.52093
202,2,0,2,2,0,27,4,6,6,6,4,1,1,1,0.47532
202,2,0,2,2,0,28,2,6,4,6,4,1,1,1,0.44398
202,2,0,2,2,0,29,12,6,14,6,4,2,2,1,0.61138
202,2,0,2,2,0,30,8,6,10,6,4,2,2,1,0.55972
202,2,0,2,2,0,31,6,6,8,6,4,1,1,1,0.47588
202,2,0,2,2,0,32,2,6,4,6,4,1,1,1,0.69584
202,2,0,2,2,0,33,10,6,12,6,4,2,2,1,0.61313
202,2,0,2,2,0,34,10,6,12,6,4,2,2,1,0.48696
202,2,0,2,2,0,35,6,6,8,6,4,1,2,0,0.65444
202,2,0,2,2,0,36,4,6,6,6,4,1,1,1,0.76094
202,2,0,2,2,0,37,8,6,10,6,4,2,2,1,0.68572
202,2,0,2,2,0,38,2,6,4,6,4,1,1,1,0.96623
202,2,0,2,2,0,39,8,6,10,6,4,2,2,1,0.63126
202,2,0,2,2,0,40,2,6,4,6,4,1,1,1,0.57315
202,2,0,2,2,0,41,10,6,12,6,4,2,2,1,0.57102
202,2,0,2,2,0,42,6,6,8,6,4,1,1,1,0.62571
202,2,0,2,2,0,43,4,6,6,6,4,1,1,1,0.49829
202,2,0,2,2,0,44,2,6,4,6,4,1,1,1,0.50842
202,2,0,2,2,0,45,8,6,10,6,4,2,2,1,0.60266
202,2,0,2,2,0,46,6,6,8,6,4,1,1,1,0.64471
202,2,0,2,2,0,47,6,6,8,6,4,1,1,1,0.55163
202,2,0,2,2,0,48,8,6,10,6,4,2,2,1,0.6316
202,2,0,2,2,0,49,10,6,12,6,4,2,2,1,0.67237
202,2,0,2,2,0,50,4,6,6,6,4,1,1,1,0.59341
202,2,0,2,2,0,51,2,6,4,6,4,1,1,1,0.46152
202,2,0,2,2,0,52,2,6,4,6,4,1,1,1,0.45225
202,2,0,2,2,0,53,2,6,4,6,4,1,1,1,0.44482
202,2,0,2,2,0,54,12,6,14,6,4,2,2,1,0.5387
202,2,0,2,2,0,55,4,6,6,6,4,1,1,1,0.55301
202,2,0,2,2,0,56,2,6,4,6,4,1,1,1,0.63691
202,2,0,2,2,0,57,6,6,8,6,4,1,1,1,0.75533
202,2,0,2,2,0,58,2,6,4,6,4,1,1,1,0.48403
202,2,0,2,2,0,59,2,6,4,6,4,1,1,1,0.54521
202,2,0,2,2,0,60,6,6,8,6,4,1,1,1,1.543
202,2,0,2,2,0,61,2,6,4,6,4,1,1,1,0.52765
202,2,0,2,2,0,62,8,6,10,6,4,2,2,1,0.75406
202,2,0,2,2,0,63,10,6,12,6,4,2,2,1,0.51557
202,2,0,2,2,0,64,4,6,6,6,4,1,1,1,0.55664
202,2,0,2,2,0,65,12,6,14,6,4,2,1,0,0.56911
202,2,0,2,2,0,66,8,6,10,6,4,2,2,1,1.2387
202,2,0,2,2,0,67,12,6,14,6,4,2,2,1,0.49253
202,2,0,2,2,0,68,8,6,10,6,4,2,2,1,0.51394
202,2,0,2,2,0,69,8,6,10,6,4,2,2,1,0.60112
202,2,0,2,2,0,70,4,6,6,6,4,1,1,1,0.47191
202,2,0,2,2,0,71,10,6,12,6,4,2,2,1,0.57028
202,2,0,2,2,0,72,4,6,6,6,4,1,1,1,0.50321
202,2,0,2,2,0,73,6,6,8,6,4,1,1,1,0.63557
202,2,0,2,2,0,74,8,6,10,6,4,2,2,1,0.86177
202,2,0,2,2,0,75,4,6,6,6,4,1,1,1,0.4758
202,2,0,2,2,0,76,10,6,12,6,4,2,2,1,0.55647
202,2,0,2,2,0,77,8,6,10,6,4,2,2,1,0.48332
202,2,0,2,2,0,78,2,6,4,6,4,1,1,1,0.69094
202,2,0,2,2,0,79,10,6,12,6,4,2,2,1,0.64195
202,2,0,2,2,0,80,12,6,14,6,4,2,2,1,0.42447
202,2,0,2,2,0,81,6,6,8,6,4,1,1,1,0.58665
202,2,0,2,2,0,82,6,6,8,6,4,1,1,1,0.60272
202,2,0,2,2,0,83,10,6,12,6,4,2,2,1,0.45933
202,2,0,2,2,0,84,2,6,4,6,4,1,1,1,0.43548
202,2,0,2,2,0,85,2,6,4,6,4,1,1,1,0.42939
202,2,0,2,2,0,86,10,6,12,6,4,2,2,1,0.63274
202,2,0,2,2,0,87,6,6,8,6,4,1,1,1,1.1318
202,2,0,2,2,0,88,8,6,10,6,4,2,2,1,0.56939
202,2,0,2,2,0,89,10,6,12,6,4,2,2,1,0.73321
202,2,0,2,2,0,90,2,6,4,6,4,1,1,1,0.45796
202,2,0,2,2,0,91,4,6,6,6,4,1,1,1,0.5908
202,2,0,2,2,0,92,8,6,10,6,4,2,2,1,0.57426
202,2,0,2,2,0,93,12,6,14,6,4,2,2,1,0.41738
202,2,0,2,2,0,94,6,6,8,6,4,1,1,1,0.67935
202,2,0,2,2,0,95,6,6,8,6,4,1,1,1,0.75709
202,2,0,2,2,0,96,8,6,10,6,4,2,2,1,0.68256
202,2,0,2,2,0,97,4,6,6,6,4,1,1,1,0.57896
202,2,0,2,2,0,98,4,6,6,6,4,1,1,1,0.54685
202,2,0,2,2,0,99,2,6,4,6,4,1,1,1,0.4351
202,2,0,2,2,0,100,8,6,10,6,4,2,2,1,0.63206
202,2,0,2,2,0,101,12,6,14,6,4,2,2,1,0.61864
202,2,0,2,2,0,102,12,6,14,6,4,2,2,1,0.52665
202,2,0,2,2,0,103,10,6,12,6,4,2,2,1,0.45399
202,2,0,2,2,0,104,12,6,14,6,4,2,2,1,0.51143
202,2,0,2,2,0,105,12,6,14,6,4,2,2,1,0.44293
202,2,0,2,2,0,106,10,6,12,6,4,2,2,1,0.52659
202,2,0,2,2,0,107,2,6,4,6,4,1,1,1,0.53541
202,2,0,2,2,0,108,4,6,6,6,4,1,1,1,0.38627
202,2,0,2,2,0,109,4,6,6,6,4,1,1,1,0.39148
202,2,0,2,2,0,110,4,6,6,6,4,1,1,1,0.39507
202,2,0,2,2,0,111,6,6,8,6,4,1,1,1,0.46953
202,2,0,2,2,0,112,8,6,10,6,4,2,2,1,0.4516
202,2,0,2,2,0,113,6,6,8,6,4,1,2,0,0.52973
202,2,0,2,2,0,114,10,6,12,6,4,2,2,1,0.41356
202,2,0,2,2,0,115,2,6,4,6,4,1,1,1,0.44676
202,2,0,2,2,0,116,10,6,12,6,4,2,2,1,0.79142
202,2,0,2,2,0,117,4,6,6,6,4,1,1,1,0.70727
202,2,0,2,2,0,118,12,6,14,6,4,2,2,1,0.52786
202,2,0,2,2,0,119,12,6,14,6,4,2,2,1,0.46289
202,2,0,2,2,0,120,6,6,8,6,4,1,1,1,0.49015
202,2,0,2,1,1,1,9,6,12,5,4,2,2,1,0.46016
202,2,0,2,1,1,2,9,6,12,5,4,2,2,1,0.44206
202,2,0,2,1,1,3,11,6,14,5,4,2,2,1,0.38625
202,2,0,2,1,1,4,1,6,4,5,4,1,1,1,0.45753
202,2,0,2,1,1,5,9,6,12,5,4,2,2,1,0.4765
202,2,0,2,1,1,6,5,6,8,5,4,1,1,1,0.59229
202,2,0,2,1,1,7,5,6,8,5,4,1,1,1,0.655
202,2,0,2,1,1,8,1,6,4,5,4,1,1,1,0.46761
202,2,0,2,1,1,9,3,6,6,5,4,1,1,1,0.50732
202,2,0,2,1,1,10,1,6,4,5,4,1,1,1,0.47322
202,2,0,2,1,1,11,7,6,10,5,4,2,2,1,0.4999
202,2,0,2,1,1,12,11,6,14,5,4,2,2,1,0.49474
202,2,0,2,1,1,13,9,6,12,5,4,2,2,1,0.49471
202,2,0,2,1,1,14,3,6,6,5,4,1,1,1,0.56337
202,2,0,2,1,1,15,11,6,14,5,4,2,2,1,0.5261
202,2,0,2,1,1,16,5,6,8,5,4,1,1,1,1.0204
202,2,0,2,1,1,17,7,6,10,5,4,2,2,1,0.61409
202,2,0,2,1,1,18,3,6,6,5,4,1,1,1,0.63569
202,2,0,2,1,1,19,11,6,14,5,4,2,2,1,0.53296
202,2,0,2,1,1,20,3,6,6,5,4,1,1,1,0.54509
202,2,0,2,1,1,21,7,6,10,5,4,2,2,1,0.69254
202,2,0,2,1,1,22,7,6,10,5,4,2,2,1,0.52406
202,2,0,2,1,1,23,1,6,4,5,4,1,1,1,0.51309
202,2,0,2,1,1,24,5,6,8,5,4,1,1,1,0.77909
202,2,0,2,1,0,1,11,6,14,5,4,2,2,1,0.51181
202,2,0,2,1,0,2,1,6,4,5,4,1,1,1,0.42625
202,2,0,2,1,0,3,9,6,12,5,4,2,2,1,0.50916
202,2,0,2,1,0,4,5,6,8,5,4,1,1,1,0.67818
202,2,0,2,1,0,5,3,6,6,5,4,1,1,1,0.44593
202,2,0,2,1,0,6,5,6,8,5,4,1,1,1,0.46733
202,2,0,2,1,0,7,3,6,6,5,4,1,1,1,0.48805
202,2,0,2,1,0,8,11,6,14,5,4,2,2,1,0.38558
202,2,0,2,1,0,9,11,6,14,5,4,2,2,1,0.29827
202,2,0,2,1,0,10,1,6,4,5,4,1,1,1,0.44288
202,2,0,2,1,0,11,1,6,4,5,4,1,1,1,0.40026
202,2,0,2,1,0,12,5,6,8,5,4,1,1,1,0.65095
202,2,0,2,1,0,13,5,6,8,5,4,1,1,1,0.39105
202,2,0,2,1,0,14,7,6,10,5,4,2,2,1,1.7504
202,2,0,2,1,0,15,7,6,10,5,4,2,2,1,0.44912
202,2,0,2,1,0,16,3,6,6,5,4,1,1,1,0.52207
202,2,0,2,1,0,17,3,6,6,5,4,1,1,1,0.59445
202,2,0,2,1,0,18,9,6,12,5,4,2,2,1,0.44287
202,2,0,2,1,0,19,9,6,12,5,4,2,2,1,0.38552
202,2,0,2,1,0,20,11,6,14,5,4,2,2,1,0.39303
202,2,0,2,1,0,21,9,6,12,5,4,2,2,1,0.32592
202,2,0,2,1,0,22,7,6,10,5,4,2,2,1,0.42369
202,2,0,2,1,0,23,3,6,6,5,4,1,1,1,0.38748
202,2,0,2,1,0,24,7,6,10,5,4,2,2,1,0.54973
202,2,0,2,1,0,25,1,6,4,5,4,1,1,1,0.35989
202,2,0,2,1,0,26,7,6,10,5,4,2,2,1,0.49868
202,2,0,2,1,0,27,3,6,6,5,4,1,1,1,0.43165
202,2,0,2,1,0,28,9,6,12,5,4,2,2,1,0.34186
202,2,0,2,1,0,29,11,6,14,5,4,2,2,1,0.38699
202,2,0,2,1,0,30,7,6,10,5,4,2,2,1,0.3754
202,2,0,2,1,0,31,11,6,14,5,4,2,2,1,0.40451
202,2,0,2,1,0,32,9,6,12,5,4,2,2,1,0.41764
202,2,0,2,1,0,33,7,6,10,5,4,2,2,1,0.33111
202,2,0,2,1,0,34,1,6,4,5,4,1,1,1,0.44389
202,2,0,2,1,0,35,3,6,6,5,4,1,1,1,0.44097
202,2,0,2,1,0,36,1,6,4,5,4,1,1,1,0.42595
202,2,0,2,1,0,37,5,6,8,5,4,1,2,0,1.1582
202,2,0,2,1,0,38,1,6,4,5,4,1,1,1,0.59126
202,2,0,2,1,0,39,11,6,14,5,4,2,2,1,0.31409
202,2,0,2,1,0,40,9,6,12,5,4,2,2,1,0.32831
202,2,0,2,1,0,41,11,6,14,5,4,2,2,1,0.34299
202,2,0,2,1,0,42,9,6,12,5,4,2,2,1,0.36586
202,2,0,2,1,0,43,3,6,6,5,4,1,1,1,0.68928
202,2,0,2,1,0,44,7,6,10,5,4,2,2,1,0.7407
202,2,0,2,1,0,45,5,6,8,5,4,1,2,0,0.44728
202,2,0,2,1,0,46,9,6,12,5,4,2,2,1,0.4442
202,2,0,2,1,0,47,3,6,6,5,4,1,1,1,0.91032
202,2,0,2,1,0,48,5,6,8,5,4,1,1,1,1.013
202,2,0,2,1,0,49,3,6,6,5,4,1,1,1,0.51919
202,2,0,2,1,0,50,5,6,8,5,4,1,1,1,0.62595
202,2,0,2,1,0,51,5,6,8,5,4,1,1,1,0.60804
202,2,0,2,1,0,52,5,6,8,5,4,1,1,1,0.40358
202,2,0,2,1,0,53,9,6,12,5,4,2,2,1,0.46184
202,2,0,2,1,0,54,5,6,8,5,4,1,1,1,0.66274
202,2,0,2,1,0,55,9,6,12,5,4,2,2,1,0.39737
202,2,0,2,1,0,56,9,6,12,5,4,2,2,1,0.44922
202,2,0,2,1,0,57,5,6,8,5,4,1,1,1,0.69556
202,2,0,2,1,0,58,7,6,10,5,4,2,2,1,0.5171
202,2,0,2,1,0,59,9,6,12,5,4,2,2,1,0.56619
202,2,0,2,1,0,60,11,6,14,5,4,2,2,1,0.38377
202,2,0,2,1,0,61,7,6,10,5,4,2,2,1,0.88374
202,2,0,2,1,0,62,1,6,4,5,4,1,1,1,0.55078
202,2,0,2,1,0,63,1,6,4,5,4,1,1,1,0.38156
202,2,0,2,1,0,64,7,6,10,5,4,2,2,1,0.45878
202,2,0,2,1,0,65,3,6,6,5,4,1,1,1,0.40625
202,2,0,2,1,0,66,11,6,14,5,4,2,2,1,0.44237
202,2,0,2,1,0,67,5,6,8,5,4,1,2,0,0.43907
202,2,0,2,1,0,68,5,6,8,5,4,1,1,1,0.51191
202,2,0,2,1,0,69,11,6,14,5,4,2,2,1,0.3497
202,2,0,2,1,0,70,5,6,8,5,4,1,1,1,0.60448
202,2,0,2,1,0,71,9,6,12,5,4,2,2,1,0.41198
202,2,0,2,1,0,72,3,6,6,5,4,1,1,1,0.49923
202,2,0,2,1,0,73,7,6,10,5,4,2,2,1,0.39312
202,2,0,2,1,0,74,7,6,10,5,4,2,2,1,0.40365
202,2,0,2,1,0,75,11,6,14,5,4,2,2,1,0.37821
202,2,0,2,1,0,76,1,6,4,5,4,1,1,1,0.37002
202,2,0,2,1,0,77,3,6,6,5,4,1,1,1,0.56979
202,2,0,2,1,0,78,1,6,4,5,4,1,1,1,0.41745
202,2,0,2,1,0,79,5,6,8,5,4,1,1,1,0.82848
202,2,0,2,1,0,80,3,6,6,5,4,1,1,1,0.39478
202,2,0,2,1,0,81,11,6,14,5,4,2,2,1,0.48238
202,2,0,2,1,0,82,1,6,4,5,4,1,1,1,0.47821
202,2,0,2,1,0,83,1,6,4,5,4,1,1,1,0.46205
202,2,0,2,1,0,84,3,6,6,5,4,1,1,1,0.59773
202,2,0,2,1,0,85,11,6,14,5,4,2,2,1,0.50184
202,2,0,2,1,0,86,11,6,14,5,4,2,2,1,0.38908
202,2,0,2,1,0,87,7,6,10,5,4,2,2,1,0.78495
202,2,0,2,1,0,88,7,6,10,5,4,2,2,1,0.73905
202,2,0,2,1,0,89,11,6,14,5,4,2,1,0,0.49693
202,2,0,2,1,0,90,7,6,10,5,4,2,2,1,1.0295
202,2,0,2,1,0,91,9,6,12,5,4,2,2,1,0.35574
202,2,0,2,1,0,92,7,6,10,5,4,2,2,1,0.3691
202,2,0,2,1,0,93,7,6,10,5,4,2,2,1,0.37358
202,2,0,2,1,0,94,1,6,4,5,4,1,1,1,0.47968
202,2,0,2,1,0,95,1,6,4,5,4,1,1,1,0.44099
202,2,0,2,1,0,96,3,6,6,5,4,1,1,1,0.41805
202,2,0,2,1,0,97,9,6,12,5,4,2,2,1,0.39797
202,2,0,2,1,0,98,3,6,6,5,4,1,1,1,0.43265
202,2,0,2,1,0,99,1,6,4,5,4,1,1,1,0.38332
202,2,0,2,1,0,100,1,6,4,5,4,1,1,1,0.4347
202,2,0,2,1,0,101,5,6,8,5,4,1,1,1,0.97064
202,2,0,2,1,0,102,9,6,12,5,4,2,2,1,0.38455
202,2,0,2,1,0,103,11,6,14,5,4,2,2,1,0.41589
202,2,0,2,1,0,104,9,6,12,5,4,2,2,1,0.41421
202,2,0,2,1,0,105,3,6,6,5,4,1,1,1,0.41472
202,2,0,2,1,0,106,9,6,12,5,4,2,2,1,0.45512
202,2,0,2,1,0,107,1,6,4,5,4,1,1,1,0.47843
202,2,0,2,1,0,108,1,6,4,5,4,1,1,1,0.43058
202,2,0,2,1,0,109,11,6,14,5,4,2,2,1,0.31261
202,2,0,2,1,0,110,7,6,10,5,4,2,1,0,1.1514
202,2,0,2,1,0,111,5,6,8,5,4,1,1,1,0.63078
202,2,0,2,1,0,112,3,6,6,5,4,1,1,1,0.42703
202,2,0,2,1,0,113,11,6,14,5,4,2,2,1,0.37665
202,2,0,2,1,0,114,7,6,10,5,4,2,2,1,1.2983
202,2,0,2,1,0,115,3,6,6,5,4,1,1,1,0.47791
202,2,0,2,1,0,116,5,6,8,5,4,1,1,1,0.50381
202,2,0,2,1,0,117,11,6,14,5,4,2,2,1,0.31848
202,2,0,2,1,0,118,9,6,12,5,4,2,2,1,0.36248
202,2,0,2,1,0,119,1,6,4,5,4,1,1,1,0.41897
202,2,0,2,1,0,120,5,6,8,5,4,1,1,1,2.2102
202,2,0,2,3,1,1,5,6,8,5,4,1,1,1,0.51775
202,2,0,2,3,1,2,10,6,12,6,4,2,2,1,0.40038
202,2,0,2,3,1,3,8,6,10,6,4,2,2,1,0.34883
202,2,0,2,3,1,4,8,6,10,6,4,2,2,1,0.34873
202,2,0,2,3,1,5,1,6,4,5,4,1,1,1,0.45191
202,2,0,2,3,1,6,12,6,14,6,4,2,2,1,0.35356
202,2,0,2,3,1,7,5,6,8,5,4,1,2,0,0.50297
202,2,0,2,3,1,8,1,6,4,5,4,1,1,1,0.64336
202,2,0,2,3,1,9,8,6,10,6,4,2,2,1,0.52443
202,2,0,2,3,1,10,3,6,6,5,4,1,1,1,0.85417
202,2,0,2,3,1,11,12,6,14,6,4,2,2,1,0.43112
202,2,0,2,3,1,12,5,6,8,5,4,1,1,1,0.65692
202,2,0,2,3,1,13,3,6,6,5,4,1,1,1,0.49981
202,2,0,2,3,1,14,10,6,12,6,4,2,2,1,0.48891
202,2,0,2,3,1,15,5,6,8,5,4,1,1,1,0.7008
202,2,0,2,3,1,16,10,6,12,6,4,2,2,1,0.55669
202,2,0,2,3,1,17,12,6,14,6,4,2,2,1,0.40261
202,2,0,2,3,1,18,3,6,6,5,4,1,1,1,0.62463
202,2,0,2,3,1,19,8,6,10,6,4,2,2,1,0.66412
202,2,0,2,3,1,20,3,6,6,5,4,1,1,1,0.49397
202,2,0,2,3,1,21,12,6,14,6,4,2,2,1,0.41707
202,2,0,2,3,1,22,10,6,12,6,4,2,2,1,0.51283
202,2,0,2,3,1,23,1,6,4,5,4,1,1,1,0.39306
202,2,0,2,3,1,24,1,6,4,5,4,1,1,1,0.45874
202,2,0,2,3,0,1,10,6,12,6,4,2,2,1,0.34032
202,2,0,2,3,0,2,8,6,10,6,4,2,2,1,0.52282
202,2,0,2,3,0,3,10,6,12,6,4,2,2,1,0.33373
202,2,0,2,3,0,4,3,6,6,5,4,1,1,1,0.47827
202,2,0,2,3,0,5,12,6,14,6,4,2,2,1,0.3564
202,2,0,2,3,0,6,8,6,10,6,4,2,2,1,0.5448
202,2,0,2,3,0,7,3,6,6,5,4,1,1,1,0.52276
202,2,0,2,3,0,8,1,6,4,5,4,1,1,1,0.38332
202,2,0,2,3,0,9,5,6,8,5,4,1,1,1,0.87273
202,2,0,2,3,0,10,8,6,10,6,4,2,2,1,0.37535
202,2,0,2,3,0,11,3,6,6,5,4,1,1,1,0.48471
202,2,0,2,3,0,12,1,6,4,5,4,1,1,1,0.37993
202,2,0,2,3,0,13,1,6,4,5,4,1,1,1,0.37785
202,2,0,2,3,0,14,12,6,14,6,4,2,2,1,0.42282
202,2,0,2,3,0,15,8,6,10,6,4,2,2,1,0.39793
202,2,0,2,3,0,16,12,6,14,6,4,2,2,1,0.6018
202,2,0,2,3,0,17,8,6,10,6,4,2,2,1,0.40356
202,2,0,2,3,0,18,5,6,8,5,4,1,2,0,0.77496
202,2,0,2,3,0,19,12,6,14,6,4,2,2,1,0.73239
202,2,0,2,3,0,20,10,6,12,6,4,2,2,1,0.48078
202,2,0,2,3,0,21,3,6,6,5,4,1,1,1,0.41413
202,2,0,2,3,0,22,8,6,10,6,4,2,2,1,1.0512
202,2,0,2,3,0,23,8,6,10,6,4,2,2,1,0.73943
202,2,0,2,3,0,24,12,6,14,6,4,2,2,1,0.61171
202,2,0,2,3,0,25,5,6,8,5,4,1,1,1,0.68811
202,2,0,2,3,0,26,12,6,14,6,4,2,2,1,0.53975
202,2,0,2,3,0,27,12,6,14,6,4,2,2,1,0.61508
202,2,0,2,3,0,28,5,6,8,5,4,1,1,1,0.64609
202,2,0,2,3,0,29,12,6,14,6,4,2,2,1,0.4074
202,2,0,2,3,0,30,10,6,12,6,4,2,2,1,0.51761
202,2,0,2,3,0,31,10,6,12,6,4,2,2,1,0.39063
202,2,0,2,3,0,32,5,6,8,5,4,1,1,1,0.93353
202,2,0,2,3,0,33,10,6,12,6,4,2,2,1,0.52878
202,2,0,2,3,0,34,1,6,4,5,4,1,1,1,0.70718
202,2,0,2,3,0,35,10,6,12,6,4,2,2,1,0.63002
202,2,0,2,3,0,36,8,6,10,6,4,2,2,1,1.0455
202,2,0,2,3,0,37,3,6,6,5,4,1,1,1,0.53408
202,2,0,2,3,0,38,3,6,6,5,4,1,1,1,0.43354
202,2,0,2,3,0,39,5,6,8,5,4,1,1,1,0.35102
202,2,0,2,3,0,40,3,6,6,5,4,1,1,1,0.38697
202,2,0,2,3,0,41,10,6,12,6,4,2,2,1,0.43379
202,2,0,2,3,0,42,5,6,8,5,4,1,1,1,0.5044
202,2,0,2,3,0,43,5,6,8,5,4,1,1,1,0.39015
202,2,0,2,3,0,44,5,6,8,5,4,1,1,1,0.47028
202,2,0,2,3,0,45,1,6,4,5,4,1,1,1,0.36232
202,2,0,2,3,0,46,1,6,4,5,4,1,1,1,0.34908
202,2,0,2,3,0,47,1,6,4,5,4,1,1,1,0.40899
202,2,0,2,3,0,48,8,6,10,6,4,2,2,1,1.3861
202,2,0,2,3,0,49,3,6,6,5,4,1,1,1,0.54551
202,2,0,2,3,0,50,3,6,6,5,4,1,1,1,0.35059
202,2,0,2,3,0,51,3,6,6,5,4,1,1,1,0.65148
202,2,0,2,3,0,52,3,6,6,5,4,1,1,1,0.33916
202,2,0,2,3,0,53,1,6,4,5,4,1,1,1,0.53808
202,2,0,2,3,0,54,3,6,6,5,4,1,1,1,0.44223
202,2,0,2,3,0,55,10,6,12,6,4,2,2,1,0.43977
202,2,0,2,3,0,56,8,6,10,6,4,2,2,1,0.36696
202,2,0,2,3,0,57,8,6,10,6,4,2,2,1,0.36624
202,2,0,2,3,0,58,12,6,14,6,4,2,2,1,0.34507
202,2,0,2,3,0,59,10,6,12,6,4,2,2,1,0.38081
202,2,0,2,3,0,60,1,6,4,5,4,1,1,1,0.43946
202,2,0,2,3,0,61,10,6,12,6,4,2,2,1,0.5498
202,2,0,2,3,0,62,10,6,12,6,4,2,2,1,0.32467
202,2,0,2,3,0,63,12,6,14,6,4,2,2,1,0.49258
202,2,0,2,3,0,64,5,6,8,5,4,1,1,1,0.51633
202,2,0,2,3,0,65,5,6,8,5,4,1,1,1,0.53546
202,2,0,2,3,0,66,3,6,6,5,4,1,1,1,0.37533
202,2,0,2,3,0,67,10,6,12,6,4,2,2,1,0.44939
202,2,0,2,3,0,68,12,6,14,6,4,2,2,1,0.33437
202,2,0,2,3,0,69,8,6,10,6,4,2,2,1,1.2876
202,2,0,2,3,0,70,1,6,4,5,4,1,1,1,0.36919
202,2,0,2,3,0,71,12,6,14,6,4,2,2,1,0.60209
202,2,0,2,3,0,72,10,6,12,6,4,2,2,1,0.35975
202,2,0,2,3,0,73,1,6,4,5,4,1,1,1,0.46717
202,2,0,2,3,0,74,5,6,8,5,4,1,1,1,0.48628
202,2,0,2,3,0,75,12,6,14,6,4,2,2,1,0.39514
202,2,0,2,3,0,76,10,6,12,6,4,2,2,1,0.67762
202,2,0,2,3,0,77,1,6,4,5,4,1,1,1,0.46863
202,2,0,2,3,0,78,12,6,14,6,4,2,2,1,0.29891
202,2,0,2,3,0,79,5,6,8,5,4,1,1,1,0.3827
202,2,0,2,3,0,80,3,6,6,5,4,1,1,1,0.47629
202,2,0,2,3,0,81,1,6,4,5,4,1,1,1,0.39279
202,2,0,2,3,0,82,8,6,10,6,4,2,2,1,0.36353
202,2,0,2,3,0,83,1,6,4,5,4,1,1,1,0.39836
202,2,0,2,3,0,84,10,6,12,6,4,2,2,1,0.32834
202,2,0,2,3,0,85,5,6,8,5,4,1,1,1,0.26871
202,2,0,2,3,0,86,12,6,14,6,4,2,2,1,0.29408
202,2,0,2,3,0,87,10,6,12,6,4,2,2,1,0.76432
202,2,0,2,3,0,88,10,6,12,6,4,2,2,1,0.58407
202,2,0,2,3,0,89,1,6,4,5,4,1,1,1,0.39089
202,2,0,2,3,0,90,8,6,10,6,4,2,2,1,0.64146
202,2,0,2,3,0,91,5,6,8,5,4,1,1,1,0.45683
202,2,0,2,3,0,92,5,6,8,5,4,1,1,1,0.69602
202,2,0,2,3,0,93,3,6,6,5,4,1,1,1,0.56967
202,2,0,2,3,0,94,5,6,8,5,4,1,1,1,0.53185
202,2,0,2,3,0,95,12,6,14,6,4,2,2,1,0.34583
202,2,0,2,3,0,96,5,6,8,5,4,1,1,1,0.48287
202,2,0,2,3,0,97,12,6,14,6,4,2,2,1,0.41518
202,2,0,2,3,0,98,8,6,10,6,4,2,2,1,0.64726
202,2,0,2,3,0,99,8,6,10,6,4,2,2,1,0.44667
202,2,0,2,3,0,100,8,6,10,6,4,2,2,1,0.54432
202,2,0,2,3,0,101,3,6,6,5,4,1,1,1,0.40145
202,2,0,2,3,0,102,12,6,14,6,4,2,2,1,0.46771
202,2,0,2,3,0,103,8,6,10,6,4,2,2,1,0.52211
202,2,0,2,3,0,104,10,6,12,6,4,2,2,1,0.42228
202,2,0,2,3,0,105,5,6,8,5,4,1,1,1,0.50505
202,2,0,2,3,0,106,1,6,4,5,4,1,1,1,0.45088
202,2,0,2,3,0,107,1,6,4,5,4,1,1,1,0.45226
202,2,0,2,3,0,108,3,6,6,5,4,1,1,1,0.3972
202,2,0,2,3,0,109,1,6,4,5,4,1,1,1,0.36304
202,2,0,2,3,0,110,5,6,8,5,4,1,1,1,0.35155
202,2,0,2,3,0,111,1,6,4,5,4,1,1,1,0.40108
202,2,0,2,3,0,112,8,6,10,6,4,2,2,1,0.74301
202,2,0,2,3,0,113,8,6,10,6,4,2,2,1,0.86113
202,2,0,2,3,0,114,12,6,14,6,4,2,2,1,0.43384
202,2,0,2,3,0,115,1,6,4,5,4,1,1,1,0.40392
202,2,0,2,3,0,116,10,6,12,6,4,2,2,1,0.37639
202,2,0,2,3,0,117,12,6,14,6,4,2,2,1,0.4644
202,2,0,2,3,0,118,3,6,6,5,4,1,1,1,0.43121
202,2,0,2,3,0,119,3,6,6,5,4,1,1,1,0.52139
202,2,0,2,3,0,120,3,6,6,5,4,1,1,1,0.43396
202,2,0,2,4,1,1,9,6,12,5,4,2,2,1,0.31746
202,2,0,2,4,1,2,11,6,14,5,4,2,2,1,0.38136
202,2,0,2,4,1,3,2,6,4,6,4,1,1,1,0.38645
202,2,0,2,4,1,4,6,6,8,6,4,1,1,1,0.52784
202,2,0,2,4,1,5,7,6,10,5,4,2,2,1,0.43609
202,2,0,2,4,1,6,2,6,4,6,4,1,1,1,0.3889
202,2,0,2,4,1,7,6,6,8,6,4,1,2,0,0.33663
202,2,0,2,4,1,8,11,6,14,5,4,2,2,1,0.50519
202,2,0,2,4,1,9,9,6,12,5,4,2,2,1,0.46656
202,2,0,2,4,1,10,9,6,12,5,4,2,2,1,0.34491
202,2,0,2,4,1,11,7,6,10,5,4,2,2,1,0.92013
202,2,0,2,4,1,12,9,6,12,5,4,2,2,1,0.40501
202,2,0,2,4,1,13,4,6,6,6,4,1,1,1,0.40138
202,2,0,2,4,1,14,4,6,6,6,4,1,1,1,0.44101
202,2,0,2,4,1,15,7,6,10,5,4,2,2,1,0.5377
202,2,0,2,4,1,16,7,6,10,5,4,2,2,1,0.47392
202,2,0,2,4,1,17,11,6,14,5,4,2,2,1,0.38674
202,2,0,2,4,1,18,2,6,4,6,4,1,1,1,0.4469
202,2,0,2,4,1,19,2,6,4,6,4,1,1,1,0.42165
202,2,0,2,4,1,20,6,6,8,6,4,1,2,0,0.73203
202,2,0,2,4,1,21,4,6,6,6,4,1,1,1,0.76103
202,2,0,2,4,1,22,11,6,14,5,4,2,2,1,0.42975
202,2,0,2,4,1,23,6,6,8,6,4,1,1,1,0.40606
202,2,0,2,4,1,24,4,6,6,6,4,1,1,1,0.43989
202,2,0,2,4,0,1,4,6,6,6,4,1,1,1,0.49965
202,2,0,2,4,0,2,9,6,12,5,4,2,2,1,0.52454
202,2,0,2,4,0,3,9,6,12,5,4,2,2,1,0.68488
202,2,0,2,4,0,4,6,6,8,6,4,1,1,1,0.64487
202,2,0,2,4,0,5,2,6,4,6,4,1,1,1,0.80078
202,2,0,2,4,0,6,9,6,12,5,4,2,2,1,0.35727
202,2,0,2,4,0,7,9,6,12,5,4,2,2,1,0.66175
202,2,0,2,4,0,8,7,6,10,5,4,2,2,1,0.58265
202,2,0,2,4,0,9,2,6,4,6,4,1,1,1,0.62149
202,2,0,2,4,0,10,2,6,4,6,4,1,1,1,0.39176
202,2,0,2,4,0,11,9,6,12,5,4,2,2,1,0.36572
202,2,0,2,4,0,12,11,6,14,5,4,2,2,1,0.45049
202,2,0,2,4,0,13,11,6,14,5,4,2,2,1,0.39624
202,2,0,2,4,0,14,6,6,8,6,4,1,1,1,0.55323
202,2,0,2,4,0,15,9,6,12,5,4,2,2,1,0.52649
202,2,0,2,4,0,16,11,6,14,5,4,2,2,1,0.34711
202,2,0,2,4,0,17,6,6,8,6,4,1,2,0,0.53284
202,2,0,2,4,0,18,2,6,4,6,4,1,1,1,0.53311
202,2,0,2,4,0,19,4,6,6,6,4,1,1,1,0.48626
202,2,0,2,4,0,20,2,6,4,6,4,1,1,1,0.40926
202,2,0,2,4,0,21,2,6,4,6,4,1,1,1,0.46399
202,2,0,2,4,0,22,11,6,14,5,4,2,2,1,0.35492
202,2,0,2,4,0,23,9,6,12,5,4,2,2,1,0.34426
202,2,0,2,4,0,24,4,6,6,6,4,1,1,1,0.51552
202,2,0,2,4,0,25,4,6,6,6,4,1,1,1,0.40645
202,2,0,2,4,0,26,7,6,10,5,4,2,2,1,0.43438
202,2,0,2,4,0,27,11,6,14,5,4,2,2,1,0.56619
202,2,0,2,4,0,28,9,6,12,5,4,2,2,1,0.45851
202,2,0,2,4,0,29,7,6,10,5,4,2,2,1,0.43726
202,2,0,2,4,0,30,6,6,8,6,4,1,2,0,0.8745
202,2,0,2,4,0,31,11,6,14,5,4,2,2,1,0.42707
202,2,0,2,4,0,32,2,6,4,6,4,1,1,1,0.67543
202,2,0,2,4,0,33,7,6,10,5,4,2,2,1,0.83868
202,2,0,2,4,0,34,2,6,4,6,4,1,2,0,0.53269
202,2,0,2,4,0,35,6,6,8,6,4,1,1,1,0.70325
202,2,0,2,4,0,36,2,6,4,6,4,1,1,1,0.7277
202,2,0,2,4,0,37,6,6,8,6,4,1,1,1,0.44844
202,2,0,2,4,0,38,6,6,8,6,4,1,1,1,0.44296
202,2,0,2,4,0,39,2,6,4,6,4,1,1,1,0.51058
202,2,0,2,4,0,40,2,6,4,6,4,1,1,1,0.39822
202,2,0,2,4,0,41,7,6,10,5,4,2,2,1,0.4115
202,2,0,2,4,0,42,6,6,8,6,4,1,2,0,1.1618
202,2,0,2,4,0,43,9,6,12,5,4,2,2,1,0.52095
202,2,0,2,4,0,44,4,6,6,6,4,1,1,1,0.49966
202,2,0,2,4,0,45,9,6,12,5,4,2,2,1,0.53255
202,2,0,2,4,0,46,7,6,10,5,4,2,2,1,0.47697
202,2,0,2,4,0,47,6,6,8,6,4,1,1,1,1.311
202,2,0,2,4,0,48,6,6,8,6,4,1,1,1,0.49814
202,2,0,2,4,0,49,4,6,6,6,4,1,1,1,0.74198
202,2,0,2,4,0,50,7,6,10,5,4,2,2,1,0.37419
202,2,0,2,4,0,51,4,6,6,6,4,1,1,1,0.83255
202,2,0,2,4,0,52,6,6,8,6,4,1,1,1,0.7869
202,2,0,2,4,0,53,11,6,14,5,4,2,2,1,0.42062
202,2,0,2,4,0,54,7,6,10,5,4,2,2,1,0.41552
202,2,0,2,4,0,55,9,6,12,5,4,2,2,1,0.40116
202,2,0,2,4,0,56,4,6,6,6,4,1,1,1,0.57221
202,2,0,2,4,0,57,7,6,10,5,4,2,2,1,0.43934
202,2,0,2,4,0,58,11,6,14,5,4,2,2,1,0.43968
202,2,0,2,4,0,59,9,6,12,5,4,2,2,1,0.44832
202,2,0,2,4,0,60,2,6,4,6,4,1,1,1,0.62836
202,2,0,2,4,0,61,7,6,10,5,4,2,2,1,0.65801
202,2,0,2,4,0,62,4,6,6,6,4,1,1,1,0.96711
202,2,0,2,4,0,63,6,6,8,6,4,1,1,1,1.4138
202,2,0,2,4,0,64,4,6,6,6,4,1,1,1,0.46479
202,2,0,2,4,0,65,6,6,8,6,4,1,1,1,0.42754
202,2,0,2,4,0,66,6,6,8,6,4,1,1,1,0.39302
202,2,0,2,4,0,67,4,6,6,6,4,1,1,1,0.38089
202,2,0,2,4,0,68,11,6,14,5,4,2,2,1,0.47005
202,2,0,2,4,0,69,9,6,12,5,4,2,2,1,0.39275
202,2,0,2,4,0,70,4,6,6,6,4,1,1,1,0.4284
202,2,0,2,4,0,71,7,6,10,5,4,2,2,1,1.6326
202,2,0,2,4,0,72,7,6,10,5,4,2,2,1,0.59031
202,2,0,2,4,0,73,11,6,14,5,4,2,2,1,0.42697
202,2,0,2,4,0,74,9,6,12,5,4,2,2,1,0.38195
202,2,0,2,4,0,75,9,6,12,5,4,2,2,1,0.39178
202,2,0,2,4,0,76,2,6,4,6,4,1,1,1,0.82591
202,2,0,2,4,0,77,7,6,10,5,4,2,2,1,0.49296
202,2,0,2,4,0,78,11,6,14,5,4,2,2,1,0.40971
202,2,0,2,4,0,79,7,6,10,5,4,2,2,1,0.33722
202,2,0,2,4,0,80,4,6,6,6,4,1,1,1,0.80747
202,2,0,2,4,0,81,6,6,8,6,4,1,1,1,0.6585
202,2,0,2,4,0,82,9,6,12,5,4,2,2,1,0.50589
202,2,0,2,4,0,83,7,6,10,5,4,2,2,1,0.83842
202,2,0,2,4,0,84,2,6,4,6,4,1,1,1,0.56652
202,2,0,2,4,0,85,4,6,6,6,4,1,1,1,0.43269
202,2,0,2,4,0,86,4,6,6,6,4,1,1,1,0.47428
202,2,0,2,4,0,87,7,6,10,5,4,2,2,1,0.49947
202,2,0,2,4,0,88,7,6,10,5,4,2,2,1,0.84769
202,2,0,2,4,0,89,7,6,10,5,4,2,2,1,0.45919
202,2,0,2,4,0,90,11,6,14,5,4,2,2,1,0.65288
202,2,0,2,4,0,91,11,6,14,5,4,2,2,1,0.39543
202,2,0,2,4,0,92,7,6,10,5,4,2,2,1,0.652
202,2,0,2,4,0,93,11,6,14,5,4,2,2,1,0.58157
202,2,0,2,4,0,94,2,6,4,6,4,1,1,1,0.42175
202,2,0,2,4,0,95,4,6,6,6,4,1,1,1,0.43874
202,2,0,2,4,0,96,4,6,6,6,4,1,1,1,0.36151
202,2,0,2,4,0,97,11,6,14,5,4,2,2,1,0.59357
202,2,0,2,4,0,98,6,6,8,6,4,1,1,1,0.47547
202,2,0,2,4,0,99,2,6,4,6,4,1,1,1,0.49751
202,2,0,2,4,0,100,11,6,14,5,4,2,2,1,0.42216
202,2,0,2,4,0,101,9,6,12,5,4,2,2,1,0.34597
202,2,0,2,4,0,102,11,6,14,5,4,2,2,1,0.3968
202,2,0,2,4,0,103,11,6,14,5,4,2,2,1,0.59084
202,2,0,2,4,0,104,11,6,14,5,4,2,2,1,0.35397
202,2,0,2,4,0,105,4,6,6,6,4,1,1,1,0.48059
202,2,0,2,4,0,106,4,6,6,6,4,1,1,1,2.6002
202,2,0,2,4,0,107,6,6,8,6,4,1,1,1,0.49388
202,2,0,2,4,0,108,2,6,4,6,4,1,1,1,0.41352
202,2,0,2,4,0,109,2,6,4,6,4,1,1,1,0.3362
202,2,0,2,4,0,110,9,6,12,5,4,2,2,1,0.27821
202,2,0,2,4,0,111,9,6,12,5,4,2,2,1,0.34123
202,2,0,2,4,0,112,2,6,4,6,4,1,1,1,0.43086
202,2,0,2,4,0,113,2,6,4,6,4,1,1,1,0.43912
202,2,0,2,4,0,114,6,6,8,6,4,1,1,1,0.67862
202,2,0,2,4,0,115,4,6,6,6,4,1,1,1,0.35397
202,2,0,2,4,0,116,9,6,12,5,4,2,2,1,0.33294
202,2,0,2,4,0,117,6,6,8,6,4,1,1,1,0.77924
202,2,0,2,4,0,118,11,6,14,5,4,2,2,1,0.31612
202,2,0,2,4,0,119,7,6,10,5,4,2,2,1,0.62615
202,2,0,2,4,0,120,6,6,8,6,4,1,1,1,1.3026
202,2,0,2,5,1,1,1,6,4,5,4,1,1,1,0.73174
202,2,0,2,5,1,2,9,6,12,5,4,2,2,1,0.48929
202,2,0,2,5,1,3,8,6,10,6,4,2,2,1,0.35054
202,2,0,2,5,1,4,11,6,14,5,4,2,2,1,0.98902
202,2,0,2,5,1,5,8,6,10,6,4,2,2,1,0.42898
202,2,0,2,5,1,6,4,6,6,6,4,1,1,1,0.62715
202,2,0,2,5,1,7,3,6,6,5,4,1,1,1,0.74585
202,2,0,2,5,1,8,5,6,8,5,4,1,1,1,0.76395
202,2,0,2,5,1,9,7,6,10,5,4,2,2,1,0.42096
202,2,0,2,5,1,10,6,6,8,6,4,1,2,0,0.89331
202,2,0,2,5,1,11,2,6,4,6,4,1,1,1,1.0222
202,2,0,2,5,1,12,4,6,6,6,4,1,1,1,0.5284
202,2,0,2,5,1,13,10,6,12,6,4,2,2,1,0.45398
202,2,0,2,5,1,14,12,6,14,6,4,2,2,1,0.46637
202,2,0,2,5,1,15,5,6,8,5,4,1,1,1,0.60807
202,2,0,2,5,1,16,9,6,12,5,4,2,2,1,0.63975
202,2,0,2,5,1,17,1,6,4,5,4,1,1,1,0.95966
202,2,0,2,5,1,18,10,6,12,6,4,2,2,1,0.54402
202,2,0,2,5,1,19,7,6,10,5,4,2,1,0,0.55371
202,2,0,2,5,1,20,3,6,6,5,4,1,1,1,0.6572
202,2,0,2,5,1,21,6,6,8,6,4,1,1,1,1.5129
202,2,0,2,5,1,22,2,6,4,6,4,1,1,1,0.76941
202,2,0,2,5,1,23,11,6,14,5,4,2,2,1,0.37277
202,2,0,2,5,1,24,12,6,14,6,4,2,2,1,0.53627
202,2,0,2,5,0,1,2,6,4,6,4,1,1,1,0.53895
202,2,0,2,5,0,2,11,6,14,5,4,2,2,1,0.33114
202,2,0,2,5,0,3,4,6,6,6,4,1,1,1,0.42372
202,2,0,2,5,0,4,4,6,6,6,4,1,1,1,0.40942
202,2,0,2,5,0,5,5,6,8,5,4,1,1,1,0.55457
202,2,0,2,5,0,6,2,6,4,6,4,1,1,1,0.62183
202,2,0,2,5,0,7,12,6,14,6,4,2,2,1,0.33891
202,2,0,2,5,0,8,6,6,8,6,4,1,1,1,0.40121
202,2,0,2,5,0,9,6,6,8,6,4,1,1,1,0.38907
202,2,0,2,5,0,10,3,6,6,5,4,1,1,1,1.1517
202,2,0,2,5,0,11,3,6,6,5,4,1,1,1,0.55809
202,2,0,2,5,0,12,10,6,12,6,4,2,2,1,0.5296
202,2,0,2,5,0,13,1,6,4,5,4,1,1,1,0.47581
202,2,0,2,5,0,14,5,6,8,5,4,1,1,1,1.1268
202,2,0,2,5,0,15,2,6,4,6,4,1,1,1,0.4213
202,2,0,2,5,0,16,10,6,12,6,4,2,2,1,0.37686
202,2,0,2,5,0,17,11,6,14,5,4,2,2,1,0.38533
202,2,0,2,5,0,18,5,6,8,5,4,1,1,1,0.68326
202,2,0,2,5,0,19,5,6,8,5,4,1,2,0,0.32274
202,2,0,2,5,0,20,7,6,10,5,4,2,2,1,0.52595
202,2,0,2,5,0,21,8,6,10,6,4,2,2,1,0.39387
202,2,0,2,5,0,22,6,6,8,6,4,1,1,1,0.63781
202,2,0,2,5,0,23,8,6,10,6,4,2,2,1,0.5142
202,2,0,2,5,0,24,12,6,14,6,4,2,2,1,0.42918
202,2,0,2,5,0,25,3,6,6,5,4,1,1,1,0.48781
202,2,0,2,5,0,26,9,6,12,5,4,2,2,1,0.65865
202,2,0,2,5,0,27,8,6,10,6,4,2,2,1,0.73254
202,2,0,2,5,0,28,8,6,10,6,4,2,2,1,0.4189
202,2,0,2,5,0,29,2,6,4,6,4,1,1,1,0.44298
202,2,0,2,5,0,30,12,6,14,6,4,2,2,1,0.44444
202,2,0,2,5,0,31,3,6,6,5,4,1,1,1,0.78913
202,2,0,2,5,0,32,1,6,4,5,4,1,1,1,0.43279
202,2,0,2,5,0,33,3,6,6,5,4,1,1,1,0.50178
202,2,0,2,5,0,34,11,6,14,5,4,2,2,1,0.36144
202,2,0,2,5,0,35,1,6,4,5,4,1,1,1,0.4212
202,2,0,2,5,0,36,5,6,8,5,4,1,1,1,1.4247
202,2,0,2,5,0,37,4,6,6,6,4,1,1,1,0.42436
202,2,0,2,5,0,38,9,6,12,5,4,2,2,1,0.62422
202,2,0,2,5,0,39,5,6,8,5,4,1,1,1,0.41377
202,2,0,2,5,0,40,4,6,6,6,4,1,1,1,0.43939
202,2,0,2,5,0,41,12,6,14,6,4,2,2,1,0.37169
202,2,0,2,5,0,42,7,6,10,5,4,2,2,1,1.0703
202,2,0,2,5,0,43,6,6,8,6,4,1,1,1,1.363
202,2,0,2,5,0,44,9,6,12,5,4,2,2,1,0.47684
202,2,0,2,5,0,45,12,6,14,6,4,2,2,1,0.69949
202,2,0,2,5,0,46,9,6,12,5,4,2,2,1,0.50958
202,2,0,2,5,0,47,9,6,12,5,4,2,2,1,0.3645
202,2,0,2,5,0,48,9,6,12,5,4,2,2,1,0.3954
202,2,0,2,5,0,49,10,6,12,6,4,2,2,1,0.44891
202,2,0,2,5,0,50,12,6,14,6,4,2,2,1,0.36809
202,2,0,2,5,0,51,3,6,6,5,4,1,1,1,0.44839
202,2,0,2,5,0,52,1,6,4,5,4,1,1,1,0.40869
202,2,0,2,5,0,53,9,6,12,5,4,2,2,1,0.4131
202,2,0,2,5,0,54,2,6,4,6,4,1,1,1,0.45567
202,2,0,2,5,0,55,6,6,8,6,4,1,2,0,1.8233
202,2,0,2,5,0,56,12,6,14,6,4,2,2,1,0.48394
202,2,0,2,5,0,57,4,6,6,6,4,1,1,1,0.43053
202,2,0,2,5,0,58,4,6,6,6,4,1,1,1,0.50989
202,2,0,2,5,0,59,6,6,8,6,4,1,1,1,1.4539
202,2,0,2,5,0,60,8,6,10,6,4,2,1,0,0.5864
202,2,0,2,5,0,61,7,6,10,5,4,2,2,1,1.799
202,2,0,2,5,0,62,10,6,12,6,4,2,2,1,0.92843
202,2,0,2,5,0,63,4,6,6,6,4,1,1,1,0.59293
202,2,0,2,5,0,64,8,6,10,6,4,2,2,1,1.2215
202,2,0,2,5,0,65,1,6,4,5,4,1,1,1,0.61051
202,2,0,2,5,0,66,9,6,12,5,4,2,2,1,1.0044
202,2,0,2,5,0,67,10,6,12,6,4,2,2,1,0.48634
202,2,0,2,5,0,68,3,6,6,5,4,1,1,1,0.48726
202,2,0,2,5,0,69,11,6,14,5,4,2,2,1,0.37248
202,2,0,2,5,0,70,7,6,10,5,4,2,2,1,0.7268
202,2,0,2,5,0,71,12,6,14,6,4,2,2,1,0.53319
202,2,0,2,5,0,72,5,6,8,5,4,1,1,1,0.52941
202,2,0,2,5,0,73,10,6,12,6,4,2,2,1,0.66329
202,2,0,2,5,0,74,6,6,8,6,4,1,1,1,0.50064
202,2,0,2,5,0,75,2,6,4,6,4,1,1,1,0.48826
202,2,0,2,5,0,76,5,6,8,5,4,1,1,1,0.94418
202,2,0,2,5,0,77,7,6,10,5,4,2,2,1,0.35102
202,2,0,2,5,0,78,9,6,12,5,4,2,2,1,0.38685
202,2,0,2,5,0,79,8,6,10,6,4,2,2,1,0.40683
202,2,0,2,5,0,80,1,6,4,5,4,1,1,1,0.5246
202,2,0,2,5,0,81,8,6,10,6,4,2,2,1,0.95169
202,2,0,2,5,0,82,7,6,10,5,4,2,2,1,0.44853
202,2,0,2,5,0,83,5,6,8,5,4,1,1,1,0.71837
202,2,0,2,5,0,84,10,6,12,6,4,2,2,1,0.47301
202,2,0,2,5,0,85,1,6,4,5,4,1,1,1,0.62309
202,2,0,2,5,0,86,8,6,10,6,4,2,2,1,0.4915
202,2,0,2,5,0,87,4,6,6,6,4,1,1,1,0.61468
202,2,0,2,5,0,88,5,6,8,5,4,1,1,1,1.2777
202,2,0,2,5,0,89,10,6,12,6,4,2,2,1,0.47564
202,2,0,2,5,0,90,2,6,4,6,4,1,1,1,0.4911
202,2,0,2,5,0,91,11,6,14,5,4,2,2,1,0.4463
202,2,0,2,5,0,92,2,6,4,6,4,1,1,1,0.4845
202,2,0,2,5,0,93,1,6,4,5,4,1,1,1,0.56699
202,2,0,2,5,0,94,6,6,8,6,4,1,1,1,1.1365
202,2,0,2,5,0,95,1,6,4,5,4,1,1,1,0.64089
202,2,0,2,5,0,96,12,6,14,6,4,2,2,1,0.4307
202,2,0,2,5,0,97,4,6,6,6,4,1,1,1,0.42098
202,2,0,2,5,0,98,11,6,14,5,4,2,2,1,0.33174
202,2,0,2,5,0,99,1,6,4,5,4,1,1,1,0.52949
202,2,0,2,5,0,100,4,6,6,6,4,1,1,1,0.46299
202,2,0,2,5,0,101,10,6,12,6,4,2,2,1,0.56772
202,2,0,2,5,0,102,10,6,12,6,4,2,2,1,0.58612
202,2,0,2,5,0,103,2,6,4,6,4,1,1,1,0.41141
202,2,0,2,5,0,104,3,6,6,5,4,1,1,1,0.56779
202,2,0,2,5,0,105,7,6,10,5,4,2,2,1,2.2839
202,2,0,2,5,0,106,6,6,8,6,4,1,1,1,1.2651
202,2,0,2,5,0,107,11,6,14,5,4,2,2,1,0.46337
202,2,0,2,5,0,108,8,6,10,6,4,2,2,1,1.0095
202,2,0,2,5,0,109,6,6,8,6,4,1,1,1,1.5494
202,2,0,2,5,0,110,2,6,4,6,4,1,1,1,0.52683
202,2,0,2,5,0,111,11,6,14,5,4,2,2,1,0.56201
202,2,0,2,5,0,112,3,6,6,5,4,1,1,1,0.3941
202,2,0,2,5,0,113,9,6,12,5,4,2,2,1,0.38792
202,2,0,2,5,0,114,3,6,6,5,4,1,1,1,0.44173
202,2,0,2,5,0,115,11,6,14,5,4,2,2,1,0.33253
202,2,0,2,5,0,116,7,6,10,5,4,2,2,1,0.33748
202,2,0,2,5,0,117,12,6,14,6,4,2,2,1,0.59992
202,2,0,2,5,0,118,7,6,10,5,4,2,2,1,0.39726
202,2,0,2,5,0,119,11,6,14,5,4,2,2,1,0.32732
202,2,0,2,5,0,120,7,6,10,5,4,2,2,1,0.36646
202,2,0,2,6,0,1,2,6,4,6,4,1,1,1,0.74648
202,2,0,2,6,0,2,2,6,4,6,4,1,1,1,0.38345
202,2,0,2,6,0,3,5,6,8,5,4,1,1,1,1.0333
202,2,0,2,6,0,4,12,6,14,6,4,2,2,1,0.39505
202,2,0,2,6,0,5,4,6,6,6,4,1,1,1,0.38565
202,2,0,2,6,0,6,7,6,10,5,4,2,2,1,0.42386
202,2,0,2,6,0,7,1,6,4,5,4,1,1,1,0.83998
202,2,0,2,6,0,8,5,6,8,5,4,1,2,0,0.69044
202,2,0,2,6,0,9,7,6,10,5,4,2,1,0,0.91674
202,2,0,2,6,0,10,7,6,10,5,4,2,2,1,0.65551
202,2,0,2,6,0,11,8,6,10,6,4,2,2,1,0.38913
202,2,0,2,6,0,12,9,6,12,5,4,2,2,1,0.39195
202,2,0,2,6,0,13,1,6,4,5,4,1,1,1,0.65582
202,2,0,2,6,0,14,8,6,10,6,4,2,2,1,0.33036
202,2,0,2,6,0,15,10,6,12,6,4,2,2,1,0.33374
202,2,0,2,6,0,16,11,6,14,5,4,2,2,1,0.31788
202,2,0,2,6,0,17,7,6,10,5,4,2,2,1,0.33796
202,2,0,2,6,0,18,9,6,12,5,4,2,2,1,0.33776
202,2,0,2,6,0,19,3,6,6,5,4,1,1,1,0.51666
202,2,0,2,6,0,20,12,6,14,6,4,2,2,1,0.30478
202,2,0,2,6,0,21,11,6,14,5,4,2,2,1,0.31945
202,2,0,2,6,0,22,9,6,12,5,4,2,2,1,0.35046
202,2,0,2,6,0,23,12,6,14,6,4,2,2,1,0.36357
202,2,0,2,6,0,24,9,6,12,5,4,2,2,1,0.41208
202,2,0,2,6,0,25,3,6,6,5,4,1,1,1,0.50105
202,2,0,2,6,0,26,3,6,6,5,4,1,1,1,0.41373
202,2,0,2,6,0,27,10,6,12,6,4,2,2,1,0.39948
202,2,0,2,6,0,28,6,6,8,6,4,1,1,1,1.6091
202,2,0,2,6,0,29,6,6,8,6,4,1,1,1,0.42387
202,2,0,2,6,0,30,6,6,8,6,4,1,1,1,0.41211
202,2,0,2,6,0,31,7,6,10,5,4,2,1,0,0.45752
202,2,0,2,6,0,32,2,6,4,6,4,1,1,1,0.52946
202,2,0,2,6,0,33,11,6,14,5,4,2,2,1,0.40315
202,2,0,2,6,0,34,12,6,14,6,4,2,2,1,0.35094
202,2,0,2,6,0,35,8,6,10,6,4,2,2,1,1.2306
202,2,0,2,6,0,36,11,6,14,5,4,2,2,1,0.36597
202,2,0,2,6,0,37,8,6,10,6,4,2,2,1,0.40069
202,2,0,2,6,0,38,11,6,14,5,4,2,2,1,0.32574
202,2,0,2,6,0,39,8,6,10,6,4,2,2,1,0.34229
202,2,0,2,6,0,40,5,6,8,5,4,1,1,1,0.81579
202,2,0,2,6,0,41,5,6,8,5,4,1,1,1,0.44682
202,2,0,2,6,0,42,10,6,12,6,4,2,2,1,0.35297
202,2,0,2,6,0,43,1,6,4,5,4,1,1,1,0.46557
202,2,0,2,6,0,44,5,6,8,5,4,1,1,1,1.112
202,2,0,2,6,0,45,7,6,10,5,4,2,2,1,0.64946
202,2,0,2,6,0,46,1,6,4,5,4,1,1,1,0.44545
202,2,0,2,6,0,47,3,6,6,5,4,1,1,1,0.64943
202,2,0,2,6,0,48,4,6,6,6,4,1,1,1,0.5482
202,2,0,2,6,0,49,7,6,10,5,4,2,2,1,0.41758
202,2,0,2,6,0,50,12,6,14,6,4,2,2,1,0.49089
202,2,0,2,6,0,51,5,6,8,5,4,1,1,1,0.52726
202,2,0,2,6,0,52,4,6,6,6,4,1,1,1,0.48917
202,2,0,2,6,0,53,5,6,8,5,4,1,1,1,0.41262
202,2,0,2,6,0,54,9,6,12,5,4,2,2,1,0.35735
202,2,0,2,6,0,55,3,6,6,5,4,1,1,1,0.40715
202,2,0,2,6,0,56,12,6,14,6,4,2,2,1,0.42143
202,2,0,2,6,0,57,5,6,8,5,4,1,1,1,0.33606
202,2,0,2,6,0,58,3,6,6,5,4,1,1,1,1.1794
202,2,0,2,6,0,59,8,6,10,6,4,2,2,1,0.45425
202,2,0,2,6,0,60,11,6,14,5,4,2,2,1,0.59194
202,2,0,2,6,0,61,2,6,4,6,4,1,1,1,0.42859
202,2,0,2,6,0,62,1,6,4,5,4,1,1,1,0.54015
202,2,0,2,6,0,63,9,6,12,5,4,2,2,1,0.47193
202,2,0,2,6,0,64,10,6,12,6,4,2,2,1,0.55077
202,2,0,2,6,0,65,4,6,6,6,4,1,1,1,0.38681
202,2,0,2,6,0,66,2,6,4,6,4,1,1,1,0.43461
202,2,0,2,6,0,67,1,6,4,5,4,1,1,1,0.42401
202,2,0,2,6,0,68,11,6,14,5,4,2,2,1,0.49355
202,2,0,2,6,0,69,9,6,12,5,4,2,2,1,0.45986
202,2,0,2,6,0,70,12,6,14,6,4,2,2,1,0.62323
202,2,0,2,6,0,71,12,6,14,6,4,2,2,1,0.45098
202,2,0,2,6,0,72,10,6,12,6,4,2,2,1,0.33111
202,2,0,2,6,0,73,10,6,12,6,4,2,2,1,0.35197
202,2,0,2,6,0,74,10,6,12,6,4,2,2,1,0.49137
202,2,0,2,6,0,75,7,6,10,5,4,2,2,1,1.0196
202,2,0,2,6,0,76,10,6,12,6,4,2,2,1,0.32242
202,2,0,2,6,0,77,1,6,4,5,4,1,1,1,0.41478
202,2,0,2,6,0,78,6,6,8,6,4,1,1,1,0.60472
202,2,0,2,6,0,79,12,6,14,6,4,2,2,1,0.33176
202,2,0,2,6,0,80,8,6,10,6,4,2,2,1,0.61999
202,2,0,2,6,0,81,11,6,14,5,4,2,2,1,0.44327
202,2,0,2,6,0,82,1,6,4,5,4,1,1,1,0.35089
202,2,0,2,6,0,83,8,6,10,6,4,2,2,1,0.65115
202,2,0,2,6,0,84,4,6,6,6,4,1,1,1,0.47015
202,2,0,2,6,0,85,2,6,4,6,4,1,1,1,0.51244
202,2,0,2,6,0,86,4,6,6,6,4,1,1,1,0.55842
202,2,0,2,6,0,87,6,6,8,6,4,1,1,1,0.59467
202,2,0,2,6,0,88,4,6,6,6,4,1,1,1,0.44467
202,2,0,2,6,0,89,2,6,4,6,4,1,1,1,0.41058
202,2,0,2,6,0,90,3,6,6,5,4,1,1,1,0.35834
202,2,0,2,6,0,91,10,6,12,6,4,2,2,1,0.29731
202,2,0,2,6,0,92,1,6,4,5,4,1,1,1,0.39348
202,2,0,2,6,0,93,11,6,14,5,4,2,2,1,0.36757
202,2,0,2,6,0,94,4,6,6,6,4,1,1,1,0.38337
202,2,0,2,6,0,95,6,6,8,6,4,1,1,1,0.7668
202,2,0,2,6,0,96,8,6,10,6,4,2,2,1,0.38712
202,2,0,2,6,0,97,2,6,4,6,4,1,1,1,0.39673
202,2,0,2,6,0,98,2,6,4,6,4,1,1,1,0.51123
202,2,0,2,6,0,99,9,6,12,5,4,2,2,1,0.38158
202,2,0,2,6,0,100,5,6,8,5,4,1,1,1,0.55689
202,2,0,2,6,0,101,8,6,10,6,4,2,2,1,0.78803
202,2,0,2,6,0,102,11,6,14,5,4,2,2,1,0.47171
202,2,0,2,6,0,103,3,6,6,5,4,1,1,1,0.46555
202,2,0,2,6,0,104,1,6,4,5,4,1,1,1,0.64951
202,2,0,2,6,0,105,7,6,10,5,4,2,2,1,0.51378
202,2,0,2,6,0,106,10,6,12,6,4,2,2,1,0.49472
202,2,0,2,6,0,107,5,6,8,5,4,1,1,1,1.0649
202,2,0,2,6,0,108,6,6,8,6,4,1,1,1,0.49432
202,2,0,2,6,0,109,3,6,6,5,4,1,1,1,0.40748
202,2,0,2,6,0,110,7,6,10,5,4,2,2,1,0.31478
202,2,0,2,6,0,111,3,6,6,5,4,1,1,1,0.51314
202,2,0,2,6,0,112,6,6,8,6,4,1,1,1,0.63892
202,2,0,2,6,0,113,2,6,4,6,4,1,1,1,0.48633
202,2,0,2,6,0,114,4,6,6,6,4,1,1,1,0.3891
202,2,0,2,6,0,115,12,6,14,6,4,2,2,1,0.46162
202,2,0,2,6,0,116,9,6,12,5,4,2,2,1,0.594
202,2,0,2,6,0,117,6,6,8,6,4,1,1,1,0.46734
202,2,0,2,6,0,118,4,6,6,6,4,1,1,1,0.55618
202,2,0,2,6,0,119,9,6,12,5,4,2,2,1,0.43158
202,2,0,2,6,0,120,6,6,8,6,4,1,1,1,0.419
