205,2,5,3,1,1,1,60,4,1,1,1,0.42765
205,2,5,3,1,2,12,80,14,2,2,1,0.42407
205,2,5,3,1,3,10,80,12,2,2,1,0.35351
205,2,5,3,1,4,5,60,8,1,1,1,0.44536
205,2,5,3,1,5,8,80,10,2,1,0,0.35398
205,2,5,3,1,6,3,60,6,1,2,0,0.37245
205,2,5,3,1,7,3,60,6,1,1,1,0.4325
205,2,5,3,1,8,12,80,14,2,2,1,0.43923
205,2,5,3,1,9,3,60,6,1,1,1,0.61729
205,2,5,3,1,10,12,80,14,2,2,1,0.42083
205,2,5,3,1,11,1,60,4,1,1,1,0.50601
205,2,5,3,1,12,12,80,14,2,2,1,0.77345
205,2,5,3,1,13,1,60,4,1,1,1,1.0867
205,2,5,3,1,14,10,80,12,2,2,1,0.78835
205,2,5,3,1,15,8,80,10,2,2,1,0.51796
205,2,5,3,1,16,8,80,10,2,2,1,0.46593
205,2,5,3,1,17,10,80,12,2,2,1,0.31389
205,2,5,3,1,18,5,60,8,1,1,1,0.53229
205,2,5,3,1,19,3,60,6,1,1,1,0.4031
205,2,5,3,1,20,5,60,8,1,1,1,0.3936
205,2,5,3,1,21,1,60,4,1,1,1,0.30032
205,2,5,3,1,22,8,80,10,2,2,1,0.37984
205,2,5,3,1,23,10,80,12,2,2,1,0.50861
205,2,5,3,1,24,5,60,8,1,1,1,0.46596
205,2,5,3,0,1,10,80,12,2,2,1,0.41001
205,2,5,3,0,2,3,60,6,1,1,1,0.38631
205,2,5,3,0,3,5,60,8,1,1,1,0.45133
205,2,5,3,0,4,10,80,12,2,2,1,0.36315
205,2,5,3,0,5,12,80,14,2,2,1,0.33255
205,2,5,3,0,6,5,60,8,1,1,1,0.41364
205,2,5,3,0,7,1,60,4,1,1,1,0.30684
205,2,5,3,0,8,8,80,10,2,2,1,0.36918
205,2,5,3,0,9,1,60,4,1,1,1,0.37388
205,2,5,3,0,10,1,60,4,1,1,1,0.39779
205,2,5,3,0,11,5,60,8,1,1,1,0.47392
205,2,5,3,0,12,5,60,8,1,1,1,0.42597
205,2,5,3,0,13,8,80,10,2,1,0,0.52008
205,2,5,3,0,14,10,80,12,2,2,1,0.38169
205,2,5,3,0,15,3,60,6,1,1,1,0.54782
205,2,5,3,0,16,12,80,14,2,2,1,0.44169
205,2,5,3,0,17,10,80,12,2,2,1,0.41013
205,2,5,3,0,18,3,60,6,1,1,1,0.31874
205,2,5,3,0,19,12,80,14,2,1,0,0.38199
205,2,5,3,0,20,12,80,14,2,2,1,0.31142
205,2,5,3,0,21,1,60,4,1,1,1,0.38744
205,2,5,3,0,22,8,80,10,2,2,1,0.37382
205,2,5,3,0,23,3,60,6,1,1,1,0.3166
205,2,5,3,0,24,8,80,10,2,2,1,0.46061
205,2,5,3,0,25,3,60,6,1,1,1,0.40851
205,2,5,3,0,26,12,80,14,2,2,1,0.45863
205,2,5,3,0,27,8,80,10,2,2,1,0.48997
205,2,5,3,0,28,1,60,4,1,1,1,0.36511
205,2,5,3,0,29,5,60,8,1,2,0,0.47581
205,2,5,3,0,30,1,60,4,1,1,1,0.37222
205,2,5,3,0,31,12,80,14,2,2,1,0.42761
205,2,5,3,0,32,12,80,14,2,2,1,0.34265
205,2,5,3,0,33,5,60,8,1,1,1,0.3865
205,2,5,3,0,34,1,60,4,1,1,1,0.37112
205,2,5,3,0,35,12,80,14,2,2,1,0.39495
205,2,5,3,0,36,12,80,14,2,2,1,0.41477
205,2,5,3,0,37,5,60,8,1,1,1,0.4958
205,2,5,3,0,38,5,60,8,1,1,1,0.5753
205,2,5,3,0,39,1,60,4,1,1,1,0.34549
205,2,5,3,0,40,10,80,12,2,1,0,0.51331
205,2,5,3,0,41,5,60,8,1,1,1,0.38651
205,2,5,3,0,42,10,80,12,2,2,1,0.56718
205,2,5,3,0,43,8,80,10,2,1,0,0.51886
205,2,5,3,0,44,8,80,10,2,2,1,0.48511
205,2,5,3,0,45,5,60,8,1,1,1,0.51971
205,2,5,3,0,46,5,60,8,1,1,1,0.36966
205,2,5,3,0,47,10,80,12,2,2,1,0.41158
205,2,5,3,0,48,1,60,4,1,1,1,0.39601
205,2,5,3,0,49,3,60,6,1,1,1,0.29779
205,2,5,3,0,50,10,80,12,2,2,1,0.41764
205,2,5,3,0,51,8,80,10,2,2,1,0.43442
205,2,5,3,0,52,10,80,12,2,2,1,0.36959
205,2,5,3,0,53,5,60,8,1,1,1,0.50052
205,2,5,3,0,54,8,80,10,2,2,1,0.48616
205,2,5,3,0,55,12,80,14,2,2,1,0.37346
205,2,5,3,0,56,10,80,12,2,2,1,0.42248
205,2,5,3,0,57,10,80,12,2,2,1,0.36661
205,2,5,3,0,58,3,60,6,1,1,1,0.39051
205,2,5,3,0,59,3,60,6,1,1,1,0.37342
205,2,5,3,0,60,12,80,14,2,2,1,0.43758
205,2,5,3,0,61,5,60,8,1,1,1,0.35355
205,2,5,3,0,62,12,80,14,2,2,1,0.38453
205,2,5,3,0,63,10,80,12,2,2,1,0.44471
205,2,5,3,0,64,8,80,10,2,2,1,0.42589
205,2,5,3,0,65,1,60,4,1,1,1,0.42246
205,2,5,3,0,66,5,60,8,1,1,1,0.4752
205,2,5,3,0,67,1,60,4,1,1,1,0.34685
205,2,5,3,0,68,1,60,4,1,1,1,0.32001
205,2,5,3,0,69,5,60,8,1,1,1,0.62135
205,2,5,3,0,70,3,60,6,1,1,1,0.41031
205,2,5,3,0,71,5,60,8,1,1,1,0.41134
205,2,5,3,0,72,1,60,4,1,1,1,0.3577
205,2,5,3,0,73,8,80,10,2,2,1,0.445
205,2,5,3,0,74,1,60,4,1,1,1,0.35524
205,2,5,3,0,75,8,80,10,2,2,1,0.50772
205,2,5,3,0,76,3,60,6,1,1,1,0.35575
205,2,5,3,0,77,12,80,14,2,2,1,0.36213
205,2,5,3,0,78,10,80,12,2,2,1,0.43899
205,2,5,3,0,79,10,80,12,2,2,1,0.2797
205,2,5,3,0,80,8,80,10,2,2,1,0.30512
205,2,5,3,0,81,3,60,6,1,1,1,0.46397
205,2,5,3,0,82,10,80,12,2,2,1,0.45964
205,2,5,3,0,83,12,80,14,2,2,1,0.46566
205,2,5,3,0,84,12,80,14,2,2,1,0.32083
205,2,5,3,0,85,1,60,4,1,1,1,0.35184
205,2,5,3,0,86,3,60,6,1,1,1,0.33235
205,2,5,3,0,87,8,80,10,2,2,1,0.51761
205,2,5,3,0,88,5,60,8,1,1,1,0.528
205,2,5,3,0,89,8,80,10,2,2,1,0.48116
205,2,5,3,0,90,12,80,14,2,2,1,0.40377
205,2,5,3,0,91,8,80,10,2,2,1,0.50565
205,2,5,3,0,92,8,80,10,2,2,1,0.4128
205,2,5,3,0,93,1,60,4,1,1,1,0.38257
205,2,5,3,0,94,1,60,4,1,1,1,0.36157
205,2,5,3,0,95,3,60,6,1,1,1,0.46254
205,2,5,3,0,96,5,60,8,1,1,1,0.63057
205,2,5,3,0,97,3,60,6,1,1,1,0.33255
205,2,5,3,0,98,3,60,6,1,1,1,0.36562
205,2,5,3,0,99,8,80,10,2,2,1,0.48945
205,2,5,3,0,100,12,80,14,2,2,1,0.37614
205,2,5,3,0,101,3,60,6,1,1,1,0.408
205,2,5,3,0,102,10,80,12,2,2,1,0.52101
205,2,5,3,0,103,12,80,14,2,2,1,0.37515
205,2,5,3,0,104,3,60,6,1,1,1,0.40999
205,2,5,3,0,105,3,60,6,1,1,1,0.35072
205,2,5,3,0,106,1,60,4,1,1,1,0.30942
205,2,5,3,0,107,3,60,6,1,1,1,0.30277
205,2,5,3,0,108,1,60,4,1,1,1,0.29543
205,2,5,3,0,109,8,80,10,2,2,1,0.39064
205,2,5,3,0,110,5,60,8,1,2,0,0.58455
205,2,5,3,0,111,3,60,6,1,1,1,0.33943
205,2,5,3,0,112,10,80,12,2,2,1,0.38048
205,2,5,3,0,113,5,60,8,1,1,1,0.67715
205,2,5,3,0,114,12,80,14,2,2,1,0.37841
205,2,5,3,0,115,12,80,14,2,2,1,0.40358
205,2,5,3,0,116,10,80,12,2,2,1,0.35265
205,2,5,3,0,117,10,80,12,2,2,1,0.27478
205,2,5,3,0,118,1,60,4,1,1,1,0.32329
205,2,5,3,0,119,10,80,12,2,2,1,0.36804
205,2,5,3,0,120,8,80,10,2,2,1,0.47913
205,2,5,4,1,1,7,60,10,2,2,1,0.40442
205,2,5,4,1,2,6,80,8,1,1,1,0.40612
205,2,5,4,1,3,7,60,10,2,1,0,0.48408
205,2,5,4,1,4,2,80,4,1,1,1,0.34371
205,2,5,4,1,5,6,80,8,1,1,1,0.51351
205,2,5,4,1,6,6,80,8,1,1,1,0.29151
205,2,5,4,1,7,2,80,4,1,1,1,0.28832
205,2,5,4,1,8,2,80,4,1,1,1,0.34515
205,2,5,4,1,9,9,60,12,2,2,1,0.39916
205,2,5,4,1,10,11,60,14,2,2,1,0.34072
205,2,5,4,1,11,4,80,6,1,1,1,0.39179
205,2,5,4,1,12,7,60,10,2,2,1,0.40029
205,2,5,4,1,13,7,60,10,2,2,1,0.31826
205,2,5,4,1,14,11,60,14,2,2,1,0.3083
205,2,5,4,1,15,9,60,12,2,2,1,0.31954
205,2,5,4,1,16,9,60,12,2,2,1,0.27393
205,2,5,4,1,17,11,60,14,2,2,1,0.34237
205,2,5,4,1,18,4,80,6,1,1,1,0.40808
205,2,5,4,1,19,11,60,14,2,2,1,0.3842
205,2,5,4,1,20,4,80,6,1,1,1,0.35387
205,2,5,4,1,21,2,80,4,1,1,1,0.37234
205,2,5,4,1,22,9,60,12,2,2,1,0.35975
205,2,5,4,1,23,6,80,8,1,2,0,0.41142
205,2,5,4,1,24,4,80,6,1,1,1,0.30759
205,2,5,4,0,1,11,60,14,2,2,1,0.33159
205,2,5,4,0,2,7,60,10,2,2,1,0.43599
205,2,5,4,0,3,11,60,14,2,2,1,0.26331
205,2,5,4,0,4,4,80,6,1,1,1,0.34794
205,2,5,4,0,5,7,60,10,2,2,1,0.47044
205,2,5,4,0,6,11,60,14,2,2,1,0.33262
205,2,5,4,0,7,2,80,4,1,1,1,0.30607
205,2,5,4,0,8,7,60,10,2,2,1,0.55945
205,2,5,4,0,9,9,60,12,2,2,1,0.36937
205,2,5,4,0,10,11,60,14,2,2,1,0.30369
205,2,5,4,0,11,2,80,4,1,1,1,0.33747
205,2,5,4,0,12,6,80,8,1,1,1,0.40291
205,2,5,4,0,13,2,80,4,1,1,1,0.32763
205,2,5,4,0,14,6,80,8,1,1,1,0.42913
205,2,5,4,0,15,4,80,6,1,1,1,0.34542
205,2,5,4,0,16,7,60,10,2,2,1,0.41173
205,2,5,4,0,17,9,60,12,2,2,1,0.49562
205,2,5,4,0,18,4,80,6,1,1,1,0.38319
205,2,5,4,0,19,7,60,10,2,2,1,0.38485
205,2,5,4,0,20,11,60,14,2,2,1,0.42084
205,2,5,4,0,21,7,60,10,2,2,1,0.30255
205,2,5,4,0,22,9,60,12,2,2,1,0.28543
205,2,5,4,0,23,7,60,10,2,2,1,0.297
205,2,5,4,0,24,7,60,10,2,2,1,0.31487
205,2,5,4,0,25,2,80,4,1,1,1,0.32804
205,2,5,4,0,26,11,60,14,2,2,1,0.35378
205,2,5,4,0,27,11,60,14,2,2,1,0.38834
205,2,5,4,0,28,11,60,14,2,2,1,0.29423
205,2,5,4,0,29,7,60,10,2,2,1,0.4188
205,2,5,4,0,30,6,80,8,1,2,0,0.26793
205,2,5,4,0,31,4,80,6,1,1,1,0.41995
205,2,5,4,0,32,7,60,10,2,2,1,0.42836
205,2,5,4,0,33,2,80,4,1,1,1,0.31537
205,2,5,4,0,34,6,80,8,1,1,1,0.39825
205,2,5,4,0,35,6,80,8,1,2,0,0.35059
205,2,5,4,0,36,6,80,8,1,1,1,0.40025
205,2,5,4,0,37,11,60,14,2,2,1,0.40854
205,2,5,4,0,38,11,60,14,2,2,1,0.65413
205,2,5,4,0,39,4,80,6,1,1,1,0.41337
205,2,5,4,0,40,7,60,10,2,2,1,0.52175
205,2,5,4,0,41,6,80,8,1,1,1,0.42837
205,2,5,4,0,42,7,60,10,2,1,0,0.44739
205,2,5,4,0,43,11,60,14,2,2,1,0.39261
205,2,5,4,0,44,7,60,10,2,2,1,0.40966
205,2,5,4,0,45,6,80,8,1,2,0,0.32459
205,2,5,4,0,46,4,80,6,1,1,1,0.57964
205,2,5,4,0,47,7,60,10,2,2,1,0.44286
205,2,5,4,0,48,4,80,6,1,1,1,0.32279
205,2,5,4,0,49,9,60,12,2,2,1,0.43691
205,2,5,4,0,50,9,60,12,2,2,1,0.33217
205,2,5,4,0,51,4,80,6,1,1,1,0.42472
205,2,5,4,0,52,4,80,6,1,1,1,0.56164
205,2,5,4,0,53,9,60,12,2,2,1,0.48459
205,2,5,4,0,54,2,80,4,1,1,1,0.31806
205,2,5,4,0,55,7,60,10,2,2,1,0.47942
205,2,5,4,0,56,6,80,8,1,1,1,0.53857
205,2,5,4,0,57,7,60,10,2,1,0,0.36127
205,2,5,4,0,58,6,80,8,1,1,1,0.61592
205,2,5,4,0,59,11,60,14,2,2,1,0.43476
205,2,5,4,0,60,9,60,12,2,2,1,0.37867
205,2,5,4,0,61,2,80,4,1,1,1,0.45223
205,2,5,4,0,62,2,80,4,1,1,1,0.4
205,2,5,4,0,63,11,60,14,2,2,1,0.4742
205,2,5,4,0,64,2,80,4,1,1,1,0.42891
205,2,5,4,0,65,6,80,8,1,2,0,0.69568
205,2,5,4,0,66,9,60,12,2,2,1,0.50562
205,2,5,4,0,67,6,80,8,1,1,1,0.4237
205,2,5,4,0,68,11,60,14,2,1,0,0.32858
205,2,5,4,0,69,6,80,8,1,2,0,0.63672
205,2,5,4,0,70,11,60,14,2,2,1,0.48942
205,2,5,4,0,71,9,60,12,2,2,1,0.41338
205,2,5,4,0,72,4,80,6,1,1,1,0.41319
205,2,5,4,0,73,2,80,4,1,1,1,0.38562
205,2,5,4,0,74,6,80,8,1,1,1,0.48924
205,2,5,4,0,75,9,60,12,2,2,1,0.40743
205,2,5,4,0,76,4,80,6,1,1,1,0.45544
205,2,5,4,0,77,9,60,12,2,2,1,0.42147
205,2,5,4,0,78,2,80,4,1,1,1,0.35044
205,2,5,4,0,79,9,60,12,2,2,1,0.36471
205,2,5,4,0,80,11,60,14,2,2,1,0.36602
205,2,5,4,0,81,11,60,14,2,2,1,0.45804
205,2,5,4,0,82,4,80,6,1,1,1,0.43839
205,2,5,4,0,83,2,80,4,1,1,1,0.39411
205,2,5,4,0,84,6,80,8,1,1,1,0.47462
205,2,5,4,0,85,6,80,8,1,1,1,0.63423
205,2,5,4,0,86,2,80,4,1,1,1,0.38018
205,2,5,4,0,87,2,80,4,1,1,1,0.30799
205,2,5,4,0,88,9,60,12,2,2,1,0.45377
205,2,5,4,0,89,4,80,6,1,1,1,0.38306
205,2,5,4,0,90,2,80,4,1,1,1,0.38623
205,2,5,4,0,91,4,80,6,1,1,1,0.33501
205,2,5,4,0,92,6,80,8,1,1,1,0.43153
205,2,5,4,0,93,2,80,4,1,1,1,0.31104
205,2,5,4,0,94,9,60,12,2,2,1,0.40966
205,2,5,4,0,95,2,80,4,1,1,1,0.42553
205,2,5,4,0,96,9,60,12,2,2,1,0.37157
205,2,5,4,0,97,4,80,6,1,1,1,0.41685
205,2,5,4,0,98,6,80,8,1,1,1,0.40817
205,2,5,4,0,99,2,80,4,1,1,1,0.37199
205,2,5,4,0,100,9,60,12,2,2,1,0.39601
205,2,5,4,0,101,11,60,14,2,2,1,0.40843
205,2,5,4,0,102,2,80,4,1,1,1,0.36321
205,2,5,4,0,103,9,60,12,2,2,1,0.3845
205,2,5,4,0,104,11,60,14,2,2,1,0.32072
205,2,5,4,0,105,4,80,6,1,1,1,0.42392
205,2,5,4,0,106,7,60,10,2,2,1,0.39646
205,2,5,4,0,107,9,60,12,2,2,1,0.41102
205,2,5,4,0,108,4,80,6,1,1,1,0.41685
205,2,5,4,0,109,7,60,10,2,2,1,0.66943
205,2,5,4,0,110,9,60,12,2,2,1,0.33788
205,2,5,4,0,111,4,80,6,1,1,1,0.3501
205,2,5,4,0,112,6,80,8,1,1,1,0.3732
205,2,5,4,0,113,7,60,10,2,2,1,0.44676
205,2,5,4,0,114,7,60,10,2,2,1,0.4097
205,2,5,4,0,115,6,80,8,1,2,0,0.49031
205,2,5,4,0,116,2,80,4,1,1,1,0.36494
205,2,5,4,0,117,4,80,6,1,1,1,0.44011
205,2,5,4,0,118,4,80,6,1,1,1,0.42644
205,2,5,4,0,119,9,60,12,2,2,1,0.41465
205,2,5,4,0,120,11,60,14,2,2,1,0.33215
205,2,5,2,1,1,12,80,14,2,2,1,0.39105
205,2,5,2,1,2,10,80,12,2,2,1,0.49323
205,2,5,2,1,3,4,80,6,1,1,1,0.27101
205,2,5,2,1,4,12,80,14,2,2,1,0.32641
205,2,5,2,1,5,4,80,6,1,1,1,0.43015
205,2,5,2,1,6,10,80,12,2,2,1,0.42911
205,2,5,2,1,7,2,80,4,1,1,1,0.41755
205,2,5,2,1,8,8,80,10,2,2,1,0.44763
205,2,5,2,1,9,8,80,10,2,2,1,0.403
205,2,5,2,1,10,2,80,4,1,1,1,0.33929
205,2,5,2,1,11,6,80,8,1,1,1,0.33966
205,2,5,2,1,12,10,80,12,2,2,1,0.5291
205,2,5,2,1,13,6,80,8,1,1,1,0.46936
205,2,5,2,1,14,6,80,8,1,2,0,0.48166
205,2,5,2,1,15,12,80,14,2,2,1,0.48104
205,2,5,2,1,16,4,80,6,1,1,1,0.3261
205,2,5,2,1,17,2,80,4,1,1,1,0.48536
205,2,5,2,1,18,6,80,8,1,1,1,0.41852
205,2,5,2,1,19,2,80,4,1,1,1,0.29986
205,2,5,2,1,20,10,80,12,2,2,1,0.79467
205,2,5,2,1,21,8,80,10,2,2,1,0.63481
205,2,5,2,1,22,12,80,14,2,2,1,0.34628
205,2,5,2,1,23,8,80,10,2,2,1,0.3096
205,2,5,2,1,24,4,80,6,1,1,1,0.54311
205,2,5,2,0,1,12,80,14,2,2,1,0.37488
205,2,5,2,0,2,2,80,4,1,1,1,0.32514
205,2,5,2,0,3,12,80,14,2,2,1,0.37635
205,2,5,2,0,4,2,80,4,1,1,1,0.33175
205,2,5,2,0,5,4,80,6,1,1,1,0.46552
205,2,5,2,0,6,10,80,12,2,2,1,0.37615
205,2,5,2,0,7,8,80,10,2,2,1,0.39101
205,2,5,2,0,8,8,80,10,2,2,1,0.32003
205,2,5,2,0,9,4,80,6,1,1,1,0.41015
205,2,5,2,0,10,2,80,4,1,1,1,0.34373
205,2,5,2,0,11,4,80,6,1,1,1,0.31583
205,2,5,2,0,12,10,80,12,2,2,1,0.36331
205,2,5,2,0,13,2,80,4,1,1,1,0.33141
205,2,5,2,0,14,8,80,10,2,2,1,0.47264
205,2,5,2,0,15,10,80,12,2,2,1,0.44513
205,2,5,2,0,16,4,80,6,1,1,1,0.32393
205,2,5,2,0,17,10,80,12,2,2,1,0.37539
205,2,5,2,0,18,6,80,8,1,1,1,0.46584
205,2,5,2,0,19,10,80,12,2,1,0,0.33231
205,2,5,2,0,20,12,80,14,2,2,1,0.34946
205,2,5,2,0,21,12,80,14,2,2,1,0.35841
205,2,5,2,0,22,10,80,12,2,2,1,0.48587
205,2,5,2,0,23,2,80,4,1,1,1,0.29601
205,2,5,2,0,24,2,80,4,1,1,1,0.42443
205,2,5,2,0,25,10,80,12,2,2,1,0.3813
205,2,5,2,0,26,10,80,12,2,2,1,0.39243
205,2,5,2,0,27,2,80,4,1,1,1,0.38279
205,2,5,2,0,28,4,80,6,1,1,1,0.422
205,2,5,2,0,29,8,80,10,2,2,1,0.39336
205,2,5,2,0,30,10,80,12,2,2,1,0.34268
205,2,5,2,0,31,6,80,8,1,2,0,0.49356
205,2,5,2,0,32,6,80,8,1,1,1,0.61374
205,2,5,2,0,33,10,80,12,2,2,1,0.55491
205,2,5,2,0,34,8,80,10,2,2,1,0.33237
205,2,5,2,0,35,2,80,4,1,1,1,0.39996
205,2,5,2,0,36,12,80,14,2,2,1,0.40262
205,2,5,2,0,37,4,80,6,1,1,1,0.62179
205,2,5,2,0,38,8,80,10,2,2,1,0.43753
205,2,5,2,0,39,6,80,8,1,1,1,0.50923
205,2,5,2,0,40,12,80,14,2,2,1,0.34442
205,2,5,2,0,41,6,80,8,1,1,1,0.45855
205,2,5,2,0,42,12,80,14,2,2,1,0.36076
205,2,5,2,0,43,2,80,4,1,1,1,0.46571
205,2,5,2,0,44,12,80,14,2,2,1,0.42111
205,2,5,2,0,45,2,80,4,1,1,1,0.42743
205,2,5,2,0,46,2,80,4,1,1,1,0.4009
205,2,5,2,0,47,6,80,8,1,1,1,0.41176
205,2,5,2,0,48,6,80,8,1,1,1,0.39482
205,2,5,2,0,49,2,80,4,1,1,1,0.3196
205,2,5,2,0,50,4,80,6,1,1,1,0.37473
205,2,5,2,0,51,10,80,12,2,2,1,0.31123
205,2,5,2,0,52,12,80,14,2,2,1,0.34534
205,2,5,2,0,53,8,80,10,2,2,1,0.37218
205,2,5,2,0,54,6,80,8,1,2,0,0.29055
205,2,5,2,0,55,6,80,8,1,1,1,0.35593
205,2,5,2,0,56,8,80,10,2,2,1,0.51645
205,2,5,2,0,57,12,80,14,2,2,1,0.39184
205,2,5,2,0,58,8,80,10,2,1,0,0.42568
205,2,5,2,0,59,12,80,14,2,2,1,0.35042
205,2,5,2,0,60,12,80,14,2,2,1,0.34986
205,2,5,2,0,61,4,80,6,1,1,1,0.52956
205,2,5,2,0,62,10,80,12,2,2,1,0.42513
205,2,5,2,0,63,12,80,14,2,2,1,0.31758
205,2,5,2,0,64,12,80,14,2,2,1,0.30853
205,2,5,2,0,65,10,80,12,2,2,1,0.23382
205,2,5,2,0,66,2,80,4,1,1,1,0.33127
205,2,5,2,0,67,4,80,6,1,1,1,0.37224
205,2,5,2,0,68,6,80,8,1,1,1,0.69912
205,2,5,2,0,69,8,80,10,2,2,1,0.4668
205,2,5,2,0,70,2,80,4,1,1,1,0.3746
205,2,5,2,0,71,2,80,4,1,1,1,0.35951
205,2,5,2,0,72,2,80,4,1,1,1,0.32932
205,2,5,2,0,73,10,80,12,2,2,1,0.3967
205,2,5,2,0,74,4,80,6,1,1,1,0.33375
205,2,5,2,0,75,4,80,6,1,1,1,0.37885
205,2,5,2,0,76,2,80,4,1,1,1,0.29468
205,2,5,2,0,77,8,80,10,2,2,1,0.45059
205,2,5,2,0,78,4,80,6,1,1,1,0.37853
205,2,5,2,0,79,10,80,12,2,2,1,0.44355
205,2,5,2,0,80,8,80,10,2,2,1,0.45226
205,2,5,2,0,81,2,80,4,1,1,1,0.40126
205,2,5,2,0,82,12,80,14,2,2,1,0.42256
205,2,5,2,0,83,6,80,8,1,1,1,0.53839
205,2,5,2,0,84,2,80,4,1,1,1,0.38726
205,2,5,2,0,85,6,80,8,1,2,0,0.47177
205,2,5,2,0,86,2,80,4,1,1,1,0.47259
205,2,5,2,0,87,4,80,6,1,1,1,0.34827
205,2,5,2,0,88,12,80,14,2,2,1,0.42954
205,2,5,2,0,89,12,80,14,2,2,1,0.42232
205,2,5,2,0,90,8,80,10,2,2,1,0.40828
205,2,5,2,0,91,10,80,12,2,2,1,0.32617
205,2,5,2,0,92,4,80,6,1,1,1,0.47675
205,2,5,2,0,93,6,80,8,1,1,1,0.44895
205,2,5,2,0,94,12,80,14,2,2,1,0.49861
205,2,5,2,0,95,6,80,8,1,1,1,0.4045
205,2,5,2,0,96,4,80,6,1,1,1,0.47016
205,2,5,2,0,97,4,80,6,1,1,1,0.47339
205,2,5,2,0,98,4,80,6,1,1,1,0.33651
205,2,5,2,0,99,6,80,8,1,1,1,0.52859
205,2,5,2,0,100,10,80,12,2,2,1,0.56926
205,2,5,2,0,101,4,80,6,1,1,1,0.31122
205,2,5,2,0,102,10,80,12,2,2,1,0.40183
205,2,5,2,0,103,8,80,10,2,2,1,0.62962
205,2,5,2,0,104,6,80,8,1,1,1,0.89881
205,2,5,2,0,105,10,80,12,2,2,1,0.42099
205,2,5,2,0,106,8,80,10,2,2,1,0.7069
205,2,5,2,0,107,4,80,6,1,1,1,0.44755
205,2,5,2,0,108,8,80,10,2,2,1,0.44953
205,2,5,2,0,109,6,80,8,1,1,1,0.64088
205,2,5,2,0,110,4,80,6,1,1,1,0.38038
205,2,5,2,0,111,10,80,12,2,2,1,0.47041
205,2,5,2,0,112,6,80,8,1,1,1,0.48356
205,2,5,2,0,113,6,80,8,1,1,1,0.44235
205,2,5,2,0,114,6,80,8,1,1,1,0.40665
205,2,5,2,0,115,12,80,14,2,2,1,0.46267
205,2,5,2,0,116,12,80,14,2,2,1,0.43636
205,2,5,2,0,117,8,80,10,2,2,1,0.74738
205,2,5,2,0,118,8,80,10,2,2,1,0.3303
205,2,5,2,0,119,8,80,10,2,2,1,0.40632
205,2,5,2,0,120,8,80,10,2,2,1,0.32156
205,2,5,1,1,1,11,60,14,2,2,1,0.54885
205,2,5,1,1,2,7,60,10,2,2,1,0.45771
205,2,5,1,1,3,11,60,14,2,2,1,0.40856
205,2,5,1,1,4,7,60,10,2,2,1,0.65328
205,2,5,1,1,5,5,60,8,1,1,1,0.56727
205,2,5,1,1,6,9,60,12,2,2,1,0.50459
205,2,5,1,1,7,9,60,12,2,2,1,0.44764
205,2,5,1,1,8,9,60,12,2,2,1,0.42799
205,2,5,1,1,9,1,60,4,1,1,1,0.44057
205,2,5,1,1,10,1,60,4,1,1,1,0.36078
205,2,5,1,1,11,3,60,6,1,1,1,0.30562
205,2,5,1,1,12,3,60,6,1,1,1,0.33804
205,2,5,1,1,13,1,60,4,1,1,1,0.42249
205,2,5,1,1,14,9,60,12,2,2,1,0.3459
205,2,5,1,1,15,7,60,10,2,2,1,0.48247
205,2,5,1,1,16,5,60,8,1,2,0,0.60231
205,2,5,1,1,17,3,60,6,1,1,1,0.39493
205,2,5,1,1,18,5,60,8,1,1,1,0.36778
205,2,5,1,1,19,11,60,14,2,2,1,0.44861
205,2,5,1,1,20,7,60,10,2,2,1,0.62578
205,2,5,1,1,21,5,60,8,1,2,0,0.55674
205,2,5,1,1,22,3,60,6,1,1,1,0.39861
205,2,5,1,1,23,11,60,14,2,2,1,0.44778
205,2,5,1,1,24,1,60,4,1,1,1,0.79862
205,2,5,1,0,1,9,60,12,2,2,1,0.45945
205,2,5,1,0,2,1,60,4,1,1,1,0.348
205,2,5,1,0,3,1,60,4,1,1,1,0.3212
205,2,5,1,0,4,11,60,14,2,2,1,0.3626
205,2,5,1,0,5,9,60,12,2,2,1,0.2995
205,2,5,1,0,6,7,60,10,2,2,1,0.26224
205,2,5,1,0,7,9,60,12,2,2,1,0.30444
205,2,5,1,0,8,9,60,12,2,2,1,0.2791
205,2,5,1,0,9,5,60,8,1,2,0,0.43314
205,2,5,1,0,10,11,60,14,2,2,1,0.44705
205,2,5,1,0,11,9,60,12,2,2,1,0.45964
205,2,5,1,0,12,5,60,8,1,1,1,0.45462
205,2,5,1,0,13,1,60,4,1,1,1,0.3424
205,2,5,1,0,14,1,60,4,1,1,1,0.38081
205,2,5,1,0,15,11,60,14,2,2,1,0.42981
205,2,5,1,0,16,3,60,6,1,1,1,0.369
205,2,5,1,0,17,1,60,4,1,1,1,0.41551
205,2,5,1,0,18,7,60,10,2,2,1,0.41145
205,2,5,1,0,19,1,60,4,1,1,1,0.30866
205,2,5,1,0,20,1,60,4,1,2,0,0.34062
205,2,5,1,0,21,1,60,4,1,1,1,0.38853
205,2,5,1,0,22,7,60,10,2,2,1,0.46357
205,2,5,1,0,23,7,60,10,2,2,1,0.39356
205,2,5,1,0,24,5,60,8,1,2,0,0.32502
205,2,5,1,0,25,9,60,12,2,1,0,0.49339
205,2,5,1,0,26,3,60,6,1,1,1,0.39671
205,2,5,1,0,27,3,60,6,1,1,1,0.39481
205,2,5,1,0,28,3,60,6,1,1,1,0.32209
205,2,5,1,0,29,9,60,12,2,2,1,0.46288
205,2,5,1,0,30,5,60,8,1,1,1,0.49012
205,2,5,1,0,31,1,60,4,1,1,1,0.41095
205,2,5,1,0,32,1,60,4,1,1,1,0.34047
205,2,5,1,0,33,1,60,4,1,1,1,0.33965
205,2,5,1,0,34,5,60,8,1,1,1,0.79193
205,2,5,1,0,35,7,60,10,2,2,1,0.46856
205,2,5,1,0,36,3,60,6,1,1,1,0.40026
205,2,5,1,0,37,9,60,12,2,2,1,0.36715
205,2,5,1,0,38,1,60,4,1,1,1,0.40716
205,2,5,1,0,39,11,60,14,2,2,1,0.47611
205,2,5,1,0,40,3,60,6,1,1,1,0.40853
205,2,5,1,0,41,7,60,10,2,2,1,0.43829
205,2,5,1,0,42,7,60,10,2,2,1,0.60495
205,2,5,1,0,43,9,60,12,2,2,1,0.49828
205,2,5,1,0,44,5,60,8,1,2,0,0.51788
205,2,5,1,0,45,11,60,14,2,2,1,0.52519
205,2,5,1,0,46,11,60,14,2,2,1,0.34831
205,2,5,1,0,47,5,60,8,1,1,1,0.56722
205,2,5,1,0,48,7,60,10,2,2,1,0.82162
205,2,5,1,0,49,11,60,14,2,2,1,0.55766
205,2,5,1,0,50,1,60,4,1,1,1,0.43837
205,2,5,1,0,51,9,60,12,2,2,1,0.42384
205,2,5,1,0,52,7,60,10,2,2,1,0.37564
205,2,5,1,0,53,5,60,8,1,1,1,0.4695
205,2,5,1,0,54,5,60,8,1,1,1,0.43174
205,2,5,1,0,55,3,60,6,1,1,1,0.38115
205,2,5,1,0,56,11,60,14,2,2,1,0.39143
205,2,5,1,0,57,7,60,10,2,2,1,0.74721
205,2,5,1,0,58,11,60,14,2,2,1,0.3469
205,2,5,1,0,59,11,60,14,2,2,1,0.3523
205,2,5,1,0,60,11,60,14,2,2,1,0.33363
205,2,5,1,0,61,5,60,8,1,1,1,0.48138
205,2,5,1,0,62,9,60,12,2,2,1,0.43944
205,2,5,1,0,63,1,60,4,1,1,1,0.50138
205,2,5,1,0,64,11,60,14,2,2,1,0.44495
205,2,5,1,0,65,5,60,8,1,1,1,0.46171
205,2,5,1,0,66,11,60,14,2,2,1,0.50474
205,2,5,1,0,67,5,60,8,1,1,1,0.53605
205,2,5,1,0,68,5,60,8,1,1,1,0.46651
205,2,5,1,0,69,3,60,6,1,1,1,0.55304
205,2,5,1,0,70,7,60,10,2,2,1,0.66833
205,2,5,1,0,71,3,60,6,1,1,1,0.42926
205,2,5,1,0,72,7,60,10,2,2,1,0.34957
205,2,5,1,0,73,1,60,4,1,1,1,0.40273
205,2,5,1,0,74,7,60,10,2,1,0,0.38337
205,2,5,1,0,75,9,60,12,2,2,1,0.49618
205,2,5,1,0,76,1,60,4,1,1,1,0.42364
205,2,5,1,0,77,5,60,8,1,1,1,0.69832
205,2,5,1,0,78,11,60,14,2,2,1,0.38327
205,2,5,1,0,79,5,60,8,1,1,1,0.46323
205,2,5,1,0,80,3,60,6,1,1,1,0.41807
205,2,5,1,0,81,3,60,6,1,1,1,0.36946
205,2,5,1,0,82,5,60,8,1,1,1,0.48062
205,2,5,1,0,83,9,60,12,2,2,1,0.47253
205,2,5,1,0,84,11,60,14,2,2,1,0.49192
205,2,5,1,0,85,11,60,14,2,2,1,0.41537
205,2,5,1,0,86,3,60,6,1,1,1,0.41386
205,2,5,1,0,87,3,60,6,1,1,1,0.33472
205,2,5,1,0,88,3,60,6,1,1,1,0.40155
205,2,5,1,0,89,1,60,4,1,1,1,0.28345
205,2,5,1,0,90,9,60,12,2,2,1,0.47632
205,2,5,1,0,91,7,60,10,2,2,1,0.43116
205,2,5,1,0,92,7,60,10,2,2,1,0.36154
205,2,5,1,0,93,3,60,6,1,1,1,0.46561
205,2,5,1,0,94,9,60,12,2,2,1,0.41402
205,2,5,1,0,95,11,60,14,2,2,1,0.40806
205,2,5,1,0,96,1,60,4,1,1,1,0.3989
205,2,5,1,0,97,3,60,6,1,1,1,0.4207
205,2,5,1,0,98,5,60,8,1,1,1,0.76077
205,2,5,1,0,99,9,60,12,2,2,1,0.55407
205,2,5,1,0,100,11,60,14,2,2,1,0.49755
205,2,5,1,0,101,7,60,10,2,2,1,0.52565
205,2,5,1,0,102,9,60,12,2,2,1,0.45402
205,2,5,1,0,103,1,60,4,1,1,1,0.45576
205,2,5,1,0,104,5,60,8,1,1,1,0.62155
205,2,5,1,0,105,9,60,12,2,2,1,0.46223
205,2,5,1,0,106,3,60,6,1,1,1,0.48612
205,2,5,1,0,107,7,60,10,2,2,1,0.44901
205,2,5,1,0,108,11,60,14,2,2,1,0.41553
205,2,5,1,0,109,3,60,6,1,1,1,0.40717
205,2,5,1,0,110,7,60,10,2,2,1,0.41025
205,2,5,1,0,111,1,60,4,1,1,1,0.35615
205,2,5,1,0,112,3,60,6,1,1,1,0.31613
205,2,5,1,0,113,3,60,6,1,1,1,0.29885
205,2,5,1,0,114,9,60,12,2,2,1,0.40475
205,2,5,1,0,115,5,60,8,1,1,1,0.36887
205,2,5,1,0,116,7,60,10,2,2,1,0.54935
205,2,5,1,0,117,11,60,14,2,1,0,0.46403
205,2,5,1,0,118,7,60,10,2,2,1,0.46835
205,2,5,1,0,119,9,60,12,2,2,1,0.3419
205,2,5,1,0,120,5,60,8,1,1,1,0.41916
205,2,5,5,1,1,7,60,10,2,2,1,0.44374
205,2,5,5,1,2,8,80,10,2,2,1,0.3786
205,2,5,5,1,3,1,60,4,1,1,1,0.43434
205,2,5,5,1,4,10,80,12,2,2,1,0.44446
205,2,5,5,1,5,4,80,6,1,1,1,0.442
205,2,5,5,1,6,9,60,12,2,2,1,0.38736
205,2,5,5,1,7,2,80,4,1,1,1,0.41767
205,2,5,5,1,8,9,60,12,2,1,0,0.31357
205,2,5,5,1,9,6,80,8,1,1,1,0.47953
205,2,5,5,1,10,11,60,14,2,2,1,0.43054
205,2,5,5,1,11,1,60,4,1,1,1,0.509
205,2,5,5,1,12,2,80,4,1,1,1,0.42554
205,2,5,5,1,13,8,80,10,2,2,1,0.41579
205,2,5,5,1,14,5,60,8,1,1,1,0.48724
205,2,5,5,1,15,3,60,6,1,1,1,0.37318
205,2,5,5,1,16,12,80,14,2,2,1,0.57747
205,2,5,5,1,17,7,60,10,2,2,1,0.61459
205,2,5,5,1,18,10,80,12,2,2,1,0.40252
205,2,5,5,1,19,12,80,14,2,2,1,0.34396
205,2,5,5,1,20,5,60,8,1,2,0,0.81149
205,2,5,5,1,21,6,80,8,1,1,1,0.60046
205,2,5,5,1,22,4,80,6,1,1,1,0.36657
205,2,5,5,1,23,11,60,14,2,2,1,0.50031
205,2,5,5,1,24,3,60,6,1,1,1,0.59545
205,2,5,5,0,1,2,80,4,1,1,1,0.45873
205,2,5,5,0,2,12,80,14,2,2,1,0.35923
205,2,5,5,0,3,9,60,12,2,2,1,0.31707
205,2,5,5,0,4,2,80,4,1,1,1,0.30135
205,2,5,5,0,5,8,80,10,2,2,1,0.32813
205,2,5,5,0,6,1,60,4,1,1,1,0.3685
205,2,5,5,0,7,3,60,6,1,1,1,0.42873
205,2,5,5,0,8,9,60,12,2,2,1,0.43712
205,2,5,5,0,9,11,60,14,2,2,1,0.35207
205,2,5,5,0,10,12,80,14,2,2,1,0.29486
205,2,5,5,0,11,11,60,14,2,2,1,0.36082
205,2,5,5,0,12,6,80,8,1,1,1,0.42382
205,2,5,5,0,13,4,80,6,1,1,1,0.33513
205,2,5,5,0,14,10,80,12,2,2,1,0.3923
205,2,5,5,0,15,8,80,10,2,2,1,0.31283
205,2,5,5,0,16,3,60,6,1,1,1,0.38027
205,2,5,5,0,17,10,80,12,2,2,1,0.37073
205,2,5,5,0,18,7,60,10,2,2,1,0.35781
205,2,5,5,0,19,1,60,4,1,1,1,0.41626
205,2,5,5,0,20,4,80,6,1,1,1,0.34844
205,2,5,5,0,21,9,60,12,2,2,1,0.34203
205,2,5,5,0,22,7,60,10,2,1,0,0.3226
205,2,5,5,0,23,8,80,10,2,2,1,0.34143
205,2,5,5,0,24,8,80,10,2,2,1,0.33924
205,2,5,5,0,25,3,60,6,1,1,1,0.46401
205,2,5,5,0,26,2,80,4,1,1,1,0.40888
205,2,5,5,0,27,9,60,12,2,2,1,0.39078
205,2,5,5,0,28,10,80,12,2,1,0,0.3381
205,2,5,5,0,29,12,80,14,2,2,1,0.36827
205,2,5,5,0,30,10,80,12,2,2,1,0.27282
205,2,5,5,0,31,4,80,6,1,1,1,0.42455
205,2,5,5,0,32,11,60,14,2,2,1,0.47052
205,2,5,5,0,33,1,60,4,1,1,1,0.50795
205,2,5,5,0,34,4,80,6,1,1,1,0.32944
205,2,5,5,0,35,2,80,4,1,1,1,0.3422
205,2,5,5,0,36,12,80,14,2,2,1,0.44053
205,2,5,5,0,37,5,60,8,1,1,1,0.45018
205,2,5,5,0,38,5,60,8,1,1,1,0.42057
205,2,5,5,0,39,6,80,8,1,1,1,0.49299
205,2,5,5,0,40,1,60,4,1,1,1,0.37008
205,2,5,5,0,41,10,80,12,2,2,1,0.45616
205,2,5,5,0,42,4,80,6,1,2,0,0.40011
205,2,5,5,0,43,10,80,12,2,2,1,0.49155
205,2,5,5,0,44,8,80,10,2,2,1,0.42474
205,2,5,5,0,45,4,80,6,1,1,1,0.47813
205,2,5,5,0,46,9,60,12,2,2,1,0.4394
205,2,5,5,0,47,6,80,8,1,1,1,0.65772
205,2,5,5,0,48,5,60,8,1,1,1,0.37141
205,2,5,5,0,49,7,60,10,2,2,1,0.55402
205,2,5,5,0,50,6,80,8,1,2,0,0.44747
205,2,5,5,0,51,7,60,10,2,2,1,0.76522
205,2,5,5,0,52,1,60,4,1,1,1,0.37472
205,2,5,5,0,53,3,60,6,1,1,1,0.50972
205,2,5,5,0,54,11,60,14,2,2,1,0.41225
205,2,5,5,0,55,2,80,4,1,1,1,0.55677
205,2,5,5,0,56,1,60,4,1,1,1,0.40225
205,2,5,5,0,57,3,60,6,1,1,1,0.45298
205,2,5,5,0,58,4,80,6,1,1,1,0.38612
205,2,5,5,0,59,5,60,8,1,1,1,0.5783
205,2,5,5,0,60,7,60,10,2,2,1,0.51559
205,2,5,5,0,61,4,80,6,1,1,1,0.45815
205,2,5,5,0,62,4,80,6,1,1,1,0.44286
205,2,5,5,0,63,3,60,6,1,1,1,0.38285
205,2,5,5,0,64,12,80,14,2,2,1,0.43997
205,2,5,5,0,65,6,80,8,1,1,1,0.8659
205,2,5,5,0,66,11,60,14,2,2,1,0.43427
205,2,5,5,0,67,9,60,12,2,2,1,0.57723
205,2,5,5,0,68,3,60,6,1,1,1,0.58881
205,2,5,5,0,69,1,60,4,1,1,1,0.48832
205,2,5,5,0,70,2,80,4,1,1,1,0.37674
205,2,5,5,0,71,7,60,10,2,2,1,0.60049
205,2,5,5,0,72,7,60,10,2,2,1,0.45074
205,2,5,5,0,73,6,80,8,1,2,0,0.49511
205,2,5,5,0,74,12,80,14,2,2,1,0.59807
205,2,5,5,0,75,5,60,8,1,1,1,0.50328
205,2,5,5,0,76,10,80,12,2,1,0,0.65951
205,2,5,5,0,77,5,60,8,1,1,1,0.60671
205,2,5,5,0,78,8,80,10,2,2,1,0.43219
205,2,5,5,0,79,12,80,14,2,2,1,0.51041
205,2,5,5,0,80,7,60,10,2,2,1,0.4584
205,2,5,5,0,81,8,80,10,2,2,1,0.4199
205,2,5,5,0,82,2,80,4,1,1,1,0.45633
205,2,5,5,0,83,3,60,6,1,1,1,0.36192
205,2,5,5,0,84,11,60,14,2,2,1,0.40995
205,2,5,5,0,85,3,60,6,1,1,1,0.36253
205,2,5,5,0,86,7,60,10,2,1,0,0.35961
205,2,5,5,0,87,6,80,8,1,1,1,0.59863
205,2,5,5,0,88,5,60,8,1,1,1,0.32178
205,2,5,5,0,89,2,80,4,1,1,1,0.38962
205,2,5,5,0,90,7,60,10,2,2,1,0.49289
205,2,5,5,0,91,12,80,14,2,2,1,0.4712
205,2,5,5,0,92,1,60,4,1,1,1,0.40555
205,2,5,5,0,93,11,60,14,2,2,1,0.53375
205,2,5,5,0,94,9,60,12,2,2,1,0.46892
205,2,5,5,0,95,6,80,8,1,1,1,0.92423
205,2,5,5,0,96,10,80,12,2,2,1,0.49785
205,2,5,5,0,97,6,80,8,1,1,1,0.50215
205,2,5,5,0,98,9,60,12,2,1,0,0.38523
205,2,5,5,0,99,5,60,8,1,1,1,0.49661
205,2,5,5,0,100,12,80,14,2,2,1,0.49733
205,2,5,5,0,101,5,60,8,1,1,1,0.7591
205,2,5,5,0,102,2,80,4,1,1,1,0.352
205,2,5,5,0,103,2,80,4,1,1,1,0.40974
205,2,5,5,0,104,12,80,14,2,2,1,0.41291
205,2,5,5,0,105,9,60,12,2,2,1,0.48024
205,2,5,5,0,106,11,60,14,2,2,1,0.38114
205,2,5,5,0,107,1,60,4,1,1,1,0.49037
205,2,5,5,0,108,5,60,8,1,1,1,0.51078
205,2,5,5,0,109,8,80,10,2,1,0,0.5684
205,2,5,5,0,110,4,80,6,1,1,1,0.40956
205,2,5,5,0,111,1,60,4,1,1,1,0.39257
205,2,5,5,0,112,10,80,12,2,2,1,0.42042
205,2,5,5,0,113,9,60,12,2,2,1,0.37593
205,2,5,5,0,114,10,80,12,2,2,1,0.35718
205,2,5,5,0,115,6,80,8,1,1,1,0.50598
205,2,5,5,0,116,3,60,6,1,1,1,0.45119
205,2,5,5,0,117,8,80,10,2,2,1,0.48286
205,2,5,5,0,118,8,80,10,2,2,1,0.4191
205,2,5,5,0,119,11,60,14,2,2,1,0.36222
205,2,5,5,0,120,11,60,14,2,2,1,0.40504
205,2,5,6,0,1,11,60,14,2,2,1,0.39342
205,2,5,6,0,2,3,60,6,1,1,1,0.42396
205,2,5,6,0,3,9,60,12,2,2,1,0.39022
205,2,5,6,0,4,6,80,8,1,1,1,0.48541
205,2,5,6,0,5,4,80,6,1,1,1,0.39493
205,2,5,6,0,6,4,80,6,1,1,1,0.34033
205,2,5,6,0,7,6,80,8,1,1,1,0.52748
205,2,5,6,0,8,6,80,8,1,1,1,0.34657
205,2,5,6,0,9,6,80,8,1,1,1,0.38006
205,2,5,6,0,10,7,60,10,2,2,1,0.49319
205,2,5,6,0,11,10,80,12,2,2,1,0.39606
205,2,5,6,0,12,5,60,8,1,1,1,0.60159
205,2,5,6,0,13,12,80,14,2,2,1,0.4013
205,2,5,6,0,14,3,60,6,1,1,1,0.44207
205,2,5,6,0,15,9,60,12,2,2,1,0.46495
205,2,5,6,0,16,7,60,10,2,1,0,0.37657
205,2,5,6,0,17,7,60,10,2,2,1,0.59668
205,2,5,6,0,18,7,60,10,2,2,1,0.3334
205,2,5,6,0,19,12,80,14,2,2,1,0.34824
205,2,5,6,0,20,10,80,12,2,2,1,0.35184
205,2,5,6,0,21,11,60,14,2,2,1,0.3527
205,2,5,6,0,22,2,80,4,1,1,1,0.40962
205,2,5,6,0,23,11,60,14,2,2,1,0.38122
205,2,5,6,0,24,6,80,8,1,1,1,0.54486
205,2,5,6,0,25,1,60,4,1,1,1,0.4397
205,2,5,6,0,26,4,80,6,1,1,1,0.40046
205,2,5,6,0,27,2,80,4,1,1,1,0.34542
205,2,5,6,0,28,11,60,14,2,2,1,0.42549
205,2,5,6,0,29,12,80,14,2,2,1,0.30284
205,2,5,6,0,30,10,80,12,2,2,1,0.30839
205,2,5,6,0,31,3,60,6,1,1,1,0.36305
205,2,5,6,0,32,12,80,14,2,2,1,0.51557
205,2,5,6,0,33,5,60,8,1,1,1,0.45862
205,2,5,6,0,34,5,60,8,1,1,1,0.35817
205,2,5,6,0,35,12,80,14,2,2,1,0.42468
205,2,5,6,0,36,10,80,12,2,2,1,0.308
205,2,5,6,0,37,8,80,10,2,2,1,0.35999
205,2,5,6,0,38,2,80,4,1,1,1,0.37452
205,2,5,6,0,39,1,60,4,1,1,1,0.30792
205,2,5,6,0,40,1,60,4,1,1,1,0.30193
205,2,5,6,0,41,5,60,8,1,1,1,0.51087
205,2,5,6,0,42,9,60,12,2,2,1,0.44088
205,2,5,6,0,43,5,60,8,1,1,1,0.37924
205,2,5,6,0,44,2,80,4,1,1,1,0.34537
205,2,5,6,0,45,8,80,10,2,2,1,0.35423
205,2,5,6,0,46,12,80,14,2,1,0,0.43989
205,2,5,6,0,47,10,80,12,2,2,1,0.42754
205,2,5,6,0,48,10,80,12,2,2,1,0.33964
205,2,5,6,0,49,9,60,12,2,2,1,0.30899
205,2,5,6,0,50,9,60,12,2,2,1,0.29734
205,2,5,6,0,51,5,60,8,1,2,0,0.29011
205,2,5,6,0,52,8,80,10,2,2,1,0.63135
205,2,5,6,0,53,2,80,4,1,1,1,0.35653
205,2,5,6,0,54,4,80,6,1,1,1,0.39094
205,2,5,6,0,55,5,60,8,1,1,1,0.71105
205,2,5,6,0,56,9,60,12,2,2,1,0.46446
205,2,5,6,0,57,5,60,8,1,1,1,0.50564
205,2,5,6,0,58,8,80,10,2,2,1,0.50628
205,2,5,6,0,59,10,80,12,2,2,1,0.33022
205,2,5,6,0,60,9,60,12,2,2,1,0.35273
205,2,5,6,0,61,4,80,6,1,1,1,0.46652
205,2,5,6,0,62,3,60,6,1,1,1,0.37467
205,2,5,6,0,63,4,80,6,1,1,1,0.3653
205,2,5,6,0,64,8,80,10,2,2,1,0.43841
205,2,5,6,0,65,9,60,12,2,2,1,0.40602
205,2,5,6,0,66,1,60,4,1,1,1,0.46843
205,2,5,6,0,67,3,60,6,1,1,1,0.55245
205,2,5,6,0,68,2,80,4,1,1,1,0.30014
205,2,5,6,0,69,4,80,6,1,1,1,0.39687
205,2,5,6,0,70,10,80,12,2,1,0,0.24389
205,2,5,6,0,71,6,80,8,1,1,1,0.48989
205,2,5,6,0,72,6,80,8,1,1,1,0.3676
205,2,5,6,0,73,2,80,4,1,1,1,0.37121
205,2,5,6,0,74,9,60,12,2,2,1,0.51507
205,2,5,6,0,75,1,60,4,1,1,1,0.46898
205,2,5,6,0,76,3,60,6,1,1,1,0.43673
205,2,5,6,0,77,11,60,14,2,2,1,0.44833
205,2,5,6,0,78,7,60,10,2,1,0,0.50964
205,2,5,6,0,79,3,60,6,1,1,1,0.38362
205,2,5,6,0,80,4,80,6,1,1,1,0.41092
205,2,5,6,0,81,6,80,8,1,1,1,0.65036
205,2,5,6,0,82,7,60,10,2,2,1,0.49777
205,2,5,6,0,83,12,80,14,2,2,1,0.59166
205,2,5,6,0,84,11,60,14,2,2,1,0.35928
205,2,5,6,0,85,1,60,4,1,1,1,0.42484
205,2,5,6,0,86,11,60,14,2,2,1,0.5179
205,2,5,6,0,87,12,80,14,2,2,1,0.47708
205,2,5,6,0,88,9,60,12,2,2,1,0.35994
205,2,5,6,0,89,1,60,4,1,1,1,0.50809
205,2,5,6,0,90,6,80,8,1,1,1,0.5013
205,2,5,6,0,91,7,60,10,2,2,1,0.59673
205,2,5,6,0,92,5,60,8,1,1,1,0.6111
205,2,5,6,0,93,7,60,10,2,2,1,0.58546
205,2,5,6,0,94,1,60,4,1,1,1,0.749
205,2,5,6,0,95,2,80,4,1,1,1,0.3864
205,2,5,6,0,96,7,60,10,2,2,1,0.48647
205,2,5,6,0,97,3,60,6,1,1,1,0.43667
205,2,5,6,0,98,12,80,14,2,2,1,0.52498
205,2,5,6,0,99,1,60,4,1,1,1,0.44851
205,2,5,6,0,100,8,80,10,2,2,1,0.44083
205,2,5,6,0,101,8,80,10,2,2,1,0.48431
205,2,5,6,0,102,4,80,6,1,1,1,0.46836
205,2,5,6,0,103,6,80,8,1,2,0,0.83002
205,2,5,6,0,104,5,60,8,1,1,1,0.37077
205,2,5,6,0,105,11,60,14,2,2,1,0.71254
205,2,5,6,0,106,11,60,14,2,2,1,1.0518
205,2,5,6,0,107,11,60,14,2,2,1,0.71009
205,2,5,6,0,108,4,80,6,1,1,1,0.51456
205,2,5,6,0,109,8,80,10,2,1,0,1.1429
205,2,5,6,0,110,2,80,4,1,1,1,0.64051
205,2,5,6,0,111,8,80,10,2,2,1,0.50581
205,2,5,6,0,112,3,60,6,1,1,1,0.48749
205,2,5,6,0,113,3,60,6,1,1,1,0.4251
205,2,5,6,0,114,12,80,14,2,2,1,0.45064
205,2,5,6,0,115,8,80,10,2,2,1,0.62239
205,2,5,6,0,116,7,60,10,2,2,1,0.47262
205,2,5,6,0,117,10,80,12,2,2,1,0.3547
205,2,5,6,0,118,2,80,4,1,1,1,0.40496
205,2,5,6,0,119,1,60,4,1,1,1,0.38308
205,2,5,6,0,120,10,80,12,2,2,1,0.44722
