203,2,3,1,1,1,3,60,6,1,1,1,1.6283
203,2,3,1,1,2,9,60,12,2,2,1,0.48824
203,2,3,1,1,3,5,60,8,1,1,1,0.44851
203,2,3,1,1,4,3,60,6,1,1,1,0.53021
203,2,3,1,1,5,9,60,12,2,2,1,0.47643
203,2,3,1,1,6,9,60,12,2,2,1,0.37872
203,2,3,1,1,7,5,60,8,1,1,1,0.72938
203,2,3,1,1,8,3,60,6,1,1,1,0.45897
203,2,3,1,1,9,5,60,8,1,1,1,0.46716
203,2,3,1,1,10,11,60,14,2,2,1,0.38261
203,2,3,1,1,11,1,60,4,1,1,1,0.42188
203,2,3,1,1,12,1,60,4,1,1,1,0.40836
203,2,3,1,1,13,11,60,14,2,2,1,0.54552
203,2,3,1,1,14,7,60,10,2,2,1,0.52049
203,2,3,1,1,15,5,60,8,1,1,1,0.83823
203,2,3,1,1,16,11,60,14,2,2,1,0.51033
203,2,3,1,1,17,7,60,10,2,2,1,0.40609
203,2,3,1,1,18,11,60,14,2,2,1,0.49816
203,2,3,1,1,19,7,60,10,2,2,1,0.55564
203,2,3,1,1,20,1,60,4,1,1,1,0.36024
203,2,3,1,1,21,3,60,6,1,1,1,0.39386
203,2,3,1,1,22,9,60,12,2,2,1,0.40223
203,2,3,1,1,23,1,60,4,1,1,1,0.37866
203,2,3,1,1,24,7,60,10,2,2,1,2.5083
203,2,3,1,0,1,3,60,6,1,1,1,0.55915
203,2,3,1,0,2,5,60,8,1,1,1,0.57297
203,2,3,1,0,3,9,60,12,2,2,1,0.37824
203,2,3,1,0,4,11,60,14,2,2,1,0.37458
203,2,3,1,0,5,9,60,12,2,2,1,0.32642
203,2,3,1,0,6,9,60,12,2,2,1,0.39444
203,2,3,1,0,7,3,60,6,1,1,1,0.44278
203,2,3,1,0,8,5,60,8,1,1,1,0.72729
203,2,3,1,0,9,3,60,6,1,1,1,0.45289
203,2,3,1,0,10,5,60,8,1,1,1,0.36719
203,2,3,1,0,11,7,60,10,2,2,1,0.5803
203,2,3,1,0,12,7,60,10,2,2,1,0.5619
203,2,3,1,0,13,9,60,12,2,2,1,0.3697
203,2,3,1,0,14,7,60,10,2,2,1,0.46954
203,2,3,1,0,15,3,60,6,1,1,1,0.44432
203,2,3,1,0,16,7,60,10,2,2,1,0.54159
203,2,3,1,0,17,11,60,14,2,2,1,0.3962
203,2,3,1,0,18,1,60,4,1,1,1,0.41874
203,2,3,1,0,19,5,60,8,1,1,1,0.6586
203,2,3,1,0,20,1,60,4,1,1,1,0.39454
203,2,3,1,0,21,9,60,12,2,2,1,0.38654
203,2,3,1,0,22,5,60,8,1,1,1,0.94199
203,2,3,1,0,23,11,60,14,2,2,1,0.42693
203,2,3,1,0,24,3,60,6,1,1,1,0.54801
203,2,3,1,0,25,9,60,12,2,2,1,0.34601
203,2,3,1,0,26,3,60,6,1,1,1,0.66679
203,2,3,1,0,27,1,60,4,1,1,1,0.38669
203,2,3,1,0,28,1,60,4,1,1,1,0.32614
203,2,3,1,0,29,7,60,10,2,2,1,0.48239
203,2,3,1,0,30,1,60,4,1,1,1,0.46698
203,2,3,1,0,31,9,60,12,2,2,1,0.45411
203,2,3,1,0,32,1,60,4,1,1,1,0.47421
203,2,3,1,0,33,5,60,8,1,1,1,0.72536
203,2,3,1,0,34,5,60,8,1,1,1,0.50287
203,2,3,1,0,35,3,60,6,1,1,1,0.64669
203,2,3,1,0,36,5,60,8,1,1,1,0.40389
203,2,3,1,0,37,11,60,14,2,2,1,0.4106
203,2,3,1,0,38,1,60,4,1,1,1,0.39286
203,2,3,1,0,39,11,60,14,2,2,1,0.45862
203,2,3,1,0,40,9,60,12,2,2,1,0.50691
203,2,3,1,0,41,11,60,14,2,2,1,0.39351
203,2,3,1,0,42,3,60,6,1,1,1,0.40784
203,2,3,1,0,43,5,60,8,1,1,1,0.69639
203,2,3,1,0,44,3,60,6,1,1,1,0.38411
203,2,3,1,0,45,5,60,8,1,1,1,0.43499
203,2,3,1,0,46,3,60,6,1,1,1,0.35409
203,2,3,1,0,47,1,60,4,1,1,1,0.30615
203,2,3,1,0,48,3,60,6,1,1,1,0.37722
203,2,3,1,0,49,7,60,10,2,2,1,0.4233
203,2,3,1,0,50,9,60,12,2,2,1,0.36208
203,2,3,1,0,51,7,60,10,2,2,1,0.43945
203,2,3,1,0,52,1,60,4,1,1,1,0.39571
203,2,3,1,0,53,9,60,12,2,2,1,0.4242
203,2,3,1,0,54,1,60,4,1,1,1,0.43105
203,2,3,1,0,55,11,60,14,2,2,1,0.38135
203,2,3,1,0,56,11,60,14,2,2,1,0.47375
203,2,3,1,0,57,7,60,10,2,2,1,0.59756
203,2,3,1,0,58,1,60,4,1,1,1,0.37672
203,2,3,1,0,59,3,60,6,1,1,1,0.342
203,2,3,1,0,60,9,60,12,2,2,1,0.43473
203,2,3,1,0,61,9,60,12,2,2,1,0.40907
203,2,3,1,0,62,3,60,6,1,1,1,0.39764
203,2,3,1,0,63,5,60,8,1,1,1,0.94954
203,2,3,1,0,64,11,60,14,2,2,1,0.55219
203,2,3,1,0,65,7,60,10,2,2,1,0.65346
203,2,3,1,0,66,1,60,4,1,1,1,0.50462
203,2,3,1,0,67,3,60,6,1,1,1,0.43195
203,2,3,1,0,68,11,60,14,2,2,1,0.53966
203,2,3,1,0,69,5,60,8,1,1,1,0.69033
203,2,3,1,0,70,5,60,8,1,1,1,0.55613
203,2,3,1,0,71,7,60,10,2,2,1,0.73963
203,2,3,1,0,72,11,60,14,2,2,1,0.44518
203,2,3,1,0,73,7,60,10,2,2,1,0.51467
203,2,3,1,0,74,1,60,4,1,1,1,0.414
203,2,3,1,0,75,7,60,10,2,2,1,0.71637
203,2,3,1,0,76,1,60,4,1,1,1,0.43383
203,2,3,1,0,77,3,60,6,1,1,1,0.46094
203,2,3,1,0,78,1,60,4,1,1,1,0.48217
203,2,3,1,0,79,11,60,14,2,2,1,0.45809
203,2,3,1,0,80,7,60,10,2,2,1,0.6651
203,2,3,1,0,81,1,60,4,1,1,1,0.46149
203,2,3,1,0,82,7,60,10,2,2,1,0.51327
203,2,3,1,0,83,11,60,14,2,2,1,1.9974
203,2,3,1,0,84,11,60,14,2,2,1,0.46426
203,2,3,1,0,85,5,60,8,1,1,1,0.7148
203,2,3,1,0,86,9,60,12,2,2,1,0.48847
203,2,3,1,0,87,7,60,10,2,2,1,0.85463
203,2,3,1,0,88,1,60,4,1,1,1,0.4579
203,2,3,1,0,89,5,60,8,1,1,1,0.92893
203,2,3,1,0,90,7,60,10,2,2,1,1.0914
203,2,3,1,0,91,3,60,6,1,1,1,0.43966
203,2,3,1,0,92,3,60,6,1,1,1,0.38683
203,2,3,1,0,93,11,60,14,2,2,1,0.49154
203,2,3,1,0,94,11,60,14,2,2,1,0.37835
203,2,3,1,0,95,7,60,10,2,2,1,0.65183
203,2,3,1,0,96,9,60,12,2,2,1,0.40964
203,2,3,1,0,97,7,60,10,2,2,1,0.61961
203,2,3,1,0,98,5,60,8,1,1,1,0.91831
203,2,3,1,0,99,9,60,12,2,2,1,0.46275
203,2,3,1,0,100,1,60,4,1,1,1,0.44954
203,2,3,1,0,101,1,60,4,1,1,1,0.36505
203,2,3,1,0,102,7,60,10,2,2,1,0.47265
203,2,3,1,0,103,11,60,14,2,2,1,0.41717
203,2,3,1,0,104,9,60,12,2,2,1,0.3923
203,2,3,1,0,105,1,60,4,1,1,1,0.45209
203,2,3,1,0,106,5,60,8,1,1,1,1.0127
203,2,3,1,0,107,9,60,12,2,2,1,0.55155
203,2,3,1,0,108,7,60,10,2,2,1,0.64831
203,2,3,1,0,109,5,60,8,1,1,1,0.78206
203,2,3,1,0,110,3,60,6,1,1,1,0.52845
203,2,3,1,0,111,11,60,14,2,2,1,0.45318
203,2,3,1,0,112,5,60,8,1,1,1,0.58289
203,2,3,1,0,113,11,60,14,2,2,1,0.41594
203,2,3,1,0,114,3,60,6,1,1,1,0.39016
203,2,3,1,0,115,9,60,12,2,2,1,0.51136
203,2,3,1,0,116,9,60,12,2,2,1,0.42076
203,2,3,1,0,117,9,60,12,2,2,1,0.39414
203,2,3,1,0,118,11,60,14,2,2,1,0.3643
203,2,3,1,0,119,5,60,8,1,1,1,0.53953
203,2,3,1,0,120,3,60,6,1,1,1,0.4432
203,2,3,2,1,1,10,80,12,2,2,1,0.62045
203,2,3,2,1,2,10,80,12,2,2,1,0.40151
203,2,3,2,1,3,12,80,14,2,2,1,0.32104
203,2,3,2,1,4,6,80,8,1,1,1,0.46067
203,2,3,2,1,5,12,80,14,2,2,1,0.54212
203,2,3,2,1,6,6,80,8,1,1,1,0.39624
203,2,3,2,1,7,12,80,14,2,2,1,0.41941
203,2,3,2,1,8,8,80,10,2,2,1,0.83183
203,2,3,2,1,9,8,80,10,2,2,1,0.47284
203,2,3,2,1,10,4,80,6,1,1,1,0.39082
203,2,3,2,1,11,4,80,6,1,1,1,0.4078
203,2,3,2,1,12,6,80,8,1,1,1,0.63616
203,2,3,2,1,13,8,80,10,2,1,0,0.71509
203,2,3,2,1,14,2,80,4,1,1,1,0.42915
203,2,3,2,1,15,6,80,8,1,1,1,0.87187
203,2,3,2,1,16,12,80,14,2,2,1,0.64284
203,2,3,2,1,17,2,80,4,1,1,1,0.44804
203,2,3,2,1,18,10,80,12,2,2,1,0.42138
203,2,3,2,1,19,10,80,12,2,2,1,0.38137
203,2,3,2,1,20,2,80,4,1,1,1,0.44432
203,2,3,2,1,21,8,80,10,2,2,1,0.4574
203,2,3,2,1,22,4,80,6,1,1,1,0.38564
203,2,3,2,1,23,2,80,4,1,1,1,0.41899
203,2,3,2,1,24,4,80,6,1,1,1,0.42282
203,2,3,2,0,1,4,80,6,1,1,1,0.52108
203,2,3,2,0,2,4,80,6,1,1,1,0.36112
203,2,3,2,0,3,2,80,4,1,1,1,0.41683
203,2,3,2,0,4,12,80,14,2,2,1,0.39984
203,2,3,2,0,5,10,80,12,2,2,1,0.30549
203,2,3,2,0,6,6,80,8,1,2,0,0.60481
203,2,3,2,0,7,12,80,14,2,2,1,0.48933
203,2,3,2,0,8,2,80,4,1,1,1,0.44217
203,2,3,2,0,9,10,80,12,2,2,1,0.43648
203,2,3,2,0,10,2,80,4,1,1,1,0.38416
203,2,3,2,0,11,2,80,4,1,1,1,0.37275
203,2,3,2,0,12,8,80,10,2,2,1,0.60537
203,2,3,2,0,13,2,80,4,1,1,1,0.39959
203,2,3,2,0,14,2,80,4,1,1,1,0.44889
203,2,3,2,0,15,4,80,6,1,1,1,0.42146
203,2,3,2,0,16,12,80,14,2,2,1,0.37589
203,2,3,2,0,17,6,80,8,1,1,1,0.86113
203,2,3,2,0,18,8,80,10,2,2,1,0.40655
203,2,3,2,0,19,12,80,14,2,2,1,0.37569
203,2,3,2,0,20,12,80,14,2,2,1,0.43616
203,2,3,2,0,21,12,80,14,2,2,1,0.33881
203,2,3,2,0,22,8,80,10,2,2,1,0.52501
203,2,3,2,0,23,10,80,12,2,2,1,0.34599
203,2,3,2,0,24,6,80,8,1,1,1,0.45582
203,2,3,2,0,25,10,80,12,2,2,1,0.47842
203,2,3,2,0,26,6,80,8,1,1,1,0.61866
203,2,3,2,0,27,8,80,10,2,2,1,0.66695
203,2,3,2,0,28,12,80,14,2,2,1,0.5736
203,2,3,2,0,29,4,80,6,1,1,1,0.92861
203,2,3,2,0,30,8,80,10,2,2,1,1.0395
203,2,3,2,0,31,8,80,10,2,2,1,0.8456
203,2,3,2,0,32,12,80,14,2,2,1,0.42635
203,2,3,2,0,33,10,80,12,2,2,1,0.47298
203,2,3,2,0,34,8,80,10,2,2,1,0.47343
203,2,3,2,0,35,8,80,10,2,2,1,0.45268
203,2,3,2,0,36,10,80,12,2,2,1,0.44027
203,2,3,2,0,37,6,80,8,1,1,1,0.53469
203,2,3,2,0,38,8,80,10,2,2,1,0.66631
203,2,3,2,0,39,6,80,8,1,1,1,0.45997
203,2,3,2,0,40,2,80,4,1,1,1,0.49983
203,2,3,2,0,41,4,80,6,1,1,1,0.5037
203,2,3,2,0,42,4,80,6,1,1,1,0.39371
203,2,3,2,0,43,4,80,6,1,1,1,0.40276
203,2,3,2,0,44,8,80,10,2,2,1,0.54797
203,2,3,2,0,45,10,80,12,2,2,1,0.41426
203,2,3,2,0,46,4,80,6,1,1,1,0.38201
203,2,3,2,0,47,12,80,14,2,2,1,0.5642
203,2,3,2,0,48,8,80,10,2,2,1,0.71711
203,2,3,2,0,49,2,80,4,1,1,1,0.45125
203,2,3,2,0,50,4,80,6,1,1,1,0.46083
203,2,3,2,0,51,12,80,14,2,2,1,0.48131
203,2,3,2,0,52,4,80,6,1,1,1,0.60678
203,2,3,2,0,53,10,80,12,2,2,1,0.47232
203,2,3,2,0,54,6,80,8,1,1,1,0.62004
203,2,3,2,0,55,12,80,14,2,2,1,0.41889
203,2,3,2,0,56,10,80,12,2,2,1,0.6297
203,2,3,2,0,57,4,80,6,1,1,1,0.46195
203,2,3,2,0,58,10,80,12,2,2,1,0.3753
203,2,3,2,0,59,4,80,6,1,1,1,0.46304
203,2,3,2,0,60,10,80,12,2,2,1,0.41496
203,2,3,2,0,61,8,80,10,2,2,1,0.658
203,2,3,2,0,62,12,80,14,2,2,1,0.43997
203,2,3,2,0,63,2,80,4,1,1,1,0.40251
203,2,3,2,0,64,10,80,12,2,2,1,0.31797
203,2,3,2,0,65,6,80,8,1,1,1,0.70447
203,2,3,2,0,66,6,80,8,1,1,1,0.55762
203,2,3,2,0,67,4,80,6,1,1,1,0.44209
203,2,3,2,0,68,12,80,14,2,2,1,0.50394
203,2,3,2,0,69,12,80,14,2,2,1,0.37127
203,2,3,2,0,70,6,80,8,1,1,1,0.95785
203,2,3,2,0,71,8,80,10,2,2,1,0.75688
203,2,3,2,0,72,6,80,8,1,1,1,0.71166
203,2,3,2,0,73,2,80,4,1,1,1,0.53053
203,2,3,2,0,74,4,80,6,1,1,1,0.45513
203,2,3,2,0,75,8,80,10,2,2,1,0.67699
203,2,3,2,0,76,12,80,14,2,2,1,0.38988
203,2,3,2,0,77,12,80,14,2,2,1,0.45856
203,2,3,2,0,78,2,80,4,1,1,1,0.54299
203,2,3,2,0,79,4,80,6,1,1,1,0.47142
203,2,3,2,0,80,8,80,10,2,2,1,0.58678
203,2,3,2,0,81,2,80,4,1,1,1,0.38319
203,2,3,2,0,82,8,80,10,2,2,1,0.5244
203,2,3,2,0,83,12,80,14,2,2,1,0.39891
203,2,3,2,0,84,2,80,4,1,1,1,0.4857
203,2,3,2,0,85,4,80,6,1,1,1,0.41826
203,2,3,2,0,86,8,80,10,2,2,1,0.59239
203,2,3,2,0,87,6,80,8,1,1,1,0.74446
203,2,3,2,0,88,10,80,12,2,2,1,0.44605
203,2,3,2,0,89,12,80,14,2,2,1,0.45945
203,2,3,2,0,90,12,80,14,2,2,1,0.37591
203,2,3,2,0,91,2,80,4,1,1,1,0.40878
203,2,3,2,0,92,6,80,8,1,1,1,0.70714
203,2,3,2,0,93,2,80,4,1,1,1,0.41684
203,2,3,2,0,94,10,80,12,2,2,1,0.51267
203,2,3,2,0,95,10,80,12,2,2,1,0.49974
203,2,3,2,0,96,6,80,8,1,1,1,0.79349
203,2,3,2,0,97,2,80,4,1,1,1,0.3948
203,2,3,2,0,98,6,80,8,1,1,1,0.97502
203,2,3,2,0,99,2,80,4,1,1,1,0.41445
203,2,3,2,0,100,8,80,10,2,2,1,0.4398
203,2,3,2,0,101,10,80,12,2,2,1,0.44769
203,2,3,2,0,102,6,80,8,1,1,1,0.69177
203,2,3,2,0,103,2,80,4,1,1,1,0.44887
203,2,3,2,0,104,4,80,6,1,1,1,0.38009
203,2,3,2,0,105,8,80,10,2,2,1,0.60247
203,2,3,2,0,106,2,80,4,1,1,1,0.50916
203,2,3,2,0,107,6,80,8,1,1,1,0.80273
203,2,3,2,0,108,8,80,10,2,2,1,0.45788
203,2,3,2,0,109,10,80,12,2,2,1,0.39483
203,2,3,2,0,110,4,80,6,1,1,1,0.47163
203,2,3,2,0,111,10,80,12,2,2,1,0.47762
203,2,3,2,0,112,2,80,4,1,1,1,0.47377
203,2,3,2,0,113,6,80,8,1,1,1,0.70547
203,2,3,2,0,114,12,80,14,2,2,1,0.52591
203,2,3,2,0,115,4,80,6,1,1,1,0.38592
203,2,3,2,0,116,10,80,12,2,2,1,0.44379
203,2,3,2,0,117,6,80,8,1,1,1,1.0993
203,2,3,2,0,118,10,80,12,2,2,1,0.63993
203,2,3,2,0,119,6,80,8,1,1,1,1.1222
203,2,3,2,0,120,4,80,6,1,1,1,0.52551
203,2,3,5,1,1,2,80,4,1,1,1,0.53258
203,2,3,5,1,2,12,80,14,2,2,1,0.44053
203,2,3,5,1,3,6,80,8,1,1,1,0.68013
203,2,3,5,1,4,1,60,4,1,1,1,0.43392
203,2,3,5,1,5,6,80,8,1,2,0,0.86713
203,2,3,5,1,6,1,60,4,1,1,1,0.50994
203,2,3,5,1,7,12,80,14,2,2,1,0.42396
203,2,3,5,1,8,4,80,6,1,1,1,0.49951
203,2,3,5,1,9,5,60,8,1,1,1,0.97642
203,2,3,5,1,10,10,80,12,2,2,1,0.49905
203,2,3,5,1,11,11,60,14,2,2,1,0.4562
203,2,3,5,1,12,7,60,10,2,2,1,0.57807
203,2,3,5,1,13,10,80,12,2,2,1,0.45327
203,2,3,5,1,14,8,80,10,2,2,1,0.64194
203,2,3,5,1,15,2,80,4,1,1,1,0.40456
203,2,3,5,1,16,7,60,10,2,2,1,0.66317
203,2,3,5,1,17,3,60,6,1,1,1,0.44933
203,2,3,5,1,18,9,60,12,2,2,1,0.45635
203,2,3,5,1,19,4,80,6,1,1,1,0.45793
203,2,3,5,1,20,3,60,6,1,1,1,0.59049
203,2,3,5,1,21,5,60,8,1,1,1,0.99965
203,2,3,5,1,22,8,80,10,2,2,1,0.57595
203,2,3,5,1,23,11,60,14,2,2,1,0.41519
203,2,3,5,1,24,9,60,12,2,2,1,0.54591
203,2,3,5,0,1,9,60,12,2,2,1,0.63257
203,2,3,5,0,2,9,60,12,2,2,1,0.37377
203,2,3,5,0,3,1,60,4,1,1,1,0.40988
203,2,3,5,0,4,9,60,12,2,2,1,0.45386
203,2,3,5,0,5,3,60,6,1,1,1,0.44433
203,2,3,5,0,6,11,60,14,2,2,1,0.33935
203,2,3,5,0,7,12,80,14,2,2,1,0.34482
203,2,3,5,0,8,10,80,12,2,2,1,0.39887
203,2,3,5,0,9,8,80,10,2,2,1,0.75172
203,2,3,5,0,10,7,60,10,2,2,1,0.48887
203,2,3,5,0,11,4,80,6,1,1,1,0.42335
203,2,3,5,0,12,9,60,12,2,2,1,0.36433
203,2,3,5,0,13,9,60,12,2,2,1,0.43079
203,2,3,5,0,14,11,60,14,2,2,1,0.41567
203,2,3,5,0,15,3,60,6,1,1,1,0.48324
203,2,3,5,0,16,10,80,12,2,2,1,0.35996
203,2,3,5,0,17,4,80,6,1,1,1,0.43844
203,2,3,5,0,18,12,80,14,2,2,1,0.3942
203,2,3,5,0,19,4,80,6,1,1,1,0.39353
203,2,3,5,0,20,3,60,6,1,1,1,0.45173
203,2,3,5,0,21,2,80,4,1,1,1,0.56058
203,2,3,5,0,22,3,60,6,1,1,1,0.38476
203,2,3,5,0,23,10,80,12,2,2,1,0.37552
203,2,3,5,0,24,2,80,4,1,1,1,0.45055
203,2,3,5,0,25,1,60,4,1,1,1,0.47321
203,2,3,5,0,26,7,60,10,2,2,1,0.45758
203,2,3,5,0,27,4,80,6,1,1,1,0.8592
203,2,3,5,0,28,11,60,14,2,2,1,0.63186
203,2,3,5,0,29,5,60,8,1,1,1,0.42425
203,2,3,5,0,30,1,60,4,1,1,1,0.40312
203,2,3,5,0,31,4,80,6,1,1,1,0.41214
203,2,3,5,0,32,1,60,4,1,1,1,0.39297
203,2,3,5,0,33,3,60,6,1,1,1,0.69032
203,2,3,5,0,34,5,60,8,1,1,1,1.2313
203,2,3,5,0,35,4,80,6,1,1,1,0.42826
203,2,3,5,0,36,11,60,14,2,2,1,0.44448
203,2,3,5,0,37,11,60,14,2,2,1,0.29921
203,2,3,5,0,38,11,60,14,2,2,1,0.3478
203,2,3,5,0,39,5,60,8,1,1,1,0.7042
203,2,3,5,0,40,6,80,8,1,1,1,0.47922
203,2,3,5,0,41,4,80,6,1,1,1,0.37017
203,2,3,5,0,42,12,80,14,2,2,1,0.41047
203,2,3,5,0,43,5,60,8,1,1,1,0.73688
203,2,3,5,0,44,3,60,6,1,1,1,0.44301
203,2,3,5,0,45,10,80,12,2,2,1,0.53247
203,2,3,5,0,46,12,80,14,2,2,1,0.34124
203,2,3,5,0,47,5,60,8,1,1,1,0.53713
203,2,3,5,0,48,7,60,10,2,2,1,0.64798
203,2,3,5,0,49,3,60,6,1,1,1,0.51267
203,2,3,5,0,50,11,60,14,2,2,1,0.4725
203,2,3,5,0,51,2,80,4,1,1,1,0.43548
203,2,3,5,0,52,8,80,10,2,2,1,0.53382
203,2,3,5,0,53,1,60,4,1,1,1,0.44456
203,2,3,5,0,54,9,60,12,2,2,1,0.40179
203,2,3,5,0,55,8,80,10,2,2,1,0.45504
203,2,3,5,0,56,11,60,14,2,2,1,0.35783
203,2,3,5,0,57,8,80,10,2,2,1,0.54322
203,2,3,5,0,58,8,80,10,2,2,1,0.39425
203,2,3,5,0,59,12,80,14,2,2,1,0.38018
203,2,3,5,0,60,6,80,8,1,1,1,0.46727
203,2,3,5,0,61,1,60,4,1,1,1,0.45169
203,2,3,5,0,62,6,80,8,1,1,1,0.81574
203,2,3,5,0,63,7,60,10,2,2,1,0.66781
203,2,3,5,0,64,3,60,6,1,1,1,0.53156
203,2,3,5,0,65,6,80,8,1,1,1,0.49144
203,2,3,5,0,66,9,60,12,2,2,1,0.49461
203,2,3,5,0,67,8,80,10,2,2,1,0.76732
203,2,3,5,0,68,1,60,4,1,1,1,0.53598
203,2,3,5,0,69,10,80,12,2,2,1,0.65526
203,2,3,5,0,70,5,60,8,1,1,1,0.57615
203,2,3,5,0,71,2,80,4,1,1,1,0.76392
203,2,3,5,0,72,3,60,6,1,1,1,0.63379
203,2,3,5,0,73,11,60,14,2,2,1,0.46359
203,2,3,5,0,74,5,60,8,1,1,1,0.52035
203,2,3,5,0,75,6,80,8,1,1,1,1.0838
203,2,3,5,0,76,7,60,10,2,2,1,0.75919
203,2,3,5,0,77,7,60,10,2,2,1,0.47576
203,2,3,5,0,78,10,80,12,2,2,1,0.42358
203,2,3,5,0,79,12,80,14,2,2,1,0.44955
203,2,3,5,0,80,10,80,12,2,2,1,0.37016
203,2,3,5,0,81,2,80,4,1,1,1,0.48265
203,2,3,5,0,82,3,60,6,1,1,1,0.35761
203,2,3,5,0,83,6,80,8,1,1,1,0.82475
203,2,3,5,0,84,9,60,12,2,2,1,0.55688
203,2,3,5,0,85,2,80,4,1,1,1,0.3925
203,2,3,5,0,86,8,80,10,2,2,1,0.91335
203,2,3,5,0,87,5,60,8,1,1,1,0.51343
203,2,3,5,0,88,1,60,4,1,1,1,0.481
203,2,3,5,0,89,10,80,12,2,2,1,0.44791
203,2,3,5,0,90,6,80,8,1,1,1,0.81309
203,2,3,5,0,91,4,80,6,1,1,1,0.59651
203,2,3,5,0,92,6,80,8,1,1,1,0.82193
203,2,3,5,0,93,12,80,14,2,2,1,0.44398
203,2,3,5,0,94,5,60,8,1,1,1,0.61476
203,2,3,5,0,95,2,80,4,1,1,1,0.44278
203,2,3,5,0,96,12,80,14,2,2,1,0.46865
203,2,3,5,0,97,6,80,8,1,1,1,0.43991
203,2,3,5,0,98,7,60,10,2,1,0,0.39326
203,2,3,5,0,99,7,60,10,2,2,1,0.84237
203,2,3,5,0,100,10,80,12,2,2,1,0.36949
203,2,3,5,0,101,4,80,6,1,1,1,0.61378
203,2,3,5,0,102,9,60,12,2,2,1,0.54101
203,2,3,5,0,103,8,80,10,2,2,1,0.60219
203,2,3,5,0,104,1,60,4,1,1,1,0.55843
203,2,3,5,0,105,9,60,12,2,2,1,0.46146
203,2,3,5,0,106,11,60,14,2,2,1,0.56628
203,2,3,5,0,107,2,80,4,1,1,1,0.5806
203,2,3,5,0,108,12,80,14,2,2,1,0.42423
203,2,3,5,0,109,5,60,8,1,1,1,0.49445
203,2,3,5,0,110,1,60,4,1,1,1,0.45387
203,2,3,5,0,111,7,60,10,2,2,1,0.4142
203,2,3,5,0,112,7,60,10,2,2,1,0.4789
203,2,3,5,0,113,2,80,4,1,1,1,0.3897
203,2,3,5,0,114,6,80,8,1,1,1,1.7412
203,2,3,5,0,115,10,80,12,2,2,1,0.47282
203,2,3,5,0,116,8,80,10,2,2,1,0.7891
203,2,3,5,0,117,8,80,10,2,2,1,0.42355
203,2,3,5,0,118,2,80,4,1,1,1,0.73785
203,2,3,5,0,119,4,80,6,1,1,1,0.62879
203,2,3,5,0,120,12,80,14,2,2,1,0.49055
203,2,3,6,0,1,1,60,4,1,1,1,1.109
203,2,3,6,0,2,2,80,4,1,1,1,0.39665
203,2,3,6,0,3,5,60,8,1,1,1,0.74001
203,2,3,6,0,4,6,80,8,1,1,1,0.59092
203,2,3,6,0,5,4,80,6,1,1,1,0.40371
203,2,3,6,0,6,9,60,12,2,2,1,0.44544
203,2,3,6,0,7,3,60,6,1,1,1,0.5698
203,2,3,6,0,8,2,80,4,1,1,1,0.45919
203,2,3,6,0,9,1,60,4,1,1,1,0.39637
203,2,3,6,0,10,10,80,12,2,2,1,0.42815
203,2,3,6,0,11,6,80,8,1,1,1,1.1971
203,2,3,6,0,12,12,80,14,2,2,1,0.42703
203,2,3,6,0,13,10,80,12,2,2,1,0.47484
203,2,3,6,0,14,2,80,4,1,1,1,0.41866
203,2,3,6,0,15,10,80,12,2,2,1,0.61709
203,2,3,6,0,16,11,60,14,2,2,1,0.51827
203,2,3,6,0,17,4,80,6,1,1,1,0.43401
203,2,3,6,0,18,7,60,10,2,2,1,1.0314
203,2,3,6,0,19,10,80,12,2,2,1,0.61165
203,2,3,6,0,20,10,80,12,2,2,1,0.42673
203,2,3,6,0,21,10,80,12,2,2,1,0.45239
203,2,3,6,0,22,11,60,14,2,2,1,0.38045
203,2,3,6,0,23,5,60,8,1,1,1,0.45253
203,2,3,6,0,24,3,60,6,1,1,1,0.4248
203,2,3,6,0,25,2,80,4,1,1,1,0.47998
203,2,3,6,0,26,12,80,14,2,2,1,0.48434
203,2,3,6,0,27,11,60,14,2,2,1,0.39228
203,2,3,6,0,28,12,80,14,2,2,1,0.4417
203,2,3,6,0,29,2,80,4,1,1,1,0.55204
203,2,3,6,0,30,8,80,10,2,1,0,3.2837
203,2,3,6,0,31,2,80,4,1,1,1,0.42932
203,2,3,6,0,32,1,60,4,1,1,1,0.40967
203,2,3,6,0,33,6,80,8,1,1,1,0.57272
203,2,3,6,0,34,7,60,10,2,2,1,0.49627
203,2,3,6,0,35,3,60,6,1,1,1,0.4406
203,2,3,6,0,36,3,60,6,1,1,1,0.41828
203,2,3,6,0,37,5,60,8,1,1,1,0.42876
203,2,3,6,0,38,2,80,4,1,1,1,0.40222
203,2,3,6,0,39,4,80,6,1,1,1,0.41624
203,2,3,6,0,40,10,80,12,2,2,1,0.42104
203,2,3,6,0,41,11,60,14,2,2,1,0.32342
203,2,3,6,0,42,9,60,12,2,2,1,0.37106
203,2,3,6,0,43,10,80,12,2,2,1,0.31145
203,2,3,6,0,44,12,80,14,2,2,1,0.32257
203,2,3,6,0,45,4,80,6,1,1,1,0.43995
203,2,3,6,0,46,8,80,10,2,2,1,1.1239
203,2,3,6,0,47,10,80,12,2,2,1,0.41106
203,2,3,6,0,48,9,60,12,2,2,1,0.39481
203,2,3,6,0,49,9,60,12,2,2,1,0.41755
203,2,3,6,0,50,7,60,10,2,2,1,1.0406
203,2,3,6,0,51,3,60,6,1,1,1,0.40789
203,2,3,6,0,52,7,60,10,2,1,0,0.45313
203,2,3,6,0,53,9,60,12,2,2,1,0.70191
203,2,3,6,0,54,11,60,14,2,2,1,0.38147
203,2,3,6,0,55,4,80,6,1,1,1,0.40153
203,2,3,6,0,56,1,60,4,1,1,1,0.56896
203,2,3,6,0,57,1,60,4,1,1,1,0.38723
203,2,3,6,0,58,2,80,4,1,1,1,0.39324
203,2,3,6,0,59,5,60,8,1,1,1,0.83932
203,2,3,6,0,60,4,80,6,1,1,1,0.34548
203,2,3,6,0,61,12,80,14,2,2,1,0.44742
203,2,3,6,0,62,9,60,12,2,2,1,0.33256
203,2,3,6,0,63,8,80,10,2,2,1,0.62885
203,2,3,6,0,64,12,80,14,2,2,1,0.40626
203,2,3,6,0,65,4,80,6,1,1,1,0.51964
203,2,3,6,0,66,2,80,4,1,1,1,0.48325
203,2,3,6,0,67,8,80,10,2,2,1,0.56724
203,2,3,6,0,68,1,60,4,1,1,1,0.53912
203,2,3,6,0,69,7,60,10,2,2,1,0.52539
203,2,3,6,0,70,6,80,8,1,1,1,0.93494
203,2,3,6,0,71,5,60,8,1,1,1,0.41955
203,2,3,6,0,72,11,60,14,2,2,1,0.41074
203,2,3,6,0,73,5,60,8,1,1,1,0.61365
203,2,3,6,0,74,9,60,12,2,2,1,0.60648
203,2,3,6,0,75,9,60,12,2,2,1,0.38045
203,2,3,6,0,76,1,60,4,1,1,1,0.48177
203,2,3,6,0,77,3,60,6,1,1,1,0.39323
203,2,3,6,0,78,11,60,14,2,2,1,0.68485
203,2,3,6,0,79,6,80,8,1,1,1,0.56241
203,2,3,6,0,80,4,80,6,1,1,1,0.42814
203,2,3,6,0,81,11,60,14,2,2,1,0.42518
203,2,3,6,0,82,4,80,6,1,1,1,0.59048
203,2,3,6,0,83,7,60,10,2,1,0,0.73036
203,2,3,6,0,84,3,60,6,1,1,1,0.50544
203,2,3,6,0,85,6,80,8,1,1,1,0.6067
203,2,3,6,0,86,8,80,10,2,2,1,0.81219
203,2,3,6,0,87,3,60,6,1,1,1,0.61826
203,2,3,6,0,88,1,60,4,1,1,1,0.42906
203,2,3,6,0,89,6,80,8,1,1,1,1.244
203,2,3,6,0,90,6,80,8,1,1,1,0.59601
203,2,3,6,0,91,1,60,4,1,1,1,0.95399
203,2,3,6,0,92,7,60,10,2,2,1,0.51981
203,2,3,6,0,93,9,60,12,2,2,1,0.53463
203,2,3,6,0,94,5,60,8,1,1,1,0.59696
203,2,3,6,0,95,5,60,8,1,1,1,0.54693
203,2,3,6,0,96,12,80,14,2,2,1,0.9043
203,2,3,6,0,97,12,80,14,2,2,1,0.50977
203,2,3,6,0,98,7,60,10,2,2,1,0.93969
203,2,3,6,0,99,12,80,14,2,2,1,0.37379
203,2,3,6,0,100,2,80,4,1,1,1,0.51743
203,2,3,6,0,101,8,80,10,2,2,1,0.73276
203,2,3,6,0,102,5,60,8,1,1,1,0.65481
203,2,3,6,0,103,8,80,10,2,2,1,0.79723
203,2,3,6,0,104,6,80,8,1,1,1,0.53058
203,2,3,6,0,105,5,60,8,1,1,1,0.50944
203,2,3,6,0,106,8,80,10,2,2,1,0.9297
203,2,3,6,0,107,11,60,14,2,2,1,0.43925
203,2,3,6,0,108,11,60,14,2,2,1,0.43764
203,2,3,6,0,109,6,80,8,1,1,1,0.4633
203,2,3,6,0,110,7,60,10,2,2,1,0.87276
203,2,3,6,0,111,7,60,10,2,2,1,0.43352
203,2,3,6,0,112,8,80,10,2,2,1,0.49864
203,2,3,6,0,113,9,60,12,2,2,1,0.45213
203,2,3,6,0,114,1,60,4,1,1,1,0.69007
203,2,3,6,0,115,12,80,14,2,2,1,0.46958
203,2,3,6,0,116,10,80,12,2,2,1,0.42895
203,2,3,6,0,117,3,60,6,1,1,1,0.48158
203,2,3,6,0,118,4,80,6,1,1,1,0.45208
203,2,3,6,0,119,8,80,10,2,2,1,0.90335
203,2,3,6,0,120,3,60,6,1,1,1,0.49074
203,2,3,4,1,1,9,60,12,2,2,1,0.60074
203,2,3,4,1,2,11,60,14,2,2,1,0.32367
203,2,3,4,1,3,2,80,4,1,1,1,0.36885
203,2,3,4,1,4,6,80,8,1,1,1,0.365
203,2,3,4,1,5,2,80,4,1,1,1,0.50678
203,2,3,4,1,6,7,60,10,2,2,1,0.41995
203,2,3,4,1,7,9,60,12,2,2,1,0.42771
203,2,3,4,1,8,2,80,4,1,1,1,0.43337
203,2,3,4,1,9,7,60,10,2,2,1,1.0027
203,2,3,4,1,10,4,80,6,1,1,1,0.40596
203,2,3,4,1,11,11,60,14,2,2,1,0.44708
203,2,3,4,1,12,11,60,14,2,2,1,0.4656
203,2,3,4,1,13,2,80,4,1,1,1,0.55087
203,2,3,4,1,14,9,60,12,2,2,1,0.48118
203,2,3,4,1,15,4,80,6,1,1,1,0.45907
203,2,3,4,1,16,4,80,6,1,1,1,0.37939
203,2,3,4,1,17,7,60,10,2,2,1,0.56395
203,2,3,4,1,18,11,60,14,2,2,1,0.3959
203,2,3,4,1,19,6,80,8,1,1,1,0.71924
203,2,3,4,1,20,7,60,10,2,2,1,0.71875
203,2,3,4,1,21,6,80,8,1,1,1,0.43085
203,2,3,4,1,22,6,80,8,1,1,1,0.42377
203,2,3,4,1,23,9,60,12,2,2,1,0.56622
203,2,3,4,1,24,4,80,6,1,1,1,0.4305
203,2,3,4,0,1,7,60,10,2,2,1,1.7007
203,2,3,4,0,2,7,60,10,2,2,1,0.38706
203,2,3,4,0,3,7,60,10,2,2,1,0.31336
203,2,3,4,0,4,4,80,6,1,1,1,0.41093
203,2,3,4,0,5,9,60,12,2,2,1,0.42343
203,2,3,4,0,6,7,60,10,2,2,1,0.48215
203,2,3,4,0,7,11,60,14,2,2,1,0.42111
203,2,3,4,0,8,2,80,4,1,1,1,0.35324
203,2,3,4,0,9,2,80,4,1,1,1,0.38331
203,2,3,4,0,10,7,60,10,2,2,1,0.41336
203,2,3,4,0,11,4,80,6,1,1,1,0.45856
203,2,3,4,0,12,6,80,8,1,1,1,0.40293
203,2,3,4,0,13,2,80,4,1,1,1,0.48017
203,2,3,4,0,14,6,80,8,1,1,1,0.85746
203,2,3,4,0,15,11,60,14,2,2,1,0.39504
203,2,3,4,0,16,9,60,12,2,2,1,0.33454
203,2,3,4,0,17,11,60,14,2,2,1,0.33698
203,2,3,4,0,18,2,80,4,1,1,1,0.36635
203,2,3,4,0,19,11,60,14,2,2,1,0.55847
203,2,3,4,0,20,2,80,4,1,1,1,0.43195
203,2,3,4,0,21,6,80,8,1,1,1,0.57467
203,2,3,4,0,22,2,80,4,1,1,1,0.4043
203,2,3,4,0,23,7,60,10,2,2,1,0.82452
203,2,3,4,0,24,2,80,4,1,1,1,0.53079
203,2,3,4,0,25,4,80,6,1,1,1,0.4881
203,2,3,4,0,26,9,60,12,2,2,1,0.44183
203,2,3,4,0,27,11,60,14,2,2,1,0.31205
203,2,3,4,0,28,9,60,12,2,2,1,0.4014
203,2,3,4,0,29,6,80,8,1,1,1,0.46861
203,2,3,4,0,30,6,80,8,1,1,1,0.59054
203,2,3,4,0,31,6,80,8,1,1,1,0.57387
203,2,3,4,0,32,4,80,6,1,1,1,0.46268
203,2,3,4,0,33,9,60,12,2,2,1,0.50364
203,2,3,4,0,34,2,80,4,1,1,1,0.40599
203,2,3,4,0,35,11,60,14,2,2,1,0.40049
203,2,3,4,0,36,6,80,8,1,1,1,0.48967
203,2,3,4,0,37,4,80,6,1,1,1,0.39797
203,2,3,4,0,38,9,60,12,2,2,1,0.48738
203,2,3,4,0,39,7,60,10,2,1,0,0.36895
203,2,3,4,0,40,9,60,12,2,2,1,0.47873
203,2,3,4,0,41,7,60,10,2,2,1,0.35573
203,2,3,4,0,42,11,60,14,2,2,1,0.31225
203,2,3,4,0,43,9,60,12,2,2,1,0.382
203,2,3,4,0,44,6,80,8,1,1,1,0.47173
203,2,3,4,0,45,4,80,6,1,1,1,0.46314
203,2,3,4,0,46,11,60,14,2,2,1,0.40194
203,2,3,4,0,47,2,80,4,1,1,1,0.66733
203,2,3,4,0,48,7,60,10,2,1,0,2.3469
203,2,3,4,0,49,6,80,8,1,1,1,0.5859
203,2,3,4,0,50,4,80,6,1,1,1,0.4255
203,2,3,4,0,51,6,80,8,1,1,1,0.46246
203,2,3,4,0,52,11,60,14,2,2,1,0.36465
203,2,3,4,0,53,6,80,8,1,1,1,0.63677
203,2,3,4,0,54,11,60,14,2,2,1,0.44338
203,2,3,4,0,55,6,80,8,1,1,1,0.48994
203,2,3,4,0,56,6,80,8,1,1,1,0.47421
203,2,3,4,0,57,11,60,14,2,2,1,0.45253
203,2,3,4,0,58,4,80,6,1,1,1,0.50962
203,2,3,4,0,59,6,80,8,1,1,1,0.55318
203,2,3,4,0,60,9,60,12,2,2,1,0.40111
203,2,3,4,0,61,9,60,12,2,2,1,0.42144
203,2,3,4,0,62,11,60,14,2,2,1,0.45676
203,2,3,4,0,63,2,80,4,1,1,1,0.4715
203,2,3,4,0,64,7,60,10,2,2,1,3.6712
203,2,3,4,0,65,9,60,12,2,2,1,0.43239
203,2,3,4,0,66,6,80,8,1,1,1,0.50893
203,2,3,4,0,67,4,80,6,1,1,1,0.36379
203,2,3,4,0,68,9,60,12,2,2,1,0.44779
203,2,3,4,0,69,9,60,12,2,2,1,0.49867
203,2,3,4,0,70,9,60,12,2,2,1,0.33478
203,2,3,4,0,71,2,80,4,1,1,1,0.46109
203,2,3,4,0,72,4,80,6,1,1,1,0.47753
203,2,3,4,0,73,4,80,6,1,1,1,0.56419
203,2,3,4,0,74,6,80,8,1,1,1,1.5426
203,2,3,4,0,75,6,80,8,1,1,1,0.44497
203,2,3,4,0,76,11,60,14,2,2,1,0.52426
203,2,3,4,0,77,4,80,6,1,1,1,0.50116
203,2,3,4,0,78,4,80,6,1,1,1,0.49966
203,2,3,4,0,79,4,80,6,1,1,1,0.52152
203,2,3,4,0,80,9,60,12,2,2,1,0.55085
203,2,3,4,0,81,9,60,12,2,2,1,0.85066
203,2,3,4,0,82,6,80,8,1,1,1,0.56066
203,2,3,4,0,83,4,80,6,1,1,1,0.60606
203,2,3,4,0,84,11,60,14,2,2,1,0.62478
203,2,3,4,0,85,7,60,10,2,1,0,1.9932
203,2,3,4,0,86,4,80,6,1,1,1,0.42618
203,2,3,4,0,87,2,80,4,1,1,1,1.2635
203,2,3,4,0,88,7,60,10,2,1,0,1.1363
203,2,3,4,0,89,4,80,6,1,1,1,0.44935
203,2,3,4,0,90,7,60,10,2,2,1,0.5059
203,2,3,4,0,91,2,80,4,1,1,1,0.34697
203,2,3,4,0,92,9,60,12,2,2,1,0.38624
203,2,3,4,0,93,11,60,14,2,2,1,0.44726
203,2,3,4,0,94,11,60,14,2,2,1,0.32087
203,2,3,4,0,95,7,60,10,2,2,1,0.7483
203,2,3,4,0,96,11,60,14,2,2,1,0.35623
203,2,3,4,0,97,4,80,6,1,1,1,0.42221
203,2,3,4,0,98,4,80,6,1,1,1,0.38173
203,2,3,4,0,99,9,60,12,2,2,1,0.41833
203,2,3,4,0,100,2,80,4,1,1,1,0.45885
203,2,3,4,0,101,7,60,10,2,2,1,0.4753
203,2,3,4,0,102,2,80,4,1,1,1,0.43175
203,2,3,4,0,103,7,60,10,2,2,1,0.49919
203,2,3,4,0,104,2,80,4,1,1,1,0.39872
203,2,3,4,0,105,2,80,4,1,1,1,0.36388
203,2,3,4,0,106,7,60,10,2,2,1,0.37671
203,2,3,4,0,107,6,80,8,1,2,0,0.37066
203,2,3,4,0,108,2,80,4,1,1,1,0.45953
203,2,3,4,0,109,7,60,10,2,2,1,0.49868
203,2,3,4,0,110,2,80,4,1,1,1,0.51051
203,2,3,4,0,111,9,60,12,2,2,1,0.44964
203,2,3,4,0,112,9,60,12,2,2,1,1.5107
203,2,3,4,0,113,11,60,14,2,2,1,0.66805
203,2,3,4,0,114,6,80,8,1,1,1,0.81766
203,2,3,4,0,115,4,80,6,1,1,1,1.1068
203,2,3,4,0,116,7,60,10,2,2,1,2.0471
203,2,3,4,0,117,7,60,10,2,2,1,0.38256
203,2,3,4,0,118,11,60,14,2,2,1,0.39278
203,2,3,4,0,119,2,80,4,1,1,1,0.43003
203,2,3,4,0,120,11,60,14,2,2,1,0.52645
203,2,3,3,1,1,5,60,8,1,1,1,0.59842
203,2,3,3,1,2,3,60,6,1,1,1,0.35956
203,2,3,3,1,3,12,80,14,2,2,1,0.41578
203,2,3,3,1,4,8,80,10,2,2,1,1.4675
203,2,3,3,1,5,5,60,8,1,1,1,0.65813
203,2,3,3,1,6,8,80,10,2,1,0,0.64849
203,2,3,3,1,7,1,60,4,1,1,1,0.51768
203,2,3,3,1,8,8,80,10,2,2,1,0.72757
203,2,3,3,1,9,1,60,4,1,1,1,0.64125
203,2,3,3,1,10,10,80,12,2,2,1,0.511
203,2,3,3,1,11,10,80,12,2,2,1,0.63639
203,2,3,3,1,12,12,80,14,2,2,1,0.43119
203,2,3,3,1,13,10,80,12,2,2,1,0.64633
203,2,3,3,1,14,3,60,6,1,1,1,0.52516
203,2,3,3,1,15,1,60,4,1,1,1,0.48685
203,2,3,3,1,16,3,60,6,1,1,1,0.46876
203,2,3,3,1,17,5,60,8,1,1,1,0.92673
203,2,3,3,1,18,12,80,14,2,2,1,0.60252
203,2,3,3,1,19,10,80,12,2,2,1,0.63845
203,2,3,3,1,20,1,60,4,1,1,1,0.51121
203,2,3,3,1,21,5,60,8,1,1,1,0.88568
203,2,3,3,1,22,8,80,10,2,2,1,1.0933
203,2,3,3,1,23,3,60,6,1,1,1,1.449
203,2,3,3,1,24,12,80,14,2,2,1,0.92177
203,2,3,3,0,1,3,60,6,1,1,1,0.58234
203,2,3,3,0,2,12,80,14,2,2,1,0.39932
203,2,3,3,0,3,3,60,6,1,1,1,0.39975
203,2,3,3,0,4,5,60,8,1,1,1,0.78851
203,2,3,3,0,5,1,60,4,1,1,1,0.44559
203,2,3,3,0,6,3,60,6,1,1,1,0.35147
203,2,3,3,0,7,5,60,8,1,1,1,0.35811
203,2,3,3,0,8,5,60,8,1,1,1,0.71028
203,2,3,3,0,9,3,60,6,1,1,1,0.34908
203,2,3,3,0,10,5,60,8,1,1,1,0.48644
203,2,3,3,0,11,12,80,14,2,2,1,0.46963
203,2,3,3,0,12,1,60,4,1,1,1,0.41255
203,2,3,3,0,13,8,80,10,2,2,1,0.88351
203,2,3,3,0,14,8,80,10,2,2,1,0.49003
203,2,3,3,0,15,12,80,14,2,2,1,0.43836
203,2,3,3,0,16,1,60,4,1,1,1,0.42208
203,2,3,3,0,17,10,80,12,2,2,1,0.79138
203,2,3,3,0,18,5,60,8,1,1,1,0.92857
203,2,3,3,0,19,3,60,6,1,1,1,0.45039
203,2,3,3,0,20,3,60,6,1,1,1,0.3978
203,2,3,3,0,21,8,80,10,2,2,1,0.64351
203,2,3,3,0,22,1,60,4,1,1,1,0.95004
203,2,3,3,0,23,8,80,10,2,2,1,0.65001
203,2,3,3,0,24,1,60,4,1,1,1,0.49115
203,2,3,3,0,25,5,60,8,1,2,0,0.78961
203,2,3,3,0,26,5,60,8,1,1,1,1.4125
203,2,3,3,0,27,12,80,14,2,2,1,0.53176
203,2,3,3,0,28,10,80,12,2,2,1,0.34769
203,2,3,3,0,29,8,80,10,2,2,1,0.71356
203,2,3,3,0,30,12,80,14,2,2,1,0.47078
203,2,3,3,0,31,10,80,12,2,2,1,0.59463
203,2,3,3,0,32,1,60,4,1,1,1,0.42604
203,2,3,3,0,33,12,80,14,2,2,1,0.46773
203,2,3,3,0,34,8,80,10,2,2,1,0.71386
203,2,3,3,0,35,1,60,4,1,1,1,0.37679
203,2,3,3,0,36,10,80,12,2,2,1,0.54786
203,2,3,3,0,37,12,80,14,2,2,1,0.41946
203,2,3,3,0,38,3,60,6,1,1,1,0.49378
203,2,3,3,0,39,5,60,8,1,1,1,0.64799
203,2,3,3,0,40,1,60,4,1,1,1,0.66374
203,2,3,3,0,41,3,60,6,1,1,1,0.59828
203,2,3,3,0,42,10,80,12,2,2,1,0.38084
203,2,3,3,0,43,10,80,12,2,2,1,0.32123
203,2,3,3,0,44,3,60,6,1,1,1,0.70139
203,2,3,3,0,45,8,80,10,2,2,1,0.82017
203,2,3,3,0,46,3,60,6,1,1,1,0.47519
203,2,3,3,0,47,1,60,4,1,1,1,0.44089
203,2,3,3,0,48,12,80,14,2,2,1,0.46691
203,2,3,3,0,49,8,80,10,2,2,1,0.50784
203,2,3,3,0,50,1,60,4,1,1,1,0.53512
203,2,3,3,0,51,3,60,6,1,1,1,0.42272
203,2,3,3,0,52,10,80,12,2,2,1,0.51366
203,2,3,3,0,53,8,80,10,2,2,1,0.57536
203,2,3,3,0,54,8,80,10,2,2,1,0.44663
203,2,3,3,0,55,5,60,8,1,1,1,1.8639
203,2,3,3,0,56,12,80,14,2,2,1,0.45226
203,2,3,3,0,57,8,80,10,2,2,1,0.58035
203,2,3,3,0,58,12,80,14,2,2,1,0.37655
203,2,3,3,0,59,5,60,8,1,1,1,0.67905
203,2,3,3,0,60,10,80,12,2,2,1,0.76475
203,2,3,3,0,61,8,80,10,2,1,0,1.2411
203,2,3,3,0,62,1,60,4,1,1,1,0.40275
203,2,3,3,0,63,12,80,14,2,2,1,0.45964
203,2,3,3,0,64,3,60,6,1,1,1,0.76443
203,2,3,3,0,65,3,60,6,1,1,1,0.42926
203,2,3,3,0,66,8,80,10,2,2,1,0.59693
203,2,3,3,0,67,12,80,14,2,2,1,0.39542
203,2,3,3,0,68,10,80,12,2,2,1,0.42717
203,2,3,3,0,69,1,60,4,1,1,1,0.47875
203,2,3,3,0,70,3,60,6,1,1,1,0.42525
203,2,3,3,0,71,3,60,6,1,1,1,0.363
203,2,3,3,0,72,8,80,10,2,2,1,0.63793
203,2,3,3,0,73,5,60,8,1,1,1,1.2
203,2,3,3,0,74,10,80,12,2,2,1,0.51242
203,2,3,3,0,75,5,60,8,1,1,1,0.64997
203,2,3,3,0,76,1,60,4,1,1,1,0.74608
203,2,3,3,0,77,5,60,8,1,1,1,0.85448
203,2,3,3,0,78,1,60,4,1,1,1,0.3914
203,2,3,3,0,79,8,80,10,2,2,1,1.6662
203,2,3,3,0,80,3,60,6,1,1,1,0.50859
203,2,3,3,0,81,1,60,4,1,1,1,0.48371
203,2,3,3,0,82,5,60,8,1,1,1,1.3654
203,2,3,3,0,83,5,60,8,1,1,1,0.41879
203,2,3,3,0,84,3,60,6,1,1,1,0.39783
203,2,3,3,0,85,10,80,12,2,2,1,0.49555
203,2,3,3,0,86,10,80,12,2,2,1,0.40584
203,2,3,3,0,87,1,60,4,1,1,1,0.45604
203,2,3,3,0,88,12,80,14,2,2,1,0.549
203,2,3,3,0,89,12,80,14,2,2,1,0.47598
203,2,3,3,0,90,5,60,8,1,1,1,0.5027
203,2,3,3,0,91,3,60,6,1,1,1,0.48956
203,2,3,3,0,92,12,80,14,2,2,1,0.52626
203,2,3,3,0,93,10,80,12,2,2,1,0.45623
203,2,3,3,0,94,10,80,12,2,2,1,0.39094
203,2,3,3,0,95,8,80,10,2,2,1,0.62665
203,2,3,3,0,96,12,80,14,2,2,1,0.45255
203,2,3,3,0,97,12,80,14,2,2,1,0.47231
203,2,3,3,0,98,10,80,12,2,2,1,0.42782
203,2,3,3,0,99,5,60,8,1,1,1,0.66603
203,2,3,3,0,100,1,60,4,1,1,1,0.5806
203,2,3,3,0,101,10,80,12,2,2,1,0.46771
203,2,3,3,0,102,1,60,4,1,1,1,0.53695
203,2,3,3,0,103,3,60,6,1,1,1,0.40035
203,2,3,3,0,104,5,60,8,1,1,1,0.73483
203,2,3,3,0,105,10,80,12,2,2,1,0.50059
203,2,3,3,0,106,8,80,10,2,2,1,0.35974
203,2,3,3,0,107,1,60,4,1,1,1,0.40611
203,2,3,3,0,108,8,80,10,2,2,1,0.63618
203,2,3,3,0,109,12,80,14,2,2,1,0.52959
203,2,3,3,0,110,3,60,6,1,1,1,0.41445
203,2,3,3,0,111,10,80,12,2,2,1,0.47301
203,2,3,3,0,112,8,80,10,2,2,1,0.77476
203,2,3,3,0,113,12,80,14,2,2,1,0.49064
203,2,3,3,0,114,1,60,4,1,1,1,0.40943
203,2,3,3,0,115,10,80,12,2,2,1,0.5668
203,2,3,3,0,116,8,80,10,2,2,1,1.2843
203,2,3,3,0,117,5,60,8,1,1,1,0.64747
203,2,3,3,0,118,5,60,8,1,1,1,0.46983
203,2,3,3,0,119,12,80,14,2,2,1,0.49295
203,2,3,3,0,120,10,80,12,2,2,1,0.65806
