104,1,3,1,1,1,5,60,8,1,1,1,0.91106
104,1,3,1,1,2,7,80,8,2,2,1,0.64209
104,1,3,1,1,3,7,80,8,2,2,1,0.53849
104,1,3,1,1,4,11,120,8,2,2,1,0.39085
104,1,3,1,1,5,11,120,8,2,2,1,0.38109
104,1,3,1,1,6,1,20,8,1,1,1,0.49726
104,1,3,1,1,7,1,20,8,1,1,1,0.34315
104,1,3,1,1,8,3,40,8,1,1,1,0.37536
104,1,3,1,1,9,1,20,8,1,1,1,0.75132
104,1,3,1,1,10,11,120,8,2,2,1,0.50992
104,1,3,1,1,11,9,100,8,2,2,1,0.66316
104,1,3,1,1,12,5,60,8,1,1,1,0.79045
104,1,3,1,1,13,5,60,8,1,1,1,0.73778
104,1,3,1,1,14,3,40,8,1,1,1,0.50483
104,1,3,1,1,15,7,80,8,2,2,1,0.67532
104,1,3,1,1,16,1,20,8,1,1,1,0.43838
104,1,3,1,1,17,3,40,8,1,1,1,0.55406
104,1,3,1,1,18,5,60,8,1,1,1,0.65391
104,1,3,1,1,19,9,100,8,2,2,1,0.46505
104,1,3,1,1,20,7,80,8,2,2,1,0.62924
104,1,3,1,1,21,3,40,8,1,1,1,0.40963
104,1,3,1,1,22,9,100,8,2,2,1,0.48592
104,1,3,1,1,23,11,120,8,2,2,1,0.37265
104,1,3,1,1,24,9,100,8,2,2,1,0.44682
104,1,3,1,0,1,11,120,8,2,2,1,0.37484
104,1,3,1,0,2,1,20,8,1,1,1,0.35107
104,1,3,1,0,3,11,120,8,2,2,1,0.43334
104,1,3,1,0,4,7,80,8,2,2,1,0.50705
104,1,3,1,0,5,3,40,8,1,1,1,0.40014
104,1,3,1,0,6,3,40,8,1,1,1,0.41525
104,1,3,1,0,7,5,60,8,1,1,1,0.58329
104,1,3,1,0,8,5,60,8,1,1,1,0.67548
104,1,3,1,0,9,1,20,8,1,1,1,0.3492
104,1,3,1,0,10,3,40,8,1,1,1,0.40842
104,1,3,1,0,11,11,120,8,2,2,1,0.41204
104,1,3,1,0,12,11,120,8,2,2,1,0.51626
104,1,3,1,0,13,11,120,8,2,2,1,0.41232
104,1,3,1,0,14,7,80,8,2,2,1,0.58615
104,1,3,1,0,15,9,100,8,2,2,1,0.39196
104,1,3,1,0,16,9,100,8,2,2,1,0.56611
104,1,3,1,0,17,7,80,8,2,2,1,0.54795
104,1,3,1,0,18,11,120,8,2,2,1,0.43756
104,1,3,1,0,19,3,40,8,1,1,1,0.55306
104,1,3,1,0,20,5,60,8,1,1,1,0.64447
104,1,3,1,0,21,11,120,8,2,2,1,0.49326
104,1,3,1,0,22,5,60,8,1,1,1,0.51991
104,1,3,1,0,23,3,40,8,1,1,1,0.70092
104,1,3,1,0,24,1,20,8,1,1,1,0.47729
104,1,3,1,0,25,9,100,8,2,2,1,0.59187
104,1,3,1,0,26,1,20,8,1,1,1,0.40391
104,1,3,1,0,27,3,40,8,1,1,1,0.9635
104,1,3,1,0,28,11,120,8,2,2,1,0.84582
104,1,3,1,0,29,7,80,8,2,2,1,0.96483
104,1,3,1,0,30,11,120,8,2,2,1,0.55093
104,1,3,1,0,31,7,80,8,2,2,1,0.66436
104,1,3,1,0,32,1,20,8,1,1,1,0.45472
104,1,3,1,0,33,5,60,8,1,1,1,1.5577
104,1,3,1,0,34,1,20,8,1,1,1,0.4395
104,1,3,1,0,35,7,80,8,2,2,1,1.508
104,1,3,1,0,36,5,60,8,1,1,1,1.3438
104,1,3,1,0,37,7,80,8,2,2,1,0.62856
104,1,3,1,0,38,9,100,8,2,2,1,0.51211
104,1,3,1,0,39,5,60,8,1,1,1,0.66741
104,1,3,1,0,40,3,40,8,1,1,1,0.5695
104,1,3,1,0,41,11,120,8,2,2,1,0.75277
104,1,3,1,0,42,9,100,8,2,2,1,0.59882
104,1,3,1,0,43,3,40,8,1,1,1,0.46307
104,1,3,1,0,44,7,80,8,2,2,1,0.7541
104,1,3,1,0,45,5,60,8,1,1,1,1.5169
104,1,3,1,0,46,3,40,8,1,1,1,0.61255
104,1,3,1,0,47,9,100,8,2,2,1,0.49554
104,1,3,1,0,48,9,100,8,2,2,1,0.92505
104,1,3,1,0,49,11,120,8,2,2,1,0.75522
104,1,3,1,0,50,1,20,8,1,1,1,0.38745
104,1,3,1,0,51,9,100,8,2,2,1,0.60042
104,1,3,1,0,52,7,80,8,2,2,1,0.92955
104,1,3,1,0,53,7,80,8,2,2,1,0.56363
104,1,3,1,0,54,7,80,8,2,2,1,0.48374
104,1,3,1,0,55,3,40,8,1,1,1,0.438
104,1,3,1,0,56,3,40,8,1,1,1,0.43662
104,1,3,1,0,57,9,100,8,2,2,1,0.4878
104,1,3,1,0,58,1,20,8,1,1,1,0.41604
104,1,3,1,0,59,7,80,8,2,2,1,1.5735
104,1,3,1,0,60,1,20,8,1,1,1,0.40528
104,1,3,1,0,61,9,100,8,2,2,1,0.56204
104,1,3,1,0,62,9,100,8,2,2,1,0.63215
104,1,3,1,0,63,5,60,8,1,1,1,0.83086
104,1,3,1,0,64,9,100,8,2,2,1,0.59774
104,1,3,1,0,65,9,100,8,2,2,1,0.6195
104,1,3,1,0,66,1,20,8,1,1,1,0.45127
104,1,3,1,0,67,7,80,8,2,2,1,0.56768
104,1,3,1,0,68,7,80,8,2,2,1,1.1931
104,1,3,1,0,69,7,80,8,2,2,1,0.50868
104,1,3,1,0,70,9,100,8,2,2,1,0.53713
104,1,3,1,0,71,7,80,8,2,2,1,0.54447
104,1,3,1,0,72,9,100,8,2,2,1,0.42841
104,1,3,1,0,73,5,60,8,1,1,1,1.0205
104,1,3,1,0,74,1,20,8,1,1,1,0.47568
104,1,3,1,0,75,3,40,8,1,1,1,0.75926
104,1,3,1,0,76,11,120,8,2,2,1,0.52159
104,1,3,1,0,77,11,120,8,2,2,1,0.40691
104,1,3,1,0,78,5,60,8,1,1,1,1.2302
104,1,3,1,0,79,9,100,8,2,2,1,0.53386
104,1,3,1,0,80,11,120,8,2,2,1,0.72305
104,1,3,1,0,81,9,100,8,2,2,1,0.60261
104,1,3,1,0,82,1,20,8,1,1,1,0.40363
104,1,3,1,0,83,5,60,8,1,1,1,0.72694
104,1,3,1,0,84,1,20,8,1,1,1,0.42357
104,1,3,1,0,85,1,20,8,1,1,1,0.39373
104,1,3,1,0,86,9,100,8,2,2,1,0.57681
104,1,3,1,0,87,11,120,8,2,2,1,0.45868
104,1,3,1,0,88,9,100,8,2,2,1,0.63129
104,1,3,1,0,89,11,120,8,2,2,1,0.49254
104,1,3,1,0,90,3,40,8,1,1,1,0.39663
104,1,3,1,0,91,3,40,8,1,1,1,0.4397
104,1,3,1,0,92,9,100,8,2,2,1,0.99646
104,1,3,1,0,93,5,60,8,1,1,1,0.91443
104,1,3,1,0,94,1,20,8,1,1,1,0.4707
104,1,3,1,0,95,3,40,8,1,1,1,0.48741
104,1,3,1,0,96,7,80,8,2,2,1,0.67342
104,1,3,1,0,97,1,20,8,1,1,1,0.54553
104,1,3,1,0,98,7,80,8,2,2,1,1.1655
104,1,3,1,0,99,3,40,8,1,1,1,0.44113
104,1,3,1,0,100,3,40,8,1,1,1,0.4195
104,1,3,1,0,101,11,120,8,2,2,1,0.44588
104,1,3,1,0,102,1,20,8,1,1,1,0.46876
104,1,3,1,0,103,7,80,8,2,2,1,0.71449
104,1,3,1,0,104,11,120,8,2,2,1,0.55131
104,1,3,1,0,105,1,20,8,1,1,1,0.53403
104,1,3,1,0,106,1,20,8,1,1,1,0.59187
104,1,3,1,0,107,11,120,8,2,2,1,0.62324
104,1,3,1,0,108,5,60,8,1,1,1,1.2517
104,1,3,1,0,109,5,60,8,1,1,1,0.78898
104,1,3,1,0,110,1,20,8,1,1,1,0.4396
104,1,3,1,0,111,5,60,8,1,1,1,0.68724
104,1,3,1,0,112,11,120,8,2,2,1,0.6455
104,1,3,1,0,113,3,40,8,1,1,1,1.3076
104,1,3,1,0,114,7,80,8,2,2,1,0.74074
104,1,3,1,0,115,5,60,8,1,1,1,0.66709
104,1,3,1,0,116,5,60,8,1,1,1,0.78452
104,1,3,1,0,117,5,60,8,1,1,1,0.5436
104,1,3,1,0,118,3,40,8,1,1,1,0.52842
104,1,3,1,0,119,3,40,8,1,1,1,0.66813
104,1,3,1,0,120,5,60,8,1,1,1,0.9305
104,1,3,2,1,1,12,120,10,2,2,1,0.9362
104,1,3,2,1,2,6,60,10,1,1,1,1.1175
104,1,3,2,1,3,10,100,10,2,2,1,0.56522
104,1,3,2,1,4,10,100,10,2,2,1,0.51828
104,1,3,2,1,5,8,80,10,2,2,1,0.72436
104,1,3,2,1,6,4,40,10,1,1,1,0.63074
104,1,3,2,1,7,6,60,10,1,1,1,0.64269
104,1,3,2,1,8,12,120,10,2,2,1,0.46022
104,1,3,2,1,9,2,20,10,1,1,1,0.43316
104,1,3,2,1,10,10,100,10,2,2,1,0.71533
104,1,3,2,1,11,12,120,10,2,2,1,0.71168
104,1,3,2,1,12,8,80,10,2,2,1,1.0213
104,1,3,2,1,13,10,100,10,2,2,1,1.1079
104,1,3,2,1,14,4,40,10,1,1,1,0.60582
104,1,3,2,1,15,12,120,10,2,2,1,0.51971
104,1,3,2,1,16,2,20,10,1,1,1,0.49695
104,1,3,2,1,17,6,60,10,1,1,1,1.4192
104,1,3,2,1,18,8,80,10,2,2,1,0.54216
104,1,3,2,1,19,6,60,10,1,1,1,1.0218
104,1,3,2,1,20,4,40,10,1,1,1,0.48732
104,1,3,2,1,21,4,40,10,1,1,1,0.73715
104,1,3,2,1,22,2,20,10,1,1,1,0.62805
104,1,3,2,1,23,2,20,10,1,1,1,0.73389
104,1,3,2,1,24,8,80,10,2,2,1,0.69709
104,1,3,2,0,1,6,60,10,1,1,1,0.89522
104,1,3,2,0,2,10,100,10,2,2,1,0.44238
104,1,3,2,0,3,6,60,10,1,1,1,0.63088
104,1,3,2,0,4,8,80,10,2,2,1,0.61427
104,1,3,2,0,5,12,120,10,2,2,1,0.55606
104,1,3,2,0,6,2,20,10,1,1,1,0.56514
104,1,3,2,0,7,2,20,10,1,1,1,0.45164
104,1,3,2,0,8,2,20,10,1,1,1,0.5651
104,1,3,2,0,9,12,120,10,2,2,1,0.55161
104,1,3,2,0,10,4,40,10,1,1,1,0.54993
104,1,3,2,0,11,4,40,10,1,1,1,0.55205
104,1,3,2,0,12,2,20,10,1,1,1,0.59193
104,1,3,2,0,13,2,20,10,1,1,1,1.0136
104,1,3,2,0,14,10,100,10,2,2,1,1.0756
104,1,3,2,0,15,8,80,10,2,2,1,0.56006
104,1,3,2,0,16,8,80,10,2,2,1,0.52029
104,1,3,2,0,17,4,40,10,1,1,1,0.44612
104,1,3,2,0,18,10,100,10,2,2,1,0.53079
104,1,3,2,0,19,12,120,10,2,2,1,0.50394
104,1,3,2,0,20,12,120,10,2,2,1,0.49908
104,1,3,2,0,21,6,60,10,1,1,1,0.85354
104,1,3,2,0,22,8,80,10,2,2,1,0.79718
104,1,3,2,0,23,12,120,10,2,2,1,0.48365
104,1,3,2,0,24,12,120,10,2,2,1,0.66964
104,1,3,2,0,25,2,20,10,1,1,1,0.46477
104,1,3,2,0,26,2,20,10,1,1,1,0.92128
104,1,3,2,0,27,12,120,10,2,2,1,0.61309
104,1,3,2,0,28,4,40,10,1,1,1,0.43386
104,1,3,2,0,29,2,20,10,1,1,1,0.50321
104,1,3,2,0,30,4,40,10,1,1,1,0.63485
104,1,3,2,0,31,4,40,10,1,1,1,0.63679
104,1,3,2,0,32,6,60,10,1,1,1,0.90303
104,1,3,2,0,33,12,120,10,2,2,1,0.50131
104,1,3,2,0,34,10,100,10,2,2,1,0.89861
104,1,3,2,0,35,2,20,10,1,1,1,0.84275
104,1,3,2,0,36,10,100,10,2,2,1,0.56302
104,1,3,2,0,37,6,60,10,1,1,1,0.90958
104,1,3,2,0,38,6,60,10,1,1,1,0.59561
104,1,3,2,0,39,2,20,10,1,1,1,0.44951
104,1,3,2,0,40,2,20,10,1,1,1,0.5056
104,1,3,2,0,41,8,80,10,2,2,1,0.58469
104,1,3,2,0,42,12,120,10,2,2,1,0.642
104,1,3,2,0,43,10,100,10,2,2,1,0.50294
104,1,3,2,0,44,8,80,10,2,2,1,0.68415
104,1,3,2,0,45,4,40,10,1,1,1,0.60553
104,1,3,2,0,46,10,100,10,2,2,1,0.80086
104,1,3,2,0,47,4,40,10,1,1,1,0.7031
104,1,3,2,0,48,6,60,10,1,1,1,0.90301
104,1,3,2,0,49,6,60,10,1,1,1,1.1397
104,1,3,2,0,50,4,40,10,1,1,1,0.47382
104,1,3,2,0,51,10,100,10,2,2,1,0.73501
104,1,3,2,0,52,10,100,10,2,2,1,0.46617
104,1,3,2,0,53,8,80,10,2,2,1,0.62064
104,1,3,2,0,54,10,100,10,2,2,1,0.45064
104,1,3,2,0,55,10,100,10,2,2,1,0.53027
104,1,3,2,0,56,4,40,10,1,1,1,0.63659
104,1,3,2,0,57,6,60,10,1,1,1,0.92338
104,1,3,2,0,58,12,120,10,2,2,1,0.87328
104,1,3,2,0,59,12,120,10,2,2,1,1.3501
104,1,3,2,0,60,12,120,10,2,2,1,0.40884
104,1,3,2,0,61,12,120,10,2,2,1,0.41607
104,1,3,2,0,62,6,60,10,1,1,1,0.77055
104,1,3,2,0,63,6,60,10,1,1,1,0.38424
104,1,3,2,0,64,10,100,10,2,2,1,0.50853
104,1,3,2,0,65,10,100,10,2,2,1,0.6088
104,1,3,2,0,66,2,20,10,1,1,1,0.49996
104,1,3,2,0,67,12,120,10,2,2,1,0.50133
104,1,3,2,0,68,10,100,10,2,2,1,0.68067
104,1,3,2,0,69,12,120,10,2,2,1,0.66013
104,1,3,2,0,70,2,20,10,1,1,1,0.70137
104,1,3,2,0,71,10,100,10,2,2,1,0.90992
104,1,3,2,0,72,4,40,10,1,1,1,0.59393
104,1,3,2,0,73,8,80,10,2,2,1,0.63677
104,1,3,2,0,74,4,40,10,1,1,1,0.40714
104,1,3,2,0,75,4,40,10,1,1,1,0.54463
104,1,3,2,0,76,4,40,10,1,1,1,0.57578
104,1,3,2,0,77,10,100,10,2,2,1,2.1711
104,1,3,2,0,78,6,60,10,1,1,1,1.1574
104,1,3,2,0,79,6,60,10,1,1,1,0.67339
104,1,3,2,0,80,6,60,10,1,1,1,1.2146
104,1,3,2,0,81,10,100,10,2,2,1,0.9657
104,1,3,2,0,82,4,40,10,1,1,1,0.55947
104,1,3,2,0,83,4,40,10,1,1,1,0.42849
104,1,3,2,0,84,12,120,10,2,2,1,0.8758
104,1,3,2,0,85,10,100,10,2,2,1,1.2886
104,1,3,2,0,86,8,80,10,2,2,1,0.71123
104,1,3,2,0,87,6,60,10,1,1,1,2.7416
104,1,3,2,0,88,8,80,10,2,2,1,0.68636
104,1,3,2,0,89,10,100,10,2,2,1,0.52499
104,1,3,2,0,90,6,60,10,1,1,1,1.3242
104,1,3,2,0,91,8,80,10,2,2,1,0.71634
104,1,3,2,0,92,4,40,10,1,1,1,0.5751
104,1,3,2,0,93,2,20,10,1,1,1,0.61576
104,1,3,2,0,94,12,120,10,2,2,1,0.62292
104,1,3,2,0,95,8,80,10,2,2,1,0.6545
104,1,3,2,0,96,8,80,10,2,2,1,0.76575
104,1,3,2,0,97,8,80,10,2,2,1,0.51341
104,1,3,2,0,98,4,40,10,1,1,1,0.52299
104,1,3,2,0,99,12,120,10,2,2,1,0.50262
104,1,3,2,0,100,8,80,10,2,2,1,0.97111
104,1,3,2,0,101,6,60,10,1,1,1,1.1635
104,1,3,2,0,102,2,20,10,1,1,1,1.6489
104,1,3,2,0,103,2,20,10,1,1,1,0.39604
104,1,3,2,0,104,12,120,10,2,2,1,0.575
104,1,3,2,0,105,8,80,10,2,2,1,1.1238
104,1,3,2,0,106,4,40,10,1,1,1,0.81743
104,1,3,2,0,107,10,100,10,2,2,1,0.71758
104,1,3,2,0,108,8,80,10,2,2,1,0.89062
104,1,3,2,0,109,4,40,10,1,1,1,1.3422
104,1,3,2,0,110,6,60,10,1,1,1,0.86468
104,1,3,2,0,111,12,120,10,2,2,1,1.3329
104,1,3,2,0,112,2,20,10,1,1,1,1.6235
104,1,3,2,0,113,2,20,10,1,1,1,0.82258
104,1,3,2,0,114,6,60,10,1,1,1,1.332
104,1,3,2,0,115,8,80,10,2,2,1,1.7536
104,1,3,2,0,116,2,20,10,1,1,1,1.7386
104,1,3,2,0,117,8,80,10,2,2,1,0.89641
104,1,3,2,0,118,8,80,10,2,2,1,1.7782
104,1,3,2,0,119,6,60,10,1,1,1,0.93526
104,1,3,2,0,120,2,20,10,1,1,1,0.47675
104,1,3,5,1,1,9,100,8,2,2,1,0.76543
104,1,3,5,1,2,10,100,10,2,2,1,0.55023
104,1,3,5,1,3,11,120,8,2,2,1,0.51744
104,1,3,5,1,4,10,100,10,2,2,1,0.60318
104,1,3,5,1,5,3,40,8,1,1,1,0.56391
104,1,3,5,1,6,11,120,8,2,2,1,0.67208
104,1,3,5,1,7,1,20,8,1,1,1,0.7571
104,1,3,5,1,8,12,120,10,2,2,1,0.49766
104,1,3,5,1,9,4,40,10,1,1,1,1.0124
104,1,3,5,1,10,6,60,10,1,1,1,0.94045
104,1,3,5,1,11,5,60,8,1,1,1,1.231
104,1,3,5,1,12,12,120,10,2,2,1,1.0235
104,1,3,5,1,13,8,80,10,2,2,1,1.1007
104,1,3,5,1,14,2,20,10,1,1,1,0.56857
104,1,3,5,1,15,3,40,8,1,1,1,0.51508
104,1,3,5,1,16,4,40,10,1,1,1,0.56121
104,1,3,5,1,17,1,20,8,1,1,1,0.62039
104,1,3,5,1,18,5,60,8,1,1,1,1.6701
104,1,3,5,1,19,7,80,8,2,2,1,1.8821
104,1,3,5,1,20,2,20,10,1,1,1,0.68327
104,1,3,5,1,21,8,80,10,2,2,1,1.2208
104,1,3,5,1,22,7,80,8,2,2,1,0.96287
104,1,3,5,1,23,9,100,8,2,2,1,0.72489
104,1,3,5,1,24,6,60,10,1,1,1,1.3174
104,1,3,5,0,1,4,40,10,1,1,1,0.49503
104,1,3,5,0,2,3,40,8,1,1,1,0.63927
104,1,3,5,0,3,4,40,10,1,1,1,1.3797
104,1,3,5,0,4,8,80,10,2,2,1,0.6656
104,1,3,5,0,5,6,60,10,1,1,1,1.0625
104,1,3,5,0,6,11,120,8,2,2,1,1.2825
104,1,3,5,0,7,10,100,10,2,2,1,2.1922
104,1,3,5,0,8,1,20,8,1,1,1,1.0434
104,1,3,5,0,9,2,20,10,1,1,1,0.75925
104,1,3,5,0,10,1,20,8,1,1,1,0.36681
104,1,3,5,0,11,6,60,10,1,1,1,1.3613
104,1,3,5,0,12,3,40,8,1,1,1,0.71863
104,1,3,5,0,13,4,40,10,1,1,1,0.42229
104,1,3,5,0,14,9,100,8,2,2,1,0.56829
104,1,3,5,0,15,8,80,10,2,2,1,1.6322
104,1,3,5,0,16,3,40,8,1,1,1,3.5507
104,1,3,5,0,17,2,20,10,1,1,1,0.89173
104,1,3,5,0,18,9,100,8,2,2,1,0.89335
104,1,3,5,0,19,7,80,8,2,2,1,0.70307
104,1,3,5,0,20,8,80,10,2,2,1,0.48635
104,1,3,5,0,21,6,60,10,1,1,1,1.3863
104,1,3,5,0,22,11,120,8,2,2,1,0.69368
104,1,3,5,0,23,8,80,10,2,2,1,0.73983
104,1,3,5,0,24,7,80,8,2,2,1,0.7987
104,1,3,5,0,25,10,100,10,2,2,1,0.45837
104,1,3,5,0,26,8,80,10,2,2,1,0.78259
104,1,3,5,0,27,5,60,8,1,1,1,0.68592
104,1,3,5,0,28,7,80,8,2,2,1,0.70679
104,1,3,5,0,29,12,120,10,2,2,1,0.61467
104,1,3,5,0,30,8,80,10,2,2,1,0.91273
104,1,3,5,0,31,11,120,8,2,2,1,0.63441
104,1,3,5,0,32,8,80,10,2,2,1,1.2173
104,1,3,5,0,33,2,20,10,1,1,1,0.54384
104,1,3,5,0,34,2,20,10,1,1,1,0.95039
104,1,3,5,0,35,7,80,8,2,2,1,1.1019
104,1,3,5,0,36,1,20,8,1,1,1,1.2849
104,1,3,5,0,37,5,60,8,1,1,1,0.98121
104,1,3,5,0,38,7,80,8,2,2,1,0.53822
104,1,3,5,0,39,5,60,8,1,1,1,0.65959
104,1,3,5,0,40,6,60,10,1,1,1,0.93796
104,1,3,5,0,41,9,100,8,2,2,1,0.62089
104,1,3,5,0,42,3,40,8,1,1,1,0.48053
104,1,3,5,0,43,4,40,10,1,1,1,0.49545
104,1,3,5,0,44,7,80,8,2,2,1,0.68721
104,1,3,5,0,45,6,60,10,1,1,1,0.59124
104,1,3,5,0,46,4,40,10,1,1,1,0.48352
104,1,3,5,0,47,1,20,8,1,1,1,0.54402
104,1,3,5,0,48,9,100,8,2,2,1,0.70667
104,1,3,5,0,49,6,60,10,1,1,1,0.83267
104,1,3,5,0,50,8,80,10,2,2,1,0.72061
104,1,3,5,0,51,10,100,10,2,2,1,0.61613
104,1,3,5,0,52,7,80,8,2,2,1,0.88109
104,1,3,5,0,53,4,40,10,1,1,1,0.85336
104,1,3,5,0,54,8,80,10,2,2,1,0.96556
104,1,3,5,0,55,3,40,8,1,1,1,0.55016
104,1,3,5,0,56,5,60,8,1,1,1,1.9665
104,1,3,5,0,57,10,100,10,2,2,1,0.56438
104,1,3,5,0,58,7,80,8,2,2,1,0.81274
104,1,3,5,0,59,8,80,10,2,2,1,1.2378
104,1,3,5,0,60,2,20,10,1,1,1,0.87754
104,1,3,5,0,61,1,20,8,1,1,1,1.0348
104,1,3,5,0,62,12,120,10,2,2,1,1.0523
104,1,3,5,0,63,3,40,8,1,1,1,1.5569
104,1,3,5,0,64,6,60,10,1,1,1,0.6928
104,1,3,5,0,65,10,100,10,2,2,1,0.95374
104,1,3,5,0,66,1,20,8,1,1,1,0.53326
104,1,3,5,0,67,11,120,8,2,2,1,0.50349
104,1,3,5,0,68,2,20,10,1,1,1,0.47399
104,1,3,5,0,69,2,20,10,1,1,1,0.79223
104,1,3,5,0,70,9,100,8,2,2,1,0.77142
104,1,3,5,0,71,5,60,8,1,1,1,1.0398
104,1,3,5,0,72,12,120,10,2,2,1,0.69969
104,1,3,5,0,73,10,100,10,2,2,1,0.94934
104,1,3,5,0,74,9,100,8,2,2,1,1.3571
104,1,3,5,0,75,11,120,8,2,2,1,0.52201
104,1,3,5,0,76,1,20,8,1,1,1,0.7995
104,1,3,5,0,77,3,40,8,1,1,1,0.67596
104,1,3,5,0,78,10,100,10,2,2,1,0.89936
104,1,3,5,0,79,10,100,10,2,2,1,0.80766
104,1,3,5,0,80,6,60,10,1,1,1,0.76479
104,1,3,5,0,81,11,120,8,2,2,1,1.2314
104,1,3,5,0,82,9,100,8,2,2,1,1.0712
104,1,3,5,0,83,12,120,10,2,2,1,0.57261
104,1,3,5,0,84,12,120,10,2,2,1,0.4749
104,1,3,5,0,85,2,20,10,1,1,1,0.77064
104,1,3,5,0,86,5,60,8,1,1,1,1.0047
104,1,3,5,0,87,6,60,10,1,1,1,0.63236
104,1,3,5,0,88,11,120,8,2,2,1,0.65178
104,1,3,5,0,89,7,80,8,2,2,1,0.84835
104,1,3,5,0,90,10,100,10,2,2,1,0.64232
104,1,3,5,0,91,12,120,10,2,2,1,0.51908
104,1,3,5,0,92,4,40,10,1,1,1,1.2982
104,1,3,5,0,93,4,40,10,1,1,1,1.5386
104,1,3,5,0,94,3,40,8,1,1,1,0.6752
104,1,3,5,0,95,3,40,8,1,1,1,0.64784
104,1,3,5,0,96,6,60,10,1,1,1,0.42248
104,1,3,5,0,97,10,100,10,2,2,1,1.0264
104,1,3,5,0,98,2,20,10,1,1,1,0.48369
104,1,3,5,0,99,12,120,10,2,2,1,0.6648
104,1,3,5,0,100,11,120,8,2,2,1,0.54276
104,1,3,5,0,101,11,120,8,2,2,1,0.69448
104,1,3,5,0,102,5,60,8,1,1,1,0.99291
104,1,3,5,0,103,3,40,8,1,1,1,0.96039
104,1,3,5,0,104,9,100,8,2,2,1,0.67834
104,1,3,5,0,105,12,120,10,2,2,1,0.45392
104,1,3,5,0,106,1,20,8,1,1,1,0.56123
104,1,3,5,0,107,4,40,10,1,1,1,0.6344
104,1,3,5,0,108,5,60,8,1,1,1,1.7379
104,1,3,5,0,109,9,100,8,2,2,1,0.52038
104,1,3,5,0,110,12,120,10,2,2,1,0.48623
104,1,3,5,0,111,5,60,8,1,1,1,1.6318
104,1,3,5,0,112,5,60,8,1,1,1,0.67851
104,1,3,5,0,113,12,120,10,2,2,1,1.3552
104,1,3,5,0,114,2,20,10,1,1,1,0.6547
104,1,3,5,0,115,1,20,8,1,1,1,1.2098
104,1,3,5,0,116,9,100,8,2,2,1,1.6867
104,1,3,5,0,117,11,120,8,2,2,1,1.366
104,1,3,5,0,118,7,80,8,2,2,1,1.4555
104,1,3,5,0,119,4,40,10,1,1,1,1.8514
104,1,3,5,0,120,1,20,8,1,1,1,0.53104
104,1,3,6,0,1,3,40,8,1,1,1,0.46965
104,1,3,6,0,2,3,40,8,1,1,1,0.32797
104,1,3,6,0,3,8,80,10,2,2,1,0.68344
104,1,3,6,0,4,1,20,8,1,1,1,0.41942
104,1,3,6,0,5,11,120,8,2,2,1,0.52176
104,1,3,6,0,6,10,100,10,2,2,1,0.60296
104,1,3,6,0,7,12,120,10,2,2,1,0.48961
104,1,3,6,0,8,9,100,8,2,2,1,0.3959
104,1,3,6,0,9,1,20,8,1,1,1,0.41509
104,1,3,6,0,10,9,100,8,2,2,1,0.8578
104,1,3,6,0,11,12,120,10,2,2,1,0.55834
104,1,3,6,0,12,10,100,10,2,2,1,1.1561
104,1,3,6,0,13,6,60,10,1,1,1,0.81816
104,1,3,6,0,14,5,60,8,1,1,1,1.096
104,1,3,6,0,15,8,80,10,2,2,1,0.78014
104,1,3,6,0,16,5,60,8,1,1,1,1.2831
104,1,3,6,0,17,12,120,10,2,2,1,0.47753
104,1,3,6,0,18,5,60,8,1,1,1,0.66
104,1,3,6,0,19,6,60,10,1,1,1,0.46596
104,1,3,6,0,20,8,80,10,2,2,1,1.3951
104,1,3,6,0,21,4,40,10,1,1,1,0.60083
104,1,3,6,0,22,12,120,10,2,2,1,0.4524
104,1,3,6,0,23,2,20,10,1,1,1,0.36222
104,1,3,6,0,24,3,40,8,1,1,1,0.36621
104,1,3,6,0,25,2,20,10,1,1,1,0.33391
104,1,3,6,0,26,7,80,8,2,2,1,0.37889
104,1,3,6,0,27,8,80,10,2,2,1,0.43765
104,1,3,6,0,28,1,20,8,1,1,1,0.41939
104,1,3,6,0,29,3,40,8,1,1,1,0.42906
104,1,3,6,0,30,4,40,10,1,1,1,0.66258
104,1,3,6,0,31,12,120,10,2,2,1,0.45705
104,1,3,6,0,32,11,120,8,2,2,1,0.59613
104,1,3,6,0,33,2,20,10,1,1,1,0.59968
104,1,3,6,0,34,1,20,8,1,1,1,0.39775
104,1,3,6,0,35,1,20,8,1,1,1,0.48681
104,1,3,6,0,36,12,120,10,2,2,1,0.71522
104,1,3,6,0,37,10,100,10,2,2,1,0.58427
104,1,3,6,0,38,11,120,8,2,2,1,0.47133
104,1,3,6,0,39,9,100,8,2,2,1,0.6493
104,1,3,6,0,40,7,80,8,2,2,1,0.70663
104,1,3,6,0,41,4,40,10,1,1,1,0.64891
104,1,3,6,0,42,11,120,8,2,2,1,0.58166
104,1,3,6,0,43,5,60,8,1,1,1,0.84136
104,1,3,6,0,44,4,40,10,1,1,1,0.445
104,1,3,6,0,45,10,100,10,2,2,1,0.53165
104,1,3,6,0,46,10,100,10,2,2,1,0.55755
104,1,3,6,0,47,7,80,8,2,2,1,0.77524
104,1,3,6,0,48,11,120,8,2,2,1,1.0858
104,1,3,6,0,49,4,40,10,1,1,1,0.81363
104,1,3,6,0,50,8,80,10,2,2,1,0.60896
104,1,3,6,0,51,8,80,10,2,2,1,0.56025
104,1,3,6,0,52,2,20,10,1,1,1,0.54673
104,1,3,6,0,53,12,120,10,2,2,1,0.72077
104,1,3,6,0,54,1,20,8,1,1,1,0.4263
104,1,3,6,0,55,10,100,10,2,2,1,0.53915
104,1,3,6,0,56,9,100,8,2,2,1,0.55847
104,1,3,6,0,57,8,80,10,2,2,1,0.78477
104,1,3,6,0,58,12,120,10,2,2,1,0.5702
104,1,3,6,0,59,7,80,8,2,2,1,1.2594
104,1,3,6,0,60,9,100,8,2,2,1,0.77028
104,1,3,6,0,61,9,100,8,2,2,1,0.57309
104,1,3,6,0,62,8,80,10,2,2,1,0.7148
104,1,3,6,0,63,1,20,8,1,1,1,0.50923
104,1,3,6,0,64,2,20,10,1,1,1,0.60999
104,1,3,6,0,65,7,80,8,2,2,1,1.8483
104,1,3,6,0,66,7,80,8,2,2,1,0.66412
104,1,3,6,0,67,3,40,8,1,1,1,0.67542
104,1,3,6,0,68,11,120,8,2,2,1,0.49807
104,1,3,6,0,69,3,40,8,1,1,1,0.75043
104,1,3,6,0,70,11,120,8,2,2,1,0.65692
104,1,3,6,0,71,4,40,10,1,1,1,0.81241
104,1,3,6,0,72,6,60,10,1,1,1,2.3745
104,1,3,6,0,73,4,40,10,1,1,1,0.60407
104,1,3,6,0,74,9,100,8,2,2,1,1.7526
104,1,3,6,0,75,10,100,10,2,2,1,0.6848
104,1,3,6,0,76,12,120,10,2,2,1,0.45554
104,1,3,6,0,77,12,120,10,2,2,1,0.62214
104,1,3,6,0,78,5,60,8,1,1,1,0.6664
104,1,3,6,0,79,5,60,8,1,1,1,0.6407
104,1,3,6,0,80,3,40,8,1,1,1,0.40857
104,1,3,6,0,81,8,80,10,2,2,1,2.0344
104,1,3,6,0,82,4,40,10,1,1,1,0.57249
104,1,3,6,0,83,6,60,10,1,1,1,0.79184
104,1,3,6,0,84,2,20,10,1,1,1,0.51018
104,1,3,6,0,85,6,60,10,1,1,1,0.98542
104,1,3,6,0,86,5,60,8,1,1,1,0.68087
104,1,3,6,0,87,8,80,10,2,2,1,2.4035
104,1,3,6,0,88,3,40,8,1,1,1,0.58295
104,1,3,6,0,89,4,40,10,1,1,1,0.45213
104,1,3,6,0,90,7,80,8,2,2,1,0.74152
104,1,3,6,0,91,2,20,10,1,1,1,0.63169
104,1,3,6,0,92,2,20,10,1,1,1,0.77772
104,1,3,6,0,93,10,100,10,2,2,1,0.74738
104,1,3,6,0,94,11,120,8,2,2,1,0.49378
104,1,3,6,0,95,5,60,8,1,1,1,1.9689
104,1,3,6,0,96,3,40,8,1,1,1,1.1271
104,1,3,6,0,97,9,100,8,2,2,1,1.3555
104,1,3,6,0,98,10,100,10,2,2,1,0.66218
104,1,3,6,0,99,9,100,8,2,2,1,0.75524
104,1,3,6,0,100,6,60,10,1,1,1,1.871
104,1,3,6,0,101,6,60,10,1,1,1,2.0055
104,1,3,6,0,102,2,20,10,1,1,1,2.8227
104,1,3,6,0,103,6,60,10,1,1,1,3.7618
104,1,3,6,0,104,1,20,8,1,1,1,0.48435
104,1,3,6,0,105,11,120,8,2,2,1,0.59381
104,1,3,6,0,106,2,20,10,1,1,1,0.48275
104,1,3,6,0,107,7,80,8,2,2,1,0.73341
104,1,3,6,0,108,7,80,8,2,2,1,0.6188
104,1,3,6,0,109,11,120,8,2,2,1,0.51053
104,1,3,6,0,110,6,60,10,1,1,1,1.5702
104,1,3,6,0,111,1,20,8,1,1,1,0.59622
104,1,3,6,0,112,6,60,10,1,2,0,1.2438
104,1,3,6,0,113,9,100,8,2,2,1,0.65108
104,1,3,6,0,114,5,60,8,1,1,1,0.76331
104,1,3,6,0,115,1,20,8,1,1,1,0.3935
104,1,3,6,0,116,4,40,10,1,1,1,0.58952
104,1,3,6,0,117,7,80,8,2,2,1,0.52391
104,1,3,6,0,118,10,100,10,2,2,1,0.94984
104,1,3,6,0,119,3,40,8,1,1,1,0.97264
104,1,3,6,0,120,5,60,8,1,1,1,0.60722
104,1,3,4,1,1,2,20,10,1,1,1,0.42863
104,1,3,4,1,2,6,60,10,1,1,1,0.7793
104,1,3,4,1,3,11,120,8,2,2,1,0.40266
104,1,3,4,1,4,11,120,8,2,2,1,0.38724
104,1,3,4,1,5,7,80,8,2,2,1,0.61277
104,1,3,4,1,6,4,40,10,1,1,1,0.39851
104,1,3,4,1,7,6,60,10,1,1,1,0.86205
104,1,3,4,1,8,7,80,8,2,2,1,1.2542
104,1,3,4,1,9,6,60,10,1,1,1,0.91856
104,1,3,4,1,10,9,100,8,2,2,1,0.933
104,1,3,4,1,11,9,100,8,2,2,1,0.65849
104,1,3,4,1,12,4,40,10,1,1,1,0.65973
104,1,3,4,1,13,2,20,10,1,1,1,0.48109
104,1,3,4,1,14,6,60,10,1,1,1,0.86446
104,1,3,4,1,15,9,100,8,2,2,1,0.57942
104,1,3,4,1,16,11,120,8,2,2,1,0.51117
104,1,3,4,1,17,2,20,10,1,1,1,0.38748
104,1,3,4,1,18,7,80,8,2,2,1,1.413
104,1,3,4,1,19,11,120,8,2,2,1,1.5027
104,1,3,4,1,20,7,80,8,2,2,1,1.1426
104,1,3,4,1,21,9,100,8,2,2,1,1.1137
104,1,3,4,1,22,4,40,10,1,1,1,1.5447
104,1,3,4,1,23,2,20,10,1,1,1,0.37106
104,1,3,4,1,24,4,40,10,1,1,1,0.56028
104,1,3,4,0,1,9,100,8,2,2,1,0.65253
104,1,3,4,0,2,4,40,10,1,1,1,0.38725
104,1,3,4,0,3,6,60,10,1,1,1,0.73697
104,1,3,4,0,4,7,80,8,2,2,1,0.7381
104,1,3,4,0,5,9,100,8,2,2,1,0.5018
104,1,3,4,0,6,4,40,10,1,1,1,0.49897
104,1,3,4,0,7,9,100,8,2,2,1,0.60426
104,1,3,4,0,8,9,100,8,2,2,1,0.66648
104,1,3,4,0,9,4,40,10,1,1,1,0.59007
104,1,3,4,0,10,11,120,8,2,2,1,0.4546
104,1,3,4,0,11,6,60,10,1,1,1,0.70224
104,1,3,4,0,12,6,60,10,1,1,1,0.72844
104,1,3,4,0,13,9,100,8,2,2,1,0.44982
104,1,3,4,0,14,7,80,8,2,2,1,0.77367
104,1,3,4,0,15,2,20,10,1,1,1,0.45902
104,1,3,4,0,16,9,100,8,2,2,1,0.50609
104,1,3,4,0,17,7,80,8,2,2,1,1.0474
104,1,3,4,0,18,7,80,8,2,2,1,0.60906
104,1,3,4,0,19,7,80,8,2,2,1,0.46862
104,1,3,4,0,20,2,20,10,1,1,1,0.40131
104,1,3,4,0,21,9,100,8,2,2,1,0.48449
104,1,3,4,0,22,7,80,8,2,2,1,0.94887
104,1,3,4,0,23,2,20,10,1,1,1,0.63693
104,1,3,4,0,24,11,120,8,2,2,1,0.62918
104,1,3,4,0,25,7,80,8,2,2,1,1.0511
104,1,3,4,0,26,2,20,10,1,1,1,1.6501
104,1,3,4,0,27,7,80,8,2,2,1,2.2332
104,1,3,4,0,28,4,40,10,1,1,1,0.46641
104,1,3,4,0,29,4,40,10,1,1,1,0.52304
104,1,3,4,0,30,7,80,8,2,2,1,0.4957
104,1,3,4,0,31,9,100,8,2,2,1,0.93713
104,1,3,4,0,32,11,120,8,2,2,1,0.49984
104,1,3,4,0,33,4,40,10,1,1,1,0.4674
104,1,3,4,0,34,4,40,10,1,1,1,0.39903
104,1,3,4,0,35,6,60,10,1,1,1,0.44039
104,1,3,4,0,36,2,20,10,1,1,1,0.38202
104,1,3,4,0,37,7,80,8,2,2,1,0.90832
104,1,3,4,0,38,2,20,10,1,1,1,0.83384
104,1,3,4,0,39,6,60,10,1,1,1,1.0861
104,1,3,4,0,40,2,20,10,1,1,1,0.47123
104,1,3,4,0,41,6,60,10,1,1,1,0.71377
104,1,3,4,0,42,11,120,8,2,2,1,1.2075
104,1,3,4,0,43,6,60,10,1,1,1,1.0013
104,1,3,4,0,44,4,40,10,1,1,1,0.97941
104,1,3,4,0,45,2,20,10,1,1,1,0.55951
104,1,3,4,0,46,7,80,8,2,2,1,1.0183
104,1,3,4,0,47,11,120,8,2,2,1,0.51714
104,1,3,4,0,48,4,40,10,1,1,1,0.69775
104,1,3,4,0,49,6,60,10,1,1,1,1.1623
104,1,3,4,0,50,11,120,8,2,2,1,0.62947
104,1,3,4,0,51,2,20,10,1,1,1,1.0183
104,1,3,4,0,52,4,40,10,1,1,1,1.4818
104,1,3,4,0,53,7,80,8,2,2,1,1.0744
104,1,3,4,0,54,6,60,10,1,1,1,1.403
104,1,3,4,0,55,7,80,8,2,2,1,0.79423
104,1,3,4,0,56,2,20,10,1,1,1,0.89105
104,1,3,4,0,57,9,100,8,2,2,1,1.0965
104,1,3,4,0,58,11,120,8,2,2,1,1.5522
104,1,3,4,0,59,11,120,8,2,2,1,2.7174
104,1,3,4,0,60,9,100,8,2,2,1,0.60006
104,1,3,4,0,61,9,100,8,2,2,1,0.6241
104,1,3,4,0,62,11,120,8,2,2,1,1.8139
104,1,3,4,0,63,4,40,10,1,1,1,0.9258
104,1,3,4,0,64,4,40,10,1,1,1,1.5682
104,1,3,4,0,65,6,60,10,1,1,1,3.4762
104,1,3,4,0,66,2,20,10,1,1,1,2.0221
104,1,3,4,0,67,2,20,10,1,1,1,1.9403
104,1,3,4,0,68,6,60,10,1,1,1,1.3971
104,1,3,4,0,69,6,60,10,1,1,1,4.1799
104,1,3,4,0,70,9,100,8,2,2,1,3.6859
104,1,3,4,0,71,11,120,8,2,2,1,3.711
104,1,3,4,0,72,7,80,8,2,2,1,1.3781
104,1,3,4,0,73,4,40,10,1,NaN,9,NaN
104,1,3,4,0,74,4,40,10,1,1,1,0.40408
104,1,3,4,0,75,9,100,8,2,2,1,1.0298
104,1,3,4,0,76,9,100,8,2,2,1,0.53791
104,1,3,4,0,77,6,60,10,1,1,1,0.40812
104,1,3,4,0,78,11,120,8,2,2,1,0.45603
104,1,3,4,0,79,9,100,8,2,2,1,1.3899
104,1,3,4,0,80,2,20,10,1,1,1,1.6316
104,1,3,4,0,81,9,100,8,2,2,1,1.5304
104,1,3,4,0,82,4,40,10,1,1,1,1.8044
104,1,3,4,0,83,9,100,8,2,2,1,1.9503
104,1,3,4,0,84,7,80,8,2,2,1,2.2411
104,1,3,4,0,85,6,60,10,1,1,1,0.87433
104,1,3,4,0,86,4,40,10,1,1,1,0.39223
104,1,3,4,0,87,4,40,10,1,1,1,0.44235
104,1,3,4,0,88,11,120,8,2,2,1,0.48645
104,1,3,4,0,89,11,120,8,2,2,1,0.49949
104,1,3,4,0,90,6,60,10,1,1,1,0.73798
104,1,3,4,0,91,4,40,10,1,1,1,0.62628
104,1,3,4,0,92,2,20,10,1,1,1,0.49005
104,1,3,4,0,93,7,80,8,2,2,1,0.7148
104,1,3,4,0,94,9,100,8,2,2,1,0.73863
104,1,3,4,0,95,11,120,8,2,2,1,0.56554
104,1,3,4,0,96,2,20,10,1,1,1,0.78706
104,1,3,4,0,97,11,120,8,2,2,1,1.3207
104,1,3,4,0,98,11,120,8,2,2,1,1.7297
104,1,3,4,0,99,11,120,8,2,2,1,0.64467
104,1,3,4,0,100,2,20,10,1,1,1,0.83909
104,1,3,4,0,101,2,20,10,1,1,1,0.83186
104,1,3,4,0,102,6,60,10,1,1,1,1.5751
104,1,3,4,0,103,2,20,10,1,1,1,0.68099
104,1,3,4,0,104,9,100,8,2,2,1,1.2148
104,1,3,4,0,105,11,120,8,2,2,1,0.63348
104,1,3,4,0,106,2,20,10,1,1,1,0.47543
104,1,3,4,0,107,6,60,10,1,1,1,0.84963
104,1,3,4,0,108,11,120,8,2,2,1,0.57309
104,1,3,4,0,109,7,80,8,2,2,1,0.67963
104,1,3,4,0,110,7,80,8,2,2,1,0.73544
104,1,3,4,0,111,4,40,10,1,1,1,0.96771
104,1,3,4,0,112,6,60,10,1,1,1,0.83401
104,1,3,4,0,113,4,40,10,1,1,1,0.52805
104,1,3,4,0,114,6,60,10,1,1,1,0.82521
104,1,3,4,0,115,7,80,8,2,2,1,1.0839
104,1,3,4,0,116,7,80,8,2,2,1,0.56627
104,1,3,4,0,117,2,20,10,1,1,1,0.48143
104,1,3,4,0,118,11,120,8,2,2,1,0.49132
104,1,3,4,0,119,9,100,8,2,2,1,0.9002
104,1,3,4,0,120,6,60,10,1,1,1,0.77758
104,1,3,3,1,1,8,80,10,2,2,1,0.69556
104,1,3,3,1,2,10,100,10,2,2,1,0.49133
104,1,3,3,1,3,3,40,8,1,1,1,0.39855
104,1,3,3,1,4,12,120,10,2,2,1,0.65278
104,1,3,3,1,5,1,20,8,1,1,1,0.43765
104,1,3,3,1,6,12,120,10,2,2,1,0.45535
104,1,3,3,1,7,8,80,10,2,2,1,0.74784
104,1,3,3,1,8,5,60,8,1,1,1,0.74972
104,1,3,3,1,9,1,20,8,1,1,1,0.56566
104,1,3,3,1,10,3,40,8,1,1,1,0.50512
104,1,3,3,1,11,5,60,8,1,1,1,1.1322
104,1,3,3,1,12,8,80,10,2,2,1,1.446
104,1,3,3,1,13,1,20,8,1,1,1,0.73031
104,1,3,3,1,14,5,60,8,1,1,1,0.76591
104,1,3,3,1,15,10,100,10,2,2,1,1.288
104,1,3,3,1,16,10,100,10,2,2,1,0.88733
104,1,3,3,1,17,3,40,8,1,1,1,0.46142
104,1,3,3,1,18,1,20,8,1,1,1,0.40988
104,1,3,3,1,19,12,120,10,2,2,1,0.57132
104,1,3,3,1,20,12,120,10,2,2,1,0.62649
104,1,3,3,1,21,3,40,8,1,1,1,0.47726
104,1,3,3,1,22,10,100,10,2,2,1,0.93145
104,1,3,3,1,23,8,80,10,2,2,1,0.77847
104,1,3,3,1,24,5,60,8,1,1,1,0.58689
104,1,3,3,0,1,5,60,8,1,1,1,0.55124
104,1,3,3,0,2,1,20,8,1,1,1,0.35945
104,1,3,3,0,3,3,40,8,1,1,1,0.37768
104,1,3,3,0,4,8,80,10,2,2,1,0.85294
104,1,3,3,0,5,10,100,10,2,2,1,0.45394
104,1,3,3,0,6,8,80,10,2,2,1,0.58033
104,1,3,3,0,7,8,80,10,2,2,1,0.50198
104,1,3,3,0,8,10,100,10,2,2,1,1.15
104,1,3,3,0,9,10,100,10,2,2,1,0.42
104,1,3,3,0,10,1,20,8,1,1,1,0.39666
104,1,3,3,0,11,3,40,8,1,1,1,0.45239
104,1,3,3,0,12,8,80,10,2,2,1,0.48798
104,1,3,3,0,13,10,100,10,2,2,1,0.60303
104,1,3,3,0,14,3,40,8,1,1,1,0.77954
104,1,3,3,0,15,5,60,8,1,1,1,0.96648
104,1,3,3,0,16,5,60,8,1,1,1,0.60172
104,1,3,3,0,17,5,60,8,1,1,1,0.64
104,1,3,3,0,18,8,80,10,2,2,1,0.62958
104,1,3,3,0,19,12,120,10,2,2,1,0.5272
104,1,3,3,0,20,5,60,8,1,1,1,0.60913
104,1,3,3,0,21,5,60,8,1,1,1,0.59278
104,1,3,3,0,22,12,120,10,2,2,1,0.51261
104,1,3,3,0,23,3,40,8,1,1,1,0.40731
104,1,3,3,0,24,3,40,8,1,1,1,0.47781
104,1,3,3,0,25,8,80,10,2,2,1,0.53327
104,1,3,3,0,26,1,20,8,1,1,1,0.42556
104,1,3,3,0,27,1,20,8,1,1,1,0.38436
104,1,3,3,0,28,12,120,10,2,2,1,0.42564
104,1,3,3,0,29,12,120,10,2,2,1,0.45689
104,1,3,3,0,30,10,100,10,2,2,1,0.57237
104,1,3,3,0,31,1,20,8,1,1,1,0.50468
104,1,3,3,0,32,1,20,8,1,1,1,0.47157
104,1,3,3,0,33,5,60,8,1,1,1,0.72526
104,1,3,3,0,34,1,20,8,1,1,1,0.40876
104,1,3,3,0,35,12,120,10,2,2,1,0.4366
104,1,3,3,0,36,10,100,10,2,2,1,0.78592
104,1,3,3,0,37,8,80,10,2,2,1,0.8283
104,1,3,3,0,38,12,120,10,2,2,1,0.41016
104,1,3,3,0,39,12,120,10,2,2,1,0.37066
104,1,3,3,0,40,12,120,10,2,2,1,0.55064
104,1,3,3,0,41,8,80,10,2,2,1,0.70826
104,1,3,3,0,42,3,40,8,1,1,1,0.41731
104,1,3,3,0,43,8,80,10,2,2,1,0.63613
104,1,3,3,0,44,10,100,10,2,2,1,0.47695
104,1,3,3,0,45,8,80,10,2,2,1,0.57212
104,1,3,3,0,46,3,40,8,1,1,1,0.51851
104,1,3,3,0,47,3,40,8,1,1,1,0.5946
104,1,3,3,0,48,3,40,8,1,1,1,0.47992
104,1,3,3,0,49,12,120,10,2,2,1,0.49365
104,1,3,3,0,50,5,60,8,1,1,1,0.83063
104,1,3,3,0,51,3,40,8,1,1,1,0.80798
104,1,3,3,0,52,1,20,8,1,1,1,1.0976
104,1,3,3,0,53,12,120,10,2,2,1,0.61589
104,1,3,3,0,54,8,80,10,2,2,1,1.2052
104,1,3,3,0,55,1,20,8,1,1,1,0.82305
104,1,3,3,0,56,1,20,8,1,1,1,0.45773
104,1,3,3,0,57,1,20,8,1,1,1,0.43527
104,1,3,3,0,58,5,60,8,1,1,1,0.89751
104,1,3,3,0,59,5,60,8,1,1,1,0.60494
104,1,3,3,0,60,5,60,8,1,1,1,0.50798
104,1,3,3,0,61,8,80,10,2,2,1,0.86124
104,1,3,3,0,62,5,60,8,1,1,1,1.3134
104,1,3,3,0,63,10,100,10,2,2,1,0.6
104,1,3,3,0,64,3,40,8,1,1,1,0.41492
104,1,3,3,0,65,12,120,10,2,2,1,0.51939
104,1,3,3,0,66,10,100,10,2,2,1,0.77114
104,1,3,3,0,67,1,20,8,1,1,1,0.36815
104,1,3,3,0,68,3,40,8,1,1,1,0.42083
104,1,3,3,0,69,12,120,10,2,2,1,0.54114
104,1,3,3,0,70,3,40,8,1,1,1,0.59445
104,1,3,3,0,71,8,80,10,2,2,1,0.88242
104,1,3,3,0,72,12,120,10,2,2,1,1.4594
104,1,3,3,0,73,12,120,10,2,2,1,1.051
104,1,3,3,0,74,3,40,8,1,1,1,0.53335
104,1,3,3,0,75,10,100,10,2,2,1,0.62552
104,1,3,3,0,76,3,40,8,1,1,1,0.57485
104,1,3,3,0,77,1,20,8,1,1,1,1.3811
104,1,3,3,0,78,3,40,8,1,1,1,2.821
104,1,3,3,0,79,1,20,8,1,1,1,0.8343
104,1,3,3,0,80,12,120,10,2,2,1,1.9256
104,1,3,3,0,81,10,100,10,2,2,1,0.91379
104,1,3,3,0,82,10,100,10,2,2,1,0.4311
104,1,3,3,0,83,1,20,8,1,1,1,0.61898
104,1,3,3,0,84,3,40,8,1,1,1,1.1912
104,1,3,3,0,85,12,120,10,2,2,1,0.86474
104,1,3,3,0,86,5,60,8,1,1,1,1.3995
104,1,3,3,0,87,5,60,8,1,1,1,0.62462
104,1,3,3,0,88,8,80,10,2,2,1,0.74558
104,1,3,3,0,89,12,120,10,2,2,1,0.52258
104,1,3,3,0,90,12,120,10,2,2,1,0.61601
104,1,3,3,0,91,10,100,10,2,2,1,0.74361
104,1,3,3,0,92,1,20,8,1,1,1,0.49934
104,1,3,3,0,93,1,20,8,1,1,1,0.58307
104,1,3,3,0,94,1,20,8,1,1,1,1.1016
104,1,3,3,0,95,12,120,10,2,2,1,0.45801
104,1,3,3,0,96,3,40,8,1,1,1,0.82689
104,1,3,3,0,97,8,80,10,2,2,1,0.55614
104,1,3,3,0,98,8,80,10,2,2,1,0.54706
104,1,3,3,0,99,8,80,10,2,2,1,0.5675
104,1,3,3,0,100,5,60,8,1,1,1,1.0322
104,1,3,3,0,101,5,60,8,1,1,1,1.5045
104,1,3,3,0,102,12,120,10,2,2,1,0.52413
104,1,3,3,0,103,5,60,8,1,1,1,0.55882
104,1,3,3,0,104,10,100,10,2,2,1,0.53482
104,1,3,3,0,105,1,20,8,1,1,1,0.84547
104,1,3,3,0,106,10,100,10,2,2,1,2.313
104,1,3,3,0,107,8,80,10,2,2,1,1.9769
104,1,3,3,0,108,10,100,10,2,2,1,1.8533
104,1,3,3,0,109,3,40,8,1,1,1,0.63813
104,1,3,3,0,110,10,100,10,2,2,1,0.71038
104,1,3,3,0,111,3,40,8,1,1,1,2.0514
104,1,3,3,0,112,10,100,10,2,2,1,0.64029
104,1,3,3,0,113,5,60,8,1,1,1,0.8644
104,1,3,3,0,114,8,80,10,2,2,1,1.2031
104,1,3,3,0,115,8,80,10,2,2,1,2.2308
104,1,3,3,0,116,5,60,8,1,1,1,2.4209
104,1,3,3,0,117,10,100,10,2,2,1,0.6423
104,1,3,3,0,118,1,20,8,1,1,1,0.48219
104,1,3,3,0,119,5,60,8,1,1,1,0.65079
104,1,3,3,0,120,10,100,10,2,2,1,0.56386
