103,1,2,2,1,1,8,80,10,2,2,1,0.81641
103,1,2,2,1,2,6,60,10,1,1,1,0.60915
103,1,2,2,1,3,10,100,10,2,2,1,0.37706
103,1,2,2,1,4,8,80,10,2,2,1,1.2396
103,1,2,2,1,5,10,100,10,2,2,1,0.55257
103,1,2,2,1,6,2,20,10,1,1,1,0.42451
103,1,2,2,1,7,12,120,10,2,2,1,0.38671
103,1,2,2,1,8,6,60,10,1,1,1,0.68607
103,1,2,2,1,9,4,40,10,1,1,1,0.4548
103,1,2,2,1,10,8,80,10,2,2,1,0.52244
103,1,2,2,1,11,2,20,10,1,1,1,0.39841
103,1,2,2,1,12,4,40,10,1,1,1,0.49905
103,1,2,2,1,13,10,100,10,2,2,1,0.32952
103,1,2,2,1,14,2,20,10,1,1,1,0.35745
103,1,2,2,1,15,10,100,10,2,2,1,0.3395
103,1,2,2,1,16,12,120,10,2,2,1,0.40554
103,1,2,2,1,17,6,60,10,1,1,1,0.34647
103,1,2,2,1,18,6,60,10,1,1,1,0.38064
103,1,2,2,1,19,4,40,10,1,1,1,0.41055
103,1,2,2,1,20,12,120,10,2,2,1,0.37382
103,1,2,2,1,21,12,120,10,2,2,1,0.4376
103,1,2,2,1,22,4,40,10,1,1,1,0.32074
103,1,2,2,1,23,2,20,10,1,1,1,0.36305
103,1,2,2,1,24,8,80,10,2,2,1,0.75427
103,1,2,2,0,1,6,60,10,1,1,1,0.73145
103,1,2,2,0,2,2,20,10,1,1,1,0.40303
103,1,2,2,0,3,4,40,10,1,1,1,0.40898
103,1,2,2,0,4,10,100,10,2,2,1,0.37195
103,1,2,2,0,5,10,100,10,2,2,1,0.3715
103,1,2,2,0,6,8,80,10,2,2,1,0.69949
103,1,2,2,0,7,12,120,10,2,2,1,0.41564
103,1,2,2,0,8,12,120,10,2,2,1,0.39591
103,1,2,2,0,9,8,80,10,2,2,1,0.54351
103,1,2,2,0,10,6,60,10,1,1,1,0.92304
103,1,2,2,0,11,12,120,10,2,2,1,0.38098
103,1,2,2,0,12,12,120,10,2,2,1,0.4207
103,1,2,2,0,13,2,20,10,1,1,1,0.40525
103,1,2,2,0,14,2,20,10,1,1,1,0.39805
103,1,2,2,0,15,12,120,10,2,2,1,0.38613
103,1,2,2,0,16,4,40,10,1,1,1,0.3602
103,1,2,2,0,17,4,40,10,1,1,1,0.40937
103,1,2,2,0,18,6,60,10,1,1,1,0.40195
103,1,2,2,0,19,12,120,10,2,2,1,0.38316
103,1,2,2,0,20,8,80,10,2,2,1,0.57211
103,1,2,2,0,21,6,60,10,1,1,1,0.5428
103,1,2,2,0,22,8,80,10,2,2,1,0.43919
103,1,2,2,0,23,6,60,10,1,1,1,0.37589
103,1,2,2,0,24,4,40,10,1,1,1,0.38732
103,1,2,2,0,25,8,80,10,2,2,1,0.50171
103,1,2,2,0,26,8,80,10,2,2,1,0.40839
103,1,2,2,0,27,10,100,10,2,2,1,0.43293
103,1,2,2,0,28,2,20,10,1,1,1,0.47341
103,1,2,2,0,29,12,120,10,2,2,1,0.4024
103,1,2,2,0,30,8,80,10,2,2,1,0.7125
103,1,2,2,0,31,2,20,10,1,1,1,0.37893
103,1,2,2,0,32,4,40,10,1,1,1,0.3861
103,1,2,2,0,33,10,100,10,2,2,1,0.42309
103,1,2,2,0,34,6,60,10,1,1,1,0.38174
103,1,2,2,0,35,4,40,10,1,1,1,0.45761
103,1,2,2,0,36,8,80,10,2,2,1,0.51208
103,1,2,2,0,37,12,120,10,2,2,1,0.51014
103,1,2,2,0,38,4,40,10,1,1,1,0.36497
103,1,2,2,0,39,6,60,10,1,1,1,0.86692
103,1,2,2,0,40,2,20,10,1,1,1,0.36806
103,1,2,2,0,41,6,60,10,1,1,1,0.56853
103,1,2,2,0,42,2,20,10,1,1,1,0.39148
103,1,2,2,0,43,4,40,10,1,1,1,0.35135
103,1,2,2,0,44,2,20,10,1,1,1,0.37189
103,1,2,2,0,45,8,80,10,2,2,1,0.75018
103,1,2,2,0,46,4,40,10,1,1,1,0.39693
103,1,2,2,0,47,6,60,10,1,1,1,0.74957
103,1,2,2,0,48,6,60,10,1,1,1,0.46238
103,1,2,2,0,49,2,20,10,1,1,1,0.45431
103,1,2,2,0,50,10,100,10,2,2,1,0.51839
103,1,2,2,0,51,10,100,10,2,2,1,0.43903
103,1,2,2,0,52,10,100,10,2,2,1,0.4525
103,1,2,2,0,53,10,100,10,2,2,1,0.47674
103,1,2,2,0,54,4,40,10,1,1,1,0.43822
103,1,2,2,0,55,2,20,10,1,1,1,0.3475
103,1,2,2,0,56,12,120,10,2,2,1,0.53263
103,1,2,2,0,57,4,40,10,1,1,1,0.35601
103,1,2,2,0,58,12,120,10,2,2,1,0.35008
103,1,2,2,0,59,4,40,10,1,1,1,0.37408
103,1,2,2,0,60,12,120,10,2,2,1,0.4724
103,1,2,2,0,61,10,100,10,2,2,1,0.43529
103,1,2,2,0,62,4,40,10,1,1,1,0.33415
103,1,2,2,0,63,8,80,10,2,2,1,0.42754
103,1,2,2,0,64,12,120,10,2,2,1,0.47127
103,1,2,2,0,65,12,120,10,2,2,1,0.49044
103,1,2,2,0,66,12,120,10,2,2,1,0.72365
103,1,2,2,0,67,6,60,10,1,1,1,0.43878
103,1,2,2,0,68,12,120,10,2,2,1,0.38499
103,1,2,2,0,69,4,40,10,1,1,1,0.39549
103,1,2,2,0,70,10,100,10,2,2,1,0.47823
103,1,2,2,0,71,2,20,10,1,1,1,0.38568
103,1,2,2,0,72,4,40,10,1,1,1,0.39549
103,1,2,2,0,73,2,20,10,1,1,1,0.34515
103,1,2,2,0,74,6,60,10,1,1,1,0.32901
103,1,2,2,0,75,2,20,10,1,1,1,0.45927
103,1,2,2,0,76,10,100,10,2,2,1,0.35657
103,1,2,2,0,77,6,60,10,1,2,0,0.3164
103,1,2,2,0,78,4,40,10,1,1,1,0.7597
103,1,2,2,0,79,12,120,10,2,2,1,0.45877
103,1,2,2,0,80,8,80,10,2,1,0,0.92474
103,1,2,2,0,81,6,60,10,1,1,1,0.94557
103,1,2,2,0,82,10,100,10,2,2,1,0.50469
103,1,2,2,0,83,8,80,10,2,2,1,0.58171
103,1,2,2,0,84,10,100,10,2,2,1,0.46584
103,1,2,2,0,85,8,80,10,2,2,1,0.86194
103,1,2,2,0,86,8,80,10,2,2,1,0.52516
103,1,2,2,0,87,8,80,10,2,2,1,0.56528
103,1,2,2,0,88,2,20,10,1,1,1,0.42164
103,1,2,2,0,89,12,120,10,2,2,1,0.42566
103,1,2,2,0,90,8,80,10,2,2,1,0.58214
103,1,2,2,0,91,10,100,10,2,2,1,0.46372
103,1,2,2,0,92,2,20,10,1,1,1,0.4063
103,1,2,2,0,93,10,100,10,2,2,1,0.45177
103,1,2,2,0,94,6,60,10,1,1,1,0.43905
103,1,2,2,0,95,2,20,10,1,1,1,0.54109
103,1,2,2,0,96,10,100,10,2,2,1,0.64908
103,1,2,2,0,97,8,80,10,2,2,1,0.80389
103,1,2,2,0,98,4,40,10,1,1,1,0.3537
103,1,2,2,0,99,2,20,10,1,1,1,0.46326
103,1,2,2,0,100,10,100,10,2,2,1,0.40892
103,1,2,2,0,101,12,120,10,2,2,1,0.38154
103,1,2,2,0,102,6,60,10,1,1,1,0.46816
103,1,2,2,0,103,4,40,10,1,1,1,0.36321
103,1,2,2,0,104,8,80,10,2,2,1,0.60747
103,1,2,2,0,105,6,60,10,1,1,1,0.32555
103,1,2,2,0,106,2,20,10,1,1,1,0.46161
103,1,2,2,0,107,2,20,10,1,1,1,0.39274
103,1,2,2,0,108,8,80,10,2,2,1,0.39917
103,1,2,2,0,109,10,100,10,2,2,1,0.41136
103,1,2,2,0,110,8,80,10,2,2,1,0.63752
103,1,2,2,0,111,4,40,10,1,1,1,0.41706
103,1,2,2,0,112,6,60,10,1,1,1,0.41978
103,1,2,2,0,113,10,100,10,2,2,1,0.66067
103,1,2,2,0,114,10,100,10,2,2,1,0.39393
103,1,2,2,0,115,4,40,10,1,1,1,0.41793
103,1,2,2,0,116,12,120,10,2,2,1,0.33253
103,1,2,2,0,117,6,60,10,1,1,1,0.66954
103,1,2,2,0,118,2,20,10,1,1,1,0.45721
103,1,2,2,0,119,6,60,10,1,2,0,0.76024
103,1,2,2,0,120,12,120,10,2,2,1,0.49968
103,1,2,1,1,1,1,20,8,1,1,1,0.69953
103,1,2,1,1,2,7,80,8,2,2,1,1.8445
103,1,2,1,1,3,9,100,8,2,2,1,0.47559
103,1,2,1,1,4,11,120,8,2,2,1,0.39089
103,1,2,1,1,5,9,100,8,2,2,1,0.64409
103,1,2,1,1,6,1,20,8,1,1,1,0.4285
103,1,2,1,1,7,11,120,8,2,2,1,0.3472
103,1,2,1,1,8,5,60,8,1,1,1,0.37587
103,1,2,1,1,9,1,20,8,1,1,1,0.38059
103,1,2,1,1,10,1,20,8,1,1,1,0.35384
103,1,2,1,1,11,9,100,8,2,2,1,0.35489
103,1,2,1,1,12,7,80,8,2,2,1,0.4167
103,1,2,1,1,13,3,40,8,1,1,1,0.35642
103,1,2,1,1,14,3,40,8,1,1,1,0.38966
103,1,2,1,1,15,5,60,8,1,1,1,0.34689
103,1,2,1,1,16,7,80,8,2,2,1,0.35432
103,1,2,1,1,17,5,60,8,1,1,1,0.49325
103,1,2,1,1,18,5,60,8,1,1,1,0.62715
103,1,2,1,1,19,9,100,8,2,2,1,0.51651
103,1,2,1,1,20,11,120,8,2,2,1,0.55994
103,1,2,1,1,21,3,40,8,1,1,1,0.50689
103,1,2,1,1,22,3,40,8,1,1,1,0.36879
103,1,2,1,1,23,7,80,8,2,1,0,0.41469
103,1,2,1,1,24,11,120,8,2,2,1,0.5219
103,1,2,1,0,1,11,120,8,2,2,1,0.67868
103,1,2,1,0,2,3,40,8,1,1,1,0.42324
103,1,2,1,0,3,5,60,8,1,1,1,0.38085
103,1,2,1,0,4,11,120,8,2,2,1,0.56149
103,1,2,1,0,5,5,60,8,1,1,1,0.47884
103,1,2,1,0,6,11,120,8,2,2,1,0.34992
103,1,2,1,0,7,3,40,8,1,1,1,0.42089
103,1,2,1,0,8,9,100,8,2,2,1,1.4839
103,1,2,1,0,9,5,60,8,1,1,1,0.47923
103,1,2,1,0,10,1,20,8,1,1,1,0.42083
103,1,2,1,0,11,1,20,8,1,1,1,0.42722
103,1,2,1,0,12,11,120,8,2,2,1,0.41762
103,1,2,1,0,13,7,80,8,2,1,0,0.57334
103,1,2,1,0,14,11,120,8,2,2,1,0.46293
103,1,2,1,0,15,5,60,8,1,1,1,0.73123
103,1,2,1,0,16,9,100,8,2,2,1,0.37577
103,1,2,1,0,17,9,100,8,2,2,1,0.37169
103,1,2,1,0,18,5,60,8,1,1,1,0.5403
103,1,2,1,0,19,5,60,8,1,1,1,0.40132
103,1,2,1,0,20,1,20,8,1,1,1,0.39879
103,1,2,1,0,21,5,60,8,1,1,1,0.40503
103,1,2,1,0,22,11,120,8,2,2,1,0.34951
103,1,2,1,0,23,7,80,8,2,2,1,2.1501
103,1,2,1,0,24,7,80,8,2,2,1,0.49609
103,1,2,1,0,25,7,80,8,2,2,1,0.36195
103,1,2,1,0,26,5,60,8,1,1,1,0.48164
103,1,2,1,0,27,1,20,8,1,1,1,0.3949
103,1,2,1,0,28,1,20,8,1,1,1,0.35185
103,1,2,1,0,29,3,40,8,1,1,1,0.43655
103,1,2,1,0,30,1,20,8,1,1,1,0.41373
103,1,2,1,0,31,3,40,8,1,1,1,0.42898
103,1,2,1,0,32,7,80,8,2,2,1,0.57213
103,1,2,1,0,33,11,120,8,2,2,1,0.41266
103,1,2,1,0,34,11,120,8,2,2,1,0.3846
103,1,2,1,0,35,3,40,8,1,1,1,0.45317
103,1,2,1,0,36,5,60,8,1,1,1,0.63066
103,1,2,1,0,37,1,20,8,1,1,1,0.43349
103,1,2,1,0,38,11,120,8,2,2,1,0.46259
103,1,2,1,0,39,11,120,8,2,2,1,0.52287
103,1,2,1,0,40,9,100,8,2,2,1,1.2506
103,1,2,1,0,41,3,40,8,1,1,1,0.42852
103,1,2,1,0,42,3,40,8,1,1,1,0.60482
103,1,2,1,0,43,5,60,8,1,1,1,1.2362
103,1,2,1,0,44,7,80,8,2,2,1,1.3367
103,1,2,1,0,45,3,40,8,1,1,1,0.44924
103,1,2,1,0,46,7,80,8,2,1,0,0.42232
103,1,2,1,0,47,11,120,8,2,2,1,0.41085
103,1,2,1,0,48,7,80,8,2,2,1,0.88445
103,1,2,1,0,49,9,100,8,2,2,1,0.37837
103,1,2,1,0,50,5,60,8,1,1,1,0.7409
103,1,2,1,0,51,3,40,8,1,1,1,0.48872
103,1,2,1,0,52,11,120,8,2,2,1,0.61701
103,1,2,1,0,53,5,60,8,1,1,1,0.39008
103,1,2,1,0,54,9,100,8,2,2,1,0.50619
103,1,2,1,0,55,7,80,8,2,2,1,1.2667
103,1,2,1,0,56,9,100,8,2,2,1,0.39464
103,1,2,1,0,57,9,100,8,2,2,1,0.41985
103,1,2,1,0,58,5,60,8,1,1,1,0.4279
103,1,2,1,0,59,3,40,8,1,1,1,0.38909
103,1,2,1,0,60,3,40,8,1,1,1,0.35806
103,1,2,1,0,61,7,80,8,2,2,1,0.54081
103,1,2,1,0,62,1,20,8,1,1,1,0.39183
103,1,2,1,0,63,1,20,8,1,1,1,0.39573
103,1,2,1,0,64,1,20,8,1,1,1,0.55986
103,1,2,1,0,65,7,80,8,2,2,1,0.74195
103,1,2,1,0,66,9,100,8,2,2,1,0.51215
103,1,2,1,0,67,1,20,8,1,1,1,0.42735
103,1,2,1,0,68,7,80,8,2,2,1,0.4842
103,1,2,1,0,69,1,20,8,1,1,1,0.43686
103,1,2,1,0,70,9,100,8,2,2,1,0.59438
103,1,2,1,0,71,1,20,8,1,1,1,0.5209
103,1,2,1,0,72,9,100,8,2,2,1,0.54234
103,1,2,1,0,73,1,20,8,1,1,1,0.43911
103,1,2,1,0,74,9,100,8,2,2,1,0.67488
103,1,2,1,0,75,11,120,8,2,2,1,0.5245
103,1,2,1,0,76,3,40,8,1,1,1,0.45463
103,1,2,1,0,77,3,40,8,1,1,1,0.53764
103,1,2,1,0,78,5,60,8,1,1,1,1.0417
103,1,2,1,0,79,11,120,8,2,2,1,0.54822
103,1,2,1,0,80,9,100,8,2,2,1,0.57496
103,1,2,1,0,81,9,100,8,2,2,1,0.57257
103,1,2,1,0,82,5,60,8,1,NaN,9,NaN
103,1,2,1,0,83,7,80,8,2,2,1,0.63296
103,1,2,1,0,84,3,40,8,1,1,1,0.40056
103,1,2,1,0,85,9,100,8,2,2,1,0.31878
103,1,2,1,0,86,9,100,8,2,2,1,0.38972
103,1,2,1,0,87,11,120,8,2,2,1,0.35334
103,1,2,1,0,88,5,60,8,1,1,1,0.39828
103,1,2,1,0,89,1,20,8,1,1,1,0.35976
103,1,2,1,0,90,7,80,8,2,2,1,0.48206
103,1,2,1,0,91,3,40,8,1,1,1,0.3602
103,1,2,1,0,92,1,20,8,1,1,1,0.32751
103,1,2,1,0,93,3,40,8,1,1,1,0.32431
103,1,2,1,0,94,3,40,8,1,1,1,0.3121
103,1,2,1,0,95,11,120,8,2,2,1,0.34163
103,1,2,1,0,96,5,60,8,1,1,1,0.35732
103,1,2,1,0,97,7,80,8,2,1,0,0.40192
103,1,2,1,0,98,9,100,8,2,2,1,0.38794
103,1,2,1,0,99,5,60,8,1,1,1,1.3298
103,1,2,1,0,100,9,100,8,2,2,1,0.53759
103,1,2,1,0,101,7,80,8,2,2,1,2.3574
103,1,2,1,0,102,3,40,8,1,1,1,1.8257
103,1,2,1,0,103,9,100,8,2,2,1,1.0683
103,1,2,1,0,104,7,80,8,2,1,0,0.52308
103,1,2,1,0,105,5,60,8,1,1,1,0.72985
103,1,2,1,0,106,9,100,8,2,2,1,0.59101
103,1,2,1,0,107,1,20,8,1,1,1,0.47939
103,1,2,1,0,108,5,60,8,1,1,1,0.89497
103,1,2,1,0,109,3,40,8,1,1,1,0.52983
103,1,2,1,0,110,3,40,8,1,1,1,0.62832
103,1,2,1,0,111,7,80,8,2,2,1,0.62401
103,1,2,1,0,112,11,120,8,2,2,1,0.5476
103,1,2,1,0,113,1,20,8,1,1,1,0.43215
103,1,2,1,0,114,1,20,8,1,1,1,0.69595
103,1,2,1,0,115,7,80,8,2,2,1,0.60368
103,1,2,1,0,116,11,120,8,2,2,1,0.62045
103,1,2,1,0,117,1,20,8,1,1,1,0.40999
103,1,2,1,0,118,11,120,8,2,2,1,0.53546
103,1,2,1,0,119,7,80,8,2,2,1,1.035
103,1,2,1,0,120,11,120,8,2,2,1,0.46914
103,1,2,3,1,1,8,80,10,2,2,1,1.0587
103,1,2,3,1,2,10,100,10,2,2,1,0.40703
103,1,2,3,1,3,8,80,10,2,2,1,0.77492
103,1,2,3,1,4,12,120,10,2,2,1,0.36722
103,1,2,3,1,5,12,120,10,2,2,1,0.39071
103,1,2,3,1,6,12,120,10,2,2,1,0.33787
103,1,2,3,1,7,10,100,10,2,2,1,0.35343
103,1,2,3,1,8,5,60,8,1,1,1,0.3448
103,1,2,3,1,9,1,20,8,1,1,1,0.32164
103,1,2,3,1,10,5,60,8,1,1,1,0.30543
103,1,2,3,1,11,8,80,10,2,2,1,0.38728
103,1,2,3,1,12,1,20,8,1,2,0,0.27553
103,1,2,3,1,13,8,80,10,2,2,1,0.59184
103,1,2,3,1,14,12,120,10,2,2,1,0.41909
103,1,2,3,1,15,10,100,10,2,2,1,0.41887
103,1,2,3,1,16,1,20,8,1,1,1,0.45509
103,1,2,3,1,17,3,40,8,1,1,1,1.3289
103,1,2,3,1,18,3,40,8,1,1,1,0.36996
103,1,2,3,1,19,5,60,8,1,1,1,0.60488
103,1,2,3,1,20,3,40,8,1,1,1,0.43673
103,1,2,3,1,21,10,100,10,2,2,1,0.46034
103,1,2,3,1,22,1,20,8,1,1,1,0.46931
103,1,2,3,1,23,5,60,8,1,1,1,0.71205
103,1,2,3,1,24,3,40,8,1,1,1,0.41574
103,1,2,3,0,1,3,40,8,1,1,1,0.41663
103,1,2,3,0,2,12,120,10,2,2,1,0.36129
103,1,2,3,0,3,12,120,10,2,2,1,0.46875
103,1,2,3,0,4,3,40,8,1,1,1,0.39186
103,1,2,3,0,5,1,20,8,1,1,1,0.42195
103,1,2,3,0,6,8,80,10,2,2,1,0.57505
103,1,2,3,0,7,12,120,10,2,2,1,0.44369
103,1,2,3,0,8,10,100,10,2,2,1,0.40787
103,1,2,3,0,9,8,80,10,2,2,1,0.37793
103,1,2,3,0,10,5,60,8,1,1,1,0.7475
103,1,2,3,0,11,12,120,10,2,2,1,0.46414
103,1,2,3,0,12,12,120,10,2,2,1,0.5054
103,1,2,3,0,13,3,40,8,1,1,1,0.40329
103,1,2,3,0,14,1,20,8,1,1,1,0.40659
103,1,2,3,0,15,10,100,10,2,2,1,0.40716
103,1,2,3,0,16,1,20,8,1,1,1,0.41776
103,1,2,3,0,17,10,100,10,2,2,1,0.3382
103,1,2,3,0,18,5,60,8,1,1,1,0.34431
103,1,2,3,0,19,1,20,8,1,1,1,0.66852
103,1,2,3,0,20,3,40,8,1,1,1,0.55358
103,1,2,3,0,21,5,60,8,1,1,1,0.45451
103,1,2,3,0,22,5,60,8,1,1,1,0.68039
103,1,2,3,0,23,12,120,10,2,2,1,0.38666
103,1,2,3,0,24,3,40,8,1,1,1,0.45118
103,1,2,3,0,25,3,40,8,1,1,1,0.43787
103,1,2,3,0,26,5,60,8,1,1,1,0.43608
103,1,2,3,0,27,12,120,10,2,2,1,0.44062
103,1,2,3,0,28,12,120,10,2,2,1,0.3804
103,1,2,3,0,29,10,100,10,2,2,1,0.43991
103,1,2,3,0,30,3,40,8,1,1,1,0.45405
103,1,2,3,0,31,10,100,10,2,2,1,0.71456
103,1,2,3,0,32,12,120,10,2,2,1,0.454
103,1,2,3,0,33,10,100,10,2,2,1,0.56052
103,1,2,3,0,34,3,40,8,1,1,1,0.42996
103,1,2,3,0,35,5,60,8,1,1,1,0.43873
103,1,2,3,0,36,1,20,8,1,1,1,0.40118
103,1,2,3,0,37,8,80,10,2,2,1,0.62742
103,1,2,3,0,38,3,40,8,1,1,1,0.57613
103,1,2,3,0,39,3,40,8,1,1,1,0.39099
103,1,2,3,0,40,10,100,10,2,2,1,0.39671
103,1,2,3,0,41,5,60,8,1,1,1,0.34252
103,1,2,3,0,42,3,40,8,1,1,1,0.45658
103,1,2,3,0,43,8,80,10,2,1,0,0.45168
103,1,2,3,0,44,12,120,10,2,2,1,0.46167
103,1,2,3,0,45,8,80,10,2,1,0,0.43072
103,1,2,3,0,46,8,80,10,2,2,1,0.73078
103,1,2,3,0,47,1,20,8,1,1,1,0.48482
103,1,2,3,0,48,3,40,8,1,1,1,0.47426
103,1,2,3,0,49,8,80,10,2,2,1,0.56932
103,1,2,3,0,50,8,80,10,2,2,1,0.3968
103,1,2,3,0,51,5,60,8,1,1,1,0.5223
103,1,2,3,0,52,3,40,8,1,1,1,0.60606
103,1,2,3,0,53,8,80,10,2,2,1,0.54002
103,1,2,3,0,54,5,60,8,1,1,1,0.47647
103,1,2,3,0,55,5,60,8,1,1,1,0.50922
103,1,2,3,0,56,5,60,8,1,1,1,0.42501
103,1,2,3,0,57,12,120,10,2,2,1,0.44638
103,1,2,3,0,58,10,100,10,2,2,1,0.97793
103,1,2,3,0,59,1,20,8,1,1,1,0.43858
103,1,2,3,0,60,1,20,8,1,1,1,1.015
103,1,2,3,0,61,5,60,8,1,1,1,0.61818
103,1,2,3,0,62,1,20,8,1,1,1,0.35507
103,1,2,3,0,63,10,100,10,2,2,1,0.44395
103,1,2,3,0,64,3,40,8,1,1,1,0.41538
103,1,2,3,0,65,5,60,8,1,1,1,0.41456
103,1,2,3,0,66,3,40,8,1,1,1,0.46369
103,1,2,3,0,67,1,20,8,1,1,1,0.38781
103,1,2,3,0,68,1,20,8,1,1,1,0.49887
103,1,2,3,0,69,5,60,8,1,2,0,0.63571
103,1,2,3,0,70,5,60,8,1,2,0,1.2731
103,1,2,3,0,71,12,120,10,2,2,1,0.52188
103,1,2,3,0,72,10,100,10,2,2,1,0.54326
103,1,2,3,0,73,1,20,8,1,1,1,0.62901
103,1,2,3,0,74,1,20,8,1,1,1,0.39176
103,1,2,3,0,75,3,40,8,1,1,1,0.46803
103,1,2,3,0,76,12,120,10,2,2,1,0.40875
103,1,2,3,0,77,1,20,8,1,1,1,0.41458
103,1,2,3,0,78,8,80,10,2,2,1,0.65814
103,1,2,3,0,79,8,80,10,2,2,1,0.4073
103,1,2,3,0,80,8,80,10,2,2,1,0.4005
103,1,2,3,0,81,8,80,10,2,2,1,0.45065
103,1,2,3,0,82,1,20,8,1,1,1,0.43292
103,1,2,3,0,83,3,40,8,1,1,1,0.38688
103,1,2,3,0,84,1,20,8,1,1,1,1.2664
103,1,2,3,0,85,10,100,10,2,2,1,0.7133
103,1,2,3,0,86,5,60,8,1,1,1,0.58471
103,1,2,3,0,87,5,60,8,1,1,1,0.44647
103,1,2,3,0,88,3,40,8,1,1,1,0.47673
103,1,2,3,0,89,1,20,8,1,1,1,0.50448
103,1,2,3,0,90,10,100,10,2,2,1,0.7593
103,1,2,3,0,91,10,100,10,2,2,1,0.4853
103,1,2,3,0,92,8,80,10,2,2,1,0.47915
103,1,2,3,0,93,8,80,10,2,2,1,0.42127
103,1,2,3,0,94,12,120,10,2,2,1,0.41532
103,1,2,3,0,95,12,120,10,2,2,1,0.35628
103,1,2,3,0,96,8,80,10,2,2,1,0.32262
103,1,2,3,0,97,12,120,10,2,2,1,0.42148
103,1,2,3,0,98,1,20,8,1,1,1,0.3938
103,1,2,3,0,99,8,80,10,2,2,1,0.71584
103,1,2,3,0,100,5,60,8,1,2,0,0.41241
103,1,2,3,0,101,5,60,8,1,1,1,1.0234
103,1,2,3,0,102,12,120,10,2,2,1,0.36959
103,1,2,3,0,103,10,100,10,2,2,1,0.57386
103,1,2,3,0,104,1,20,8,1,1,1,0.42877
103,1,2,3,0,105,8,80,10,2,2,1,0.55497
103,1,2,3,0,106,3,40,8,1,1,1,0.38135
103,1,2,3,0,107,5,60,8,1,2,0,0.44722
103,1,2,3,0,108,12,120,10,2,2,1,0.47154
103,1,2,3,0,109,10,100,10,2,2,1,0.52231
103,1,2,3,0,110,10,100,10,2,2,1,0.44524
103,1,2,3,0,111,8,80,10,2,2,1,1.2779
103,1,2,3,0,112,8,80,10,2,2,1,0.49859
103,1,2,3,0,113,10,100,10,2,2,1,0.54132
103,1,2,3,0,114,12,120,10,2,2,1,0.41995
103,1,2,3,0,115,10,100,10,2,2,1,0.43929
103,1,2,3,0,116,10,100,10,2,2,1,0.52441
103,1,2,3,0,117,12,120,10,2,2,1,0.47764
103,1,2,3,0,118,3,40,8,1,1,1,0.45151
103,1,2,3,0,119,10,100,10,2,2,1,0.61248
103,1,2,3,0,120,1,20,8,1,1,1,0.43091
103,1,2,4,1,1,2,20,10,1,1,1,1.1003
103,1,2,4,1,2,4,40,10,1,2,0,0.56236
103,1,2,4,1,3,11,120,8,2,2,1,0.45589
103,1,2,4,1,4,2,20,10,1,1,1,0.43632
103,1,2,4,1,5,4,40,10,1,1,1,0.74116
103,1,2,4,1,6,4,40,10,1,1,1,0.44898
103,1,2,4,1,7,7,80,8,2,2,1,0.4964
103,1,2,4,1,8,2,20,10,1,1,1,0.39656
103,1,2,4,1,9,9,100,8,2,2,1,0.50381
103,1,2,4,1,10,6,60,10,1,1,1,0.76752
103,1,2,4,1,11,11,120,8,2,2,1,0.42185
103,1,2,4,1,12,6,60,10,1,1,1,0.38374
103,1,2,4,1,13,11,120,8,2,2,1,0.41015
103,1,2,4,1,14,2,20,10,1,1,1,0.45378
103,1,2,4,1,15,7,80,8,2,2,1,0.67766
103,1,2,4,1,16,6,60,10,1,1,1,0.37711
103,1,2,4,1,17,7,80,8,2,1,0,0.91089
103,1,2,4,1,18,9,100,8,2,2,1,0.46837
103,1,2,4,1,19,7,80,8,2,2,1,1.4856
103,1,2,4,1,20,4,40,10,1,1,1,0.42993
103,1,2,4,1,21,9,100,8,2,2,1,0.41264
103,1,2,4,1,22,6,60,10,1,1,1,0.41335
103,1,2,4,1,23,9,100,8,2,2,1,0.38909
103,1,2,4,1,24,11,120,8,2,2,1,0.703
103,1,2,4,0,1,2,20,10,1,1,1,0.49366
103,1,2,4,0,2,7,80,8,2,2,1,0.42556
103,1,2,4,0,3,2,20,10,1,1,1,0.37712
103,1,2,4,0,4,7,80,8,2,2,1,0.3723
103,1,2,4,0,5,7,80,8,2,2,1,0.5277
103,1,2,4,0,6,4,40,10,1,1,1,0.42458
103,1,2,4,0,7,4,40,10,1,1,1,0.4545
103,1,2,4,0,8,9,100,8,2,2,1,0.45352
103,1,2,4,0,9,6,60,10,1,1,1,0.43563
103,1,2,4,0,10,9,100,8,2,2,1,0.52026
103,1,2,4,0,11,2,20,10,1,1,1,0.41882
103,1,2,4,0,12,2,20,10,1,1,1,0.45881
103,1,2,4,0,13,9,100,8,2,2,1,0.67078
103,1,2,4,0,14,11,120,8,2,2,1,0.48184
103,1,2,4,0,15,2,20,10,1,1,1,0.44219
103,1,2,4,0,16,9,100,8,2,2,1,0.65371
103,1,2,4,0,17,6,60,10,1,1,1,0.45827
103,1,2,4,0,18,4,40,10,1,1,1,0.49609
103,1,2,4,0,19,4,40,10,1,1,1,0.44952
103,1,2,4,0,20,6,60,10,1,1,1,0.47083
103,1,2,4,0,21,2,20,10,1,1,1,0.46714
103,1,2,4,0,22,9,100,8,2,2,1,0.50954
103,1,2,4,0,23,11,120,8,2,2,1,0.45452
103,1,2,4,0,24,7,80,8,2,1,0,1.1914
103,1,2,4,0,25,9,100,8,2,2,1,0.38499
103,1,2,4,0,26,11,120,8,2,2,1,0.47891
103,1,2,4,0,27,7,80,8,2,2,1,0.38041
103,1,2,4,0,28,4,40,10,1,1,1,0.45825
103,1,2,4,0,29,4,40,10,1,1,1,0.4737
103,1,2,4,0,30,6,60,10,1,1,1,0.40877
103,1,2,4,0,31,7,80,8,2,2,1,0.94021
103,1,2,4,0,32,9,100,8,2,2,1,0.422
103,1,2,4,0,33,6,60,10,1,1,1,0.44481
103,1,2,4,0,34,11,120,8,2,2,1,0.61596
103,1,2,4,0,35,9,100,8,2,2,1,0.55838
103,1,2,4,0,36,9,100,8,2,2,1,0.56885
103,1,2,4,0,37,7,80,8,2,2,1,0.71569
103,1,2,4,0,38,9,100,8,2,2,1,0.49684
103,1,2,4,0,39,4,40,10,1,1,1,0.44136
103,1,2,4,0,40,4,40,10,1,1,1,0.44849
103,1,2,4,0,41,4,40,10,1,1,1,0.50751
103,1,2,4,0,42,7,80,8,2,2,1,1.0677
103,1,2,4,0,43,11,120,8,2,2,1,0.46156
103,1,2,4,0,44,2,20,10,1,1,1,0.46743
103,1,2,4,0,45,11,120,8,2,2,1,0.5355
103,1,2,4,0,46,4,40,10,1,1,1,0.46691
103,1,2,4,0,47,2,20,10,1,1,1,0.51236
103,1,2,4,0,48,6,60,10,1,1,1,1.0575
103,1,2,4,0,49,9,100,8,2,2,1,0.58128
103,1,2,4,0,50,6,60,10,1,1,1,0.79363
103,1,2,4,0,51,7,80,8,2,2,1,0.72877
103,1,2,4,0,52,2,20,10,1,1,1,0.45596
103,1,2,4,0,53,11,120,8,2,2,1,0.55036
103,1,2,4,0,54,6,60,10,1,1,1,0.97361
103,1,2,4,0,55,9,100,8,2,2,1,0.4652
103,1,2,4,0,56,11,120,8,2,2,1,0.42818
103,1,2,4,0,57,7,80,8,2,2,1,0.5107
103,1,2,4,0,58,6,60,10,1,1,1,1.1024
103,1,2,4,0,59,4,40,10,1,1,1,0.67688
103,1,2,4,0,60,2,20,10,1,1,1,0.44117
103,1,2,4,0,61,2,20,10,1,1,1,0.60979
103,1,2,4,0,62,7,80,8,2,2,1,0.65528
103,1,2,4,0,63,7,80,8,2,2,1,0.62872
103,1,2,4,0,64,2,20,10,1,1,1,0.54976
103,1,2,4,0,65,4,40,10,1,1,1,0.43761
103,1,2,4,0,66,7,80,8,2,2,1,0.59517
103,1,2,4,0,67,4,40,10,1,1,1,0.48055
103,1,2,4,0,68,7,80,8,2,2,1,0.52429
103,1,2,4,0,69,7,80,8,2,2,1,0.46573
103,1,2,4,0,70,6,60,10,1,1,1,0.37264
103,1,2,4,0,71,11,120,8,2,2,1,0.42099
103,1,2,4,0,72,9,100,8,2,2,1,0.66699
103,1,2,4,0,73,11,120,8,2,2,1,1.0072
103,1,2,4,0,74,6,60,10,1,1,1,0.49245
103,1,2,4,0,75,11,120,8,2,2,1,0.4757
103,1,2,4,0,76,2,20,10,1,1,1,0.75258
103,1,2,4,0,77,7,80,8,2,2,1,0.54728
103,1,2,4,0,78,11,120,8,2,2,1,0.6115
103,1,2,4,0,79,6,60,10,1,1,1,0.45408
103,1,2,4,0,80,4,40,10,1,1,1,0.43608
103,1,2,4,0,81,6,60,10,1,1,1,0.63758
103,1,2,4,0,82,6,60,10,1,1,1,0.42442
103,1,2,4,0,83,7,80,8,2,2,1,0.78665
103,1,2,4,0,84,4,40,10,1,1,1,0.44256
103,1,2,4,0,85,9,100,8,2,2,1,1.0967
103,1,2,4,0,86,4,40,10,1,1,1,0.46835
103,1,2,4,0,87,9,100,8,2,2,1,0.45975
103,1,2,4,0,88,2,20,10,1,1,1,0.6352
103,1,2,4,0,89,2,20,10,1,1,1,0.41944
103,1,2,4,0,90,7,80,8,2,2,1,0.78222
103,1,2,4,0,91,11,120,8,2,2,1,0.43249
103,1,2,4,0,92,9,100,8,2,2,1,0.80642
103,1,2,4,0,93,6,60,10,1,2,0,0.76557
103,1,2,4,0,94,2,20,10,1,1,1,0.39703
103,1,2,4,0,95,4,40,10,1,1,1,0.43052
103,1,2,4,0,96,11,120,8,2,2,1,0.47978
103,1,2,4,0,97,9,100,8,2,2,1,0.46121
103,1,2,4,0,98,11,120,8,2,2,1,0.57693
103,1,2,4,0,99,11,120,8,2,2,1,0.54896
103,1,2,4,0,100,6,60,10,1,2,0,0.54156
103,1,2,4,0,101,2,20,10,1,1,1,0.42837
103,1,2,4,0,102,6,60,10,1,2,0,0.63989
103,1,2,4,0,103,2,20,10,1,1,1,0.42655
103,1,2,4,0,104,2,20,10,1,1,1,0.3345
103,1,2,4,0,105,9,100,8,2,2,1,0.61419
103,1,2,4,0,106,6,60,10,1,1,1,0.96605
103,1,2,4,0,107,7,80,8,2,2,1,0.57972
103,1,2,4,0,108,4,40,10,1,1,1,0.34896
103,1,2,4,0,109,9,100,8,2,2,1,0.60365
103,1,2,4,0,110,11,120,8,2,2,1,0.56748
103,1,2,4,0,111,7,80,8,2,2,1,0.58115
103,1,2,4,0,112,11,120,8,2,2,1,0.46069
103,1,2,4,0,113,9,100,8,2,2,1,0.38484
103,1,2,4,0,114,2,20,10,1,1,1,0.47847
103,1,2,4,0,115,4,40,10,1,1,1,0.47549
103,1,2,4,0,116,6,60,10,1,1,1,0.56726
103,1,2,4,0,117,11,120,8,2,2,1,0.56408
103,1,2,4,0,118,6,60,10,1,1,1,0.40417
103,1,2,4,0,119,11,120,8,2,2,1,0.43891
103,1,2,4,0,120,4,40,10,1,1,1,0.42062
103,1,2,5,1,1,12,120,10,2,2,1,1.294
103,1,2,5,1,2,10,100,10,2,1,0,0.50241
103,1,2,5,1,3,6,60,10,1,1,1,0.60172
103,1,2,5,1,4,3,40,8,1,1,1,0.42813
103,1,2,5,1,5,7,80,8,2,2,1,0.80473
103,1,2,5,1,6,8,80,10,2,2,1,0.6183
103,1,2,5,1,7,1,20,8,1,1,1,0.42452
103,1,2,5,1,8,2,20,10,1,1,1,0.41604
103,1,2,5,1,9,9,100,8,2,2,1,0.4039
103,1,2,5,1,10,9,100,8,2,2,1,0.42567
103,1,2,5,1,11,5,60,8,1,1,1,0.44868
103,1,2,5,1,12,2,20,10,1,1,1,0.41728
103,1,2,5,1,13,7,80,8,2,2,1,0.6571
103,1,2,5,1,14,1,20,8,1,1,1,0.49422
103,1,2,5,1,15,12,120,10,2,2,1,0.45545
103,1,2,5,1,16,4,40,10,1,1,1,0.42832
103,1,2,5,1,17,3,40,8,1,1,1,0.40195
103,1,2,5,1,18,10,100,10,2,2,1,0.46023
103,1,2,5,1,19,5,60,8,1,1,1,1.2582
103,1,2,5,1,20,6,60,10,1,1,1,0.75039
103,1,2,5,1,21,8,80,10,2,2,1,0.69094
103,1,2,5,1,22,11,120,8,2,2,1,0.39493
103,1,2,5,1,23,11,120,8,2,2,1,0.46015
103,1,2,5,1,24,4,40,10,1,1,1,0.74219
103,1,2,5,0,1,6,60,10,1,1,1,0.50139
103,1,2,5,0,2,3,40,8,1,1,1,0.42663
103,1,2,5,0,3,4,40,10,1,1,1,0.3658
103,1,2,5,0,4,3,40,8,1,1,1,0.35435
103,1,2,5,0,5,1,20,8,1,1,1,0.53457
103,1,2,5,0,6,2,20,10,1,1,1,0.43
103,1,2,5,0,7,6,60,10,1,1,1,0.78804
103,1,2,5,0,8,12,120,10,2,2,1,0.54389
103,1,2,5,0,9,10,100,10,2,2,1,0.39699
103,1,2,5,0,10,5,60,8,1,1,1,0.51112
103,1,2,5,0,11,3,40,8,1,1,1,0.47175
103,1,2,5,0,12,5,60,8,1,1,1,0.43225
103,1,2,5,0,13,10,100,10,2,2,1,0.43952
103,1,2,5,0,14,8,80,10,2,2,1,0.57298
103,1,2,5,0,15,4,40,10,1,1,1,0.47231
103,1,2,5,0,16,9,100,8,2,2,1,0.36233
103,1,2,5,0,17,10,100,10,2,2,1,0.59087
103,1,2,5,0,18,6,60,10,1,1,1,0.90123
103,1,2,5,0,19,8,80,10,2,2,1,0.70385
103,1,2,5,0,20,2,20,10,1,1,1,0.45912
103,1,2,5,0,21,9,100,8,2,2,1,0.48656
103,1,2,5,0,22,3,40,8,1,1,1,0.48715
103,1,2,5,0,23,8,80,10,2,2,1,0.49299
103,1,2,5,0,24,12,120,10,2,2,1,0.60022
103,1,2,5,0,25,12,120,10,2,2,1,0.42722
103,1,2,5,0,26,5,60,8,1,1,1,0.50841
103,1,2,5,0,27,11,120,8,2,2,1,0.29972
103,1,2,5,0,28,6,60,10,1,1,1,0.56928
103,1,2,5,0,29,6,60,10,1,1,1,0.47596
103,1,2,5,0,30,9,100,8,2,2,1,0.47022
103,1,2,5,0,31,12,120,10,2,2,1,0.37975
103,1,2,5,0,32,11,120,8,2,2,1,0.40631
103,1,2,5,0,33,9,100,8,2,2,1,0.33035
103,1,2,5,0,34,11,120,8,2,2,1,0.43271
103,1,2,5,0,35,7,80,8,2,2,1,1.244
103,1,2,5,0,36,1,20,8,1,1,1,0.51982
103,1,2,5,0,37,9,100,8,2,2,1,0.44321
103,1,2,5,0,38,9,100,8,2,2,1,0.42422
103,1,2,5,0,39,8,80,10,2,2,1,1.9946
103,1,2,5,0,40,10,100,10,2,2,1,0.40614
103,1,2,5,0,41,7,80,8,2,2,1,0.63476
103,1,2,5,0,42,2,20,10,1,1,1,0.92265
103,1,2,5,0,43,4,40,10,1,1,1,0.45126
103,1,2,5,0,44,2,20,10,1,1,1,0.78461
103,1,2,5,0,45,10,100,10,2,2,1,0.6958
103,1,2,5,0,46,6,60,10,1,1,1,1.2431
103,1,2,5,0,47,11,120,8,2,2,1,0.58039
103,1,2,5,0,48,11,120,8,2,2,1,0.37548
103,1,2,5,0,49,4,40,10,1,1,1,0.52618
103,1,2,5,0,50,7,80,8,2,2,1,0.74306
103,1,2,5,0,51,5,60,8,1,1,1,0.42506
103,1,2,5,0,52,1,20,8,1,1,1,0.43977
103,1,2,5,0,53,12,120,10,2,2,1,0.46449
103,1,2,5,0,54,2,20,10,1,1,1,0.39461
103,1,2,5,0,55,1,20,8,1,1,1,0.40066
103,1,2,5,0,56,6,60,10,1,2,0,0.66605
103,1,2,5,0,57,8,80,10,2,2,1,0.55945
103,1,2,5,0,58,10,100,10,2,2,1,0.58785
103,1,2,5,0,59,1,20,8,1,1,1,0.46394
103,1,2,5,0,60,1,20,8,1,1,1,0.42505
103,1,2,5,0,61,2,20,10,1,1,1,0.47187
103,1,2,5,0,62,9,100,8,2,2,1,0.45555
103,1,2,5,0,63,4,40,10,1,1,1,0.41175
103,1,2,5,0,64,12,120,10,2,2,1,0.51118
103,1,2,5,0,65,10,100,10,2,1,0,0.72785
103,1,2,5,0,66,3,40,8,1,1,1,0.62094
103,1,2,5,0,67,3,40,8,1,1,1,0.47768
103,1,2,5,0,68,6,60,10,1,2,0,0.60585
103,1,2,5,0,69,3,40,8,1,1,1,0.54428
103,1,2,5,0,70,1,20,8,1,1,1,0.40811
103,1,2,5,0,71,5,60,8,1,1,1,1.0483
103,1,2,5,0,72,11,120,8,2,2,1,0.38492
103,1,2,5,0,73,1,20,8,1,1,1,0.4607
103,1,2,5,0,74,10,100,10,2,2,1,0.62674
103,1,2,5,0,75,3,40,8,1,1,1,0.56867
103,1,2,5,0,76,5,60,8,1,1,1,1.7845
103,1,2,5,0,77,1,20,8,1,1,1,0.45884
103,1,2,5,0,78,4,40,10,1,1,1,1.4642
103,1,2,5,0,79,12,120,10,2,2,1,0.49721
103,1,2,5,0,80,4,40,10,1,1,1,0.44018
103,1,2,5,0,81,2,20,10,1,1,1,0.47303
103,1,2,5,0,82,4,40,10,1,1,1,0.8367
103,1,2,5,0,83,7,80,8,2,2,1,0.60384
103,1,2,5,0,84,6,60,10,1,1,1,1.7516
103,1,2,5,0,85,7,80,8,2,2,1,0.4946
103,1,2,5,0,86,1,20,8,1,1,1,0.44839
103,1,2,5,0,87,10,100,10,2,2,1,0.88986
103,1,2,5,0,88,4,40,10,1,1,1,0.53181
103,1,2,5,0,89,11,120,8,2,2,1,0.57186
103,1,2,5,0,90,2,20,10,1,1,1,0.41617
103,1,2,5,0,91,12,120,10,2,2,1,0.43006
103,1,2,5,0,92,5,60,8,1,1,1,0.7046
103,1,2,5,0,93,7,80,8,2,2,1,0.71496
103,1,2,5,0,94,2,20,10,1,1,1,0.57552
103,1,2,5,0,95,10,100,10,2,2,1,0.7671
103,1,2,5,0,96,5,60,8,1,1,1,1.1329
103,1,2,5,0,97,7,80,8,2,2,1,1.0234
103,1,2,5,0,98,12,120,10,2,2,1,0.47273
103,1,2,5,0,99,2,20,10,1,1,1,0.41611
103,1,2,5,0,100,12,120,10,2,2,1,0.39547
103,1,2,5,0,101,5,60,8,1,1,1,0.49365
103,1,2,5,0,102,8,80,10,2,2,1,0.62327
103,1,2,5,0,103,7,80,8,2,2,1,0.68195
103,1,2,5,0,104,8,80,10,2,2,1,0.57838
103,1,2,5,0,105,8,80,10,2,2,1,0.48393
103,1,2,5,0,106,3,40,8,1,1,1,0.532
103,1,2,5,0,107,3,40,8,1,1,1,0.46625
103,1,2,5,0,108,11,120,8,2,2,1,0.44495
103,1,2,5,0,109,7,80,8,2,2,1,0.59481
103,1,2,5,0,110,11,120,8,2,2,1,0.34493
103,1,2,5,0,111,9,100,8,2,2,1,0.34655
103,1,2,5,0,112,5,60,8,1,1,1,0.52367
103,1,2,5,0,113,7,80,8,2,2,1,1.3732
103,1,2,5,0,114,9,100,8,2,2,1,0.47173
103,1,2,5,0,115,11,120,8,2,2,1,0.37025
103,1,2,5,0,116,9,100,8,2,2,1,0.40249
103,1,2,5,0,117,8,80,10,2,2,1,0.82509
103,1,2,5,0,118,4,40,10,1,2,0,0.75329
103,1,2,5,0,119,6,60,10,1,1,1,1.6099
103,1,2,5,0,120,8,80,10,2,2,1,1.1423
103,1,2,6,0,1,5,60,8,1,1,1,0.48411
103,1,2,6,0,2,2,20,10,1,1,1,0.4155
103,1,2,6,0,3,1,20,8,1,1,1,0.33008
103,1,2,6,0,4,9,100,8,2,2,1,0.42856
103,1,2,6,0,5,10,100,10,2,2,1,0.47108
103,1,2,6,0,6,9,100,8,2,2,1,0.38679
103,1,2,6,0,7,6,60,10,1,1,1,0.3898
103,1,2,6,0,8,5,60,8,1,1,1,0.40926
103,1,2,6,0,9,8,80,10,2,2,1,0.50008
103,1,2,6,0,10,3,40,8,1,1,1,0.81686
103,1,2,6,0,11,7,80,8,2,2,1,0.36032
103,1,2,6,0,12,12,120,10,2,2,1,0.46966
103,1,2,6,0,13,9,100,8,2,2,1,0.40976
103,1,2,6,0,14,1,20,8,1,1,1,0.3416
103,1,2,6,0,15,2,20,10,1,1,1,0.33964
103,1,2,6,0,16,4,40,10,1,1,1,0.28274
103,1,2,6,0,17,1,20,8,1,1,1,0.38281
103,1,2,6,0,18,10,100,10,2,2,1,0.49658
103,1,2,6,0,19,7,80,8,2,2,1,0.47377
103,1,2,6,0,20,1,20,8,1,1,1,0.36407
103,1,2,6,0,21,11,120,8,2,2,1,0.38173
103,1,2,6,0,22,11,120,8,2,2,1,0.51214
103,1,2,6,0,23,2,20,10,1,1,1,0.31756
103,1,2,6,0,24,2,20,10,1,1,1,0.34519
103,1,2,6,0,25,4,40,10,1,1,1,0.29792
103,1,2,6,0,26,2,20,10,1,1,1,0.3359
103,1,2,6,0,27,9,100,8,2,2,1,0.38204
103,1,2,6,0,28,3,40,8,1,1,1,0.53982
103,1,2,6,0,29,7,80,8,2,1,0,0.35873
103,1,2,6,0,30,3,40,8,1,1,1,0.42118
103,1,2,6,0,31,11,120,8,2,2,1,0.45812
103,1,2,6,0,32,8,80,10,2,2,1,0.46608
103,1,2,6,0,33,5,60,8,1,1,1,0.80331
103,1,2,6,0,34,7,80,8,2,2,1,0.60236
103,1,2,6,0,35,4,40,10,1,1,1,0.48836
103,1,2,6,0,36,2,20,10,1,1,1,0.44456
103,1,2,6,0,37,10,100,10,2,2,1,0.555
103,1,2,6,0,38,12,120,10,2,2,1,0.33416
103,1,2,6,0,39,6,60,10,1,1,1,0.82092
103,1,2,6,0,40,11,120,8,2,2,1,0.47638
103,1,2,6,0,41,9,100,8,2,2,1,0.5988
103,1,2,6,0,42,12,120,10,2,2,1,0.3997
103,1,2,6,0,43,1,20,8,1,1,1,0.39427
103,1,2,6,0,44,8,80,10,2,2,1,0.53345
103,1,2,6,0,45,5,60,8,1,2,0,0.46401
103,1,2,6,0,46,3,40,8,1,1,1,0.47882
103,1,2,6,0,47,6,60,10,1,1,1,0.76548
103,1,2,6,0,48,8,80,10,2,2,1,0.55307
103,1,2,6,0,49,4,40,10,1,1,1,0.46971
103,1,2,6,0,50,1,20,8,1,1,1,0.49513
103,1,2,6,0,51,4,40,10,1,1,1,0.43536
103,1,2,6,0,52,11,120,8,2,2,1,0.40246
103,1,2,6,0,53,8,80,10,2,2,1,0.52714
103,1,2,6,0,54,7,80,8,2,2,1,0.61626
103,1,2,6,0,55,12,120,10,2,2,1,0.4321
103,1,2,6,0,56,3,40,8,1,1,1,0.46221
103,1,2,6,0,57,2,20,10,1,1,1,0.48369
103,1,2,6,0,58,11,120,8,2,2,1,0.56594
103,1,2,6,0,59,2,20,10,1,1,1,0.36851
103,1,2,6,0,60,5,60,8,1,1,1,0.42863
103,1,2,6,0,61,6,60,10,1,1,1,0.41099
103,1,2,6,0,62,3,40,8,1,1,1,0.45168
103,1,2,6,0,63,1,20,8,1,1,1,0.44009
103,1,2,6,0,64,3,40,8,1,1,1,0.42119
103,1,2,6,0,65,4,40,10,1,1,1,0.37327
103,1,2,6,0,66,4,40,10,1,1,1,0.42714
103,1,2,6,0,67,6,60,10,1,1,1,0.44141
103,1,2,6,0,68,5,60,8,1,1,1,0.69109
103,1,2,6,0,69,12,120,10,2,2,1,0.50525
103,1,2,6,0,70,8,80,10,2,2,1,1.0435
103,1,2,6,0,71,11,120,8,2,2,1,0.47604
103,1,2,6,0,72,7,80,8,2,2,1,0.6485
103,1,2,6,0,73,5,60,8,1,1,1,0.88228
103,1,2,6,0,74,6,60,10,1,1,1,0.57885
103,1,2,6,0,75,6,60,10,1,1,1,0.39312
103,1,2,6,0,76,12,120,10,2,2,1,0.56089
103,1,2,6,0,77,12,120,10,2,2,1,0.36947
103,1,2,6,0,78,1,20,8,1,1,1,0.65119
103,1,2,6,0,79,4,40,10,1,1,1,0.45153
103,1,2,6,0,80,5,60,8,1,1,1,0.42678
103,1,2,6,0,81,10,100,10,2,2,1,0.60636
103,1,2,6,0,82,1,20,8,1,1,1,0.43376
103,1,2,6,0,83,4,40,10,1,1,1,0.47022
103,1,2,6,0,84,10,100,10,2,2,1,0.63918
103,1,2,6,0,85,7,80,8,2,1,0,0.5808
103,1,2,6,0,86,11,120,8,2,2,1,0.4818
103,1,2,6,0,87,7,80,8,2,1,0,1.6318
103,1,2,6,0,88,7,80,8,2,2,1,0.76316
103,1,2,6,0,89,8,80,10,2,2,1,0.42713
103,1,2,6,0,90,6,60,10,1,2,0,0.37157
103,1,2,6,0,91,5,60,8,1,1,1,0.56962
103,1,2,6,0,92,11,120,8,2,2,1,0.53207
103,1,2,6,0,93,8,80,10,2,2,1,0.94434
103,1,2,6,0,94,3,40,8,1,1,1,0.45136
103,1,2,6,0,95,10,100,10,2,2,1,0.41555
103,1,2,6,0,96,10,100,10,2,2,1,0.42897
103,1,2,6,0,97,12,120,10,2,2,1,0.39487
103,1,2,6,0,98,8,80,10,2,1,0,0.48458
103,1,2,6,0,99,12,120,10,2,2,1,0.37173
103,1,2,6,0,100,6,60,10,1,1,1,0.50188
103,1,2,6,0,101,5,60,8,1,1,1,0.51327
103,1,2,6,0,102,4,40,10,1,1,1,0.42305
103,1,2,6,0,103,12,120,10,2,2,1,0.4195
103,1,2,6,0,104,9,100,8,2,2,1,0.6499
103,1,2,6,0,105,6,60,10,1,1,1,0.50735
103,1,2,6,0,106,2,20,10,1,1,1,0.47269
103,1,2,6,0,107,2,20,10,1,1,1,0.45695
103,1,2,6,0,108,10,100,10,2,2,1,0.60393
103,1,2,6,0,109,9,100,8,2,2,1,0.48261
103,1,2,6,0,110,8,80,10,2,1,0,0.76664
103,1,2,6,0,111,10,100,10,2,2,1,0.48991
103,1,2,6,0,112,9,100,8,2,2,1,0.40888
103,1,2,6,0,113,7,80,8,2,2,1,1.5542
103,1,2,6,0,114,9,100,8,2,2,1,0.52037
103,1,2,6,0,115,1,20,8,1,1,1,0.47496
103,1,2,6,0,116,9,100,8,2,2,1,0.73091
103,1,2,6,0,117,10,100,10,2,2,1,0.47357
103,1,2,6,0,118,11,120,8,2,2,1,0.48218
103,1,2,6,0,119,3,40,8,1,1,1,0.56218
103,1,2,6,0,120,3,40,8,1,1,1,0.88672
