2	1	3	1	353.93
2	1	3	1	391.44
2	1	3	1	411.95
2	1	3	1	432.52
2	1	3	1	439.48
2	1	3	1	448.37
2	1	3	1	457.9
2	1	3	1	459.33
2	1	3	1	470.52
2	1	3	1	499.97
2	1	3	1	508.1
2	1	3	1	522.51
2	1	3	1	537.27
2	1	3	1	578.35
2	1	3	1	582.11
2	1	3	1	595.06
2	1	3	1	600.16
2	1	3	1	605.96
2	1	3	1	608.62
2	1	3	1	639.73
2	1	3	1	649.18
2	1	3	1	658.77
2	1	3	1	668.36
2	1	3	1	687.69
2	1	3	1	718.9
2	1	3	1	721.54
2	1	3	1	812.19
2	1	3	1	844.05
2	1	3	1	915.33
2	1	3	1	955.88
2	1	3	1	981.46
2	1	3	1	1057.7
2	2	3	1	371.22
2	2	3	1	385.25
2	2	3	1	386.42
2	2	3	1	394.25
2	2	3	1	402.01
2	2	3	1	410.46
2	2	3	1	411.63
2	2	3	1	423.18
2	2	3	1	423.55
2	2	3	1	433.52
2	2	3	1	433.71
2	2	3	1	436.66
2	2	3	1	438.48
2	2	3	1	450.17
2	2	3	1	463.86
2	2	3	1	475.46
2	2	3	1	475.76
2	2	3	1	478.45
2	2	3	1	478.9
2	2	3	1	484.48
2	2	3	1	489.26
2	2	3	1	510.51
2	2	3	1	526.51
2	2	3	1	546.93
2	2	3	1	571.91
2	2	3	1	574.6
2	2	3	1	596.01
2	2	3	1	615.8
2	2	3	1	618.45
2	2	3	1	666.98
2	2	3	1	842.37
2	2	3	1	847.49
2	2	3	1	1012.2
2	2	3	1	1162.7
2	3	3	1	358.85
2	3	3	1	361.4
2	3	3	1	364.35
2	3	3	1	404.48
2	3	3	1	412.8
2	3	3	1	415.62
2	3	3	1	429.25
2	3	3	1	479.35
2	3	3	1	481.59
2	3	3	1	488.11
2	3	3	1	490.03
2	3	3	1	515.72
2	3	3	1	547.58
2	3	3	1	571.86
2	3	3	1	617.78
2	3	3	1	621.01
2	3	3	1	640.65
2	3	3	1	651.33
2	3	3	1	656.51
2	3	3	1	681.56
2	3	3	1	691.12
2	3	3	1	722.04
2	3	3	1	1079.7
2	3	3	1	1123.2
2	3	3	1	1352.3
2	3	3	1	1558.1
2	3	3	1	1572.2
2	4	3	1	290.16
2	4	3	1	306.27
2	4	3	1	309.33
2	4	3	1	320.65
2	4	3	1	333.4
2	4	3	1	336.47
2	4	3	1	337.88
2	4	3	1	339.24
2	4	3	1	340.99
2	4	3	1	342.28
2	4	3	1	346.57
2	4	3	1	347.82
2	4	3	1	352.18
2	4	3	1	357.78
2	4	3	1	358.17
2	4	3	1	367.48
2	4	3	1	367.6
2	4	3	1	368.66
2	4	3	1	375.95
2	4	3	1	380.06
2	4	3	1	383.78
2	4	3	1	403.68
2	4	3	1	415.74
2	4	3	1	418.32
2	4	3	1	419.1
2	4	3	1	420.57
2	4	3	1	424.13
2	4	3	1	437.05
2	4	3	1	445.16
2	4	3	1	445.89
2	4	3	1	450.74
2	4	3	1	458.24
2	4	3	1	468.49
2	4	3	1	469.92
2	4	3	1	477.36
2	4	3	1	484.31
2	4	3	1	485.19
2	4	3	1	495.21
2	4	3	1	509.26
2	4	3	1	568.16
2	4	3	1	586.54
2	4	3	1	596.68
2	4	3	1	614.16
2	4	3	1	615.96
2	4	3	1	680.08
2	1	4	1	391.33
2	1	4	1	415.23
2	1	4	1	431.36
2	1	4	1	444.8
2	1	4	1	466.48
2	1	4	1	501.02
2	1	4	1	502.74
2	1	4	1	508.41
2	1	4	1	511.41
2	1	4	1	512.38
2	1	4	1	514.53
2	1	4	1	524.28
2	1	4	1	534.72
2	1	4	1	538.52
2	1	4	1	545.96
2	1	4	1	549.43
2	1	4	1	553.13
2	1	4	1	562.57
2	1	4	1	563.62
2	1	4	1	566.4
2	1	4	1	566.74
2	1	4	1	588.79
2	1	4	1	618.61
2	1	4	1	621.78
2	1	4	1	628.74
2	1	4	1	664.27
2	1	4	1	679.19
2	1	4	1	681.42
2	1	4	1	786.05
2	2	4	1	334.84
2	2	4	1	340.87
2	2	4	1	366.94
2	2	4	1	398.15
2	2	4	1	419.55
2	2	4	1	421.23
2	2	4	1	430.67
2	2	4	1	432.24
2	2	4	1	434.51
2	2	4	1	435.07
2	2	4	1	443.52
2	2	4	1	449.86
2	2	4	1	451.39
2	2	4	1	452.83
2	2	4	1	465.75
2	2	4	1	475.08
2	2	4	1	479.22
2	2	4	1	488.87
2	2	4	1	494.03
2	2	4	1	496.13
2	2	4	1	498.64
2	2	4	1	509.44
2	2	4	1	534.07
2	2	4	1	540.5
2	2	4	1	571.18
2	2	4	1	571.59
2	2	4	1	583.54
2	2	4	1	590.92
2	2	4	1	640.8
2	2	4	1	687.85
2	2	4	1	713.89
2	2	4	1	1083.8
2	2	4	1	1234
2	3	4	1	337.73
2	3	4	1	365.6
2	3	4	1	374.24
2	3	4	1	386.54
2	3	4	1	391.45
2	3	4	1	407.76
2	3	4	1	420.82
2	3	4	1	431.06
2	3	4	1	452.92
2	3	4	1	470.42
2	3	4	1	477.74
2	3	4	1	497.11
2	3	4	1	498.47
2	3	4	1	512
2	3	4	1	517.25
2	3	4	1	541.4
2	3	4	1	554.53
2	3	4	1	590.36
2	3	4	1	639.19
2	3	4	1	669.87
2	3	4	1	681.5
2	3	4	1	786.7
2	3	4	1	799.28
2	3	4	1	979.69
2	3	4	1	1106.9
2	3	4	1	1273.1
2	3	4	1	1626.1
2	3	4	1	1728.6
2	3	4	1	1898.5
2	4	4	1	321.78
2	4	4	1	341.43
2	4	4	1	360.85
2	4	4	1	368.48
2	4	4	1	370.77
2	4	4	1	371.41
2	4	4	1	381.15
2	4	4	1	384.08
2	4	4	1	390.11
2	4	4	1	390.29
2	4	4	1	419.75
2	4	4	1	419.9
2	4	4	1	430.09
2	4	4	1	432.94
2	4	4	1	442.62
2	4	4	1	472.62
2	4	4	1	492.17
2	4	4	1	492.99
2	4	4	1	493.11
2	4	4	1	502.77
2	4	4	1	527.42
2	4	4	1	551.75
2	4	4	1	572.89
2	4	4	1	586.49
2	4	4	1	735.16
2	4	4	1	740.93
2	1	3	2	328.34
2	1	3	2	342.65
2	1	3	2	386.76
2	1	3	2	389.26
2	1	3	2	416.18
2	1	3	2	450.84
2	1	3	2	491.82
2	1	3	2	524.13
2	1	3	2	551.29
2	1	3	2	566.46
2	1	3	2	636.36
2	1	3	2	651.22
2	1	3	2	675.87
2	1	3	2	681.17
2	1	3	2	681.34
2	1	3	2	698.81
2	1	3	2	699.8
2	1	3	2	701.81
2	1	3	2	710.53
2	1	3	2	731.84
2	1	3	2	736.26
2	1	3	2	762.32
2	1	3	2	797.94
2	1	3	2	807.09
2	1	3	2	816.11
2	1	3	2	851.76
2	1	3	2	883.1
2	1	3	2	897.74
2	1	3	2	925.1
2	1	3	2	961.31
2	1	3	2	1623.2
2	2	3	2	602.9
2	2	3	2	618.22
2	2	3	2	634.58
2	2	3	2	644.26
2	2	3	2	689.45
2	2	3	2	719.77
2	2	3	2	741.28
2	2	3	2	787.59
2	2	3	2	908.36
2	2	3	2	950.13
2	2	3	2	999.05
2	2	3	2	1122.5
2	2	3	2	1133.5
2	2	3	2	1187.9
2	2	3	2	1269.9
2	2	3	2	1290.8
2	2	3	2	1329.3
2	2	3	2	1482.1
2	2	3	2	1530.3
2	2	3	2	1726.4
2	2	3	2	1741.2
2	2	3	2	1881.5
2	3	3	2	485.7
2	3	3	2	515.76
2	3	3	2	526.47
2	3	3	2	584.35
2	3	3	2	815.76
2	3	3	2	850.49
2	3	3	2	1009.5
2	3	3	2	1024.3
2	3	3	2	1054.6
2	3	3	2	1064.4
2	3	3	2	1070.9
2	3	3	2	1098
2	3	3	2	1137.8
2	3	3	2	1163.5
2	3	3	2	1321.8
2	3	3	2	1334
2	3	3	2	1378.3
2	3	3	2	1427.5
2	3	3	2	1952.5
2	3	3	2	2038.2
2	3	3	2	2194.9
2	4	3	2	386.36
2	4	3	2	420.64
2	4	3	2	430.36
2	4	3	2	440.56
2	4	3	2	480.73
2	4	3	2	510.78
2	4	3	2	510.87
2	4	3	2	514.44
2	4	3	2	515.49
2	4	3	2	553.91
2	4	3	2	568.51
2	4	3	2	602.7
2	4	3	2	611.96
2	4	3	2	622.39
2	4	3	2	738.63
2	4	3	2	772.51
2	4	3	2	785.48
2	1	4	2	341.77
2	1	4	2	434.9
2	1	4	2	461.15
2	1	4	2	476.29
2	1	4	2	483.15
2	1	4	2	495.35
2	1	4	2	515.42
2	1	4	2	618.21
2	1	4	2	629.45
2	1	4	2	640.47
2	1	4	2	646.32
2	1	4	2	671.65
2	1	4	2	689.5
2	1	4	2	767.88
2	1	4	2	780.22
2	1	4	2	785.75
2	1	4	2	793.42
2	1	4	2	842.32
2	1	4	2	856.47
2	1	4	2	867.04
2	1	4	2	877.3
2	1	4	2	913.26
2	1	4	2	919.97
2	1	4	2	967.97
2	1	4	2	1159.8
2	1	4	2	1309.9
2	2	4	2	389.08
2	2	4	2	469.46
2	2	4	2	483.71
2	2	4	2	543.22
2	2	4	2	572.72
2	2	4	2	609.04
2	2	4	2	684.92
2	2	4	2	724.13
2	2	4	2	740.01
2	2	4	2	755.85
2	2	4	2	777.2
2	2	4	2	796.92
2	2	4	2	815.74
2	2	4	2	839.32
2	2	4	2	848.68
2	2	4	2	852.82
2	2	4	2	939.69
2	2	4	2	990.24
2	2	4	2	1002
2	2	4	2	1008.7
2	2	4	2	1015.4
2	2	4	2	1068
2	2	4	2	1068.1
2	2	4	2	1072.2
2	2	4	2	1100.7
2	2	4	2	1104.8
2	2	4	2	1199.5
2	2	4	2	1244
2	2	4	2	1303.3
2	2	4	2	1754.5
2	3	4	2	419.36
2	3	4	2	469.53
2	3	4	2	545.78
2	3	4	2	636.92
2	3	4	2	665.04
2	3	4	2	701.07
2	3	4	2	818.5
2	3	4	2	892.09
2	3	4	2	1033.4
2	3	4	2	1041.6
2	3	4	2	1131.1
2	3	4	2	1162
2	3	4	2	1186.3
2	3	4	2	1273.2
2	3	4	2	1373.3
2	3	4	2	1638.6
2	4	4	2	345.4
2	4	4	2	413.21
2	4	4	2	431.06
2	4	4	2	445.45
2	4	4	2	452.43
2	4	4	2	458.4
2	4	4	2	496.17
2	4	4	2	501.3
2	4	4	2	505.75
2	4	4	2	513.87
2	4	4	2	524.87
2	4	4	2	530.5
2	4	4	2	531.76
2	4	4	2	777.84
2	1	3	3	471.86
2	1	3	3	520.01
2	1	3	3	571.84
2	1	3	3	585.56
2	1	3	3	586.92
2	1	3	3	592.74
2	1	3	3	599.62
2	1	3	3	601.6
2	1	3	3	612.05
2	1	3	3	613.66
2	1	3	3	619.62
2	1	3	3	643.43
2	1	3	3	646.79
2	1	3	3	651.14
2	1	3	3	651.29
2	1	3	3	676.29
2	1	3	3	689.27
2	1	3	3	691.97
2	1	3	3	696.69
2	1	3	3	701.87
2	1	3	3	722.99
2	1	3	3	792.61
2	1	3	3	811.33
2	1	3	3	820.49
2	1	3	3	826.64
2	1	3	3	833.66
2	1	3	3	873.84
2	1	3	3	1000.5
2	1	3	3	1009.8
2	1	3	3	1028.3
2	1	3	3	1159.8
2	2	3	3	527.67
2	2	3	3	530.58
2	2	3	3	531.04
2	2	3	3	533.47
2	2	3	3	545.96
2	2	3	3	552.02
2	2	3	3	553.7
2	2	3	3	568.31
2	2	3	3	582.09
2	2	3	3	600.15
2	2	3	3	624.11
2	2	3	3	644.74
2	2	3	3	647.98
2	2	3	3	669.09
2	2	3	3	714.19
2	2	3	3	756.26
2	2	3	3	775.11
2	2	3	3	812.19
2	2	3	3	947.46
2	2	3	3	1062.5
2	2	3	3	1097.2
2	2	3	3	1149.6
2	2	3	3	1330.1
2	2	3	3	1333.2
2	2	3	3	1495.1
2	3	3	3	344.43
2	3	3	3	470.15
2	3	3	3	501.75
2	3	3	3	505.32
2	3	3	3	507.83
2	3	3	3	528.47
2	3	3	3	552.66
2	3	3	3	558.27
2	3	3	3	578.3
2	3	3	3	617.54
2	3	3	3	627.25
2	3	3	3	629.71
2	3	3	3	650.77
2	3	3	3	786.41
2	3	3	3	794.7
2	3	3	3	1029.9
2	3	3	3	1035
2	3	3	3	1182.3
2	3	3	3	1197.2
2	3	3	3	1268.4
2	3	3	3	1546.7
2	3	3	3	1691.6
2	4	3	3	335.94
2	4	3	3	439.22
2	4	3	3	471.03
2	4	3	3	473.35
2	4	3	3	493.88
2	4	3	3	503.28
2	4	3	3	515.05
2	4	3	3	515.59
2	4	3	3	531.7
2	4	3	3	537.42
2	4	3	3	554.02
2	4	3	3	580.12
2	4	3	3	585.46
2	4	3	3	585.51
2	4	3	3	593.98
2	4	3	3	611.1
2	4	3	3	614.98
2	4	3	3	636.25
2	4	3	3	650.85
2	4	3	3	657.54
2	4	3	3	660.53
2	4	3	3	705.69
2	4	3	3	789.97
2	1	4	3	472.07
2	1	4	3	491.62
2	1	4	3	541.7
2	1	4	3	546.48
2	1	4	3	572.86
2	1	4	3	609.15
2	1	4	3	712.58
2	1	4	3	719.52
2	1	4	3	723.78
2	1	4	3	751.32
2	1	4	3	789.2
2	1	4	3	810.2
2	1	4	3	867.93
2	1	4	3	873.04
2	1	4	3	929.23
2	1	4	3	933.38
2	1	4	3	1189.8
2	2	4	3	455.69
2	2	4	3	477.13
2	2	4	3	496.27
2	2	4	3	513.43
2	2	4	3	518.59
2	2	4	3	547.73
2	2	4	3	568.9
2	2	4	3	595.52
2	2	4	3	601.52
2	2	4	3	628.41
2	2	4	3	632.44
2	2	4	3	634.97
2	2	4	3	643.14
2	2	4	3	654
2	2	4	3	654.81
2	2	4	3	667.81
2	2	4	3	687.14
2	2	4	3	758.75
2	2	4	3	759.19
2	2	4	3	797.23
2	2	4	3	842.95
2	2	4	3	872.76
2	2	4	3	927.69
2	2	4	3	929.7
2	2	4	3	934.94
2	2	4	3	1043.3
2	2	4	3	1512
2	3	4	3	363.64
2	3	4	3	380.1
2	3	4	3	465.62
2	3	4	3	491.17
2	3	4	3	501.76
2	3	4	3	511.69
2	3	4	3	568.87
2	3	4	3	590.49
2	3	4	3	593.24
2	3	4	3	593.45
2	3	4	3	636.95
2	3	4	3	690.89
2	3	4	3	703.37
2	3	4	3	711.3
2	3	4	3	712.14
2	3	4	3	724.71
2	3	4	3	781.6
2	3	4	3	785.88
2	3	4	3	810.14
2	3	4	3	818.81
2	3	4	3	836.41
2	3	4	3	848.86
2	3	4	3	859.72
2	3	4	3	867.45
2	3	4	3	868.1
2	3	4	3	874.16
2	3	4	3	875.07
2	3	4	3	882.35
2	3	4	3	914.15
2	3	4	3	917.76
2	3	4	3	934.62
2	3	4	3	1086.7
2	3	4	3	1178.9
2	3	4	3	1241.8
2	3	4	3	1296
2	3	4	3	1431.1
2	3	4	3	1678.9
2	3	4	3	2170.1
2	4	4	3	380.18
2	4	4	3	432.19
2	4	4	3	471.55
2	4	4	3	471.95
2	4	4	3	480.21
2	4	4	3	493.19
2	4	4	3	497.77
2	4	4	3	506.28
2	4	4	3	507.25
2	4	4	3	517.56
2	4	4	3	539.57
2	4	4	3	542.23
2	4	4	3	596.73
2	4	4	3	598.63
2	4	4	3	622.89
2	4	4	3	630.68
2	4	4	3	631.35
2	4	4	3	679.06
2	4	4	3	693.28
2	4	4	3	695.29
2	4	4	3	765.22
2	4	4	3	796.12
