101,1,0,2,2,1,1,4,6,8,4,4,1,1,1,0.86642
101,1,0,2,2,1,2,6,6,8,5,4,1,1,1,0.32555
101,1,0,2,2,1,3,2,6,8,3,4,1,1,1,0.4542
101,1,0,2,2,1,4,4,6,8,4,4,1,1,1,0.63671
101,1,0,2,2,1,5,6,6,8,5,4,1,1,1,0.37341
101,1,0,2,2,1,6,4,6,8,4,4,1,1,1,0.40753
101,1,0,2,2,1,7,12,6,8,8,4,2,2,1,0.3848
101,1,0,2,2,1,8,12,6,8,8,4,2,2,1,0.33169
101,1,0,2,2,1,9,8,6,8,6,4,2,2,1,0.75057
101,1,0,2,2,1,10,12,6,8,8,4,2,2,1,0.78962
101,1,0,2,2,1,11,10,6,8,7,4,2,2,1,0.63168
101,1,0,2,2,1,12,10,6,8,7,4,2,2,1,0.65612
101,1,0,2,2,1,13,2,6,8,3,4,1,1,1,0.37215
101,1,0,2,2,1,14,8,6,8,6,4,2,2,1,0.5733
101,1,0,2,2,1,15,10,6,8,7,4,2,2,1,0.41441
101,1,0,2,2,1,16,10,6,8,7,4,2,2,1,0.39844
101,1,0,2,2,1,17,8,6,8,6,4,2,2,1,0.82677
101,1,0,2,2,1,18,6,6,8,5,4,1,1,1,0.55452
101,1,0,2,2,1,19,12,6,8,8,4,2,2,1,0.6521
101,1,0,2,2,1,20,6,6,8,5,4,1,1,1,0.52562
101,1,0,2,2,1,21,8,6,8,6,4,2,2,1,0.70152
101,1,0,2,2,1,22,2,6,8,3,4,1,1,1,0.5257
101,1,0,2,2,1,23,4,6,8,4,4,1,1,1,0.40864
101,1,0,2,2,1,24,2,6,8,3,4,1,1,1,0.48626
101,1,0,2,2,0,1,2,6,8,3,4,1,1,1,0.52682
101,1,0,2,2,0,2,6,6,8,5,4,1,2,0,0.71829
101,1,0,2,2,0,3,8,6,8,6,4,2,2,1,0.55566
101,1,0,2,2,0,4,10,6,8,7,4,2,2,1,0.78885
101,1,0,2,2,0,5,6,6,8,5,4,1,1,1,0.79623
101,1,0,2,2,0,6,6,6,8,5,4,1,1,1,0.51835
101,1,0,2,2,0,7,12,6,8,8,4,2,2,1,0.52246
101,1,0,2,2,0,8,8,6,8,6,4,2,2,1,0.70621
101,1,0,2,2,0,9,8,6,8,6,4,2,2,1,0.42737
101,1,0,2,2,0,10,8,6,8,6,4,2,2,1,0.55527
101,1,0,2,2,0,11,4,6,8,4,4,1,1,1,0.50916
101,1,0,2,2,0,12,10,6,8,7,4,2,2,1,0.47814
101,1,0,2,2,0,13,10,6,8,7,4,2,2,1,0.38696
101,1,0,2,2,0,14,2,6,8,3,4,1,1,1,0.74561
101,1,0,2,2,0,15,8,6,8,6,4,2,2,1,0.5864
101,1,0,2,2,0,16,12,6,8,8,4,2,2,1,0.32151
101,1,0,2,2,0,17,12,6,8,8,4,2,2,1,0.38788
101,1,0,2,2,0,18,2,6,8,3,4,1,1,1,0.55231
101,1,0,2,2,0,19,4,6,8,4,4,1,1,1,0.47132
101,1,0,2,2,0,20,12,6,8,8,4,2,2,1,0.5001
101,1,0,2,2,0,21,12,6,8,8,4,2,2,1,0.43883
101,1,0,2,2,0,22,8,6,8,6,4,2,2,1,0.71819
101,1,0,2,2,0,23,2,6,8,3,4,1,1,1,0.46746
101,1,0,2,2,0,24,6,6,8,5,4,1,1,1,0.5976
101,1,0,2,2,0,25,4,6,8,4,4,1,1,1,0.66574
101,1,0,2,2,0,26,12,6,8,8,4,2,2,1,0.50783
101,1,0,2,2,0,27,10,6,8,7,4,2,2,1,0.67164
101,1,0,2,2,0,28,2,6,8,3,4,1,1,1,0.4415
101,1,0,2,2,0,29,4,6,8,4,4,1,1,1,0.7889
101,1,0,2,2,0,30,12,6,8,8,4,2,2,1,0.48449
101,1,0,2,2,0,31,2,6,8,3,4,1,1,1,0.49376
101,1,0,2,2,0,32,2,6,8,3,4,1,1,1,0.47556
101,1,0,2,2,0,33,8,6,8,6,4,2,2,1,0.49414
101,1,0,2,2,0,34,2,6,8,3,4,1,1,1,0.34376
101,1,0,2,2,0,35,8,6,8,6,4,2,2,1,0.51033
101,1,0,2,2,0,36,10,6,8,7,4,2,2,1,0.4938
101,1,0,2,2,0,37,10,6,8,7,4,2,2,1,0.41208
101,1,0,2,2,0,38,6,6,8,5,4,1,1,1,0.66703
101,1,0,2,2,0,39,10,6,8,7,4,2,2,1,0.38666
101,1,0,2,2,0,40,10,6,8,7,4,2,2,1,0.42986
101,1,0,2,2,0,41,4,6,8,4,4,1,1,1,0.52811
101,1,0,2,2,0,42,12,6,8,8,4,2,2,1,0.38406
101,1,0,2,2,0,43,6,6,8,5,4,1,1,1,0.50023
101,1,0,2,2,0,44,6,6,8,5,4,1,1,1,0.4963
101,1,0,2,2,0,45,4,6,8,4,4,1,1,1,0.38433
101,1,0,2,2,0,46,2,6,8,3,4,1,1,1,0.43389
101,1,0,2,2,0,47,4,6,8,4,4,1,1,1,0.32021
101,1,0,2,2,0,48,6,6,8,5,4,1,1,1,0.65313
101,1,0,2,2,0,49,4,6,8,4,4,1,1,1,0.35251
101,1,0,2,2,0,50,4,6,8,4,4,1,1,1,0.39813
101,1,0,2,2,0,51,12,6,8,8,4,2,2,1,0.36059
101,1,0,2,2,0,52,4,6,8,4,4,1,1,1,0.34488
101,1,0,2,2,0,53,4,6,8,4,4,1,1,1,0.45744
101,1,0,2,2,0,54,8,6,8,6,4,2,2,1,0.44123
101,1,0,2,2,0,55,4,6,8,4,4,1,1,1,0.35805
101,1,0,2,2,0,56,4,6,8,4,4,1,1,1,0.51878
101,1,0,2,2,0,57,2,6,8,3,4,1,1,1,0.41903
101,1,0,2,2,0,58,2,6,8,3,4,1,1,1,0.3714
101,1,0,2,2,0,59,2,6,8,3,4,1,1,1,0.34809
101,1,0,2,2,0,60,10,6,8,7,4,2,2,1,0.41086
101,1,0,2,2,0,61,2,6,8,3,4,1,1,1,0.45188
101,1,0,2,2,0,62,4,6,8,4,4,1,1,1,0.52506
101,1,0,2,2,0,63,4,6,8,4,4,1,1,1,0.36464
101,1,0,2,2,0,64,6,6,8,5,4,1,2,0,0.52304
101,1,0,2,2,0,65,6,6,8,5,4,1,1,1,0.54967
101,1,0,2,2,0,66,8,6,8,6,4,2,2,1,0.56014
101,1,0,2,2,0,67,2,6,8,3,4,1,1,1,0.45436
101,1,0,2,2,0,68,2,6,8,3,4,1,1,1,0.40808
101,1,0,2,2,0,69,8,6,8,6,4,2,2,1,0.51186
101,1,0,2,2,0,70,10,6,8,7,4,2,2,1,0.72782
101,1,0,2,2,0,71,10,6,8,7,4,2,2,1,0.41703
101,1,0,2,2,0,72,8,6,8,6,4,2,2,1,0.39083
101,1,0,2,2,0,73,12,6,8,8,4,2,2,1,0.39773
101,1,0,2,2,0,74,8,6,8,6,4,2,2,1,0.66603
101,1,0,2,2,0,75,10,6,8,7,4,2,2,1,0.40488
101,1,0,2,2,0,76,6,6,8,5,4,1,1,1,0.59918
101,1,0,2,2,0,77,6,6,8,5,4,1,1,1,0.56893
101,1,0,2,2,0,78,6,6,8,5,4,1,1,1,0.49232
101,1,0,2,2,0,79,2,6,8,3,4,1,1,1,0.3368
101,1,0,2,2,0,80,10,6,8,7,4,2,2,1,0.3811
101,1,0,2,2,0,81,8,6,8,6,4,2,2,1,0.50275
101,1,0,2,2,0,82,6,6,8,5,4,1,1,1,0.88175
101,1,0,2,2,0,83,2,6,8,3,4,1,1,1,0.42971
101,1,0,2,2,0,84,2,6,8,3,4,1,1,1,0.38188
101,1,0,2,2,0,85,6,6,8,5,4,1,1,1,0.60303
101,1,0,2,2,0,86,8,6,8,6,4,2,2,1,0.52896
101,1,0,2,2,0,87,6,6,8,5,4,1,1,1,0.55676
101,1,0,2,2,0,88,8,6,8,6,4,2,2,1,0.436
101,1,0,2,2,0,89,4,6,8,4,4,1,1,1,0.4218
101,1,0,2,2,0,90,12,6,8,8,4,2,2,1,0.36149
101,1,0,2,2,0,91,12,6,8,8,4,2,2,1,0.44273
101,1,0,2,2,0,92,12,6,8,8,4,2,2,1,0.34084
101,1,0,2,2,0,93,8,6,8,6,4,2,2,1,0.50093
101,1,0,2,2,0,94,6,6,8,5,4,1,1,1,0.4596
101,1,0,2,2,0,95,6,6,8,5,4,1,1,1,0.76085
101,1,0,2,2,0,96,4,6,8,4,4,1,1,1,0.3708
101,1,0,2,2,0,97,12,6,8,8,4,2,2,1,0.43071
101,1,0,2,2,0,98,10,6,8,7,4,2,2,1,0.46084
101,1,0,2,2,0,99,10,6,8,7,4,2,2,1,0.36799
101,1,0,2,2,0,100,6,6,8,5,4,1,1,1,0.54324
101,1,0,2,2,0,101,12,6,8,8,4,2,2,1,0.30409
101,1,0,2,2,0,102,10,6,8,7,4,2,2,1,0.47556
101,1,0,2,2,0,103,4,6,8,4,4,1,1,1,0.74192
101,1,0,2,2,0,104,4,6,8,4,4,1,1,1,0.40548
101,1,0,2,2,0,105,10,6,8,7,4,2,2,1,0.37126
101,1,0,2,2,0,106,10,6,8,7,4,2,2,1,0.3921
101,1,0,2,2,0,107,8,6,8,6,4,2,2,1,0.6421
101,1,0,2,2,0,108,8,6,8,6,4,2,2,1,0.51193
101,1,0,2,2,0,109,4,6,8,4,4,1,1,1,0.32038
101,1,0,2,2,0,110,10,6,8,7,4,2,2,1,0.36299
101,1,0,2,2,0,111,12,6,8,8,4,2,2,1,0.41807
101,1,0,2,2,0,112,12,6,8,8,4,2,2,1,0.61771
101,1,0,2,2,0,113,6,6,8,5,4,1,1,1,0.5286
101,1,0,2,2,0,114,2,6,8,3,4,1,1,1,0.51646
101,1,0,2,2,0,115,12,6,8,8,4,2,2,1,0.67538
101,1,0,2,2,0,116,8,6,8,6,4,2,2,1,0.98301
101,1,0,2,2,0,117,2,6,8,3,4,1,1,1,0.59027
101,1,0,2,2,0,118,10,6,8,7,4,2,2,1,0.5074
101,1,0,2,2,0,119,12,6,8,8,4,2,2,1,0.53443
101,1,0,2,2,0,120,12,6,8,8,4,2,2,1,0.36765
101,1,0,2,1,1,1,5,6,6,5,4,1,1,1,0.82015
101,1,0,2,1,1,2,3,6,6,4,4,1,1,1,0.33294
101,1,0,2,1,1,3,11,6,6,8,4,2,2,1,0.45707
101,1,0,2,1,1,4,1,6,6,3,4,1,1,1,0.68051
101,1,0,2,1,1,5,3,6,6,4,4,1,1,1,0.80616
101,1,0,2,1,1,6,11,6,6,8,4,2,2,1,0.39314
101,1,0,2,1,1,7,1,6,6,3,4,1,1,1,0.74917
101,1,0,2,1,1,8,1,6,6,3,4,1,1,1,0.48063
101,1,0,2,1,1,9,7,6,6,6,4,2,2,1,0.62675
101,1,0,2,1,1,10,5,6,6,5,4,1,1,1,0.81252
101,1,0,2,1,1,11,11,6,6,8,4,2,2,1,0.61359
101,1,0,2,1,1,12,3,6,6,4,4,1,1,1,0.43923
101,1,0,2,1,1,13,5,6,6,5,4,1,1,1,0.44039
101,1,0,2,1,1,14,9,6,6,7,4,2,2,1,0.37592
101,1,0,2,1,1,15,9,6,6,7,4,2,2,1,0.45151
101,1,0,2,1,1,16,3,6,6,4,4,1,1,1,0.43265
101,1,0,2,1,1,17,9,6,6,7,4,2,2,1,0.37972
101,1,0,2,1,1,18,7,6,6,6,4,2,2,1,0.66393
101,1,0,2,1,1,19,7,6,6,6,4,2,2,1,0.63028
101,1,0,2,1,1,20,5,6,6,5,4,1,1,1,0.44398
101,1,0,2,1,1,21,11,6,6,8,4,2,2,1,0.36325
101,1,0,2,1,1,22,1,6,6,3,4,1,1,1,0.4991
101,1,0,2,1,1,23,9,6,6,7,4,2,2,1,1.2344
101,1,0,2,1,1,24,7,6,6,6,4,2,2,1,0.60911
101,1,0,2,1,0,1,7,6,6,6,4,2,2,1,1.0697
101,1,0,2,1,0,2,3,6,6,4,4,1,1,1,0.55719
101,1,0,2,1,0,3,5,6,6,5,4,1,1,1,0.34277
101,1,0,2,1,0,4,7,6,6,6,4,2,2,1,0.71481
101,1,0,2,1,0,5,9,6,6,7,4,2,2,1,0.42778
101,1,0,2,1,0,6,9,6,6,7,4,2,2,1,0.44161
101,1,0,2,1,0,7,1,6,6,3,4,1,1,1,0.48744
101,1,0,2,1,0,8,7,6,6,6,4,2,2,1,0.5139
101,1,0,2,1,0,9,3,6,6,4,4,1,1,1,0.36669
101,1,0,2,1,0,10,7,6,6,6,4,2,2,1,0.46333
101,1,0,2,1,0,11,1,6,6,3,4,1,1,1,0.38037
101,1,0,2,1,0,12,9,6,6,7,4,2,2,1,0.41074
101,1,0,2,1,0,13,11,6,6,8,4,2,2,1,0.35919
101,1,0,2,1,0,14,1,6,6,3,4,1,1,1,0.46294
101,1,0,2,1,0,15,9,6,6,7,4,2,2,1,0.42405
101,1,0,2,1,0,16,11,6,6,8,4,2,2,1,0.44699
101,1,0,2,1,0,17,9,6,6,7,4,2,2,1,0.39959
101,1,0,2,1,0,18,5,6,6,5,4,1,1,1,0.48712
101,1,0,2,1,0,19,3,6,6,4,4,1,1,1,0.44003
101,1,0,2,1,0,20,5,6,6,5,4,1,1,1,0.54116
101,1,0,2,1,0,21,7,6,6,6,4,2,2,1,0.51157
101,1,0,2,1,0,22,11,6,6,8,4,2,2,1,0.43292
101,1,0,2,1,0,23,5,6,6,5,4,1,1,1,0.41913
101,1,0,2,1,0,24,9,6,6,7,4,2,2,1,0.34901
101,1,0,2,1,0,25,11,6,6,8,4,2,2,1,0.41002
101,1,0,2,1,0,26,11,6,6,8,4,2,2,1,0.33831
101,1,0,2,1,0,27,1,6,6,3,4,1,1,1,0.43133
101,1,0,2,1,0,28,9,6,6,7,4,2,2,1,0.34106
101,1,0,2,1,0,29,7,6,6,6,4,2,2,1,0.67024
101,1,0,2,1,0,30,1,6,6,3,4,1,1,1,0.39863
101,1,0,2,1,0,31,9,6,6,7,4,2,2,1,0.48663
101,1,0,2,1,0,32,7,6,6,6,4,2,2,1,0.64656
101,1,0,2,1,0,33,11,6,6,8,4,2,2,1,0.42944
101,1,0,2,1,0,34,11,6,6,8,4,2,2,1,0.45436
101,1,0,2,1,0,35,9,6,6,7,4,2,2,1,0.50428
101,1,0,2,1,0,36,1,6,6,3,4,1,1,1,0.49922
101,1,0,2,1,0,37,5,6,6,5,4,1,1,1,0.81642
101,1,0,2,1,0,38,9,6,6,7,4,2,2,1,0.55809
101,1,0,2,1,0,39,3,6,6,4,4,1,1,1,0.49063
101,1,0,2,1,0,40,11,6,6,8,4,2,2,1,0.44441
101,1,0,2,1,0,41,1,6,6,3,4,1,1,1,0.34669
101,1,0,2,1,0,42,7,6,6,6,4,2,2,1,0.5905
101,1,0,2,1,0,43,3,6,6,4,4,1,1,1,0.41645
101,1,0,2,1,0,44,7,6,6,6,4,2,2,1,0.66406
101,1,0,2,1,0,45,1,6,6,3,4,1,1,1,0.40642
101,1,0,2,1,0,46,1,6,6,3,4,1,1,1,0.42358
101,1,0,2,1,0,47,3,6,6,4,4,1,1,1,0.47773
101,1,0,2,1,0,48,1,6,6,3,4,1,1,1,0.37439
101,1,0,2,1,0,49,5,6,6,5,4,1,1,1,0.33558
101,1,0,2,1,0,50,11,6,6,8,4,2,2,1,0.31274
101,1,0,2,1,0,51,3,6,6,4,4,1,1,1,0.38019
101,1,0,2,1,0,52,11,6,6,8,4,2,2,1,0.3543
101,1,0,2,1,0,53,3,6,6,4,4,1,1,1,0.34706
101,1,0,2,1,0,54,3,6,6,4,4,1,1,1,0.35918
101,1,0,2,1,0,55,11,6,6,8,4,2,2,1,0.36976
101,1,0,2,1,0,56,7,6,6,6,4,2,2,1,0.53671
101,1,0,2,1,0,57,9,6,6,7,4,2,2,1,0.51197
101,1,0,2,1,0,58,7,6,6,6,4,2,2,1,0.5927
101,1,0,2,1,0,59,3,6,6,4,4,1,1,1,0.59745
101,1,0,2,1,0,60,11,6,6,8,4,2,2,1,0.37865
101,1,0,2,1,0,61,7,6,6,6,4,2,2,1,0.4728
101,1,0,2,1,0,62,5,6,6,5,4,1,1,1,0.33338
101,1,0,2,1,0,63,11,6,6,8,4,2,2,1,0.3719
101,1,0,2,1,0,64,7,6,6,6,4,2,2,1,0.53689
101,1,0,2,1,0,65,5,6,6,5,4,1,1,1,0.51866
101,1,0,2,1,0,66,5,6,6,5,4,1,1,1,0.88522
101,1,0,2,1,0,67,9,6,6,7,4,2,2,1,0.41807
101,1,0,2,1,0,68,1,6,6,3,4,1,1,1,0.40346
101,1,0,2,1,0,69,3,6,6,4,4,1,1,1,0.39173
101,1,0,2,1,0,70,5,6,6,5,4,1,1,1,0.40537
101,1,0,2,1,0,71,1,6,6,3,4,1,1,1,0.37519
101,1,0,2,1,0,72,1,6,6,3,4,1,1,1,0.49762
101,1,0,2,1,0,73,11,6,6,8,4,2,2,1,0.3479
101,1,0,2,1,0,74,1,6,6,3,4,1,1,1,0.41889
101,1,0,2,1,0,75,3,6,6,4,4,1,1,1,0.7089
101,1,0,2,1,0,76,5,6,6,5,4,1,1,1,0.64013
101,1,0,2,1,0,77,3,6,6,4,4,1,1,1,0.43734
101,1,0,2,1,0,78,1,6,6,3,4,1,1,1,0.40803
101,1,0,2,1,0,79,3,6,6,4,4,1,1,1,0.32571
101,1,0,2,1,0,80,11,6,6,8,4,2,2,1,0.3709
101,1,0,2,1,0,81,11,6,6,8,4,2,2,1,0.36471
101,1,0,2,1,0,82,3,6,6,4,4,1,1,1,0.41711
101,1,0,2,1,0,83,1,6,6,3,4,1,1,1,0.37076
101,1,0,2,1,0,84,9,6,6,7,4,2,2,1,0.44773
101,1,0,2,1,0,85,9,6,6,7,4,2,2,1,0.39744
101,1,0,2,1,0,86,5,6,6,5,4,1,1,1,0.45883
101,1,0,2,1,0,87,9,6,6,7,4,2,2,1,0.41305
101,1,0,2,1,0,88,7,6,6,6,4,2,2,1,0.46101
101,1,0,2,1,0,89,1,6,6,3,4,1,1,1,0.36267
101,1,0,2,1,0,90,7,6,6,6,4,2,2,1,0.52428
101,1,0,2,1,0,91,3,6,6,4,4,1,1,1,0.49705
101,1,0,2,1,0,92,5,6,6,5,4,1,1,1,0.53676
101,1,0,2,1,0,93,7,6,6,6,4,2,2,1,0.4554
101,1,0,2,1,0,94,9,6,6,7,4,2,2,1,0.40626
101,1,0,2,1,0,95,5,6,6,5,4,1,1,1,0.43071
101,1,0,2,1,0,96,5,6,6,5,4,1,1,1,0.50175
101,1,0,2,1,0,97,7,6,6,6,4,2,2,1,0.4776
101,1,0,2,1,0,98,3,6,6,4,4,1,1,1,0.46901
101,1,0,2,1,0,99,9,6,6,7,4,2,2,1,0.33725
101,1,0,2,1,0,100,3,6,6,4,4,1,1,1,0.38134
101,1,0,2,1,0,101,11,6,6,8,4,2,2,1,0.33936
101,1,0,2,1,0,102,7,6,6,6,4,2,2,1,0.55466
101,1,0,2,1,0,103,11,6,6,8,4,2,2,1,0.387
101,1,0,2,1,0,104,1,6,6,3,4,1,1,1,0.38481
101,1,0,2,1,0,105,9,6,6,7,4,2,2,1,0.35396
101,1,0,2,1,0,106,5,6,6,5,4,1,1,1,0.39778
101,1,0,2,1,0,107,1,6,6,3,4,1,1,1,0.57288
101,1,0,2,1,0,108,9,6,6,7,4,2,2,1,0.3434
101,1,0,2,1,0,109,11,6,6,8,4,2,2,1,0.3599
101,1,0,2,1,0,110,3,6,6,4,4,1,1,1,0.38834
101,1,0,2,1,0,111,9,6,6,7,4,2,2,1,0.41285
101,1,0,2,1,0,112,5,6,6,5,4,1,1,1,0.4298
101,1,0,2,1,0,113,7,6,6,6,4,2,2,1,0.698
101,1,0,2,1,0,114,5,6,6,5,4,1,1,1,0.45604
101,1,0,2,1,0,115,11,6,6,8,4,2,2,1,0.40316
101,1,0,2,1,0,116,3,6,6,4,4,1,1,1,0.4849
101,1,0,2,1,0,117,5,6,6,5,4,1,1,1,0.54992
101,1,0,2,1,0,118,1,6,6,3,4,1,1,1,0.3918
101,1,0,2,1,0,119,7,6,6,6,4,2,2,1,0.57841
101,1,0,2,1,0,120,5,6,6,5,4,1,1,1,0.65921
101,1,0,2,3,1,1,5,6,6,5,4,1,1,1,1.1293
101,1,0,2,3,1,2,8,6,8,6,4,2,2,1,0.50081
101,1,0,2,3,1,3,10,6,8,7,4,2,2,1,0.44968
101,1,0,2,3,1,4,1,6,6,3,4,1,1,1,0.44137
101,1,0,2,3,1,5,8,6,8,6,4,2,2,1,0.44116
101,1,0,2,3,1,6,12,6,8,8,4,2,2,1,0.43985
101,1,0,2,3,1,7,1,6,6,3,4,1,1,1,0.43123
101,1,0,2,3,1,8,8,6,8,6,4,2,2,1,0.45887
101,1,0,2,3,1,9,12,6,8,8,4,2,2,1,0.39579
101,1,0,2,3,1,10,12,6,8,8,4,2,2,1,0.38382
101,1,0,2,3,1,11,3,6,6,4,4,1,1,1,0.50933
101,1,0,2,3,1,12,3,6,6,4,4,1,1,1,0.53524
101,1,0,2,3,1,13,12,6,8,8,4,2,2,1,0.5188
101,1,0,2,3,1,14,10,6,8,7,4,2,2,1,0.40262
101,1,0,2,3,1,15,5,6,6,5,4,1,1,1,0.81584
101,1,0,2,3,1,16,10,6,8,7,4,2,2,1,0.45016
101,1,0,2,3,1,17,5,6,6,5,4,1,1,1,0.53343
101,1,0,2,3,1,18,8,6,8,6,4,2,2,1,0.45259
101,1,0,2,3,1,19,3,6,6,4,4,1,1,1,0.35105
101,1,0,2,3,1,20,1,6,6,3,4,1,1,1,0.35504
101,1,0,2,3,1,21,1,6,6,3,4,1,1,1,0.39154
101,1,0,2,3,1,22,3,6,6,4,4,1,1,1,0.42994
101,1,0,2,3,1,23,5,6,6,5,4,1,1,1,0.51386
101,1,0,2,3,1,24,10,6,8,7,4,2,2,1,0.43681
101,1,0,2,3,0,1,12,6,8,8,4,2,2,1,0.60923
101,1,0,2,3,0,2,3,6,6,4,4,1,1,1,0.84088
101,1,0,2,3,0,3,10,6,8,7,4,2,2,1,0.54821
101,1,0,2,3,0,4,8,6,8,6,4,2,2,1,0.55198
101,1,0,2,3,0,5,12,6,8,8,4,2,2,1,0.35796
101,1,0,2,3,0,6,1,6,6,3,4,1,1,1,0.46869
101,1,0,2,3,0,7,5,6,6,5,4,1,1,1,0.76487
101,1,0,2,3,0,8,12,6,8,8,4,2,2,1,0.36644
101,1,0,2,3,0,9,3,6,6,4,4,1,1,1,0.37085
101,1,0,2,3,0,10,12,6,8,8,4,2,2,1,0.39783
101,1,0,2,3,0,11,1,6,6,3,4,1,1,1,0.45855
101,1,0,2,3,0,12,5,6,6,5,4,1,1,1,0.5569
101,1,0,2,3,0,13,3,6,6,4,4,1,1,1,0.39933
101,1,0,2,3,0,14,5,6,6,5,4,1,1,1,0.40758
101,1,0,2,3,0,15,10,6,8,7,4,2,2,1,0.43939
101,1,0,2,3,0,16,12,6,8,8,4,2,2,1,0.42193
101,1,0,2,3,0,17,8,6,8,6,4,2,2,1,0.59026
101,1,0,2,3,0,18,1,6,6,3,4,1,1,1,0.54285
101,1,0,2,3,0,19,5,6,6,5,4,1,1,1,0.52256
101,1,0,2,3,0,20,10,6,8,7,4,2,2,1,0.37593
101,1,0,2,3,0,21,8,6,8,6,4,2,2,1,0.60611
101,1,0,2,3,0,22,3,6,6,4,4,1,1,1,0.80383
101,1,0,2,3,0,23,3,6,6,4,4,1,1,1,0.35578
101,1,0,2,3,0,24,8,6,8,6,4,2,2,1,1.0988
101,1,0,2,3,0,25,5,6,6,5,4,1,1,1,0.4326
101,1,0,2,3,0,26,10,6,8,7,4,2,2,1,0.4623
101,1,0,2,3,0,27,10,6,8,7,4,2,2,1,0.40001
101,1,0,2,3,0,28,8,6,8,6,4,2,2,1,0.71325
101,1,0,2,3,0,29,10,6,8,7,4,2,2,1,0.3394
101,1,0,2,3,0,30,8,6,8,6,4,2,2,1,0.3878
101,1,0,2,3,0,31,3,6,6,4,4,1,1,1,0.64482
101,1,0,2,3,0,32,12,6,8,8,4,2,2,1,0.38126
101,1,0,2,3,0,33,8,6,8,6,4,2,2,1,0.66005
101,1,0,2,3,0,34,12,6,8,8,4,2,2,1,0.33327
101,1,0,2,3,0,35,1,6,6,3,4,1,1,1,0.39341
101,1,0,2,3,0,36,3,6,6,4,4,1,1,1,0.41799
101,1,0,2,3,0,37,5,6,6,5,4,1,1,1,0.58809
101,1,0,2,3,0,38,5,6,6,5,4,1,1,1,0.53932
101,1,0,2,3,0,39,10,6,8,7,4,2,2,1,0.41955
101,1,0,2,3,0,40,1,6,6,3,4,1,1,1,0.43819
101,1,0,2,3,0,41,1,6,6,3,4,1,1,1,0.52404
101,1,0,2,3,0,42,5,6,6,5,4,1,1,1,0.34737
101,1,0,2,3,0,43,10,6,8,7,4,2,2,1,0.34112
101,1,0,2,3,0,44,12,6,8,8,4,2,2,1,0.40884
101,1,0,2,3,0,45,3,6,6,4,4,1,1,1,0.44725
101,1,0,2,3,0,46,3,6,6,4,4,1,1,1,0.413
101,1,0,2,3,0,47,5,6,6,5,4,1,1,1,0.54851
101,1,0,2,3,0,48,8,6,8,6,4,2,2,1,0.48675
101,1,0,2,3,0,49,12,6,8,8,4,2,2,1,0.38814
101,1,0,2,3,0,50,1,6,6,3,4,1,1,1,0.49721
101,1,0,2,3,0,51,1,6,6,3,4,1,1,1,0.36888
101,1,0,2,3,0,52,12,6,8,8,4,2,2,1,0.43509
101,1,0,2,3,0,53,10,6,8,7,4,2,2,1,0.42015
101,1,0,2,3,0,54,1,6,6,3,4,1,1,1,0.52114
101,1,0,2,3,0,55,8,6,8,6,4,2,2,1,0.46092
101,1,0,2,3,0,56,12,6,8,8,4,2,2,1,0.3618
101,1,0,2,3,0,57,5,6,6,5,4,1,1,1,0.72644
101,1,0,2,3,0,58,12,6,8,8,4,2,2,1,0.42072
101,1,0,2,3,0,59,3,6,6,4,4,1,1,1,0.49237
101,1,0,2,3,0,60,12,6,8,8,4,2,2,1,0.34972
101,1,0,2,3,0,61,1,6,6,3,4,1,1,1,0.39883
101,1,0,2,3,0,62,10,6,8,7,4,2,2,1,0.45388
101,1,0,2,3,0,63,5,6,6,5,4,1,1,1,0.91068
101,1,0,2,3,0,64,1,6,6,3,4,1,1,1,0.4263
101,1,0,2,3,0,65,10,6,8,7,4,2,2,1,0.37419
101,1,0,2,3,0,66,3,6,6,4,4,1,1,1,0.61494
101,1,0,2,3,0,67,3,6,6,4,4,1,1,1,0.43779
101,1,0,2,3,0,68,3,6,6,4,4,1,1,1,0.42812
101,1,0,2,3,0,69,8,6,8,6,4,2,2,1,0.47404
101,1,0,2,3,0,70,10,6,8,7,4,2,2,1,0.56728
101,1,0,2,3,0,71,3,6,6,4,4,1,1,1,0.71848
101,1,0,2,3,0,72,1,6,6,3,4,1,1,1,0.3925
101,1,0,2,3,0,73,3,6,6,4,4,1,1,1,0.63029
101,1,0,2,3,0,74,3,6,6,4,4,1,1,1,0.4019
101,1,0,2,3,0,75,5,6,6,5,4,1,1,1,0.79285
101,1,0,2,3,0,76,5,6,6,5,4,1,1,1,0.55117
101,1,0,2,3,0,77,5,6,6,5,4,1,1,1,0.73355
101,1,0,2,3,0,78,3,6,6,4,4,1,1,1,0.78193
101,1,0,2,3,0,79,10,6,8,7,4,2,2,1,0.45836
101,1,0,2,3,0,80,8,6,8,6,4,2,2,1,0.54467
101,1,0,2,3,0,81,5,6,6,5,4,1,1,1,0.64214
101,1,0,2,3,0,82,8,6,8,6,4,2,2,1,0.46051
101,1,0,2,3,0,83,1,6,6,3,4,1,1,1,0.45879
101,1,0,2,3,0,84,12,6,8,8,4,2,2,1,0.45107
101,1,0,2,3,0,85,10,6,8,7,4,2,2,1,0.38365
101,1,0,2,3,0,86,5,6,6,5,4,1,1,1,0.94151
101,1,0,2,3,0,87,3,6,6,4,4,1,1,1,0.39867
101,1,0,2,3,0,88,12,6,8,8,4,2,2,1,0.35591
101,1,0,2,3,0,89,10,6,8,7,4,2,2,1,0.35507
101,1,0,2,3,0,90,5,6,6,5,4,1,1,1,0.41042
101,1,0,2,3,0,91,10,6,8,7,4,2,2,1,0.35219
101,1,0,2,3,0,92,1,6,6,3,4,1,1,1,0.39383
101,1,0,2,3,0,93,8,6,8,6,4,2,2,1,0.53546
101,1,0,2,3,0,94,12,6,8,8,4,2,2,1,0.41221
101,1,0,2,3,0,95,5,6,6,5,4,1,1,1,0.49998
101,1,0,2,3,0,96,10,6,8,7,4,2,2,1,0.40894
101,1,0,2,3,0,97,8,6,8,6,4,2,2,1,0.59911
101,1,0,2,3,0,98,10,6,8,7,4,2,2,1,0.99885
101,1,0,2,3,0,99,1,6,6,3,4,1,1,1,0.69939
101,1,0,2,3,0,100,8,6,8,6,4,2,2,1,0.87304
101,1,0,2,3,0,101,10,6,8,7,4,2,2,1,0.4105
101,1,0,2,3,0,102,10,6,8,7,4,2,2,1,0.4442
101,1,0,2,3,0,103,12,6,8,8,4,2,2,1,0.46485
101,1,0,2,3,0,104,5,6,6,5,4,1,1,1,0.58828
101,1,0,2,3,0,105,1,6,6,3,4,1,1,1,0.77652
101,1,0,2,3,0,106,12,6,8,8,4,2,2,1,0.432
101,1,0,2,3,0,107,3,6,6,4,4,1,1,1,0.42463
101,1,0,2,3,0,108,8,6,8,6,4,2,2,1,0.66626
101,1,0,2,3,0,109,8,6,8,6,4,2,2,1,0.52385
101,1,0,2,3,0,110,1,6,6,3,4,1,1,1,0.41238
101,1,0,2,3,0,111,12,6,8,8,4,2,2,1,0.43386
101,1,0,2,3,0,112,1,6,6,3,4,1,1,1,0.42624
101,1,0,2,3,0,113,1,6,6,3,4,1,1,1,0.88067
101,1,0,2,3,0,114,8,6,8,6,4,2,2,1,0.50538
101,1,0,2,3,0,115,12,6,8,8,4,2,2,1,0.54859
101,1,0,2,3,0,116,1,6,6,3,4,1,1,1,0.4388
101,1,0,2,3,0,117,3,6,6,4,4,1,1,1,0.70176
101,1,0,2,3,0,118,8,6,8,6,4,2,2,1,0.48064
101,1,0,2,3,0,119,5,6,6,5,4,1,1,1,0.78034
101,1,0,2,3,0,120,8,6,8,6,4,2,2,1,0.52543
101,1,0,2,4,1,1,9,6,6,7,4,2,2,1,0.56655
101,1,0,2,4,1,2,7,6,6,6,4,2,2,1,0.68699
101,1,0,2,4,1,3,11,6,6,8,4,2,2,1,0.41083
101,1,0,2,4,1,4,9,6,6,7,4,2,2,1,0.37883
101,1,0,2,4,1,5,4,6,8,4,4,1,1,1,0.39187
101,1,0,2,4,1,6,4,6,8,4,4,1,1,1,0.3951
101,1,0,2,4,1,7,2,6,8,3,4,1,1,1,0.41711
101,1,0,2,4,1,8,7,6,6,6,4,2,2,1,0.44347
101,1,0,2,4,1,9,4,6,8,4,4,1,1,1,0.42586
101,1,0,2,4,1,10,2,6,8,3,4,1,1,1,0.41007
101,1,0,2,4,1,11,7,6,6,6,4,2,2,1,0.42578
101,1,0,2,4,1,12,6,6,8,5,4,1,1,1,0.80195
101,1,0,2,4,1,13,6,6,8,5,4,1,1,1,0.66444
101,1,0,2,4,1,14,4,6,8,4,4,1,1,1,0.34721
101,1,0,2,4,1,15,2,6,8,3,4,1,1,1,0.33615
101,1,0,2,4,1,16,9,6,6,7,4,2,2,1,0.38062
101,1,0,2,4,1,17,6,6,8,5,4,1,1,1,0.49167
101,1,0,2,4,1,18,11,6,6,8,4,2,2,1,0.40427
101,1,0,2,4,1,19,11,6,6,8,4,2,2,1,0.49959
101,1,0,2,4,1,20,2,6,8,3,4,1,1,1,0.38386
101,1,0,2,4,1,21,7,6,6,6,4,2,2,1,0.59752
101,1,0,2,4,1,22,6,6,8,5,4,1,1,1,0.47487
101,1,0,2,4,1,23,11,6,6,8,4,2,2,1,0.37131
101,1,0,2,4,1,24,9,6,6,7,4,2,2,1,0.37123
101,1,0,2,4,0,1,6,6,8,5,4,1,1,1,0.759
101,1,0,2,4,0,2,4,6,8,4,4,1,1,1,0.52363
101,1,0,2,4,0,3,2,6,8,3,4,1,1,1,0.40201
101,1,0,2,4,0,4,9,6,6,7,4,2,2,1,0.72324
101,1,0,2,4,0,5,2,6,8,3,4,1,1,1,0.53784
101,1,0,2,4,0,6,9,6,6,7,4,2,2,1,0.34315
101,1,0,2,4,0,7,6,6,8,5,4,1,1,1,0.41497
101,1,0,2,4,0,8,7,6,6,6,4,2,2,1,0.87772
101,1,0,2,4,0,9,2,6,8,3,4,1,1,1,0.3916
101,1,0,2,4,0,10,2,6,8,3,4,1,1,1,0.37345
101,1,0,2,4,0,11,2,6,8,3,4,1,1,1,0.41725
101,1,0,2,4,0,12,2,6,8,3,4,1,1,1,0.36055
101,1,0,2,4,0,13,11,6,6,8,4,2,2,1,0.35782
101,1,0,2,4,0,14,9,6,6,7,4,2,2,1,0.46545
101,1,0,2,4,0,15,11,6,6,8,4,2,2,1,0.46446
101,1,0,2,4,0,16,4,6,8,4,4,1,1,1,0.43848
101,1,0,2,4,0,17,6,6,8,5,4,1,1,1,0.37568
101,1,0,2,4,0,18,11,6,6,8,4,2,2,1,0.31298
101,1,0,2,4,0,19,4,6,8,4,4,1,1,1,0.35749
101,1,0,2,4,0,20,11,6,6,8,4,2,2,1,0.33433
101,1,0,2,4,0,21,2,6,8,3,4,1,1,1,0.38586
101,1,0,2,4,0,22,11,6,6,8,4,2,2,1,0.32442
101,1,0,2,4,0,23,4,6,8,4,4,1,1,1,0.39387
101,1,0,2,4,0,24,4,6,8,4,4,1,1,1,0.41569
101,1,0,2,4,0,25,11,6,6,8,4,2,2,1,0.35499
101,1,0,2,4,0,26,9,6,6,7,4,2,2,1,0.4666
101,1,0,2,4,0,27,4,6,8,4,4,1,1,1,0.37263
101,1,0,2,4,0,28,4,6,8,4,4,1,1,1,0.34076
101,1,0,2,4,0,29,9,6,6,7,4,2,2,1,0.371
101,1,0,2,4,0,30,11,6,6,8,4,2,2,1,0.40078
101,1,0,2,4,0,31,6,6,8,5,4,1,1,1,0.6264
101,1,0,2,4,0,32,2,6,8,3,4,1,1,1,0.52989
101,1,0,2,4,0,33,9,6,6,7,4,2,2,1,0.45649
101,1,0,2,4,0,34,9,6,6,7,4,2,2,1,0.64947
101,1,0,2,4,0,35,4,6,8,4,4,1,1,1,0.53497
101,1,0,2,4,0,36,7,6,6,6,4,2,2,1,0.97385
101,1,0,2,4,0,37,9,6,6,7,4,2,2,1,0.60644
101,1,0,2,4,0,38,4,6,8,4,4,1,1,1,0.35715
101,1,0,2,4,0,39,2,6,8,3,4,1,1,1,0.39376
101,1,0,2,4,0,40,4,6,8,4,4,1,1,1,0.30467
101,1,0,2,4,0,41,2,6,8,3,4,1,1,1,0.24725
101,1,0,2,4,0,42,2,6,8,3,4,1,1,1,0.36811
101,1,0,2,4,0,43,7,6,6,6,4,2,2,1,0.77169
101,1,0,2,4,0,44,2,6,8,3,4,1,1,1,0.3514
101,1,0,2,4,0,45,7,6,6,6,4,2,2,1,0.61501
101,1,0,2,4,0,46,11,6,6,8,4,2,2,1,0.53494
101,1,0,2,4,0,47,6,6,8,5,4,1,1,1,0.3801
101,1,0,2,4,0,48,4,6,8,4,4,1,1,1,0.38504
101,1,0,2,4,0,49,6,6,8,5,4,1,1,1,1.0267
101,1,0,2,4,0,50,6,6,8,5,4,1,1,1,0.59667
101,1,0,2,4,0,51,9,6,6,7,4,2,2,1,0.36766
101,1,0,2,4,0,52,7,6,6,6,4,2,2,1,0.8956
101,1,0,2,4,0,53,6,6,8,5,4,1,1,1,0.40192
101,1,0,2,4,0,54,4,6,8,4,4,1,1,1,0.38404
101,1,0,2,4,0,55,4,6,8,4,4,1,1,1,0.33113
101,1,0,2,4,0,56,9,6,6,7,4,2,2,1,0.44592
101,1,0,2,4,0,57,2,6,8,3,4,1,1,1,0.41996
101,1,0,2,4,0,58,2,6,8,3,4,1,1,1,0.40354
101,1,0,2,4,0,59,4,6,8,4,4,1,1,1,0.33996
101,1,0,2,4,0,60,11,6,6,8,4,2,2,1,0.41095
101,1,0,2,4,0,61,11,6,6,8,4,2,2,1,0.59041
101,1,0,2,4,0,62,2,6,8,3,4,1,1,1,0.57166
101,1,0,2,4,0,63,7,6,6,6,4,2,2,1,0.64736
101,1,0,2,4,0,64,11,6,6,8,4,2,2,1,0.33649
101,1,0,2,4,0,65,7,6,6,6,4,2,2,1,0.56883
101,1,0,2,4,0,66,11,6,6,8,4,2,2,1,0.42872
101,1,0,2,4,0,67,9,6,6,7,4,2,2,1,0.63074
101,1,0,2,4,0,68,2,6,8,3,4,1,1,1,0.47267
101,1,0,2,4,0,69,7,6,6,6,4,2,2,1,1.0333
101,1,0,2,4,0,70,7,6,6,6,4,2,2,1,0.62472
101,1,0,2,4,0,71,11,6,6,8,4,2,2,1,0.36563
101,1,0,2,4,0,72,6,6,8,5,4,1,1,1,0.43024
101,1,0,2,4,0,73,2,6,8,3,4,1,1,1,0.39899
101,1,0,2,4,0,74,6,6,8,5,4,1,1,1,0.34685
101,1,0,2,4,0,75,11,6,6,8,4,2,2,1,0.32969
101,1,0,2,4,0,76,11,6,6,8,4,2,2,1,0.30878
101,1,0,2,4,0,77,7,6,6,6,4,2,2,1,0.62386
101,1,0,2,4,0,78,7,6,6,6,4,2,2,1,0.65564
101,1,0,2,4,0,79,11,6,6,8,4,2,2,1,0.44175
101,1,0,2,4,0,80,7,6,6,6,4,2,2,1,0.54674
101,1,0,2,4,0,81,9,6,6,7,4,2,2,1,0.5092
101,1,0,2,4,0,82,6,6,8,5,4,1,1,1,0.48763
101,1,0,2,4,0,83,6,6,8,5,4,1,1,1,0.62526
101,1,0,2,4,0,84,4,6,8,4,4,1,1,1,0.39398
101,1,0,2,4,0,85,4,6,8,4,4,1,1,1,0.36303
101,1,0,2,4,0,86,11,6,6,8,4,2,2,1,0.57345
101,1,0,2,4,0,87,6,6,8,5,4,1,1,1,0.46379
101,1,0,2,4,0,88,2,6,8,3,4,1,1,1,0.43402
101,1,0,2,4,0,89,6,6,8,5,4,1,1,1,0.88077
101,1,0,2,4,0,90,4,6,8,4,4,1,1,1,0.44561
101,1,0,2,4,0,91,11,6,6,8,4,2,2,1,0.51107
101,1,0,2,4,0,92,7,6,6,6,4,2,2,1,0.60039
101,1,0,2,4,0,93,9,6,6,7,4,2,2,1,0.47582
101,1,0,2,4,0,94,9,6,6,7,4,2,2,1,0.46989
101,1,0,2,4,0,95,4,6,8,4,4,1,1,1,0.64189
101,1,0,2,4,0,96,7,6,6,6,4,2,2,1,0.62294
101,1,0,2,4,0,97,2,6,8,3,4,1,1,1,0.5197
101,1,0,2,4,0,98,7,6,6,6,4,2,2,1,0.56773
101,1,0,2,4,0,99,7,6,6,6,4,2,2,1,0.49675
101,1,0,2,4,0,100,7,6,6,6,4,2,2,1,0.5284
101,1,0,2,4,0,101,9,6,6,7,4,2,2,1,0.36811
101,1,0,2,4,0,102,7,6,6,6,4,2,2,1,0.73239
101,1,0,2,4,0,103,9,6,6,7,4,2,2,1,0.62371
101,1,0,2,4,0,104,7,6,6,6,4,2,2,1,1.3474
101,1,0,2,4,0,105,7,6,6,6,4,2,2,1,0.71715
101,1,0,2,4,0,106,9,6,6,7,4,2,2,1,0.44382
101,1,0,2,4,0,107,6,6,8,5,4,1,1,1,0.4012
101,1,0,2,4,0,108,9,6,6,7,4,2,2,1,0.42619
101,1,0,2,4,0,109,6,6,8,5,4,1,1,1,0.37229
101,1,0,2,4,0,110,6,6,8,5,4,1,1,1,0.38959
101,1,0,2,4,0,111,11,6,6,8,4,2,2,1,0.35944
101,1,0,2,4,0,112,9,6,6,7,4,2,2,1,0.40738
101,1,0,2,4,0,113,11,6,6,8,4,2,2,1,0.37322
101,1,0,2,4,0,114,6,6,8,5,4,1,1,1,0.47049
101,1,0,2,4,0,115,9,6,6,7,4,2,2,1,0.32918
101,1,0,2,4,0,116,2,6,8,3,4,1,1,1,0.4478
101,1,0,2,4,0,117,6,6,8,5,4,1,1,1,0.60216
101,1,0,2,4,0,118,6,6,8,5,4,1,1,1,0.43022
101,1,0,2,4,0,119,4,6,8,4,4,1,1,1,0.64909
101,1,0,2,4,0,120,4,6,8,4,4,1,1,1,0.41067
101,1,0,2,5,1,1,6,6,8,5,4,1,1,1,0.71652
101,1,0,2,5,1,2,4,6,8,4,4,1,1,1,0.34693
101,1,0,2,5,1,3,12,6,8,8,4,2,2,1,0.40119
101,1,0,2,5,1,4,10,6,8,7,4,2,2,1,0.42283
101,1,0,2,5,1,5,8,6,8,6,4,2,2,1,0.5611
101,1,0,2,5,1,6,2,6,8,3,4,1,1,1,0.39588
101,1,0,2,5,1,7,7,6,6,6,4,2,2,1,0.49065
101,1,0,2,5,1,8,9,6,6,7,4,2,2,1,0.41146
101,1,0,2,5,1,9,1,6,6,3,4,1,1,1,0.52244
101,1,0,2,5,1,10,9,6,6,7,4,2,2,1,0.4376
101,1,0,2,5,1,11,6,6,8,5,4,1,1,1,0.68336
101,1,0,2,5,1,12,7,6,6,6,4,2,2,1,0.65763
101,1,0,2,5,1,13,3,6,6,4,4,1,1,1,0.48677
101,1,0,2,5,1,14,5,6,6,5,4,1,1,1,0.97768
101,1,0,2,5,1,15,10,6,8,7,4,2,2,1,0.42462
101,1,0,2,5,1,16,12,6,8,8,4,2,2,1,0.3852
101,1,0,2,5,1,17,3,6,6,4,4,1,1,1,0.40673
101,1,0,2,5,1,18,8,6,8,6,4,2,2,1,0.45341
101,1,0,2,5,1,19,4,6,8,4,4,1,1,1,0.47254
101,1,0,2,5,1,20,1,6,6,3,4,1,1,1,0.4856
101,1,0,2,5,1,21,11,6,6,8,4,2,2,1,0.45178
101,1,0,2,5,1,22,11,6,6,8,4,2,2,1,0.37248
101,1,0,2,5,1,23,2,6,8,3,4,1,1,1,0.36827
101,1,0,2,5,1,24,5,6,6,5,4,1,1,1,0.64133
101,1,0,2,5,0,1,4,6,8,4,4,1,1,1,0.79354
101,1,0,2,5,0,2,2,6,8,3,4,1,1,1,0.39048
101,1,0,2,5,0,3,10,6,8,7,4,2,2,1,0.60833
101,1,0,2,5,0,4,11,6,6,8,4,2,2,1,0.30745
101,1,0,2,5,0,5,1,6,6,3,4,1,1,1,0.44317
101,1,0,2,5,0,6,9,6,6,7,4,2,2,1,0.73018
101,1,0,2,5,0,7,12,6,8,8,4,2,2,1,0.62021
101,1,0,2,5,0,8,12,6,8,8,4,2,2,1,0.39201
101,1,0,2,5,0,9,7,6,6,6,4,2,2,1,0.77147
101,1,0,2,5,0,10,6,6,8,5,4,1,1,1,1.3502
101,1,0,2,5,0,11,6,6,8,5,4,1,1,1,0.68978
101,1,0,2,5,0,12,3,6,6,4,4,1,1,1,1.0537
101,1,0,2,5,0,13,10,6,8,7,4,2,2,1,0.43255
101,1,0,2,5,0,14,2,6,8,3,4,1,1,1,0.42565
101,1,0,2,5,0,15,9,6,6,7,4,2,2,1,0.42928
101,1,0,2,5,0,16,5,6,6,5,4,1,1,1,0.58424
101,1,0,2,5,0,17,7,6,6,6,4,2,2,1,0.66118
101,1,0,2,5,0,18,11,6,6,8,4,2,2,1,0.47925
101,1,0,2,5,0,19,5,6,6,5,4,1,1,1,0.42157
101,1,0,2,5,0,20,10,6,8,7,4,2,2,1,0.42893
101,1,0,2,5,0,21,12,6,8,8,4,2,2,1,0.49763
101,1,0,2,5,0,22,12,6,8,8,4,2,2,1,0.36869
101,1,0,2,5,0,23,8,6,8,6,4,2,2,1,0.61802
101,1,0,2,5,0,24,6,6,8,5,4,1,1,1,0.53618
101,1,0,2,5,0,25,9,6,6,7,4,2,2,1,0.3814
101,1,0,2,5,0,26,8,6,8,6,4,2,2,1,0.5649
101,1,0,2,5,0,27,1,6,6,3,4,1,1,1,0.40391
101,1,0,2,5,0,28,3,6,6,4,4,1,1,1,0.36728
101,1,0,2,5,0,29,3,6,6,4,4,1,1,1,0.40274
101,1,0,2,5,0,30,1,6,6,3,4,1,1,1,0.40577
101,1,0,2,5,0,31,9,6,6,7,4,2,2,1,0.49938
101,1,0,2,5,0,32,4,6,8,4,4,1,1,1,0.41564
101,1,0,2,5,0,33,11,6,6,8,4,2,2,1,0.3472
101,1,0,2,5,0,34,7,6,6,6,4,2,2,1,0.6512
101,1,0,2,5,0,35,5,6,6,5,4,1,1,1,0.5927
101,1,0,2,5,0,36,3,6,6,4,4,1,1,1,0.46133
101,1,0,2,5,0,37,2,6,8,3,4,1,1,1,0.41448
101,1,0,2,5,0,38,6,6,8,5,4,1,1,1,0.68809
101,1,0,2,5,0,39,11,6,6,8,4,2,2,1,0.50196
101,1,0,2,5,0,40,9,6,6,7,4,2,2,1,0.47757
101,1,0,2,5,0,41,7,6,6,6,4,2,2,1,0.71596
101,1,0,2,5,0,42,4,6,8,4,4,1,1,1,0.49118
101,1,0,2,5,0,43,2,6,8,3,4,1,1,1,0.52634
101,1,0,2,5,0,44,6,6,8,5,4,1,1,1,0.86306
101,1,0,2,5,0,45,11,6,6,8,4,2,2,1,0.42756
101,1,0,2,5,0,46,12,6,8,8,4,2,2,1,0.35718
101,1,0,2,5,0,47,10,6,8,7,4,2,2,1,0.44997
101,1,0,2,5,0,48,4,6,8,4,4,1,1,1,0.36759
101,1,0,2,5,0,49,1,6,6,3,4,1,1,1,0.43549
101,1,0,2,5,0,50,5,6,6,5,4,1,1,1,0.81266
101,1,0,2,5,0,51,4,6,8,4,4,1,1,1,0.41021
101,1,0,2,5,0,52,7,6,6,6,4,2,2,1,1.1483
101,1,0,2,5,0,53,3,6,6,4,4,1,1,1,0.38309
101,1,0,2,5,0,54,11,6,6,8,4,2,2,1,0.37149
101,1,0,2,5,0,55,1,6,6,3,4,1,1,1,0.35108
101,1,0,2,5,0,56,2,6,8,3,4,1,1,1,0.38787
101,1,0,2,5,0,57,11,6,6,8,4,2,2,1,0.37671
101,1,0,2,5,0,58,7,6,6,6,4,2,2,1,0.76219
101,1,0,2,5,0,59,8,6,8,6,4,2,2,1,0.4896
101,1,0,2,5,0,60,7,6,6,6,4,2,2,1,0.61252
101,1,0,2,5,0,61,2,6,8,3,4,1,1,1,0.38635
101,1,0,2,5,0,62,5,6,6,5,4,1,1,1,0.52536
101,1,0,2,5,0,63,5,6,6,5,4,1,1,1,0.64057
101,1,0,2,5,0,64,8,6,8,6,4,2,2,1,0.50061
101,1,0,2,5,0,65,8,6,8,6,4,2,2,1,0.59687
101,1,0,2,5,0,66,7,6,6,6,4,2,2,1,0.55702
101,1,0,2,5,0,67,9,6,6,7,4,2,2,1,0.41371
101,1,0,2,5,0,68,8,6,8,6,4,2,2,1,0.49335
101,1,0,2,5,0,69,5,6,6,5,4,1,1,1,0.40252
101,1,0,2,5,0,70,1,6,6,3,4,1,1,1,0.47248
101,1,0,2,5,0,71,4,6,8,4,4,1,1,1,0.34746
101,1,0,2,5,0,72,3,6,6,4,4,1,1,1,0.37744
101,1,0,2,5,0,73,7,6,6,6,4,2,2,1,0.40879
101,1,0,2,5,0,74,4,6,8,4,4,1,1,1,0.38841
101,1,0,2,5,0,75,9,6,6,7,4,2,2,1,0.35645
101,1,0,2,5,0,76,1,6,6,3,4,1,1,1,0.62581
101,1,0,2,5,0,77,8,6,8,6,4,2,2,1,0.65197
101,1,0,2,5,0,78,12,6,8,8,4,2,2,1,0.39584
101,1,0,2,5,0,79,6,6,8,5,4,1,1,1,0.58684
101,1,0,2,5,0,80,11,6,6,8,4,2,2,1,0.41089
101,1,0,2,5,0,81,6,6,8,5,4,1,1,1,0.84584
101,1,0,2,5,0,82,4,6,8,4,4,1,1,1,0.38974
101,1,0,2,5,0,83,5,6,6,5,4,1,1,1,0.52991
101,1,0,2,5,0,84,12,6,8,8,4,2,2,1,0.44162
101,1,0,2,5,0,85,3,6,6,4,4,1,1,1,0.57421
101,1,0,2,5,0,86,4,6,8,4,4,1,1,1,0.33491
101,1,0,2,5,0,87,3,6,6,4,4,1,1,1,0.36567
101,1,0,2,5,0,88,10,6,8,7,4,2,2,1,0.40881
101,1,0,2,5,0,89,10,6,8,7,4,2,2,1,0.4526
101,1,0,2,5,0,90,12,6,8,8,4,2,2,1,0.35577
101,1,0,2,5,0,91,8,6,8,6,4,2,2,1,0.60802
101,1,0,2,5,0,92,12,6,8,8,4,2,2,1,0.32176
101,1,0,2,5,0,93,12,6,8,8,4,2,2,1,0.2942
101,1,0,2,5,0,94,3,6,6,4,4,1,1,1,0.43041
101,1,0,2,5,0,95,1,6,6,3,4,1,1,1,0.39452
101,1,0,2,5,0,96,1,6,6,3,4,1,1,1,0.54333
101,1,0,2,5,0,97,6,6,8,5,4,1,1,1,0.33442
101,1,0,2,5,0,98,5,6,6,5,4,1,1,1,0.55096
101,1,0,2,5,0,99,4,6,8,4,4,1,1,1,0.43588
101,1,0,2,5,0,100,10,6,8,7,4,2,2,1,0.39984
101,1,0,2,5,0,101,10,6,8,7,4,2,2,1,0.58436
101,1,0,2,5,0,102,10,6,8,7,4,2,2,1,0.3798
101,1,0,2,5,0,103,2,6,8,3,4,1,1,1,0.50647
101,1,0,2,5,0,104,2,6,8,3,4,1,1,1,0.53041
101,1,0,2,5,0,105,8,6,8,6,4,2,2,1,0.47095
101,1,0,2,5,0,106,9,6,6,7,4,2,2,1,0.38599
101,1,0,2,5,0,107,1,6,6,3,4,1,1,1,0.44263
101,1,0,2,5,0,108,3,6,6,4,4,1,1,1,0.64549
101,1,0,2,5,0,109,6,6,8,5,4,1,1,1,0.72703
101,1,0,2,5,0,110,7,6,6,6,4,2,2,1,0.53554
101,1,0,2,5,0,111,6,6,8,5,4,1,1,1,0.99044
101,1,0,2,5,0,112,2,6,8,3,4,1,1,1,0.45323
101,1,0,2,5,0,113,2,6,8,3,4,1,1,1,0.41033
101,1,0,2,5,0,114,11,6,6,8,4,2,2,1,0.32347
101,1,0,2,5,0,115,11,6,6,8,4,2,2,1,0.4957
101,1,0,2,5,0,116,9,6,6,7,4,2,2,1,0.39913
101,1,0,2,5,0,117,8,6,8,6,4,2,2,1,0.66033
101,1,0,2,5,0,118,9,6,6,7,4,2,2,1,0.67003
101,1,0,2,5,0,119,10,6,8,7,4,2,2,1,0.41193
101,1,0,2,5,0,120,5,6,6,5,4,1,1,1,1.226
101,1,0,2,6,0,1,8,6,8,6,4,2,2,1,0.95992
101,1,0,2,6,0,2,8,6,8,6,4,2,2,1,0.46016
101,1,0,2,6,0,3,2,6,8,3,4,1,1,1,0.46941
101,1,0,2,6,0,4,1,6,6,3,4,1,1,1,0.36814
101,1,0,2,6,0,5,12,6,8,8,4,2,2,1,0.3537
101,1,0,2,6,0,6,12,6,8,8,4,2,2,1,0.31065
101,1,0,2,6,0,7,4,6,8,4,4,1,1,1,0.43355
101,1,0,2,6,0,8,3,6,6,4,4,1,1,1,0.44918
101,1,0,2,6,0,9,10,6,8,7,4,2,2,1,0.40617
101,1,0,2,6,0,10,6,6,8,5,4,1,1,1,0.79158
101,1,0,2,6,0,11,12,6,8,8,4,2,2,1,0.3664
101,1,0,2,6,0,12,11,6,6,8,4,2,2,1,0.37704
101,1,0,2,6,0,13,6,6,8,5,4,1,1,1,0.40106
101,1,0,2,6,0,14,6,6,8,5,4,1,1,1,0.36423
101,1,0,2,6,0,15,8,6,8,6,4,2,2,1,0.64673
101,1,0,2,6,0,16,9,6,6,7,4,2,2,1,0.326
101,1,0,2,6,0,17,1,6,6,3,4,1,1,1,0.39892
101,1,0,2,6,0,18,11,6,6,8,4,2,2,1,0.33494
101,1,0,2,6,0,19,8,6,8,6,4,2,2,1,0.50209
101,1,0,2,6,0,20,11,6,6,8,4,2,2,1,0.34755
101,1,0,2,6,0,21,1,6,6,3,4,1,1,1,0.44255
101,1,0,2,6,0,22,10,6,8,7,4,2,2,1,0.36479
101,1,0,2,6,0,23,7,6,6,6,4,2,2,1,0.7394
101,1,0,2,6,0,24,1,6,6,3,4,1,1,1,0.43595
101,1,0,2,6,0,25,2,6,8,3,4,1,1,1,0.47575
101,1,0,2,6,0,26,4,6,8,4,4,1,1,1,0.43217
101,1,0,2,6,0,27,11,6,6,8,4,2,2,1,0.33959
101,1,0,2,6,0,28,7,6,6,6,4,2,2,1,0.685
101,1,0,2,6,0,29,9,6,6,7,4,2,2,1,0.56468
101,1,0,2,6,0,30,10,6,8,7,4,2,2,1,0.40768
101,1,0,2,6,0,31,5,6,6,5,4,1,1,1,0.56925
101,1,0,2,6,0,32,1,6,6,3,4,1,1,1,0.52229
101,1,0,2,6,0,33,4,6,8,4,4,1,1,1,0.39211
101,1,0,2,6,0,34,6,6,8,5,4,1,1,1,0.50878
101,1,0,2,6,0,35,1,6,6,3,4,1,1,1,0.36389
101,1,0,2,6,0,36,4,6,8,4,4,1,1,1,0.35594
101,1,0,2,6,0,37,3,6,6,4,4,1,1,1,0.51793
101,1,0,2,6,0,38,12,6,8,8,4,2,2,1,0.40302
101,1,0,2,6,0,39,4,6,8,4,4,1,1,1,0.46825
101,1,0,2,6,0,40,6,6,8,5,4,1,1,1,1.2779
101,1,0,2,6,0,41,9,6,6,7,4,2,2,1,0.36553
101,1,0,2,6,0,42,6,6,8,5,4,1,1,1,0.45966
101,1,0,2,6,0,43,2,6,8,3,4,1,1,1,0.52922
101,1,0,2,6,0,44,3,6,6,4,4,1,1,1,0.37396
101,1,0,2,6,0,45,4,6,8,4,4,1,1,1,0.39422
101,1,0,2,6,0,46,5,6,6,5,4,1,1,1,0.69693
101,1,0,2,6,0,47,9,6,6,7,4,2,2,1,0.41836
101,1,0,2,6,0,48,9,6,6,7,4,2,2,1,0.46297
101,1,0,2,6,0,49,2,6,8,3,4,1,1,1,0.48171
101,1,0,2,6,0,50,5,6,6,5,4,1,1,1,0.43928
101,1,0,2,6,0,51,8,6,8,6,4,2,2,1,0.81499
101,1,0,2,6,0,52,12,6,8,8,4,2,2,1,0.39021
101,1,0,2,6,0,53,7,6,6,6,4,2,2,1,0.66891
101,1,0,2,6,0,54,9,6,6,7,4,2,2,1,0.60314
101,1,0,2,6,0,55,7,6,6,6,4,2,2,1,0.56288
101,1,0,2,6,0,56,7,6,6,6,4,2,2,1,0.7956
101,1,0,2,6,0,57,2,6,8,3,4,1,1,1,0.40365
101,1,0,2,6,0,58,1,6,6,3,4,1,1,1,0.50051
101,1,0,2,6,0,59,5,6,6,5,4,1,1,1,1.1427
101,1,0,2,6,0,60,3,6,6,4,4,1,1,1,0.49662
101,1,0,2,6,0,61,11,6,6,8,4,2,2,1,0.40332
101,1,0,2,6,0,62,3,6,6,4,4,1,1,1,0.55062
101,1,0,2,6,0,63,11,6,6,8,4,2,2,1,0.48567
101,1,0,2,6,0,64,1,6,6,3,4,1,1,1,0.47918
101,1,0,2,6,0,65,7,6,6,6,4,2,2,1,0.59375
101,1,0,2,6,0,66,4,6,8,4,4,1,1,1,0.37086
101,1,0,2,6,0,67,11,6,6,8,4,2,2,1,0.36587
101,1,0,2,6,0,68,9,6,6,7,4,2,2,1,0.59218
101,1,0,2,6,0,69,8,6,8,6,4,2,2,1,0.61743
101,1,0,2,6,0,70,3,6,6,4,4,1,1,1,0.73594
101,1,0,2,6,0,71,5,6,6,5,4,1,1,1,0.60842
101,1,0,2,6,0,72,8,6,8,6,4,2,2,1,0.71873
101,1,0,2,6,0,73,10,6,8,7,4,2,2,1,0.41475
101,1,0,2,6,0,74,6,6,8,5,4,1,1,1,0.6681
101,1,0,2,6,0,75,5,6,6,5,4,1,1,1,0.63351
101,1,0,2,6,0,76,2,6,8,3,4,1,1,1,0.46482
101,1,0,2,6,0,77,7,6,6,6,4,2,2,1,0.38759
101,1,0,2,6,0,78,10,6,8,7,4,2,2,1,0.38189
101,1,0,2,6,0,79,10,6,8,7,4,2,2,1,0.47671
101,1,0,2,6,0,80,4,6,8,4,4,1,1,1,0.48444
101,1,0,2,6,0,81,2,6,8,3,4,1,1,1,0.41572
101,1,0,2,6,0,82,3,6,6,4,4,1,1,1,0.62897
101,1,0,2,6,0,83,11,6,6,8,4,2,2,1,0.48036
101,1,0,2,6,0,84,8,6,8,6,4,2,2,1,0.46206
101,1,0,2,6,0,85,10,6,8,7,4,2,2,1,0.43691
101,1,0,2,6,0,86,6,6,8,5,4,1,1,1,0.6781
101,1,0,2,6,0,87,11,6,6,8,4,2,2,1,0.44443
101,1,0,2,6,0,88,2,6,8,3,4,1,1,1,0.45572
101,1,0,2,6,0,89,5,6,6,5,4,1,1,1,0.71126
101,1,0,2,6,0,90,12,6,8,8,4,2,2,1,0.40149
101,1,0,2,6,0,91,8,6,8,6,4,2,2,1,0.62764
101,1,0,2,6,0,92,12,6,8,8,4,2,2,1,0.34475
101,1,0,2,6,0,93,8,6,8,6,4,2,2,1,0.52119
101,1,0,2,6,0,94,4,6,8,4,4,1,1,1,0.38847
101,1,0,2,6,0,95,7,6,6,6,4,2,2,1,0.59052
101,1,0,2,6,0,96,12,6,8,8,4,2,2,1,0.38434
101,1,0,2,6,0,97,11,6,6,8,4,2,2,1,0.43291
101,1,0,2,6,0,98,4,6,8,4,4,1,1,1,0.59225
101,1,0,2,6,0,99,10,6,8,7,4,2,2,1,0.37045
101,1,0,2,6,0,100,2,6,8,3,4,1,1,1,0.44357
101,1,0,2,6,0,101,9,6,6,7,4,2,2,1,0.41668
101,1,0,2,6,0,102,10,6,8,7,4,2,2,1,0.45056
101,1,0,2,6,0,103,3,6,6,4,4,1,1,1,0.52239
101,1,0,2,6,0,104,3,6,6,4,4,1,1,1,0.50429
101,1,0,2,6,0,105,6,6,8,5,4,1,1,1,0.43442
101,1,0,2,6,0,106,12,6,8,8,4,2,2,1,0.3405
101,1,0,2,6,0,107,3,6,6,4,4,1,1,1,0.419
101,1,0,2,6,0,108,7,6,6,6,4,2,2,1,0.69819
101,1,0,2,6,0,109,5,6,6,5,4,1,1,1,0.61415
101,1,0,2,6,0,110,12,6,8,8,4,2,2,1,0.39453
101,1,0,2,6,0,111,9,6,6,7,4,2,2,1,0.48075
101,1,0,2,6,0,112,10,6,8,7,4,2,2,1,0.44053
101,1,0,2,6,0,113,1,6,6,3,4,1,1,1,0.511
101,1,0,2,6,0,114,1,6,6,3,4,1,1,1,0.44194
101,1,0,2,6,0,115,7,6,6,6,4,2,2,1,0.50641
101,1,0,2,6,0,116,5,6,6,5,4,1,1,1,0.85929
101,1,0,2,6,0,117,5,6,6,5,4,1,1,1,0.49233
101,1,0,2,6,0,118,9,6,6,7,4,2,2,1,0.39262
101,1,0,2,6,0,119,6,6,8,5,4,1,1,1,0.88814
101,1,0,2,6,0,120,2,6,8,3,4,1,1,1,0.49462
