103,1,1,3,1,1,1,11,8,4,6,6,2,2,1,0.66546
103,1,1,3,1,1,2,1,3,4,6,6,1,1,1,0.64172
103,1,1,3,1,1,3,3,4,4,6,6,1,2,0,0.42887
103,1,1,3,1,1,4,9,7,4,6,6,2,1,0,0.36356
103,1,1,3,1,1,5,9,7,4,6,6,2,1,0,0.48902
103,1,1,3,1,1,6,7,6,4,6,6,2,2,1,0.48937
103,1,1,3,1,1,7,3,4,4,6,6,1,1,1,0.3305
103,1,1,3,1,1,8,5,5,4,6,6,1,1,1,0.51217
103,1,1,3,1,1,9,11,8,4,6,6,2,2,1,0.51987
103,1,1,3,1,1,10,3,4,4,6,6,1,1,1,0.47324
103,1,1,3,1,1,11,7,6,4,6,6,2,2,1,0.42616
103,1,1,3,1,1,12,11,8,4,6,6,2,2,1,0.78349
103,1,1,3,1,1,13,9,7,4,6,6,2,2,1,0.54429
103,1,1,3,1,1,14,7,6,4,6,6,2,1,0,0.46521
103,1,1,3,1,1,15,7,6,4,6,6,2,2,1,0.58429
103,1,1,3,1,1,16,9,7,4,6,6,2,2,1,0.40724
103,1,1,3,1,1,17,1,3,4,6,6,1,1,1,0.49552
103,1,1,3,1,1,18,5,5,4,6,6,1,2,0,0.46722
103,1,1,3,1,1,19,5,5,4,6,6,1,1,1,0.52918
103,1,1,3,1,1,20,5,5,4,6,6,1,1,1,0.3556
103,1,1,3,1,1,21,1,3,4,6,6,1,1,1,0.40874
103,1,1,3,1,1,22,11,8,4,6,6,2,2,1,0.48272
103,1,1,3,1,1,23,1,3,4,6,6,1,1,1,0.37057
103,1,1,3,1,1,24,3,4,4,6,6,1,1,1,0.32971
103,1,1,3,1,0,1,11,8,4,6,6,2,2,1,0.52663
103,1,1,3,1,0,2,3,4,4,6,6,1,1,1,0.2967
103,1,1,3,1,0,3,1,3,4,6,6,1,1,1,0.34174
103,1,1,3,1,0,4,7,6,4,6,6,2,2,1,0.49582
103,1,1,3,1,0,5,9,7,4,6,6,2,1,0,0.49171
103,1,1,3,1,0,6,11,8,4,6,6,2,2,1,0.42806
103,1,1,3,1,0,7,5,5,4,6,6,1,1,1,0.33735
103,1,1,3,1,0,8,5,5,4,6,6,1,1,1,0.36771
103,1,1,3,1,0,9,9,7,4,6,6,2,2,1,0.43426
103,1,1,3,1,0,10,7,6,4,6,6,2,2,1,0.41482
103,1,1,3,1,0,11,3,4,4,6,6,1,1,1,0.31017
103,1,1,3,1,0,12,1,3,4,6,6,1,1,1,0.31353
103,1,1,3,1,0,13,1,3,4,6,6,1,1,1,0.38243
103,1,1,3,1,0,14,9,7,4,6,6,2,2,1,0.39216
103,1,1,3,1,0,15,9,7,4,6,6,2,2,1,0.45602
103,1,1,3,1,0,16,5,5,4,6,6,1,1,1,0.41193
103,1,1,3,1,0,17,3,4,4,6,6,1,1,1,0.47569
103,1,1,3,1,0,18,5,5,4,6,6,1,1,1,0.43728
103,1,1,3,1,0,19,3,4,4,6,6,1,1,1,0.33469
103,1,1,3,1,0,20,7,6,4,6,6,2,2,1,0.39826
103,1,1,3,1,0,21,5,5,4,6,6,1,1,1,0.48828
103,1,1,3,1,0,22,9,7,4,6,6,2,2,1,0.34308
103,1,1,3,1,0,23,3,4,4,6,6,1,1,1,0.40364
103,1,1,3,1,0,24,1,3,4,6,6,1,1,1,0.34855
103,1,1,3,1,0,25,7,6,4,6,6,2,2,1,0.38683
103,1,1,3,1,0,26,5,5,4,6,6,1,2,0,0.46645
103,1,1,3,1,0,27,9,7,4,6,6,2,2,1,0.34455
103,1,1,3,1,0,28,5,5,4,6,6,1,2,0,0.4841
103,1,1,3,1,0,29,11,8,4,6,6,2,2,1,0.33519
103,1,1,3,1,0,30,9,7,4,6,6,2,2,1,0.3318
103,1,1,3,1,0,31,11,8,4,6,6,2,2,1,0.31839
103,1,1,3,1,0,32,11,8,4,6,6,2,2,1,0.32667
103,1,1,3,1,0,33,3,4,4,6,6,1,1,1,0.51704
103,1,1,3,1,0,34,1,3,4,6,6,1,1,1,0.36751
103,1,1,3,1,0,35,9,7,4,6,6,2,2,1,0.3917
103,1,1,3,1,0,36,5,5,4,6,6,1,1,1,0.4127
103,1,1,3,1,0,37,5,5,4,6,6,1,1,1,0.35465
103,1,1,3,1,0,38,9,7,4,6,6,2,2,1,0.37867
103,1,1,3,1,0,39,7,6,4,6,6,2,2,1,0.42773
103,1,1,3,1,0,40,9,7,4,6,6,2,2,1,0.4224
103,1,1,3,1,0,41,11,8,4,6,6,2,2,1,0.35961
103,1,1,3,1,0,42,11,8,4,6,6,2,2,1,0.42094
103,1,1,3,1,0,43,1,3,4,6,6,1,1,1,0.31212
103,1,1,3,1,0,44,1,3,4,6,6,1,1,1,0.31532
103,1,1,3,1,0,45,7,6,4,6,6,2,2,1,0.38007
103,1,1,3,1,0,46,1,3,4,6,6,1,1,1,0.32324
103,1,1,3,1,0,47,3,4,4,6,6,1,1,1,0.38975
103,1,1,3,1,0,48,3,4,4,6,6,1,1,1,0.36555
103,1,1,3,1,0,49,7,6,4,6,6,2,2,1,0.39465
103,1,1,3,1,0,50,7,6,4,6,6,2,2,1,0.37852
103,1,1,3,1,0,51,11,8,4,6,6,2,2,1,0.35221
103,1,1,3,1,0,52,7,6,4,6,6,2,2,1,0.37351
103,1,1,3,1,0,53,3,4,4,6,6,1,1,1,0.43534
103,1,1,3,1,0,54,5,5,4,6,6,1,2,0,0.45006
103,1,1,3,1,0,55,9,7,4,6,6,2,2,1,0.35887
103,1,1,3,1,0,56,11,8,4,6,6,2,2,1,0.34384
103,1,1,3,1,0,57,11,8,4,6,6,2,2,1,0.36023
103,1,1,3,1,0,58,5,5,4,6,6,1,2,0,0.39462
103,1,1,3,1,0,59,5,5,4,6,6,1,1,1,0.4824
103,1,1,3,1,0,60,7,6,4,6,6,2,2,1,0.4517
103,1,1,3,1,0,61,7,6,4,6,6,2,2,1,0.41917
103,1,1,3,1,0,62,3,4,4,6,6,1,1,1,0.44205
103,1,1,3,1,0,63,9,7,4,6,6,2,2,1,0.36954
103,1,1,3,1,0,64,11,8,4,6,6,2,2,1,0.349
103,1,1,3,1,0,65,3,4,4,6,6,1,1,1,0.41326
103,1,1,3,1,0,66,9,7,4,6,6,2,2,1,0.32279
103,1,1,3,1,0,67,1,3,4,6,6,1,1,1,0.31289
103,1,1,3,1,0,68,1,3,4,6,6,1,1,1,0.40212
103,1,1,3,1,0,69,11,8,4,6,6,2,2,1,0.40963
103,1,1,3,1,0,70,5,5,4,6,6,1,2,0,0.61468
103,1,1,3,1,0,71,7,6,4,6,6,2,2,1,0.40042
103,1,1,3,1,0,72,3,4,4,6,6,1,1,1,0.48249
103,1,1,3,1,0,73,7,6,4,6,6,2,2,1,0.46482
103,1,1,3,1,0,74,1,3,4,6,6,1,1,1,0.4477
103,1,1,3,1,0,75,1,3,4,6,6,1,1,1,0.40787
103,1,1,3,1,0,76,1,3,4,6,6,1,1,1,0.4563
103,1,1,3,1,0,77,9,7,4,6,6,2,2,1,0.34634
103,1,1,3,1,0,78,5,5,4,6,6,1,1,1,0.4487
103,1,1,3,1,0,79,7,6,4,6,6,2,2,1,0.34037
103,1,1,3,1,0,80,7,6,4,6,6,2,2,1,0.34677
103,1,1,3,1,0,81,7,6,4,6,6,2,2,1,0.33806
103,1,1,3,1,0,82,11,8,4,6,6,2,2,1,0.31586
103,1,1,3,1,0,83,1,3,4,6,6,1,1,1,0.40275
103,1,1,3,1,0,84,5,5,4,6,6,1,1,1,0.60411
103,1,1,3,1,0,85,3,4,4,6,6,1,1,1,0.41542
103,1,1,3,1,0,86,9,7,4,6,6,2,2,1,0.37311
103,1,1,3,1,0,87,11,8,4,6,6,2,2,1,0.4235
103,1,1,3,1,0,88,9,7,4,6,6,2,2,1,0.36168
103,1,1,3,1,0,89,11,8,4,6,6,2,2,1,0.32183
103,1,1,3,1,0,90,1,3,4,6,6,1,1,1,0.41105
103,1,1,3,1,0,91,1,3,4,6,6,1,1,1,0.36934
103,1,1,3,1,0,92,9,7,4,6,6,2,2,1,0.40875
103,1,1,3,1,0,93,11,8,4,6,6,2,2,1,0.48775
103,1,1,3,1,0,94,11,8,4,6,6,2,2,1,0.32571
103,1,1,3,1,0,95,11,8,4,6,6,2,2,1,0.43401
103,1,1,3,1,0,96,3,4,4,6,6,1,1,1,0.35664
103,1,1,3,1,0,97,3,4,4,6,6,1,1,1,0.36288
103,1,1,3,1,0,98,9,7,4,6,6,2,2,1,0.32035
103,1,1,3,1,0,99,11,8,4,6,6,2,2,1,0.33211
103,1,1,3,1,0,100,5,5,4,6,6,1,1,1,0.30784
103,1,1,3,1,0,101,1,3,4,6,6,1,1,1,0.39816
103,1,1,3,1,0,102,5,5,4,6,6,1,1,1,0.51623
103,1,1,3,1,0,103,5,5,4,6,6,1,1,1,0.36474
103,1,1,3,1,0,104,3,4,4,6,6,1,1,1,0.34358
103,1,1,3,1,0,105,7,6,4,6,6,2,2,1,0.38736
103,1,1,3,1,0,106,9,7,4,6,6,2,2,1,0.34338
103,1,1,3,1,0,107,9,7,4,6,6,2,2,1,0.3279
103,1,1,3,1,0,108,5,5,4,6,6,1,1,1,0.4544
103,1,1,3,1,0,109,7,6,4,6,6,2,2,1,0.40529
103,1,1,3,1,0,110,1,3,4,6,6,1,1,1,0.44295
103,1,1,3,1,0,111,3,4,4,6,6,1,1,1,0.40201
103,1,1,3,1,0,112,7,6,4,6,6,2,2,1,0.45442
103,1,1,3,1,0,113,5,5,4,6,6,1,1,1,0.3828
103,1,1,3,1,0,114,3,4,4,6,6,1,1,1,0.35106
103,1,1,3,1,0,115,3,4,4,6,6,1,1,1,0.33868
103,1,1,3,1,0,116,1,3,4,6,6,1,1,1,0.30536
103,1,1,3,1,0,117,3,4,4,6,6,1,1,1,0.33815
103,1,1,3,1,0,118,7,6,4,6,6,2,2,1,0.57312
103,1,1,3,1,0,119,11,8,4,6,6,2,2,1,0.29964
103,1,1,3,1,0,120,1,3,4,6,6,1,1,1,0.43581
103,1,1,3,2,1,1,12,8,4,6,8,2,2,1,0.37516
103,1,1,3,2,1,2,4,4,4,6,8,1,1,1,0.43688
103,1,1,3,2,1,3,12,8,4,6,8,2,2,1,0.32922
103,1,1,3,2,1,4,10,7,4,6,8,2,2,1,0.32662
103,1,1,3,2,1,5,6,5,4,6,8,1,1,1,0.33847
103,1,1,3,2,1,6,2,3,4,6,8,1,1,1,0.38878
103,1,1,3,2,1,7,2,3,4,6,8,1,1,1,0.41833
103,1,1,3,2,1,8,10,7,4,6,8,2,2,1,0.37617
103,1,1,3,2,1,9,10,7,4,6,8,2,2,1,0.32743
103,1,1,3,2,1,10,12,8,4,6,8,2,2,1,0.32901
103,1,1,3,2,1,11,2,3,4,6,8,1,1,1,0.30696
103,1,1,3,2,1,12,8,6,4,6,8,2,2,1,0.37649
103,1,1,3,2,1,13,2,3,4,6,8,1,1,1,0.35586
103,1,1,3,2,1,14,4,4,4,6,8,1,1,1,0.37727
103,1,1,3,2,1,15,6,5,4,6,8,1,2,0,0.67309
103,1,1,3,2,1,16,6,5,4,6,8,1,1,1,0.33008
103,1,1,3,2,1,17,8,6,4,6,8,2,2,1,0.38161
103,1,1,3,2,1,18,6,5,4,6,8,1,1,1,0.55403
103,1,1,3,2,1,19,10,7,4,6,8,2,2,1,0.41051
103,1,1,3,2,1,20,4,4,4,6,8,1,1,1,0.45217
103,1,1,3,2,1,21,8,6,4,6,8,2,2,1,0.44246
103,1,1,3,2,1,22,12,8,4,6,8,2,2,1,0.40397
103,1,1,3,2,1,23,4,4,4,6,8,1,1,1,0.34921
103,1,1,3,2,1,24,8,6,4,6,8,2,2,1,0.37158
103,1,1,3,2,0,1,4,4,4,6,8,1,1,1,0.3216
103,1,1,3,2,0,2,10,7,4,6,8,2,2,1,0.43441
103,1,1,3,2,0,3,10,7,4,6,8,2,2,1,0.40962
103,1,1,3,2,0,4,6,5,4,6,8,1,1,1,0.3422
103,1,1,3,2,0,5,2,3,4,6,8,1,1,1,0.33015
103,1,1,3,2,0,6,4,4,4,6,8,1,1,1,0.36083
103,1,1,3,2,0,7,4,4,4,6,8,1,1,1,0.30079
103,1,1,3,2,0,8,12,8,4,6,8,2,2,1,0.42915
103,1,1,3,2,0,9,10,7,4,6,8,2,2,1,0.42582
103,1,1,3,2,0,10,6,5,4,6,8,1,1,1,0.3149
103,1,1,3,2,0,11,12,8,4,6,8,2,2,1,0.41033
103,1,1,3,2,0,12,10,7,4,6,8,2,2,1,0.42119
103,1,1,3,2,0,13,8,6,4,6,8,2,1,0,0.32951
103,1,1,3,2,0,14,8,6,4,6,8,2,2,1,0.41003
103,1,1,3,2,0,15,4,4,4,6,8,1,1,1,0.43084
103,1,1,3,2,0,16,2,3,4,6,8,1,1,1,0.36435
103,1,1,3,2,0,17,8,6,4,6,8,2,2,1,0.44818
103,1,1,3,2,0,18,2,3,4,6,8,1,1,1,0.41805
103,1,1,3,2,0,19,10,7,4,6,8,2,2,1,0.38121
103,1,1,3,2,0,20,8,6,4,6,8,2,2,1,0.42145
103,1,1,3,2,0,21,8,6,4,6,8,2,2,1,0.44681
103,1,1,3,2,0,22,4,4,4,6,8,1,1,1,0.38649
103,1,1,3,2,0,23,12,8,4,6,8,2,2,1,0.39187
103,1,1,3,2,0,24,12,8,4,6,8,2,2,1,0.35718
103,1,1,3,2,0,25,6,5,4,6,8,1,1,1,0.28546
103,1,1,3,2,0,26,12,8,4,6,8,2,2,1,0.44539
103,1,1,3,2,0,27,8,6,4,6,8,2,2,1,0.45941
103,1,1,3,2,0,28,2,3,4,6,8,1,1,1,0.33649
103,1,1,3,2,0,29,4,4,4,6,8,1,1,1,0.38601
103,1,1,3,2,0,30,8,6,4,6,8,2,2,1,0.49618
103,1,1,3,2,0,31,4,4,4,6,8,1,1,1,0.40531
103,1,1,3,2,0,32,10,7,4,6,8,2,2,1,0.47106
103,1,1,3,2,0,33,8,6,4,6,8,2,2,1,0.54331
103,1,1,3,2,0,34,6,5,4,6,8,1,1,1,0.51115
103,1,1,3,2,0,35,12,8,4,6,8,2,2,1,0.54839
103,1,1,3,2,0,36,10,7,4,6,8,2,2,1,0.43925
103,1,1,3,2,0,37,2,3,4,6,8,1,1,1,0.3713
103,1,1,3,2,0,38,10,7,4,6,8,2,2,1,0.41879
103,1,1,3,2,0,39,4,4,4,6,8,1,1,1,0.32378
103,1,1,3,2,0,40,4,4,4,6,8,1,1,1,0.32302
103,1,1,3,2,0,41,12,8,4,6,8,2,2,1,0.37075
103,1,1,3,2,0,42,6,5,4,6,8,1,1,1,0.33318
103,1,1,3,2,0,43,8,6,4,6,8,2,2,1,0.54122
103,1,1,3,2,0,44,8,6,4,6,8,2,1,0,0.32395
103,1,1,3,2,0,45,12,8,4,6,8,2,2,1,0.44816
103,1,1,3,2,0,46,6,5,4,6,8,1,1,1,0.31147
103,1,1,3,2,0,47,2,3,4,6,8,1,1,1,0.312
103,1,1,3,2,0,48,2,3,4,6,8,1,1,1,0.30324
103,1,1,3,2,0,49,2,3,4,6,8,1,1,1,0.33065
103,1,1,3,2,0,50,8,6,4,6,8,2,2,1,0.38685
103,1,1,3,2,0,51,8,6,4,6,8,2,2,1,0.46805
103,1,1,3,2,0,52,8,6,4,6,8,2,1,0,0.40983
103,1,1,3,2,0,53,8,6,4,6,8,2,2,1,0.43334
103,1,1,3,2,0,54,2,3,4,6,8,1,1,1,0.36996
103,1,1,3,2,0,55,6,5,4,6,8,1,1,1,0.48685
103,1,1,3,2,0,56,12,8,4,6,8,2,2,1,0.46376
103,1,1,3,2,0,57,8,6,4,6,8,2,1,0,0.39623
103,1,1,3,2,0,58,4,4,4,6,8,1,1,1,0.33802
103,1,1,3,2,0,59,4,4,4,6,8,1,1,1,0.47499
103,1,1,3,2,0,60,6,5,4,6,8,1,2,0,0.63838
103,1,1,3,2,0,61,4,4,4,6,8,1,1,1,0.39323
103,1,1,3,2,0,62,6,5,4,6,8,1,1,1,0.63732
103,1,1,3,2,0,63,12,8,4,6,8,2,2,1,0.47281
103,1,1,3,2,0,64,6,5,4,6,8,1,1,1,0.40592
103,1,1,3,2,0,65,2,3,4,6,8,1,1,1,0.35065
103,1,1,3,2,0,66,4,4,4,6,8,1,1,1,0.38102
103,1,1,3,2,0,67,10,7,4,6,8,2,2,1,0.35472
103,1,1,3,2,0,68,8,6,4,6,8,2,2,1,0.44149
103,1,1,3,2,0,69,6,5,4,6,8,1,1,1,0.33837
103,1,1,3,2,0,70,10,7,4,6,8,2,2,1,0.37173
103,1,1,3,2,0,71,8,6,4,6,8,2,2,1,0.47415
103,1,1,3,2,0,72,12,8,4,6,8,2,2,1,0.48327
103,1,1,3,2,0,73,10,7,4,6,8,2,2,1,0.38698
103,1,1,3,2,0,74,12,8,4,6,8,2,2,1,0.35192
103,1,1,3,2,0,75,12,8,4,6,8,2,2,1,0.37406
103,1,1,3,2,0,76,10,7,4,6,8,2,2,1,0.45907
103,1,1,3,2,0,77,10,7,4,6,8,2,2,1,0.34891
103,1,1,3,2,0,78,8,6,4,6,8,2,2,1,0.60263
103,1,1,3,2,0,79,2,3,4,6,8,1,1,1,0.45669
103,1,1,3,2,0,80,2,3,4,6,8,1,1,1,0.41059
103,1,1,3,2,0,81,8,6,4,6,8,2,2,1,0.43866
103,1,1,3,2,0,82,6,5,4,6,8,1,2,0,0.94133
103,1,1,3,2,0,83,8,6,4,6,8,2,2,1,0.53903
103,1,1,3,2,0,84,4,4,4,6,8,1,1,1,0.4027
103,1,1,3,2,0,85,2,3,4,6,8,1,1,1,0.38135
103,1,1,3,2,0,86,6,5,4,6,8,1,2,0,0.66573
103,1,1,3,2,0,87,6,5,4,6,8,1,1,1,0.54278
103,1,1,3,2,0,88,4,4,4,6,8,1,1,1,0.4638
103,1,1,3,2,0,89,12,8,4,6,8,2,2,1,0.5236
103,1,1,3,2,0,90,12,8,4,6,8,2,2,1,0.59176
103,1,1,3,2,0,91,6,5,4,6,8,1,1,1,0.5525
103,1,1,3,2,0,92,12,8,4,6,8,2,2,1,0.42014
103,1,1,3,2,0,93,12,8,4,6,8,2,2,1,0.31725
103,1,1,3,2,0,94,12,8,4,6,8,2,2,1,0.30152
103,1,1,3,2,0,95,2,3,4,6,8,1,1,1,0.35368
103,1,1,3,2,0,96,6,5,4,6,8,1,1,1,0.37564
103,1,1,3,2,0,97,6,5,4,6,8,1,1,1,0.34336
103,1,1,3,2,0,98,6,5,4,6,8,1,1,1,0.36122
103,1,1,3,2,0,99,12,8,4,6,8,2,2,1,0.32584
103,1,1,3,2,0,100,4,4,4,6,8,1,1,1,0.36681
103,1,1,3,2,0,101,2,3,4,6,8,1,1,1,0.27482
103,1,1,3,2,0,102,10,7,4,6,8,2,2,1,0.46081
103,1,1,3,2,0,103,4,4,4,6,8,1,1,1,0.55922
103,1,1,3,2,0,104,10,7,4,6,8,2,2,1,0.38374
103,1,1,3,2,0,105,4,4,4,6,8,1,1,1,0.428
103,1,1,3,2,0,106,10,7,4,6,8,2,2,1,0.37319
103,1,1,3,2,0,107,10,7,4,6,8,2,2,1,0.33869
103,1,1,3,2,0,108,2,3,4,6,8,1,1,1,0.28132
103,1,1,3,2,0,109,12,8,4,6,8,2,2,1,0.30134
103,1,1,3,2,0,110,10,7,4,6,8,2,2,1,0.41257
103,1,1,3,2,0,111,6,5,4,6,8,1,1,1,0.43435
103,1,1,3,2,0,112,2,3,4,6,8,1,1,1,0.34922
103,1,1,3,2,0,113,10,7,4,6,8,2,2,1,0.37639
103,1,1,3,2,0,114,2,3,4,6,8,1,1,1,0.2633
103,1,1,3,2,0,115,6,5,4,6,8,1,1,1,0.37339
103,1,1,3,2,0,116,2,3,4,6,8,1,1,1,0.26693
103,1,1,3,2,0,117,2,3,4,6,8,1,1,1,0.28265
103,1,1,3,2,0,118,4,4,4,6,8,1,1,1,0.29931
103,1,1,3,2,0,119,10,7,4,6,8,2,2,1,0.35577
103,1,1,3,2,0,120,4,4,4,6,8,1,1,1,0.3402
103,1,1,3,5,1,1,11,8,4,6,6,2,2,1,0.38617
103,1,1,3,5,1,2,6,5,4,6,8,1,1,1,0.34473
103,1,1,3,5,1,3,2,3,4,6,8,1,1,1,0.32452
103,1,1,3,5,1,4,8,6,4,6,8,2,2,1,0.34671
103,1,1,3,5,1,5,9,7,4,6,6,2,2,1,0.41063
103,1,1,3,5,1,6,4,4,4,6,8,1,1,1,0.2841
103,1,1,3,5,1,7,2,3,4,6,8,1,1,1,0.33074
103,1,1,3,5,1,8,12,8,4,6,8,2,2,1,0.29724
103,1,1,3,5,1,9,6,5,4,6,8,1,1,1,0.27665
103,1,1,3,5,1,10,5,5,4,6,6,1,1,1,0.2454
103,1,1,3,5,1,11,10,7,4,6,8,2,2,1,0.35819
103,1,1,3,5,1,12,10,7,4,6,8,2,2,1,0.30482
103,1,1,3,5,1,13,7,6,4,6,6,2,2,1,0.38032
103,1,1,3,5,1,14,11,8,4,6,6,2,2,1,0.2953
103,1,1,3,5,1,15,5,5,4,6,6,1,1,1,0.28289
103,1,1,3,5,1,16,8,6,4,6,8,2,2,1,0.35865
103,1,1,3,5,1,17,9,7,4,6,6,2,2,1,0.29766
103,1,1,3,5,1,18,3,4,4,6,6,1,1,1,0.28613
103,1,1,3,5,1,19,12,8,4,6,8,2,2,1,0.3038
103,1,1,3,5,1,20,4,4,4,6,8,1,1,1,0.27888
103,1,1,3,5,1,21,7,6,4,6,6,2,2,1,0.28445
103,1,1,3,5,1,22,3,4,4,6,6,1,2,0,0.27741
103,1,1,3,5,1,23,1,3,4,6,6,1,1,1,0.31755
103,1,1,3,5,1,24,1,3,4,6,6,1,1,1,0.32467
103,1,1,3,5,0,1,11,8,4,6,6,2,2,1,0.40838
103,1,1,3,5,0,2,1,3,4,6,6,1,1,1,0.33991
103,1,1,3,5,0,3,3,4,4,6,6,1,1,1,0.36736
103,1,1,3,5,0,4,6,5,4,6,8,1,1,1,0.39731
103,1,1,3,5,0,5,3,4,4,6,6,1,1,1,0.30822
103,1,1,3,5,0,6,2,3,4,6,8,1,1,1,0.32607
103,1,1,3,5,0,7,7,6,4,6,6,2,2,1,0.4531
103,1,1,3,5,0,8,2,3,4,6,8,1,1,1,0.30786
103,1,1,3,5,0,9,6,5,4,6,8,1,1,1,0.40486
103,1,1,3,5,0,10,4,4,4,6,8,1,1,1,0.32379
103,1,1,3,5,0,11,9,7,4,6,6,2,2,1,0.31096
103,1,1,3,5,0,12,10,7,4,6,8,2,1,0,0.3315
103,1,1,3,5,0,13,3,4,4,6,6,1,1,1,0.391
103,1,1,3,5,0,14,6,5,4,6,8,1,1,1,0.37632
103,1,1,3,5,0,15,1,3,4,6,6,1,2,0,0.40259
103,1,1,3,5,0,16,5,5,4,6,6,1,2,0,0.47782
103,1,1,3,5,0,17,2,3,4,6,8,1,1,1,0.34191
103,1,1,3,5,0,18,9,7,4,6,6,2,2,1,0.46211
103,1,1,3,5,0,19,7,6,4,6,6,2,2,1,0.40173
103,1,1,3,5,0,20,11,8,4,6,6,2,2,1,0.34676
103,1,1,3,5,0,21,3,4,4,6,6,1,1,1,0.28519
103,1,1,3,5,0,22,1,3,4,6,6,1,1,1,0.32776
103,1,1,3,5,0,23,12,8,4,6,8,2,2,1,0.34012
103,1,1,3,5,0,24,3,4,4,6,6,1,1,1,0.29764
103,1,1,3,5,0,25,10,7,4,6,8,2,2,1,0.44221
103,1,1,3,5,0,26,1,3,4,6,6,1,1,1,0.31474
103,1,1,3,5,0,27,11,8,4,6,6,2,2,1,0.38755
103,1,1,3,5,0,28,10,7,4,6,8,2,2,1,0.29696
103,1,1,3,5,0,29,6,5,4,6,8,1,1,1,0.30898
103,1,1,3,5,0,30,11,8,4,6,6,2,2,1,0.27937
103,1,1,3,5,0,31,11,8,4,6,6,2,2,1,0.31501
103,1,1,3,5,0,32,8,6,4,6,8,2,2,1,0.2896
103,1,1,3,5,0,33,4,4,4,6,8,1,1,1,0.31073
103,1,1,3,5,0,34,4,4,4,6,8,1,1,1,0.36584
103,1,1,3,5,0,35,7,6,4,6,6,2,2,1,0.36176
103,1,1,3,5,0,36,2,3,4,6,8,1,1,1,0.28411
103,1,1,3,5,0,37,5,5,4,6,6,1,1,1,0.35006
103,1,1,3,5,0,38,12,8,4,6,8,2,2,1,0.29466
103,1,1,3,5,0,39,4,4,4,6,8,1,1,1,0.39613
103,1,1,3,5,0,40,12,8,4,6,8,2,2,1,0.3881
103,1,1,3,5,0,41,5,5,4,6,6,1,1,1,0.59914
103,1,1,3,5,0,42,10,7,4,6,8,2,2,1,0.30003
103,1,1,3,5,0,43,12,8,4,6,8,2,2,1,0.33233
103,1,1,3,5,0,44,2,3,4,6,8,1,1,1,0.30311
103,1,1,3,5,0,45,12,8,4,6,8,2,2,1,0.30278
103,1,1,3,5,0,46,6,5,4,6,8,1,1,1,0.40024
103,1,1,3,5,0,47,5,5,4,6,6,1,2,0,0.43126
103,1,1,3,5,0,48,7,6,4,6,6,2,1,0,0.50127
103,1,1,3,5,0,49,8,6,4,6,8,2,2,1,0.41914
103,1,1,3,5,0,50,1,3,4,6,6,1,1,1,0.42683
103,1,1,3,5,0,51,8,6,4,6,8,2,2,1,0.48442
103,1,1,3,5,0,52,4,4,4,6,8,1,1,1,0.36544
103,1,1,3,5,0,53,4,4,4,6,8,1,1,1,0.30978
103,1,1,3,5,0,54,6,5,4,6,8,1,1,1,0.36638
103,1,1,3,5,0,55,3,4,4,6,6,1,1,1,0.30286
103,1,1,3,5,0,56,9,7,4,6,6,2,2,1,0.52436
103,1,1,3,5,0,57,1,3,4,6,6,1,1,1,0.3424
103,1,1,3,5,0,58,7,6,4,6,6,2,2,1,0.54164
103,1,1,3,5,0,59,2,3,4,6,8,1,1,1,0.37566
103,1,1,3,5,0,60,11,8,4,6,6,2,2,1,0.32561
103,1,1,3,5,0,61,4,4,4,6,8,1,1,1,0.2895
103,1,1,3,5,0,62,1,3,4,6,6,1,1,1,0.35448
103,1,1,3,5,0,63,2,3,4,6,8,1,1,1,0.44808
103,1,1,3,5,0,64,7,6,4,6,6,2,2,1,0.54196
103,1,1,3,5,0,65,8,6,4,6,8,2,2,1,0.39703
103,1,1,3,5,0,66,6,5,4,6,8,1,1,1,0.27416
103,1,1,3,5,0,67,7,6,4,6,6,2,2,1,0.36919
103,1,1,3,5,0,68,4,4,4,6,8,1,1,1,0.24325
103,1,1,3,5,0,69,2,3,4,6,8,1,1,1,0.32809
103,1,1,3,5,0,70,8,6,4,6,8,2,2,1,0.32293
103,1,1,3,5,0,71,5,5,4,6,6,1,2,0,0.36128
103,1,1,3,5,0,72,9,7,4,6,6,2,2,1,0.33739
103,1,1,3,5,0,73,5,5,4,6,6,1,1,1,0.36779
103,1,1,3,5,0,74,10,7,4,6,8,2,2,1,0.34701
103,1,1,3,5,0,75,9,7,4,6,6,2,2,1,0.30911
103,1,1,3,5,0,76,9,7,4,6,6,2,2,1,0.31771
103,1,1,3,5,0,77,6,5,4,6,8,1,1,1,0.48668
103,1,1,3,5,0,78,6,5,4,6,8,1,1,1,0.38982
103,1,1,3,5,0,79,10,7,4,6,8,2,2,1,0.31145
103,1,1,3,5,0,80,10,7,4,6,8,2,2,1,0.35903
103,1,1,3,5,0,81,4,4,4,6,8,1,1,1,0.40217
103,1,1,3,5,0,82,11,8,4,6,6,2,2,1,0.32302
103,1,1,3,5,0,83,12,8,4,6,8,2,2,1,0.30625
103,1,1,3,5,0,84,11,8,4,6,6,2,2,1,0.31254
103,1,1,3,5,0,85,8,6,4,6,8,2,1,0,0.31101
103,1,1,3,5,0,86,8,6,4,6,8,2,2,1,0.399
103,1,1,3,5,0,87,3,4,4,6,6,1,1,1,0.38462
103,1,1,3,5,0,88,8,6,4,6,8,2,2,1,0.37026
103,1,1,3,5,0,89,3,4,4,6,6,1,1,1,0.42042
103,1,1,3,5,0,90,10,7,4,6,8,2,2,1,0.33336
103,1,1,3,5,0,91,4,4,4,6,8,1,1,1,0.32441
103,1,1,3,5,0,92,2,3,4,6,8,1,1,1,0.28848
103,1,1,3,5,0,93,7,6,4,6,6,2,2,1,0.40676
103,1,1,3,5,0,94,5,5,4,6,6,1,1,1,0.28655
103,1,1,3,5,0,95,12,8,4,6,8,2,2,1,0.34157
103,1,1,3,5,0,96,9,7,4,6,6,2,2,1,0.32627
103,1,1,3,5,0,97,8,6,4,6,8,2,2,1,0.36413
103,1,1,3,5,0,98,1,3,4,6,6,1,1,1,0.29949
103,1,1,3,5,0,99,11,8,4,6,6,2,2,1,0.30327
103,1,1,3,5,0,100,10,7,4,6,8,2,2,1,0.34114
103,1,1,3,5,0,101,9,7,4,6,6,2,2,1,0.38245
103,1,1,3,5,0,102,1,3,4,6,6,1,1,1,0.40086
103,1,1,3,5,0,103,12,8,4,6,8,2,2,1,0.48422
103,1,1,3,5,0,104,6,5,4,6,8,1,1,1,0.41975
103,1,1,3,5,0,105,8,6,4,6,8,2,2,1,0.49368
103,1,1,3,5,0,106,12,8,4,6,8,2,2,1,0.31957
103,1,1,3,5,0,107,5,5,4,6,6,1,1,1,0.39197
103,1,1,3,5,0,108,5,5,4,6,6,1,1,1,0.43119
103,1,1,3,5,0,109,2,3,4,6,8,1,1,1,0.37521
103,1,1,3,5,0,110,11,8,4,6,6,2,2,1,0.36772
103,1,1,3,5,0,111,3,4,4,6,6,1,1,1,0.35193
103,1,1,3,5,0,112,7,6,4,6,6,2,2,1,0.40128
103,1,1,3,5,0,113,10,7,4,6,8,2,2,1,0.33033
103,1,1,3,5,0,114,5,5,4,6,6,1,1,1,0.31333
103,1,1,3,5,0,115,3,4,4,6,6,1,2,0,0.41897
103,1,1,3,5,0,116,9,7,4,6,6,2,2,1,0.39355
103,1,1,3,5,0,117,9,7,4,6,6,2,2,1,0.39833
103,1,1,3,5,0,118,1,3,4,6,6,1,1,1,0.58665
103,1,1,3,5,0,119,7,6,4,6,6,2,2,1,0.43559
103,1,1,3,5,0,120,12,8,4,6,8,2,2,1,0.73733
103,1,1,3,6,0,1,12,8,4,6,8,2,1,0,0.40294
103,1,1,3,6,0,2,8,6,4,6,8,2,2,1,0.5171
103,1,1,3,6,0,3,9,7,4,6,6,2,2,1,0.39925
103,1,1,3,6,0,4,11,8,4,6,6,2,2,1,0.48534
103,1,1,3,6,0,5,2,3,4,6,8,1,1,1,0.30762
103,1,1,3,6,0,6,1,3,4,6,6,1,1,1,0.3509
103,1,1,3,6,0,7,1,3,4,6,6,1,1,1,0.29974
103,1,1,3,6,0,8,6,5,4,6,8,1,1,1,0.34226
103,1,1,3,6,0,9,5,5,4,6,6,1,1,1,0.39527
103,1,1,3,6,0,10,11,8,4,6,6,2,2,1,0.43059
103,1,1,3,6,0,11,5,5,4,6,6,1,1,1,0.4348
103,1,1,3,6,0,12,9,7,4,6,6,2,2,1,0.48976
103,1,1,3,6,0,13,10,7,4,6,8,2,2,1,0.44794
103,1,1,3,6,0,14,2,3,4,6,8,1,1,1,0.39705
103,1,1,3,6,0,15,8,6,4,6,8,2,2,1,0.43675
103,1,1,3,6,0,16,4,4,4,6,8,1,1,1,0.31319
103,1,1,3,6,0,17,5,5,4,6,6,1,1,1,0.34933
103,1,1,3,6,0,18,3,4,4,6,6,1,1,1,0.29906
103,1,1,3,6,0,19,9,7,4,6,6,2,2,1,0.32591
103,1,1,3,6,0,20,10,7,4,6,8,2,2,1,0.76511
103,1,1,3,6,0,21,2,3,4,6,8,1,1,1,0.29608
103,1,1,3,6,0,22,10,7,4,6,8,2,2,1,0.36881
103,1,1,3,6,0,23,8,6,4,6,8,2,1,0,0.47178
103,1,1,3,6,0,24,10,7,4,6,8,2,2,1,0.40626
103,1,1,3,6,0,25,10,7,4,6,8,2,2,1,0.43859
103,1,1,3,6,0,26,3,4,4,6,6,1,1,1,0.31949
103,1,1,3,6,0,27,9,7,4,6,6,2,2,1,0.50689
103,1,1,3,6,0,28,10,7,4,6,8,2,2,1,0.46004
103,1,1,3,6,0,29,10,7,4,6,8,2,2,1,0.42022
103,1,1,3,6,0,30,11,8,4,6,6,2,2,1,0.45058
103,1,1,3,6,0,31,4,4,4,6,8,1,1,1,0.37681
103,1,1,3,6,0,32,3,4,4,6,6,1,1,1,0.29685
103,1,1,3,6,0,33,4,4,4,6,8,1,1,1,0.30454
103,1,1,3,6,0,34,7,6,4,6,6,2,2,1,0.47712
103,1,1,3,6,0,35,12,8,4,6,8,2,2,1,0.41074
103,1,1,3,6,0,36,3,4,4,6,6,1,1,1,0.25771
103,1,1,3,6,0,37,12,8,4,6,8,2,2,1,0.35119
103,1,1,3,6,0,38,10,7,4,6,8,2,2,1,0.40402
103,1,1,3,6,0,39,6,5,4,6,8,1,1,1,0.32233
103,1,1,3,6,0,40,5,5,4,6,6,1,1,1,0.46565
103,1,1,3,6,0,41,4,4,4,6,8,1,1,1,0.30778
103,1,1,3,6,0,42,6,5,4,6,8,1,1,1,0.33614
103,1,1,3,6,0,43,12,8,4,6,8,2,2,1,0.46972
103,1,1,3,6,0,44,7,6,4,6,6,2,2,1,0.48582
103,1,1,3,6,0,45,5,5,4,6,6,1,1,1,0.34197
103,1,1,3,6,0,46,3,4,4,6,6,1,1,1,0.33545
103,1,1,3,6,0,47,3,4,4,6,6,1,1,1,0.33643
103,1,1,3,6,0,48,4,4,4,6,8,1,1,1,0.33279
103,1,1,3,6,0,49,11,8,4,6,6,2,2,1,0.35996
103,1,1,3,6,0,50,3,4,4,6,6,1,1,1,0.31429
103,1,1,3,6,0,51,9,7,4,6,6,2,2,1,0.43963
103,1,1,3,6,0,52,1,3,4,6,6,1,1,1,0.32901
103,1,1,3,6,0,53,2,3,4,6,8,1,1,1,0.29653
103,1,1,3,6,0,54,5,5,4,6,6,1,2,0,0.56883
103,1,1,3,6,0,55,4,4,4,6,8,1,1,1,0.3525
103,1,1,3,6,0,56,10,7,4,6,8,2,2,1,0.44539
103,1,1,3,6,0,57,11,8,4,6,6,2,2,1,0.40761
103,1,1,3,6,0,58,5,5,4,6,6,1,1,1,0.62202
103,1,1,3,6,0,59,9,7,4,6,6,2,2,1,0.84664
103,1,1,3,6,0,60,9,7,4,6,6,2,2,1,0.49916
103,1,1,3,6,0,61,6,5,4,6,8,1,1,1,0.36598
103,1,1,3,6,0,62,1,3,4,6,6,1,1,1,0.31991
103,1,1,3,6,0,63,11,8,4,6,6,2,2,1,0.50911
103,1,1,3,6,0,64,12,8,4,6,8,2,2,1,0.43571
103,1,1,3,6,0,65,12,8,4,6,8,2,2,1,0.41176
103,1,1,3,6,0,66,10,7,4,6,8,2,2,1,0.55152
103,1,1,3,6,0,67,8,6,4,6,8,2,2,1,0.56105
103,1,1,3,6,0,68,3,4,4,6,6,1,1,1,0.4622
103,1,1,3,6,0,69,9,7,4,6,6,2,2,1,0.39371
103,1,1,3,6,0,70,7,6,4,6,6,2,2,1,0.38216
103,1,1,3,6,0,71,5,5,4,6,6,1,1,1,0.39201
103,1,1,3,6,0,72,8,6,4,6,8,2,1,0,0.36292
103,1,1,3,6,0,73,6,5,4,6,8,1,1,1,0.52514
103,1,1,3,6,0,74,3,4,4,6,6,1,1,1,0.43859
103,1,1,3,6,0,75,5,5,4,6,6,1,1,1,0.48155
103,1,1,3,6,0,76,6,5,4,6,8,1,1,1,0.44291
103,1,1,3,6,0,77,7,6,4,6,6,2,2,1,0.54207
103,1,1,3,6,0,78,12,8,4,6,8,2,2,1,0.56042
103,1,1,3,6,0,79,2,3,4,6,8,1,1,1,0.31858
103,1,1,3,6,0,80,12,8,4,6,8,2,2,1,0.37862
103,1,1,3,6,0,81,4,4,4,6,8,1,1,1,0.33064
103,1,1,3,6,0,82,8,6,4,6,8,2,2,1,0.44443
103,1,1,3,6,0,83,7,6,4,6,6,2,2,1,0.69269
103,1,1,3,6,0,84,6,5,4,6,8,1,1,1,0.35632
103,1,1,3,6,0,85,4,4,4,6,8,1,1,1,0.32738
103,1,1,3,6,0,86,6,5,4,6,8,1,1,1,0.47662
103,1,1,3,6,0,87,7,6,4,6,6,2,1,0,0.41406
103,1,1,3,6,0,88,1,3,4,6,6,1,1,1,0.3443
103,1,1,3,6,0,89,8,6,4,6,8,2,2,1,0.43338
103,1,1,3,6,0,90,11,8,4,6,6,2,2,1,0.44673
103,1,1,3,6,0,91,2,3,4,6,8,1,1,1,0.34943
103,1,1,3,6,0,92,12,8,4,6,8,2,2,1,0.38852
103,1,1,3,6,0,93,12,8,4,6,8,2,2,1,0.87409
103,1,1,3,6,0,94,2,3,4,6,8,1,1,1,0.43297
103,1,1,3,6,0,95,4,4,4,6,8,1,1,1,0.38686
103,1,1,3,6,0,96,3,4,4,6,6,1,1,1,0.47189
103,1,1,3,6,0,97,6,5,4,6,8,1,1,1,0.39576
103,1,1,3,6,0,98,8,6,4,6,8,2,1,0,0.39278
103,1,1,3,6,0,99,2,3,4,6,8,1,1,1,0.68199
103,1,1,3,6,0,100,7,6,4,6,6,2,2,1,0.52967
103,1,1,3,6,0,101,2,3,4,6,8,1,1,1,0.33255
103,1,1,3,6,0,102,8,6,4,6,8,2,2,1,0.54148
103,1,1,3,6,0,103,11,8,4,6,6,2,2,1,0.53503
103,1,1,3,6,0,104,8,6,4,6,8,2,2,1,0.52123
103,1,1,3,6,0,105,7,6,4,6,6,2,2,1,0.52576
103,1,1,3,6,0,106,4,4,4,6,8,1,1,1,0.38381
103,1,1,3,6,0,107,1,3,4,6,6,1,1,1,0.34968
103,1,1,3,6,0,108,11,8,4,6,6,2,2,1,0.41702
103,1,1,3,6,0,109,11,8,4,6,6,2,2,1,0.43331
103,1,1,3,6,0,110,1,3,4,6,6,1,1,1,0.38225
103,1,1,3,6,0,111,7,6,4,6,6,2,2,1,0.53392
103,1,1,3,6,0,112,1,3,4,6,6,1,1,1,0.31478
103,1,1,3,6,0,113,7,6,4,6,6,2,2,1,0.45853
103,1,1,3,6,0,114,5,5,4,6,6,1,1,1,0.40121
103,1,1,3,6,0,115,9,7,4,6,6,2,2,1,0.51216
103,1,1,3,6,0,116,1,3,4,6,6,1,1,1,0.25523
103,1,1,3,6,0,117,9,7,4,6,6,2,2,1,0.45616
103,1,1,3,6,0,118,2,3,4,6,8,1,1,1,0.41013
103,1,1,3,6,0,119,6,5,4,6,8,1,2,0,0.5468
103,1,1,3,6,0,120,1,3,4,6,6,1,1,1,0.35611
103,1,1,3,4,1,1,2,3,4,6,8,1,1,1,0.38052
103,1,1,3,4,1,2,2,3,4,6,8,1,1,1,0.33636
103,1,1,3,4,1,3,2,3,4,6,8,1,1,1,0.34987
103,1,1,3,4,1,4,7,6,4,6,6,2,2,1,0.41497
103,1,1,3,4,1,5,6,5,4,6,8,1,1,1,0.28101
103,1,1,3,4,1,6,11,8,4,6,6,2,2,1,0.36737
103,1,1,3,4,1,7,9,7,4,6,6,2,2,1,0.32724
103,1,1,3,4,1,8,9,7,4,6,6,2,2,1,0.37762
103,1,1,3,4,1,9,7,6,4,6,6,2,2,1,0.48479
103,1,1,3,4,1,10,9,7,4,6,6,2,1,0,0.37198
103,1,1,3,4,1,11,11,8,4,6,6,2,2,1,0.41167
103,1,1,3,4,1,12,6,5,4,6,8,1,1,1,0.3199
103,1,1,3,4,1,13,7,6,4,6,6,2,2,1,0.30404
103,1,1,3,4,1,14,2,3,4,6,8,1,1,1,0.44891
103,1,1,3,4,1,15,4,4,4,6,8,1,1,1,0.32605
103,1,1,3,4,1,16,4,4,4,6,8,1,1,1,0.69592
103,1,1,3,4,1,17,6,5,4,6,8,1,1,1,0.54835
103,1,1,3,4,1,18,11,8,4,6,6,2,2,1,0.35161
103,1,1,3,4,1,19,6,5,4,6,8,1,1,1,0.29525
103,1,1,3,4,1,20,4,4,4,6,8,1,1,1,0.30399
103,1,1,3,4,1,21,11,8,4,6,6,2,2,1,1.2059
103,1,1,3,4,1,22,9,7,4,6,6,2,2,1,0.53116
103,1,1,3,4,1,23,4,4,4,6,8,1,1,1,0.67038
103,1,1,3,4,1,24,7,6,4,6,6,2,2,1,0.3915
103,1,1,3,4,0,1,4,4,4,6,8,1,1,1,0.31186
103,1,1,3,4,0,2,6,5,4,6,8,1,1,1,0.39745
103,1,1,3,4,0,3,4,4,4,6,8,1,1,1,0.3669
103,1,1,3,4,0,4,11,8,4,6,6,2,2,1,0.34033
103,1,1,3,4,0,5,11,8,4,6,6,2,1,0,0.34546
103,1,1,3,4,0,6,7,6,4,6,6,2,2,1,0.3514
103,1,1,3,4,0,7,6,5,4,6,8,1,1,1,0.30606
103,1,1,3,4,0,8,11,8,4,6,6,2,2,1,0.42094
103,1,1,3,4,0,9,7,6,4,6,6,2,1,0,0.54928
103,1,1,3,4,0,10,7,6,4,6,6,2,2,1,0.90621
103,1,1,3,4,0,11,7,6,4,6,6,2,2,1,0.47828
103,1,1,3,4,0,12,11,8,4,6,6,2,1,0,0.62491
103,1,1,3,4,0,13,9,7,4,6,6,2,2,1,1.4721
103,1,1,3,4,0,14,2,3,4,6,8,1,1,1,0.3462
103,1,1,3,4,0,15,6,5,4,6,8,1,1,1,0.50205
103,1,1,3,4,0,16,11,8,4,6,6,2,1,0,0.33304
103,1,1,3,4,0,17,9,7,4,6,6,2,2,1,0.47931
103,1,1,3,4,0,18,9,7,4,6,6,2,2,1,0.39287
103,1,1,3,4,0,19,2,3,4,6,8,1,1,1,0.3001
103,1,1,3,4,0,20,7,6,4,6,6,2,2,1,0.42839
103,1,1,3,4,0,21,6,5,4,6,8,1,1,1,0.38616
103,1,1,3,4,0,22,11,8,4,6,6,2,2,1,0.43129
103,1,1,3,4,0,23,7,6,4,6,6,2,2,1,0.40581
103,1,1,3,4,0,24,11,8,4,6,6,2,2,1,0.5022
103,1,1,3,4,0,25,4,4,4,6,8,1,1,1,0.48161
103,1,1,3,4,0,26,2,3,4,6,8,1,1,1,0.44546
103,1,1,3,4,0,27,2,3,4,6,8,1,1,1,0.36479
103,1,1,3,4,0,28,9,7,4,6,6,2,2,1,0.39865
103,1,1,3,4,0,29,9,7,4,6,6,2,2,1,0.41511
103,1,1,3,4,0,30,4,4,4,6,8,1,1,1,0.30589
103,1,1,3,4,0,31,2,3,4,6,8,1,1,1,0.33172
103,1,1,3,4,0,32,7,6,4,6,6,2,2,1,0.53668
103,1,1,3,4,0,33,4,4,4,6,8,1,1,1,0.40921
103,1,1,3,4,0,34,11,8,4,6,6,2,2,1,0.46913
103,1,1,3,4,0,35,6,5,4,6,8,1,1,1,0.38514
103,1,1,3,4,0,36,6,5,4,6,8,1,1,1,0.3898
103,1,1,3,4,0,37,4,4,4,6,8,1,1,1,0.35091
103,1,1,3,4,0,38,2,3,4,6,8,1,1,1,0.29603
103,1,1,3,4,0,39,7,6,4,6,6,2,2,1,0.79954
103,1,1,3,4,0,40,4,4,4,6,8,1,1,1,0.29574
103,1,1,3,4,0,41,4,4,4,6,8,1,1,1,0.41639
103,1,1,3,4,0,42,4,4,4,6,8,1,1,1,0.3447
103,1,1,3,4,0,43,11,8,4,6,6,2,2,1,0.50508
103,1,1,3,4,0,44,11,8,4,6,6,2,2,1,0.69118
103,1,1,3,4,0,45,4,4,4,6,8,1,1,1,0.27635
103,1,1,3,4,0,46,11,8,4,6,6,2,2,1,0.37119
103,1,1,3,4,0,47,6,5,4,6,8,1,1,1,0.36135
103,1,1,3,4,0,48,9,7,4,6,6,2,2,1,0.36244
103,1,1,3,4,0,49,4,4,4,6,8,1,1,1,0.27552
103,1,1,3,4,0,50,7,6,4,6,6,2,2,1,0.34288
103,1,1,3,4,0,51,9,7,4,6,6,2,2,1,0.36485
103,1,1,3,4,0,52,2,3,4,6,8,1,1,1,0.29751
103,1,1,3,4,0,53,6,5,4,6,8,1,1,1,0.38497
103,1,1,3,4,0,54,2,3,4,6,8,1,1,1,0.32965
103,1,1,3,4,0,55,4,4,4,6,8,1,1,1,0.30623
103,1,1,3,4,0,56,2,3,4,6,8,1,1,1,0.34412
103,1,1,3,4,0,57,7,6,4,6,6,2,2,1,0.41759
103,1,1,3,4,0,58,7,6,4,6,6,2,2,1,0.45554
103,1,1,3,4,0,59,2,3,4,6,8,1,1,1,0.29814
103,1,1,3,4,0,60,2,3,4,6,8,1,1,1,0.37409
103,1,1,3,4,0,61,6,5,4,6,8,1,1,1,0.37816
103,1,1,3,4,0,62,9,7,4,6,6,2,2,1,0.48533
103,1,1,3,4,0,63,4,4,4,6,8,1,1,1,0.37696
103,1,1,3,4,0,64,2,3,4,6,8,1,1,1,0.33233
103,1,1,3,4,0,65,4,4,4,6,8,1,1,1,0.33013
103,1,1,3,4,0,66,4,4,4,6,8,1,1,1,0.30528
103,1,1,3,4,0,67,11,8,4,6,6,2,2,1,0.48181
103,1,1,3,4,0,68,9,7,4,6,6,2,1,0,0.44989
103,1,1,3,4,0,69,9,7,4,6,6,2,2,1,0.4746
103,1,1,3,4,0,70,11,8,4,6,6,2,2,1,0.85912
103,1,1,3,4,0,71,6,5,4,6,8,1,1,1,0.40944
103,1,1,3,4,0,72,2,3,4,6,8,1,1,1,0.34853
103,1,1,3,4,0,73,2,3,4,6,8,1,1,1,0.31673
103,1,1,3,4,0,74,7,6,4,6,6,2,2,1,0.57968
103,1,1,3,4,0,75,11,8,4,6,6,2,1,0,0.47948
103,1,1,3,4,0,76,6,5,4,6,8,1,1,1,0.3103
103,1,1,3,4,0,77,6,5,4,6,8,1,1,1,0.36285
103,1,1,3,4,0,78,9,7,4,6,6,2,2,1,0.72846
103,1,1,3,4,0,79,6,5,4,6,8,1,1,1,0.39327
103,1,1,3,4,0,80,6,5,4,6,8,1,1,1,0.41805
103,1,1,3,4,0,81,2,3,4,6,8,1,1,1,0.3201
103,1,1,3,4,0,82,7,6,4,6,6,2,2,1,0.67998
103,1,1,3,4,0,83,7,6,4,6,6,2,2,1,0.44453
103,1,1,3,4,0,84,9,7,4,6,6,2,2,1,0.45179
103,1,1,3,4,0,85,9,7,4,6,6,2,2,1,0.75036
103,1,1,3,4,0,86,6,5,4,6,8,1,1,1,0.23452
103,1,1,3,4,0,87,6,5,4,6,8,1,1,1,0.26163
103,1,1,3,4,0,88,7,6,4,6,6,2,2,1,0.74796
103,1,1,3,4,0,89,7,6,4,6,6,2,2,1,0.35812
103,1,1,3,4,0,90,4,4,4,6,8,1,1,1,0.3326
103,1,1,3,4,0,91,9,7,4,6,6,2,2,1,0.37009
103,1,1,3,4,0,92,11,8,4,6,6,2,2,1,0.42097
103,1,1,3,4,0,93,2,3,4,6,8,1,1,1,0.34849
103,1,1,3,4,0,94,11,8,4,6,6,2,1,0,0.61231
103,1,1,3,4,0,95,7,6,4,6,6,2,2,1,0.58457
103,1,1,3,4,0,96,2,3,4,6,8,1,1,1,0.41286
103,1,1,3,4,0,97,9,7,4,6,6,2,2,1,0.42177
103,1,1,3,4,0,98,2,3,4,6,8,1,1,1,0.42109
103,1,1,3,4,0,99,9,7,4,6,6,2,2,1,0.41795
103,1,1,3,4,0,100,6,5,4,6,8,1,1,1,0.42933
103,1,1,3,4,0,101,6,5,4,6,8,1,1,1,0.33917
103,1,1,3,4,0,102,11,8,4,6,6,2,2,1,0.54937
103,1,1,3,4,0,103,4,4,4,6,8,1,1,1,0.40012
103,1,1,3,4,0,104,4,4,4,6,8,1,1,1,0.38317
103,1,1,3,4,0,105,11,8,4,6,6,2,2,1,0.51663
103,1,1,3,4,0,106,11,8,4,6,6,2,1,0,0.51072
103,1,1,3,4,0,107,9,7,4,6,6,2,2,1,0.46267
103,1,1,3,4,0,108,9,7,4,6,6,2,1,0,0.39685
103,1,1,3,4,0,109,11,8,4,6,6,2,2,1,0.33595
103,1,1,3,4,0,110,6,5,4,6,8,1,1,1,0.37929
103,1,1,3,4,0,111,4,4,4,6,8,1,1,1,0.47526
103,1,1,3,4,0,112,7,6,4,6,6,2,2,1,1.1391
103,1,1,3,4,0,113,2,3,4,6,8,1,1,1,1.0001
103,1,1,3,4,0,114,7,6,4,6,6,2,2,1,0.76228
103,1,1,3,4,0,115,2,3,4,6,8,1,1,1,0.73962
103,1,1,3,4,0,116,9,7,4,6,6,2,2,1,0.66987
103,1,1,3,4,0,117,9,7,4,6,6,2,2,1,0.4853
103,1,1,3,4,0,118,7,6,4,6,6,2,2,1,0.42657
103,1,1,3,4,0,119,6,5,4,6,8,1,1,1,0.82024
103,1,1,3,4,0,120,4,4,4,6,8,1,1,1,0.30065
103,1,1,3,3,1,1,5,5,4,6,6,1,1,1,0.29462
103,1,1,3,3,1,2,3,4,4,6,6,1,1,1,0.29347
103,1,1,3,3,1,3,12,8,4,6,8,2,2,1,0.31533
103,1,1,3,3,1,4,10,7,4,6,8,2,1,0,0.28117
103,1,1,3,3,1,5,8,6,4,6,8,2,2,1,0.37944
103,1,1,3,3,1,6,3,4,4,6,6,1,1,1,0.59365
103,1,1,3,3,1,7,1,3,4,6,6,1,1,1,0.30531
103,1,1,3,3,1,8,12,8,4,6,8,2,2,1,0.32226
103,1,1,3,3,1,9,10,7,4,6,8,2,2,1,0.32898
103,1,1,3,3,1,10,5,5,4,6,6,1,1,1,0.29855
103,1,1,3,3,1,11,8,6,4,6,8,2,2,1,0.31179
103,1,1,3,3,1,12,8,6,4,6,8,2,2,1,0.38183
103,1,1,3,3,1,13,1,3,4,6,6,1,1,1,0.26336
103,1,1,3,3,1,14,5,5,4,6,6,1,1,1,0.36349
103,1,1,3,3,1,15,5,5,4,6,6,1,2,0,0.45262
103,1,1,3,3,1,16,12,8,4,6,8,2,2,1,0.35816
103,1,1,3,3,1,17,10,7,4,6,8,2,2,1,0.31528
103,1,1,3,3,1,18,12,8,4,6,8,2,2,1,0.42248
103,1,1,3,3,1,19,10,7,4,6,8,2,2,1,0.4884
103,1,1,3,3,1,20,3,4,4,6,6,1,1,1,0.35299
103,1,1,3,3,1,21,8,6,4,6,8,2,2,1,0.58329
103,1,1,3,3,1,22,1,3,4,6,6,1,1,1,0.36673
103,1,1,3,3,1,23,1,3,4,6,6,1,1,1,0.31709
103,1,1,3,3,1,24,3,4,4,6,6,1,1,1,0.33531
103,1,1,3,3,0,1,12,8,4,6,8,2,1,0,0.41823
103,1,1,3,3,0,2,5,5,4,6,6,1,2,0,0.37159
103,1,1,3,3,0,3,8,6,4,6,8,2,2,1,0.45154
103,1,1,3,3,0,4,5,5,4,6,6,1,1,1,0.75958
103,1,1,3,3,0,5,10,7,4,6,8,2,2,1,1.2138
103,1,1,3,3,0,6,8,6,4,6,8,2,2,1,0.57817
103,1,1,3,3,0,7,8,6,4,6,8,2,1,0,0.39393
103,1,1,3,3,0,8,1,3,4,6,6,1,1,1,0.32058
103,1,1,3,3,0,9,10,7,4,6,8,2,2,1,0.44583
103,1,1,3,3,0,10,8,6,4,6,8,2,1,0,0.45274
103,1,1,3,3,0,11,12,8,4,6,8,2,2,1,0.38222
103,1,1,3,3,0,12,1,3,4,6,6,1,1,1,0.31756
103,1,1,3,3,0,13,8,6,4,6,8,2,1,0,0.31728
103,1,1,3,3,0,14,1,3,4,6,6,1,1,1,0.34029
103,1,1,3,3,0,15,1,3,4,6,6,1,1,1,0.69602
103,1,1,3,3,0,16,10,7,4,6,8,2,2,1,0.392
103,1,1,3,3,0,17,5,5,4,6,6,1,1,1,0.32943
103,1,1,3,3,0,18,10,7,4,6,8,2,2,1,0.41099
103,1,1,3,3,0,19,5,5,4,6,6,1,1,1,0.34929
103,1,1,3,3,0,20,12,8,4,6,8,2,2,1,0.35918
103,1,1,3,3,0,21,1,3,4,6,6,1,1,1,0.33285
103,1,1,3,3,0,22,8,6,4,6,8,2,1,0,0.39899
103,1,1,3,3,0,23,8,6,4,6,8,2,1,0,0.59557
103,1,1,3,3,0,24,8,6,4,6,8,2,1,0,0.56859
103,1,1,3,3,0,25,3,4,4,6,6,1,1,1,0.36997
103,1,1,3,3,0,26,1,3,4,6,6,1,1,1,0.35528
103,1,1,3,3,0,27,12,8,4,6,8,2,2,1,0.78447
103,1,1,3,3,0,28,10,7,4,6,8,2,2,1,0.40882
103,1,1,3,3,0,29,1,3,4,6,6,1,1,1,0.40455
103,1,1,3,3,0,30,12,8,4,6,8,2,2,1,0.5067
103,1,1,3,3,0,31,3,4,4,6,6,1,1,1,0.34985
103,1,1,3,3,0,32,8,6,4,6,8,2,1,0,0.50474
103,1,1,3,3,0,33,3,4,4,6,6,1,1,1,0.42772
103,1,1,3,3,0,34,5,5,4,6,6,1,1,1,0.59346
103,1,1,3,3,0,35,10,7,4,6,8,2,2,1,0.39651
103,1,1,3,3,0,36,3,4,4,6,6,1,1,1,0.3474
103,1,1,3,3,0,37,8,6,4,6,8,2,2,1,0.46819
103,1,1,3,3,0,38,10,7,4,6,8,2,2,1,0.38126
103,1,1,3,3,0,39,5,5,4,6,6,1,1,1,0.37197
103,1,1,3,3,0,40,8,6,4,6,8,2,2,1,0.59535
103,1,1,3,3,0,41,5,5,4,6,6,1,1,1,0.54026
103,1,1,3,3,0,42,3,4,4,6,6,1,1,1,0.39359
103,1,1,3,3,0,43,3,4,4,6,6,1,1,1,0.38119
103,1,1,3,3,0,44,5,5,4,6,6,1,1,1,0.44055
103,1,1,3,3,0,45,12,8,4,6,8,2,2,1,0.35914
103,1,1,3,3,0,46,3,4,4,6,6,1,1,1,0.41559
103,1,1,3,3,0,47,8,6,4,6,8,2,2,1,0.62031
103,1,1,3,3,0,48,3,4,4,6,6,1,1,1,0.39619
103,1,1,3,3,0,49,12,8,4,6,8,2,2,1,0.39869
103,1,1,3,3,0,50,10,7,4,6,8,2,2,1,0.41683
103,1,1,3,3,0,51,8,6,4,6,8,2,1,0,0.57699
103,1,1,3,3,0,52,1,3,4,6,6,1,1,1,0.43022
103,1,1,3,3,0,53,3,4,4,6,6,1,1,1,0.37626
103,1,1,3,3,0,54,1,3,4,6,6,1,1,1,0.47241
103,1,1,3,3,0,55,1,3,4,6,6,1,1,1,0.38314
103,1,1,3,3,0,56,12,8,4,6,8,2,2,1,0.39727
103,1,1,3,3,0,57,12,8,4,6,8,2,2,1,0.41176
103,1,1,3,3,0,58,10,7,4,6,8,2,2,1,0.42902
103,1,1,3,3,0,59,8,6,4,6,8,2,2,1,0.51524
103,1,1,3,3,0,60,12,8,4,6,8,2,2,1,0.34536
103,1,1,3,3,0,61,8,6,4,6,8,2,2,1,0.57245
103,1,1,3,3,0,62,10,7,4,6,8,2,2,1,0.3913
103,1,1,3,3,0,63,1,3,4,6,6,1,1,1,0.4979
103,1,1,3,3,0,64,3,4,4,6,6,1,1,1,0.4656
103,1,1,3,3,0,65,3,4,4,6,6,1,1,1,0.45135
103,1,1,3,3,0,66,5,5,4,6,6,1,1,1,0.54849
103,1,1,3,3,0,67,8,6,4,6,8,2,2,1,0.52326
103,1,1,3,3,0,68,3,4,4,6,6,1,1,1,0.3751
103,1,1,3,3,0,69,1,3,4,6,6,1,1,1,0.41926
103,1,1,3,3,0,70,8,6,4,6,8,2,2,1,0.46362
103,1,1,3,3,0,71,12,8,4,6,8,2,2,1,0.50152
103,1,1,3,3,0,72,10,7,4,6,8,2,2,1,0.45317
103,1,1,3,3,0,73,5,5,4,6,6,1,1,1,0.61846
103,1,1,3,3,0,74,1,3,4,6,6,1,1,1,0.35151
103,1,1,3,3,0,75,5,5,4,6,6,1,2,0,0.40866
103,1,1,3,3,0,76,3,4,4,6,6,1,1,1,0.39587
103,1,1,3,3,0,77,1,3,4,6,6,1,1,1,0.36224
103,1,1,3,3,0,78,5,5,4,6,6,1,1,1,0.37891
103,1,1,3,3,0,79,5,5,4,6,6,1,1,1,0.37171
103,1,1,3,3,0,80,5,5,4,6,6,1,2,0,0.45305
103,1,1,3,3,0,81,1,3,4,6,6,1,1,1,0.31879
103,1,1,3,3,0,82,12,8,4,6,8,2,2,1,0.3247
103,1,1,3,3,0,83,1,3,4,6,6,1,1,1,0.31035
103,1,1,3,3,0,84,1,3,4,6,6,1,1,1,0.341
103,1,1,3,3,0,85,5,5,4,6,6,1,2,0,0.51917
103,1,1,3,3,0,86,8,6,4,6,8,2,2,1,0.40506
103,1,1,3,3,0,87,12,8,4,6,8,2,2,1,0.45146
103,1,1,3,3,0,88,3,4,4,6,6,1,1,1,0.31996
103,1,1,3,3,0,89,10,7,4,6,8,2,2,1,0.30011
103,1,1,3,3,0,90,10,7,4,6,8,2,2,1,0.38208
103,1,1,3,3,0,91,10,7,4,6,8,2,2,1,0.42073
103,1,1,3,3,0,92,10,7,4,6,8,2,2,1,0.38759
103,1,1,3,3,0,93,1,3,4,6,6,1,1,1,0.27946
103,1,1,3,3,0,94,3,4,4,6,6,1,1,1,0.31639
103,1,1,3,3,0,95,12,8,4,6,8,2,2,1,0.30579
103,1,1,3,3,0,96,3,4,4,6,6,1,1,1,0.32983
103,1,1,3,3,0,97,5,5,4,6,6,1,1,1,0.36171
103,1,1,3,3,0,98,10,7,4,6,8,2,2,1,0.38293
103,1,1,3,3,0,99,5,5,4,6,6,1,1,1,0.37085
103,1,1,3,3,0,100,12,8,4,6,8,2,2,1,0.30268
103,1,1,3,3,0,101,8,6,4,6,8,2,1,0,0.29086
103,1,1,3,3,0,102,1,3,4,6,6,1,1,1,0.59642
103,1,1,3,3,0,103,5,5,4,6,6,1,2,0,0.46428
103,1,1,3,3,0,104,8,6,4,6,8,2,1,0,0.50321
103,1,1,3,3,0,105,10,7,4,6,8,2,2,1,0.33781
103,1,1,3,3,0,106,10,7,4,6,8,2,2,1,0.40671
103,1,1,3,3,0,107,5,5,4,6,6,1,1,1,0.42597
103,1,1,3,3,0,108,3,4,4,6,6,1,1,1,0.44076
103,1,1,3,3,0,109,12,8,4,6,8,2,2,1,0.44544
103,1,1,3,3,0,110,12,8,4,6,8,2,2,1,0.47711
103,1,1,3,3,0,111,5,5,4,6,6,1,1,1,0.43271
103,1,1,3,3,0,112,3,4,4,6,6,1,1,1,0.38522
103,1,1,3,3,0,113,12,8,4,6,8,2,2,1,0.53051
103,1,1,3,3,0,114,10,7,4,6,8,2,2,1,0.46367
103,1,1,3,3,0,115,10,7,4,6,8,2,2,1,0.47117
103,1,1,3,3,0,116,3,4,4,6,6,1,1,1,0.39002
103,1,1,3,3,0,117,3,4,4,6,6,1,1,1,0.34002
103,1,1,3,3,0,118,12,8,4,6,8,2,2,1,0.36121
103,1,1,3,3,0,119,12,8,4,6,8,2,1,0,0.54882
103,1,1,3,3,0,120,1,3,4,6,6,1,1,1,0.34742
