203,2,0,5,4,1,1,7,6,10,5,4,2,1,0,1.0254
203,2,0,5,4,1,2,4,6,6,6,4,1,1,1,0.63299
203,2,0,5,4,1,3,7,6,10,5,4,2,2,1,0.78326
203,2,0,5,4,1,4,4,6,6,6,4,1,1,1,0.44337
203,2,0,5,4,1,5,6,6,8,6,4,1,1,1,1.0809
203,2,0,5,4,1,6,11,6,14,5,4,2,2,1,0.43944
203,2,0,5,4,1,7,6,6,8,6,4,1,1,1,3.2076
203,2,0,5,4,1,8,7,6,10,5,4,2,2,1,0.36509
203,2,0,5,4,1,9,6,6,8,6,4,1,1,1,0.59389
203,2,0,5,4,1,10,4,6,6,6,4,1,1,1,0.83458
203,2,0,5,4,1,11,2,6,4,6,4,1,1,1,0.40011
203,2,0,5,4,1,12,7,6,10,5,4,2,2,1,0.53265
203,2,0,5,4,1,13,9,6,12,5,4,2,2,1,0.54183
203,2,0,5,4,1,14,11,6,14,5,4,2,2,1,0.38419
203,2,0,5,4,1,15,6,6,8,6,4,1,2,0,1.0254
203,2,0,5,4,1,16,4,6,6,6,4,1,2,0,0.42641
203,2,0,5,4,1,17,11,6,14,5,4,2,2,1,0.50347
203,2,0,5,4,1,18,2,6,4,6,4,1,1,1,0.52959
203,2,0,5,4,1,19,9,6,12,5,4,2,2,1,0.56022
203,2,0,5,4,1,20,9,6,12,5,4,2,2,1,1.1275
203,2,0,5,4,1,21,2,6,4,6,4,1,1,1,1.0689
203,2,0,5,4,1,22,11,6,14,5,4,2,2,1,0.43077
203,2,0,5,4,1,23,2,6,4,6,4,1,1,1,0.61417
203,2,0,5,4,1,24,9,6,12,5,4,2,2,1,0.50096
203,2,0,5,4,0,1,9,6,12,5,4,2,2,1,0.63725
203,2,0,5,4,0,2,6,6,8,6,4,1,1,1,1.9224
203,2,0,5,4,0,3,11,6,14,5,4,2,2,1,0.52504
203,2,0,5,4,0,4,6,6,8,6,4,1,1,1,1.8422
203,2,0,5,4,0,5,6,6,8,6,4,1,1,1,0.64687
203,2,0,5,4,0,6,2,6,4,6,4,1,1,1,0.43275
203,2,0,5,4,0,7,9,6,12,5,4,2,2,1,0.44215
203,2,0,5,4,0,8,7,6,10,5,4,2,2,1,0.3856
203,2,0,5,4,0,9,11,6,14,5,4,2,2,1,0.38585
203,2,0,5,4,0,10,2,6,4,6,4,1,1,1,0.46189
203,2,0,5,4,0,11,9,6,12,5,4,2,2,1,0.39308
203,2,0,5,4,0,12,4,6,6,6,4,1,1,1,0.57142
203,2,0,5,4,0,13,4,6,6,6,4,1,1,1,0.52655
203,2,0,5,4,0,14,9,6,12,5,4,2,2,1,0.42848
203,2,0,5,4,0,15,9,6,12,5,4,2,2,1,0.4143
203,2,0,5,4,0,16,11,6,14,5,4,2,2,1,0.39979
203,2,0,5,4,0,17,2,6,4,6,4,1,1,1,0.44711
203,2,0,5,4,0,18,2,6,4,6,4,1,1,1,0.9351
203,2,0,5,4,0,19,6,6,8,6,4,1,2,0,2.1581
203,2,0,5,4,0,20,7,6,10,5,4,2,2,1,1.3707
203,2,0,5,4,0,21,2,6,4,6,4,1,1,1,0.42555
203,2,0,5,4,0,22,7,6,10,5,4,2,2,1,0.51605
203,2,0,5,4,0,23,4,6,6,6,4,1,1,1,0.56187
203,2,0,5,4,0,24,2,6,4,6,4,1,1,1,0.45303
203,2,0,5,4,0,25,9,6,12,5,4,2,2,1,0.47298
203,2,0,5,4,0,26,9,6,12,5,4,2,2,1,0.4787
203,2,0,5,4,0,27,11,6,14,5,4,2,2,1,0.37024
203,2,0,5,4,0,28,6,6,8,6,4,1,1,1,0.51888
203,2,0,5,4,0,29,7,6,10,5,4,2,2,1,0.5988
203,2,0,5,4,0,30,7,6,10,5,4,2,2,1,0.77245
203,2,0,5,4,0,31,6,6,8,6,4,1,1,1,0.99258
203,2,0,5,4,0,32,9,6,12,5,4,2,2,1,0.54813
203,2,0,5,4,0,33,6,6,8,6,4,1,1,1,0.62137
203,2,0,5,4,0,34,4,6,6,6,4,1,1,1,0.56853
203,2,0,5,4,0,35,4,6,6,6,4,1,1,1,0.8428
203,2,0,5,4,0,36,11,6,14,5,4,2,2,1,0.57098
203,2,0,5,4,0,37,11,6,14,5,4,2,2,1,0.84588
203,2,0,5,4,0,38,6,6,8,6,4,1,1,1,1.1957
203,2,0,5,4,0,39,7,6,10,5,4,2,2,1,0.57771
203,2,0,5,4,0,40,4,6,6,6,4,1,1,1,1.3775
203,2,0,5,4,0,41,2,6,4,6,4,1,1,1,0.53648
203,2,0,5,4,0,42,7,6,10,5,4,2,2,1,0.95332
203,2,0,5,4,0,43,4,6,6,6,4,1,1,1,0.79945
203,2,0,5,4,0,44,11,6,14,5,4,2,2,1,0.44504
203,2,0,5,4,0,45,7,6,10,5,4,2,2,1,1.1127
203,2,0,5,4,0,46,2,6,4,6,4,1,1,1,0.50779
203,2,0,5,4,0,47,11,6,14,5,4,2,2,1,0.43786
203,2,0,5,4,0,48,4,6,6,6,4,1,1,1,0.44809
203,2,0,5,4,0,49,11,6,14,5,4,2,2,1,0.45254
203,2,0,5,4,0,50,9,6,12,5,4,2,2,1,0.5152
203,2,0,5,4,0,51,9,6,12,5,4,2,2,1,0.39901
203,2,0,5,4,0,52,2,6,4,6,4,1,1,1,0.628
203,2,0,5,4,0,53,2,6,4,6,4,1,1,1,0.39327
203,2,0,5,4,0,54,4,6,6,6,4,1,1,1,0.50901
203,2,0,5,4,0,55,6,6,8,6,4,1,1,1,0.58745
203,2,0,5,4,0,56,4,6,6,6,4,1,1,1,0.55598
203,2,0,5,4,0,57,7,6,10,5,4,2,2,1,0.96604
203,2,0,5,4,0,58,2,6,4,6,4,1,1,1,0.57107
203,2,0,5,4,0,59,6,6,8,6,4,1,1,1,0.95057
203,2,0,5,4,0,60,6,6,8,6,4,1,1,1,0.40234
203,2,0,5,4,0,61,2,6,4,6,4,1,1,1,0.4419
203,2,0,5,4,0,62,4,6,6,6,4,1,1,1,0.45233
203,2,0,5,4,0,63,7,6,10,5,4,2,2,1,0.5179
203,2,0,5,4,0,64,6,6,8,6,4,1,1,1,1.5105
203,2,0,5,4,0,65,9,6,12,5,4,2,2,1,0.58483
203,2,0,5,4,0,66,4,6,6,6,4,1,1,1,0.60459
203,2,0,5,4,0,67,4,6,6,6,4,1,1,1,0.44301
203,2,0,5,4,0,68,11,6,14,5,4,2,2,1,0.5611
203,2,0,5,4,0,69,7,6,10,5,4,2,2,1,1.1935
203,2,0,5,4,0,70,11,6,14,5,4,2,2,1,0.52226
203,2,0,5,4,0,71,6,6,8,6,4,1,1,1,0.54004
203,2,0,5,4,0,72,11,6,14,5,4,2,2,1,0.51828
203,2,0,5,4,0,73,11,6,14,5,4,2,2,1,0.41421
203,2,0,5,4,0,74,11,6,14,5,4,2,2,1,0.37961
203,2,0,5,4,0,75,11,6,14,5,4,2,2,1,0.37674
203,2,0,5,4,0,76,4,6,6,6,4,1,1,1,0.482
203,2,0,5,4,0,77,2,6,4,6,4,1,1,1,0.42458
203,2,0,5,4,0,78,9,6,12,5,4,2,2,1,0.45107
203,2,0,5,4,0,79,6,6,8,6,4,1,1,1,0.61712
203,2,0,5,4,0,80,2,6,4,6,4,1,1,1,0.53422
203,2,0,5,4,0,81,4,6,6,6,4,1,1,1,0.42392
203,2,0,5,4,0,82,6,6,8,6,4,1,1,1,0.40224
203,2,0,5,4,0,83,9,6,12,5,4,2,2,1,0.50375
203,2,0,5,4,0,84,9,6,12,5,4,2,2,1,0.43239
203,2,0,5,4,0,85,9,6,12,5,4,2,2,1,0.36889
203,2,0,5,4,0,86,4,6,6,6,4,1,1,1,0.50052
203,2,0,5,4,0,87,4,6,6,6,4,1,1,1,0.45174
203,2,0,5,4,0,88,2,6,4,6,4,1,1,1,0.42569
203,2,0,5,4,0,89,7,6,10,5,4,2,2,1,1.3142
203,2,0,5,4,0,90,2,6,4,6,4,1,1,1,0.70986
203,2,0,5,4,0,91,11,6,14,5,4,2,2,1,0.42361
203,2,0,5,4,0,92,11,6,14,5,4,2,2,1,0.45794
203,2,0,5,4,0,93,7,6,10,5,4,2,2,1,0.8536
203,2,0,5,4,0,94,6,6,8,6,4,1,2,0,0.3364
203,2,0,5,4,0,95,9,6,12,5,4,2,2,1,0.4509
203,2,0,5,4,0,96,6,6,8,6,4,1,1,1,0.59288
203,2,0,5,4,0,97,2,6,4,6,4,1,1,1,0.54102
203,2,0,5,4,0,98,4,6,6,6,4,1,1,1,0.41317
203,2,0,5,4,0,99,2,6,4,6,4,1,1,1,0.31248
203,2,0,5,4,0,100,7,6,10,5,4,2,2,1,0.70483
203,2,0,5,4,0,101,4,6,6,6,4,1,1,1,0.44997
203,2,0,5,4,0,102,7,6,10,5,4,2,2,1,0.50012
203,2,0,5,4,0,103,2,6,4,6,4,1,1,1,0.45987
203,2,0,5,4,0,104,11,6,14,5,4,2,2,1,0.48319
203,2,0,5,4,0,105,7,6,10,5,4,2,2,1,0.42809
203,2,0,5,4,0,106,2,6,4,6,4,1,1,1,0.5665
203,2,0,5,4,0,107,7,6,10,5,4,2,2,1,0.58591
203,2,0,5,4,0,108,6,6,8,6,4,1,1,1,0.80791
203,2,0,5,4,0,109,7,6,10,5,4,2,2,1,0.77005
203,2,0,5,4,0,110,9,6,12,5,4,2,2,1,0.4502
203,2,0,5,4,0,111,7,6,10,5,4,2,2,1,0.45096
203,2,0,5,4,0,112,7,6,10,5,4,2,2,1,0.4089
203,2,0,5,4,0,113,6,6,8,6,4,1,1,1,0.87006
203,2,0,5,4,0,114,11,6,14,5,4,2,2,1,0.90022
203,2,0,5,4,0,115,11,6,14,5,4,2,2,1,0.59069
203,2,0,5,4,0,116,9,6,12,5,4,2,2,1,0.50211
203,2,0,5,4,0,117,6,6,8,6,4,1,1,1,0.68748
203,2,0,5,4,0,118,9,6,12,5,4,2,2,1,0.48605
203,2,0,5,4,0,119,9,6,12,5,4,2,2,1,0.42757
203,2,0,5,4,0,120,4,6,6,6,4,1,1,1,0.43973
203,2,0,5,3,1,1,1,6,4,5,4,1,1,1,0.82107
203,2,0,5,3,1,2,1,6,4,5,4,1,1,1,0.96443
203,2,0,5,3,1,3,3,6,6,5,4,1,1,1,0.79581
203,2,0,5,3,1,4,8,6,10,6,4,2,2,1,1.2601
203,2,0,5,3,1,5,12,6,14,6,4,2,2,1,1.0173
203,2,0,5,3,1,6,8,6,10,6,4,2,1,0,1.5897
203,2,0,5,3,1,7,5,6,8,5,4,1,1,1,0.7061
203,2,0,5,3,1,8,12,6,14,6,4,2,2,1,0.44346
203,2,0,5,3,1,9,3,6,6,5,4,1,1,1,0.74388
203,2,0,5,3,1,10,12,6,14,6,4,2,2,1,0.91414
203,2,0,5,3,1,11,5,6,8,5,4,1,1,1,0.47952
203,2,0,5,3,1,12,3,6,6,5,4,1,1,1,0.39214
203,2,0,5,3,1,13,8,6,10,6,4,2,2,1,0.82
203,2,0,5,3,1,14,10,6,12,6,4,2,2,1,0.51512
203,2,0,5,3,1,15,12,6,14,6,4,2,2,1,0.72413
203,2,0,5,3,1,16,1,6,4,5,4,1,1,1,0.55933
203,2,0,5,3,1,17,8,6,10,6,4,2,2,1,1.1889
203,2,0,5,3,1,18,10,6,12,6,4,2,2,1,0.85116
203,2,0,5,3,1,19,1,6,4,5,4,1,1,1,0.56889
203,2,0,5,3,1,20,5,6,8,5,4,1,1,1,0.61363
203,2,0,5,3,1,21,10,6,12,6,4,2,2,1,0.58649
203,2,0,5,3,1,22,3,6,6,5,4,1,1,1,0.55616
203,2,0,5,3,1,23,10,6,12,6,4,2,2,1,0.52516
203,2,0,5,3,1,24,5,6,8,5,4,1,1,1,0.43426
203,2,0,5,3,0,1,12,6,14,6,4,2,2,1,1.2177
203,2,0,5,3,0,2,3,6,6,5,4,1,1,1,1.7368
203,2,0,5,3,0,3,12,6,14,6,4,2,2,1,0.4955
203,2,0,5,3,0,4,8,6,10,6,4,2,2,1,0.69394
203,2,0,5,3,0,5,1,6,4,5,4,1,1,1,0.3903
203,2,0,5,3,0,6,1,6,4,5,4,1,1,1,0.43982
203,2,0,5,3,0,7,5,6,8,5,4,1,1,1,0.97699
203,2,0,5,3,0,8,5,6,8,5,4,1,1,1,0.39037
203,2,0,5,3,0,9,5,6,8,5,4,1,1,1,0.33751
203,2,0,5,3,0,10,8,6,10,6,4,2,2,1,0.61262
203,2,0,5,3,0,11,12,6,14,6,4,2,2,1,0.39877
203,2,0,5,3,0,12,8,6,10,6,4,2,2,1,0.2987
203,2,0,5,3,0,13,12,6,14,6,4,2,2,1,0.5488
203,2,0,5,3,0,14,5,6,8,5,4,1,1,1,2.1339
203,2,0,5,3,0,15,5,6,8,5,4,1,1,1,0.51204
203,2,0,5,3,0,16,12,6,14,6,4,2,2,1,0.6607
203,2,0,5,3,0,17,12,6,14,6,4,2,2,1,0.45383
203,2,0,5,3,0,18,3,6,6,5,4,1,1,1,0.46394
203,2,0,5,3,0,19,3,6,6,5,4,1,1,1,0.48558
203,2,0,5,3,0,20,3,6,6,5,4,1,1,1,0.31842
203,2,0,5,3,0,21,3,6,6,5,4,1,1,1,0.30843
203,2,0,5,3,0,22,1,6,4,5,4,1,1,1,0.36903
203,2,0,5,3,0,23,3,6,6,5,4,1,1,1,0.6705
203,2,0,5,3,0,24,10,6,12,6,4,2,2,1,0.52452
203,2,0,5,3,0,25,5,6,8,5,4,1,2,0,0.4779
203,2,0,5,3,0,26,5,6,8,5,4,1,1,1,0.45492
203,2,0,5,3,0,27,5,6,8,5,4,1,1,1,0.89711
203,2,0,5,3,0,28,8,6,10,6,4,2,2,1,0.92149
203,2,0,5,3,0,29,5,6,8,5,4,1,1,1,1.2352
203,2,0,5,3,0,30,3,6,6,5,4,1,1,1,0.46091
203,2,0,5,3,0,31,10,6,12,6,4,2,2,1,0.48971
203,2,0,5,3,0,32,10,6,12,6,4,2,2,1,0.37375
203,2,0,5,3,0,33,12,6,14,6,4,2,2,1,0.50769
203,2,0,5,3,0,34,3,6,6,5,4,1,1,1,0.49322
203,2,0,5,3,0,35,12,6,14,6,4,2,2,1,0.38743
203,2,0,5,3,0,36,10,6,12,6,4,2,2,1,0.40466
203,2,0,5,3,0,37,8,6,10,6,4,2,2,1,0.4556
203,2,0,5,3,0,38,1,6,4,5,4,1,1,1,0.50905
203,2,0,5,3,0,39,10,6,12,6,4,2,2,1,0.41713
203,2,0,5,3,0,40,12,6,14,6,4,2,2,1,1.5613
203,2,0,5,3,0,41,12,6,14,6,4,2,2,1,1.0114
203,2,0,5,3,0,42,1,6,4,5,4,1,1,1,0.54981
203,2,0,5,3,0,43,12,6,14,6,4,2,2,1,0.58262
203,2,0,5,3,0,44,12,6,14,6,4,2,2,1,0.78989
203,2,0,5,3,0,45,3,6,6,5,4,1,1,1,0.4424
203,2,0,5,3,0,46,12,6,14,6,4,2,2,1,0.5024
203,2,0,5,3,0,47,3,6,6,5,4,1,1,1,0.55933
203,2,0,5,3,0,48,12,6,14,6,4,2,2,1,0.6257
203,2,0,5,3,0,49,10,6,12,6,4,2,2,1,0.50736
203,2,0,5,3,0,50,3,6,6,5,4,1,1,1,0.49057
203,2,0,5,3,0,51,5,6,8,5,4,1,1,1,0.59342
203,2,0,5,3,0,52,5,6,8,5,4,1,1,1,0.68938
203,2,0,5,3,0,53,5,6,8,5,4,1,1,1,0.56077
203,2,0,5,3,0,54,3,6,6,5,4,1,1,1,0.51765
203,2,0,5,3,0,55,3,6,6,5,4,1,1,1,1.361
203,2,0,5,3,0,56,8,6,10,6,4,2,2,1,1.5403
203,2,0,5,3,0,57,10,6,12,6,4,2,2,1,0.65817
203,2,0,5,3,0,58,1,6,4,5,4,1,1,1,0.5016
203,2,0,5,3,0,59,5,6,8,5,4,1,1,1,0.80707
203,2,0,5,3,0,60,10,6,12,6,4,2,2,1,0.6958
203,2,0,5,3,0,61,10,6,12,6,4,2,2,1,0.43299
203,2,0,5,3,0,62,5,6,8,5,4,1,1,1,0.56573
203,2,0,5,3,0,63,1,6,4,5,4,1,1,1,0.665
203,2,0,5,3,0,64,10,6,12,6,4,2,2,1,0.4564
203,2,0,5,3,0,65,8,6,10,6,4,2,2,1,0.77711
203,2,0,5,3,0,66,8,6,10,6,4,2,2,1,0.40916
203,2,0,5,3,0,67,1,6,4,5,4,1,1,1,0.46941
203,2,0,5,3,0,68,5,6,8,5,4,1,1,1,0.69184
203,2,0,5,3,0,69,10,6,12,6,4,2,2,1,0.52308
203,2,0,5,3,0,70,1,6,4,5,4,1,1,1,0.82524
203,2,0,5,3,0,71,12,6,14,6,4,2,2,1,0.50435
203,2,0,5,3,0,72,1,6,4,5,4,1,1,1,0.51002
203,2,0,5,3,0,73,3,6,6,5,4,1,1,1,0.84951
203,2,0,5,3,0,74,1,6,4,5,4,1,1,1,0.40414
203,2,0,5,3,0,75,1,6,4,5,4,1,1,1,0.36476
203,2,0,5,3,0,76,5,6,8,5,4,1,1,1,0.36314
203,2,0,5,3,0,77,3,6,6,5,4,1,1,1,0.39439
203,2,0,5,3,0,78,10,6,12,6,4,2,2,1,0.49768
203,2,0,5,3,0,79,10,6,12,6,4,2,2,1,0.53461
203,2,0,5,3,0,80,3,6,6,5,4,1,1,1,0.80413
203,2,0,5,3,0,81,10,6,12,6,4,2,2,1,0.54242
203,2,0,5,3,0,82,1,6,4,5,4,1,1,1,0.67566
203,2,0,5,3,0,83,8,6,10,6,4,2,2,1,0.51632
203,2,0,5,3,0,84,8,6,10,6,4,2,2,1,1.2304
203,2,0,5,3,0,85,1,6,4,5,4,1,1,1,0.51078
203,2,0,5,3,0,86,10,6,12,6,4,2,2,1,0.46486
203,2,0,5,3,0,87,1,6,4,5,4,1,1,1,0.48194
203,2,0,5,3,0,88,12,6,14,6,4,2,2,1,0.50299
203,2,0,5,3,0,89,8,6,10,6,4,2,2,1,1.0069
203,2,0,5,3,0,90,1,6,4,5,4,1,1,1,1.3604
203,2,0,5,3,0,91,12,6,14,6,4,2,2,1,0.4841
203,2,0,5,3,0,92,3,6,6,5,4,1,1,1,0.59839
203,2,0,5,3,0,93,1,6,4,5,4,1,1,1,0.38716
203,2,0,5,3,0,94,8,6,10,6,4,2,2,1,0.84146
203,2,0,5,3,0,95,3,6,6,5,4,1,1,1,0.39843
203,2,0,5,3,0,96,10,6,12,6,4,2,2,1,0.54262
203,2,0,5,3,0,97,8,6,10,6,4,2,2,1,0.61437
203,2,0,5,3,0,98,10,6,12,6,4,2,2,1,0.47814
203,2,0,5,3,0,99,3,6,6,5,4,1,1,1,0.42142
203,2,0,5,3,0,100,12,6,14,6,4,2,2,1,0.75697
203,2,0,5,3,0,101,8,6,10,6,4,2,2,1,1.0328
203,2,0,5,3,0,102,8,6,10,6,4,2,2,1,0.65892
203,2,0,5,3,0,103,1,6,4,5,4,1,1,1,0.9225
203,2,0,5,3,0,104,12,6,14,6,4,2,2,1,0.61137
203,2,0,5,3,0,105,8,6,10,6,4,2,2,1,1.0274
203,2,0,5,3,0,106,10,6,12,6,4,2,2,1,0.38416
203,2,0,5,3,0,107,8,6,10,6,4,2,2,1,0.32396
203,2,0,5,3,0,108,5,6,8,5,4,1,1,1,0.63304
203,2,0,5,3,0,109,3,6,6,5,4,1,1,1,0.73254
203,2,0,5,3,0,110,1,6,4,5,4,1,1,1,0.54498
203,2,0,5,3,0,111,5,6,8,5,4,1,1,1,0.82747
203,2,0,5,3,0,112,1,6,4,5,4,1,1,1,0.82132
203,2,0,5,3,0,113,10,6,12,6,4,2,2,1,0.5689
203,2,0,5,3,0,114,8,6,10,6,4,2,2,1,0.57963
203,2,0,5,3,0,115,5,6,8,5,4,1,1,1,0.88794
203,2,0,5,3,0,116,8,6,10,6,4,2,2,1,1.6268
203,2,0,5,3,0,117,10,6,12,6,4,2,2,1,0.42946
203,2,0,5,3,0,118,8,6,10,6,4,2,2,1,0.40926
203,2,0,5,3,0,119,12,6,14,6,4,2,2,1,0.50687
203,2,0,5,3,0,120,5,6,8,5,4,1,1,1,0.68627
203,2,0,5,2,1,1,10,6,12,6,4,2,2,1,1.4403
203,2,0,5,2,1,2,12,6,14,6,4,2,2,1,0.39785
203,2,0,5,2,1,3,2,6,4,6,4,1,1,1,0.88161
203,2,0,5,2,1,4,6,6,8,6,4,1,1,1,1.0503
203,2,0,5,2,1,5,8,6,10,6,4,2,1,0,0.37416
203,2,0,5,2,1,6,10,6,12,6,4,2,2,1,0.47361
203,2,0,5,2,1,7,4,6,6,6,4,1,1,1,0.49333
203,2,0,5,2,1,8,8,6,10,6,4,2,2,1,0.83256
203,2,0,5,2,1,9,2,6,4,6,4,1,1,1,0.54857
203,2,0,5,2,1,10,6,6,8,6,4,1,2,0,1.4165
203,2,0,5,2,1,11,12,6,14,6,4,2,2,1,0.81008
203,2,0,5,2,1,12,10,6,12,6,4,2,2,1,0.50738
203,2,0,5,2,1,13,2,6,4,6,4,1,1,1,0.43772
203,2,0,5,2,1,14,4,6,6,6,4,1,1,1,0.4941
203,2,0,5,2,1,15,6,6,8,6,4,1,1,1,1.1699
203,2,0,5,2,1,16,8,6,10,6,4,2,2,1,1.157
203,2,0,5,2,1,17,12,6,14,6,4,2,2,1,0.43699
203,2,0,5,2,1,18,4,6,6,6,4,1,1,1,0.51636
203,2,0,5,2,1,19,12,6,14,6,4,2,2,1,0.54049
203,2,0,5,2,1,20,6,6,8,6,4,1,1,1,1.7238
203,2,0,5,2,1,21,10,6,12,6,4,2,2,1,0.47635
203,2,0,5,2,1,22,8,6,10,6,4,2,2,1,0.75346
203,2,0,5,2,1,23,2,6,4,6,4,1,1,1,0.49589
203,2,0,5,2,1,24,4,6,6,6,4,1,1,1,0.51215
203,2,0,5,2,0,1,12,6,14,6,4,2,2,1,0.77748
203,2,0,5,2,0,2,8,6,10,6,4,2,2,1,1.2839
203,2,0,5,2,0,3,12,6,14,6,4,2,2,1,0.43715
203,2,0,5,2,0,4,10,6,12,6,4,2,2,1,0.35505
203,2,0,5,2,0,5,12,6,14,6,4,2,2,1,0.35712
203,2,0,5,2,0,6,6,6,8,6,4,1,1,1,0.65981
203,2,0,5,2,0,7,4,6,6,6,4,1,1,1,0.46913
203,2,0,5,2,0,8,4,6,6,6,4,1,1,1,0.41526
203,2,0,5,2,0,9,4,6,6,6,4,1,1,1,0.34684
203,2,0,5,2,0,10,6,6,8,6,4,1,1,1,0.57269
203,2,0,5,2,0,11,12,6,14,6,4,2,2,1,0.51856
203,2,0,5,2,0,12,8,6,10,6,4,2,2,1,0.37122
203,2,0,5,2,0,13,12,6,14,6,4,2,2,1,0.52333
203,2,0,5,2,0,14,12,6,14,6,4,2,2,1,0.2932
203,2,0,5,2,0,15,4,6,6,6,4,1,1,1,0.56546
203,2,0,5,2,0,16,12,6,14,6,4,2,2,1,0.54626
203,2,0,5,2,0,17,6,6,8,6,4,1,1,1,0.86894
203,2,0,5,2,0,18,6,6,8,6,4,1,1,1,0.56254
203,2,0,5,2,0,19,6,6,8,6,4,1,1,1,0.80287
203,2,0,5,2,0,20,8,6,10,6,4,2,1,0,0.64272
203,2,0,5,2,0,21,10,6,12,6,4,2,2,1,0.42083
203,2,0,5,2,0,22,2,6,4,6,4,1,1,1,1.0115
203,2,0,5,2,0,23,10,6,12,6,4,2,2,1,0.58905
203,2,0,5,2,0,24,4,6,6,6,4,1,1,1,0.6882
203,2,0,5,2,0,25,10,6,12,6,4,2,2,1,0.55493
203,2,0,5,2,0,26,10,6,12,6,4,2,2,1,0.68715
203,2,0,5,2,0,27,8,6,10,6,4,2,2,1,1.4231
203,2,0,5,2,0,28,10,6,12,6,4,2,2,1,0.44756
203,2,0,5,2,0,29,8,6,10,6,4,2,2,1,0.45274
203,2,0,5,2,0,30,8,6,10,6,4,2,2,1,0.34238
203,2,0,5,2,0,31,8,6,10,6,4,2,2,1,0.46545
203,2,0,5,2,0,32,2,6,4,6,4,1,1,1,0.46941
203,2,0,5,2,0,33,8,6,10,6,4,2,2,1,0.70229
203,2,0,5,2,0,34,6,6,8,6,4,1,1,1,0.71964
203,2,0,5,2,0,35,8,6,10,6,4,2,2,1,0.5179
203,2,0,5,2,0,36,4,6,6,6,4,1,1,1,0.58592
203,2,0,5,2,0,37,12,6,14,6,4,2,2,1,0.38092
203,2,0,5,2,0,38,10,6,12,6,4,2,2,1,0.51855
203,2,0,5,2,0,39,2,6,4,6,4,1,1,1,0.56219
203,2,0,5,2,0,40,2,6,4,6,4,1,1,1,0.61487
203,2,0,5,2,0,41,10,6,12,6,4,2,2,1,0.48477
203,2,0,5,2,0,42,4,6,6,6,4,1,1,1,0.46266
203,2,0,5,2,0,43,12,6,14,6,4,2,2,1,0.55901
203,2,0,5,2,0,44,8,6,10,6,4,2,2,1,0.52075
203,2,0,5,2,0,45,12,6,14,6,4,2,2,1,0.46957
203,2,0,5,2,0,46,2,6,4,6,4,1,1,1,0.65938
203,2,0,5,2,0,47,4,6,6,6,4,1,1,1,0.44144
203,2,0,5,2,0,48,10,6,12,6,4,2,2,1,0.50165
203,2,0,5,2,0,49,10,6,12,6,4,2,2,1,0.56684
203,2,0,5,2,0,50,10,6,12,6,4,2,2,1,0.56214
203,2,0,5,2,0,51,6,6,8,6,4,1,1,1,0.57855
203,2,0,5,2,0,52,10,6,12,6,4,2,2,1,0.61052
203,2,0,5,2,0,53,8,6,10,6,4,2,2,1,0.77072
203,2,0,5,2,0,54,4,6,6,6,4,1,1,1,0.60548
203,2,0,5,2,0,55,12,6,14,6,4,2,2,1,0.58462
203,2,0,5,2,0,56,2,6,4,6,4,1,1,1,0.51396
203,2,0,5,2,0,57,8,6,10,6,4,2,2,1,0.57869
203,2,0,5,2,0,58,4,6,6,6,4,1,1,1,0.58983
203,2,0,5,2,0,59,8,6,10,6,4,2,2,1,0.57861
203,2,0,5,2,0,60,4,6,6,6,4,1,1,1,0.52644
203,2,0,5,2,0,61,2,6,4,6,4,1,1,1,0.414
203,2,0,5,2,0,62,12,6,14,6,4,2,2,1,0.62272
203,2,0,5,2,0,63,6,6,8,6,4,1,1,1,1.3909
203,2,0,5,2,0,64,12,6,14,6,4,2,2,1,0.41854
203,2,0,5,2,0,65,2,6,4,6,4,1,1,1,0.48353
203,2,0,5,2,0,66,6,6,8,6,4,1,1,1,0.64416
203,2,0,5,2,0,67,12,6,14,6,4,2,2,1,0.38982
203,2,0,5,2,0,68,8,6,10,6,4,2,2,1,0.56944
203,2,0,5,2,0,69,12,6,14,6,4,2,2,1,0.6081
203,2,0,5,2,0,70,6,6,8,6,4,1,1,1,1.4178
203,2,0,5,2,0,71,10,6,12,6,4,2,2,1,0.51017
203,2,0,5,2,0,72,10,6,12,6,4,2,2,1,0.50435
203,2,0,5,2,0,73,4,6,6,6,4,1,1,1,0.50479
203,2,0,5,2,0,74,4,6,6,6,4,1,1,1,0.37425
203,2,0,5,2,0,75,4,6,6,6,4,1,1,1,0.33307
203,2,0,5,2,0,76,6,6,8,6,4,1,1,1,0.34731
203,2,0,5,2,0,77,6,6,8,6,4,1,1,1,0.45426
203,2,0,5,2,0,78,2,6,4,6,4,1,1,1,0.47505
203,2,0,5,2,0,79,12,6,14,6,4,2,2,1,0.35386
203,2,0,5,2,0,80,2,6,4,6,4,1,1,1,0.4801
203,2,0,5,2,0,81,6,6,8,6,4,1,1,1,0.44945
203,2,0,5,2,0,82,10,6,12,6,4,2,2,1,0.57996
203,2,0,5,2,0,83,2,6,4,6,4,1,1,1,0.47841
203,2,0,5,2,0,84,12,6,14,6,4,2,2,1,0.54982
203,2,0,5,2,0,85,10,6,12,6,4,2,2,1,0.81526
203,2,0,5,2,0,86,2,6,4,6,4,1,1,1,0.59556
203,2,0,5,2,0,87,8,6,10,6,4,2,2,1,0.78503
203,2,0,5,2,0,88,4,6,6,6,4,1,1,1,0.50806
203,2,0,5,2,0,89,6,6,8,6,4,1,2,0,0.88569
203,2,0,5,2,0,90,8,6,10,6,4,2,2,1,0.81119
203,2,0,5,2,0,91,6,6,8,6,4,1,1,1,1.0374
203,2,0,5,2,0,92,8,6,10,6,4,2,2,1,0.77859
203,2,0,5,2,0,93,10,6,12,6,4,2,2,1,0.56182
203,2,0,5,2,0,94,4,6,6,6,4,1,1,1,0.68341
203,2,0,5,2,0,95,6,6,8,6,4,1,1,1,0.86822
203,2,0,5,2,0,96,2,6,4,6,4,1,1,1,0.40761
203,2,0,5,2,0,97,4,6,6,6,4,1,1,1,0.42632
203,2,0,5,2,0,98,12,6,14,6,4,2,2,1,0.57107
203,2,0,5,2,0,99,8,6,10,6,4,2,2,1,0.93005
203,2,0,5,2,0,100,4,6,6,6,4,1,1,1,0.63853
203,2,0,5,2,0,101,4,6,6,6,4,1,1,1,0.3875
203,2,0,5,2,0,102,8,6,10,6,4,2,2,1,0.75219
203,2,0,5,2,0,103,2,6,4,6,4,1,1,1,0.40799
203,2,0,5,2,0,104,2,6,4,6,4,1,1,1,0.34972
203,2,0,5,2,0,105,12,6,14,6,4,2,2,1,0.67133
203,2,0,5,2,0,106,2,6,4,6,4,1,1,1,0.64779
203,2,0,5,2,0,107,10,6,12,6,4,2,2,1,0.65139
203,2,0,5,2,0,108,6,6,8,6,4,1,1,1,1.2353
203,2,0,5,2,0,109,10,6,12,6,4,2,2,1,0.58174
203,2,0,5,2,0,110,4,6,6,6,4,1,1,1,0.44712
203,2,0,5,2,0,111,2,6,4,6,4,1,1,1,0.5638
203,2,0,5,2,0,112,8,6,10,6,4,2,2,1,0.51386
203,2,0,5,2,0,113,12,6,14,6,4,2,2,1,1.3795
203,2,0,5,2,0,114,6,6,8,6,4,1,1,1,1.1782
203,2,0,5,2,0,115,6,6,8,6,4,1,1,1,0.46165
203,2,0,5,2,0,116,2,6,4,6,4,1,1,1,0.4548
203,2,0,5,2,0,117,2,6,4,6,4,1,1,1,0.40726
203,2,0,5,2,0,118,6,6,8,6,4,1,1,1,0.99013
203,2,0,5,2,0,119,10,6,12,6,4,2,2,1,0.86446
203,2,0,5,2,0,120,2,6,4,6,4,1,1,1,0.48228
203,2,0,5,1,1,1,1,6,4,5,4,1,1,1,0.59504
203,2,0,5,1,1,2,5,6,8,5,4,1,1,1,0.62264
203,2,0,5,1,1,3,7,6,10,5,4,2,1,0,0.80199
203,2,0,5,1,1,4,9,6,12,5,4,2,2,1,0.43946
203,2,0,5,1,1,5,11,6,14,5,4,2,2,1,0.52033
203,2,0,5,1,1,6,3,6,6,5,4,1,1,1,0.75386
203,2,0,5,1,1,7,1,6,4,5,4,1,1,1,0.42423
203,2,0,5,1,1,8,7,6,10,5,4,2,2,1,1.2455
203,2,0,5,1,1,9,5,6,8,5,4,1,1,1,0.86407
203,2,0,5,1,1,10,9,6,12,5,4,2,2,1,0.35961
203,2,0,5,1,1,11,11,6,14,5,4,2,2,1,0.42818
203,2,0,5,1,1,12,11,6,14,5,4,2,2,1,0.79426
203,2,0,5,1,1,13,1,6,4,5,4,1,1,1,0.85322
203,2,0,5,1,1,14,3,6,6,5,4,1,1,1,0.43041
203,2,0,5,1,1,15,7,6,10,5,4,2,2,1,0.85557
203,2,0,5,1,1,16,3,6,6,5,4,1,1,1,0.69609
203,2,0,5,1,1,17,9,6,12,5,4,2,2,1,0.62967
203,2,0,5,1,1,18,11,6,14,5,4,2,2,1,0.49522
203,2,0,5,1,1,19,5,6,8,5,4,1,1,1,0.43856
203,2,0,5,1,1,20,3,6,6,5,4,1,1,1,0.59941
203,2,0,5,1,1,21,9,6,12,5,4,2,2,1,0.53654
203,2,0,5,1,1,22,1,6,4,5,4,1,1,1,0.51422
203,2,0,5,1,1,23,5,6,8,5,4,1,1,1,0.37339
203,2,0,5,1,1,24,7,6,10,5,4,2,1,0,0.38707
203,2,0,5,1,0,1,7,6,10,5,4,2,1,0,1.6368
203,2,0,5,1,0,2,3,6,6,5,4,1,1,1,1.22
203,2,0,5,1,0,3,1,6,4,5,4,1,1,1,0.42373
203,2,0,5,1,0,4,9,6,12,5,4,2,2,1,0.64645
203,2,0,5,1,0,5,5,6,8,5,4,1,1,1,2.2724
203,2,0,5,1,0,6,9,6,12,5,4,2,2,1,0.72544
203,2,0,5,1,0,7,7,6,10,5,4,2,1,0,1.7669
203,2,0,5,1,0,8,11,6,14,5,4,2,2,1,0.56832
203,2,0,5,1,0,9,11,6,14,5,4,2,2,1,3.069
203,2,0,5,1,0,10,1,6,4,5,4,1,1,1,0.49839
203,2,0,5,1,0,11,7,6,10,5,4,2,1,0,0.55735
203,2,0,5,1,0,12,5,6,8,5,4,1,1,1,1.5585
203,2,0,5,1,0,13,7,6,10,5,4,2,1,0,0.53684
203,2,0,5,1,0,14,5,6,8,5,4,1,1,1,0.55515
203,2,0,5,1,0,15,9,6,12,5,4,2,2,1,0.8178
203,2,0,5,1,0,16,9,6,12,5,4,2,2,1,0.51808
203,2,0,5,1,0,17,1,6,4,5,4,1,1,1,0.49317
203,2,0,5,1,0,18,11,6,14,5,4,2,2,1,0.58121
203,2,0,5,1,0,19,5,6,8,5,4,1,1,1,0.76819
203,2,0,5,1,0,20,1,6,4,5,4,1,1,1,0.43654
203,2,0,5,1,0,21,5,6,8,5,4,1,1,1,0.41307
203,2,0,5,1,0,22,11,6,14,5,4,2,2,1,0.47386
203,2,0,5,1,0,23,5,6,8,5,4,1,1,1,0.53571
203,2,0,5,1,0,24,7,6,10,5,4,2,2,1,0.91243
203,2,0,5,1,0,25,1,6,4,5,4,1,1,1,0.53759
203,2,0,5,1,0,26,5,6,8,5,4,1,1,1,0.64224
203,2,0,5,1,0,27,11,6,14,5,4,2,2,1,0.4811
203,2,0,5,1,0,28,9,6,12,5,4,2,2,1,1.2752
203,2,0,5,1,0,29,5,6,8,5,4,1,1,1,0.39866
203,2,0,5,1,0,30,11,6,14,5,4,2,2,1,0.43479
203,2,0,5,1,0,31,11,6,14,5,4,2,1,0,0.37738
203,2,0,5,1,0,32,3,6,6,5,4,1,1,1,0.43906
203,2,0,5,1,0,33,5,6,8,5,4,1,1,1,0.79916
203,2,0,5,1,0,34,7,6,10,5,4,2,2,1,1.3562
203,2,0,5,1,0,35,3,6,6,5,4,1,1,1,0.59393
203,2,0,5,1,0,36,1,6,4,5,4,1,1,1,0.43701
203,2,0,5,1,0,37,1,6,4,5,4,1,1,1,0.46696
203,2,0,5,1,0,38,3,6,6,5,4,1,1,1,0.42653
203,2,0,5,1,0,39,7,6,10,5,4,2,2,1,1.0699
203,2,0,5,1,0,40,7,6,10,5,4,2,2,1,0.54714
203,2,0,5,1,0,41,5,6,8,5,4,1,1,1,1.596
203,2,0,5,1,0,42,7,6,10,5,4,2,2,1,1.2769
203,2,0,5,1,0,43,11,6,14,5,4,2,2,1,0.67511
203,2,0,5,1,0,44,3,6,6,5,4,1,1,1,0.54781
203,2,0,5,1,0,45,9,6,12,5,4,2,2,1,0.87014
203,2,0,5,1,0,46,9,6,12,5,4,2,2,1,0.53142
203,2,0,5,1,0,47,11,6,14,5,4,2,2,1,0.37056
203,2,0,5,1,0,48,9,6,12,5,4,2,2,1,0.42453
203,2,0,5,1,0,49,7,6,10,5,4,2,2,1,1.9039
203,2,0,5,1,0,50,9,6,12,5,4,2,2,1,0.5099
203,2,0,5,1,0,51,11,6,14,5,4,2,2,1,0.40552
203,2,0,5,1,0,52,1,6,4,5,4,1,1,1,0.48234
203,2,0,5,1,0,53,11,6,14,5,4,2,2,1,0.55849
203,2,0,5,1,0,54,9,6,12,5,4,2,2,1,0.47259
203,2,0,5,1,0,55,1,6,4,5,4,1,1,1,0.51627
203,2,0,5,1,0,56,9,6,12,5,4,2,2,1,0.5379
203,2,0,5,1,0,57,3,6,6,5,4,1,1,1,0.52981
203,2,0,5,1,0,58,3,6,6,5,4,1,1,1,0.43873
203,2,0,5,1,0,59,7,6,10,5,4,2,1,0,1.3716
203,2,0,5,1,0,60,9,6,12,5,4,2,2,1,0.48396
203,2,0,5,1,0,61,1,6,4,5,4,1,1,1,0.81765
203,2,0,5,1,0,62,5,6,8,5,4,1,1,1,0.7726
203,2,0,5,1,0,63,5,6,8,5,4,1,1,1,0.43479
203,2,0,5,1,0,64,7,6,10,5,4,2,2,1,1.6547
203,2,0,5,1,0,65,1,6,4,5,4,1,1,1,0.51753
203,2,0,5,1,0,66,3,6,6,5,4,1,1,1,0.43676
203,2,0,5,1,0,67,11,6,14,5,4,2,2,1,0.45255
203,2,0,5,1,0,68,3,6,6,5,4,1,1,1,0.54159
203,2,0,5,1,0,69,7,6,10,5,4,2,2,1,1.1731
203,2,0,5,1,0,70,5,6,8,5,4,1,1,1,1.1694
203,2,0,5,1,0,71,11,6,14,5,4,2,2,1,0.49274
203,2,0,5,1,0,72,1,6,4,5,4,1,1,1,0.66109
203,2,0,5,1,0,73,11,6,14,5,4,2,2,1,0.54736
203,2,0,5,1,0,74,11,6,14,5,4,2,2,1,0.48939
203,2,0,5,1,0,75,9,6,12,5,4,2,2,1,0.5076
203,2,0,5,1,0,76,11,6,14,5,4,2,2,1,0.35128
203,2,0,5,1,0,77,1,6,4,5,4,1,1,1,0.6103
203,2,0,5,1,0,78,3,6,6,5,4,1,1,1,1.0673
203,2,0,5,1,0,79,7,6,10,5,4,2,2,1,1.5727
203,2,0,5,1,0,80,9,6,12,5,4,2,2,1,0.42493
203,2,0,5,1,0,81,3,6,6,5,4,1,1,1,0.50489
203,2,0,5,1,0,82,5,6,8,5,4,1,1,1,0.46992
203,2,0,5,1,0,83,11,6,14,5,4,2,2,1,0.62728
203,2,0,5,1,0,84,1,6,4,5,4,1,1,1,0.43865
203,2,0,5,1,0,85,9,6,12,5,4,2,2,1,0.64635
203,2,0,5,1,0,86,7,6,10,5,4,2,2,1,1.666
203,2,0,5,1,0,87,1,6,4,5,4,1,1,1,0.48299
203,2,0,5,1,0,88,5,6,8,5,4,1,1,1,0.81341
203,2,0,5,1,0,89,1,6,4,5,4,1,1,1,0.39151
203,2,0,5,1,0,90,3,6,6,5,4,1,1,1,0.50779
203,2,0,5,1,0,91,3,6,6,5,4,1,1,1,0.34819
203,2,0,5,1,0,92,3,6,6,5,4,1,1,1,0.37454
203,2,0,5,1,0,93,5,6,8,5,4,1,1,1,0.82761
203,2,0,5,1,0,94,7,6,10,5,4,2,2,1,0.65084
203,2,0,5,1,0,95,7,6,10,5,4,2,2,1,0.52827
203,2,0,5,1,0,96,1,6,4,5,4,1,1,1,0.53271
203,2,0,5,1,0,97,9,6,12,5,4,2,2,1,0.57339
203,2,0,5,1,0,98,3,6,6,5,4,1,1,1,0.47739
203,2,0,5,1,0,99,5,6,8,5,4,1,1,1,0.95327
203,2,0,5,1,0,100,9,6,12,5,4,2,2,1,0.606
203,2,0,5,1,0,101,5,6,8,5,4,1,1,1,1.0849
203,2,0,5,1,0,102,3,6,6,5,4,1,1,1,0.49687
203,2,0,5,1,0,103,7,6,10,5,4,2,2,1,1.2369
203,2,0,5,1,0,104,1,6,4,5,4,1,1,1,0.53605
203,2,0,5,1,0,105,3,6,6,5,4,1,1,1,0.44719
203,2,0,5,1,0,106,1,6,4,5,4,1,1,1,0.37633
203,2,0,5,1,0,107,5,6,8,5,4,1,1,1,1.0017
203,2,0,5,1,0,108,3,6,6,5,4,1,1,1,0.44084
203,2,0,5,1,0,109,7,6,10,5,4,2,2,1,0.67279
203,2,0,5,1,0,110,11,6,14,5,4,2,2,1,0.66621
203,2,0,5,1,0,111,9,6,12,5,4,2,2,1,0.42199
203,2,0,5,1,0,112,3,6,6,5,4,1,1,1,0.42324
203,2,0,5,1,0,113,5,6,8,5,4,1,1,1,0.75109
203,2,0,5,1,0,114,3,6,6,5,4,1,1,1,0.42265
203,2,0,5,1,0,115,1,6,4,5,4,1,1,1,0.44208
203,2,0,5,1,0,116,9,6,12,5,4,2,2,1,0.71341
203,2,0,5,1,0,117,7,6,10,5,4,2,2,1,0.91911
203,2,0,5,1,0,118,9,6,12,5,4,2,2,1,0.52636
203,2,0,5,1,0,119,11,6,14,5,4,2,2,1,0.47993
203,2,0,5,1,0,120,11,6,14,5,4,2,2,1,0.42947
203,2,0,5,5,1,1,3,6,6,5,4,1,1,1,0.80975
203,2,0,5,5,1,2,10,6,12,6,4,2,2,1,0.50635
203,2,0,5,5,1,3,12,6,14,6,4,2,2,1,0.62087
203,2,0,5,5,1,4,6,6,8,6,4,1,1,1,1.3029
203,2,0,5,5,1,5,7,6,10,5,4,2,2,1,1.147
203,2,0,5,5,1,6,1,6,4,5,4,1,1,1,0.42807
203,2,0,5,5,1,7,11,6,14,5,4,2,2,1,0.45425
203,2,0,5,5,1,8,5,6,8,5,4,1,1,1,0.4393
203,2,0,5,5,1,9,12,6,14,6,4,2,2,1,0.48719
203,2,0,5,5,1,10,1,6,4,5,4,1,1,1,0.43384
203,2,0,5,5,1,11,5,6,8,5,4,1,1,1,0.87664
203,2,0,5,5,1,12,2,6,4,6,4,1,1,1,0.43225
203,2,0,5,5,1,13,9,6,12,5,4,2,2,1,0.45324
203,2,0,5,5,1,14,11,6,14,5,4,2,2,1,0.51784
203,2,0,5,5,1,15,4,6,6,6,4,1,1,1,1.6549
203,2,0,5,5,1,16,8,6,10,6,4,2,2,1,0.56871
203,2,0,5,5,1,17,3,6,6,5,4,1,1,1,0.51461
203,2,0,5,5,1,18,2,6,4,6,4,1,1,1,0.39714
203,2,0,5,5,1,19,9,6,12,5,4,2,2,1,0.55478
203,2,0,5,5,1,20,4,6,6,6,4,1,1,1,0.89036
203,2,0,5,5,1,21,6,6,8,6,4,1,1,1,0.68113
203,2,0,5,5,1,22,10,6,12,6,4,2,2,1,0.7234
203,2,0,5,5,1,23,8,6,10,6,4,2,2,1,0.87821
203,2,0,5,5,1,24,7,6,10,5,4,2,2,1,0.6398
203,2,0,5,5,0,1,3,6,6,5,4,1,1,1,0.65468
203,2,0,5,5,0,2,7,6,10,5,4,2,2,1,0.95914
203,2,0,5,5,0,3,9,6,12,5,4,2,2,1,0.50221
203,2,0,5,5,0,4,5,6,8,5,4,1,1,1,1.8336
203,2,0,5,5,0,5,3,6,6,5,4,1,1,1,0.9416
203,2,0,5,5,0,6,10,6,12,6,4,2,2,1,0.52486
203,2,0,5,5,0,7,12,6,14,6,4,2,2,1,0.42691
203,2,0,5,5,0,8,10,6,12,6,4,2,2,1,0.40383
203,2,0,5,5,0,9,9,6,12,5,4,2,2,1,0.43322
203,2,0,5,5,0,10,1,6,4,5,4,1,1,1,0.52058
203,2,0,5,5,0,11,6,6,8,6,4,1,2,0,2.1161
203,2,0,5,5,0,12,11,6,14,5,4,2,2,1,1.7022
203,2,0,5,5,0,13,7,6,10,5,4,2,2,1,0.92369
203,2,0,5,5,0,14,7,6,10,5,4,2,2,1,0.62334
203,2,0,5,5,0,15,5,6,8,5,4,1,1,1,1.3133
203,2,0,5,5,0,16,11,6,14,5,4,2,2,1,0.53102
203,2,0,5,5,0,17,3,6,6,5,4,1,1,1,0.52999
203,2,0,5,5,0,18,2,6,4,6,4,1,1,1,0.45043
203,2,0,5,5,0,19,9,6,12,5,4,2,2,1,0.62023
203,2,0,5,5,0,20,6,6,8,6,4,1,1,1,1.4627
203,2,0,5,5,0,21,9,6,12,5,4,2,2,1,0.47549
203,2,0,5,5,0,22,2,6,4,6,4,1,1,1,0.55907
203,2,0,5,5,0,23,1,6,4,5,4,1,1,1,0.45429
203,2,0,5,5,0,24,9,6,12,5,4,2,2,1,0.47572
203,2,0,5,5,0,25,8,6,10,6,4,2,2,1,0.93673
203,2,0,5,5,0,26,10,6,12,6,4,2,2,1,0.55047
203,2,0,5,5,0,27,3,6,6,5,4,1,1,1,1.1136
203,2,0,5,5,0,28,1,6,4,5,4,1,1,1,0.52306
203,2,0,5,5,0,29,6,6,8,6,4,1,1,1,1.0551
203,2,0,5,5,0,30,4,6,6,6,4,1,1,1,0.52412
203,2,0,5,5,0,31,12,6,14,6,4,2,2,1,0.67131
203,2,0,5,5,0,32,4,6,6,6,4,1,1,1,0.69847
203,2,0,5,5,0,33,6,6,8,6,4,1,1,1,1.2128
203,2,0,5,5,0,34,4,6,6,6,4,1,1,1,0.48834
203,2,0,5,5,0,35,7,6,10,5,4,2,2,1,0.7256
203,2,0,5,5,0,36,2,6,4,6,4,1,1,1,0.64661
203,2,0,5,5,0,37,6,6,8,6,4,1,1,1,2.0844
203,2,0,5,5,0,38,1,6,4,5,4,1,1,1,1.0358
203,2,0,5,5,0,39,6,6,8,6,4,1,1,1,1.1073
203,2,0,5,5,0,40,6,6,8,6,4,1,1,1,0.73326
203,2,0,5,5,0,41,11,6,14,5,4,2,2,1,0.53272
203,2,0,5,5,0,42,12,6,14,6,4,2,2,1,0.50404
203,2,0,5,5,0,43,10,6,12,6,4,2,2,1,0.36816
203,2,0,5,5,0,44,2,6,4,6,4,1,1,1,0.54698
203,2,0,5,5,0,45,1,6,4,5,4,1,1,1,0.43997
203,2,0,5,5,0,46,6,6,8,6,4,1,1,1,0.54724
203,2,0,5,5,0,47,4,6,6,6,4,1,1,1,0.49652
203,2,0,5,5,0,48,5,6,8,5,4,1,1,1,0.9708
203,2,0,5,5,0,49,4,6,6,6,4,1,1,1,0.51777
203,2,0,5,5,0,50,8,6,10,6,4,2,2,1,0.92585
203,2,0,5,5,0,51,10,6,12,6,4,2,2,1,0.52128
203,2,0,5,5,0,52,2,6,4,6,4,1,1,1,0.62814
203,2,0,5,5,0,53,4,6,6,6,4,1,1,1,0.74898
203,2,0,5,5,0,54,12,6,14,6,4,2,2,1,0.50886
203,2,0,5,5,0,55,7,6,10,5,4,2,2,1,1.0516
203,2,0,5,5,0,56,7,6,10,5,4,2,2,1,0.55412
203,2,0,5,5,0,57,1,6,4,5,4,1,1,1,0.63279
203,2,0,5,5,0,58,4,6,6,6,4,1,1,1,0.69862
203,2,0,5,5,0,59,12,6,14,6,4,2,2,1,0.54423
203,2,0,5,5,0,60,4,6,6,6,4,1,1,1,0.60533
203,2,0,5,5,0,61,6,6,8,6,4,1,1,1,1.2721
203,2,0,5,5,0,62,2,6,4,6,4,1,1,1,0.50678
203,2,0,5,5,0,63,10,6,12,6,4,2,2,1,1.0796
203,2,0,5,5,0,64,12,6,14,6,4,2,2,1,0.48786
203,2,0,5,5,0,65,11,6,14,5,4,2,2,1,0.37449
203,2,0,5,5,0,66,11,6,14,5,4,2,2,1,0.38997
203,2,0,5,5,0,67,2,6,4,6,4,1,2,0,0.86189
203,2,0,5,5,0,68,5,6,8,5,4,1,1,1,1.4709
203,2,0,5,5,0,69,11,6,14,5,4,2,2,1,0.44102
203,2,0,5,5,0,70,10,6,12,6,4,2,2,1,0.47575
203,2,0,5,5,0,71,3,6,6,5,4,1,1,1,0.85392
203,2,0,5,5,0,72,7,6,10,5,4,2,2,1,0.7851
203,2,0,5,5,0,73,5,6,8,5,4,1,1,1,1.2003
203,2,0,5,5,0,74,9,6,12,5,4,2,2,1,0.96656
203,2,0,5,5,0,75,5,6,8,5,4,1,1,1,0.77814
203,2,0,5,5,0,76,3,6,6,5,4,1,1,1,0.55781
203,2,0,5,5,0,77,9,6,12,5,4,2,2,1,1.8524
203,2,0,5,5,0,78,11,6,14,5,4,2,2,1,0.42846
203,2,0,5,5,0,79,8,6,10,6,4,2,2,1,0.50944
203,2,0,5,5,0,80,10,6,12,6,4,2,2,1,0.60102
203,2,0,5,5,0,81,8,6,10,6,4,2,2,1,0.8063
203,2,0,5,5,0,82,7,6,10,5,4,2,2,1,0.65459
203,2,0,5,5,0,83,8,6,10,6,4,2,2,1,0.56526
203,2,0,5,5,0,84,5,6,8,5,4,1,1,1,0.85543
203,2,0,5,5,0,85,1,6,4,5,4,1,1,1,0.4058
203,2,0,5,5,0,86,9,6,12,5,4,2,2,1,0.50142
203,2,0,5,5,0,87,12,6,14,6,4,2,2,1,0.52803
203,2,0,5,5,0,88,8,6,10,6,4,2,2,1,1.0693
203,2,0,5,5,0,89,11,6,14,5,4,2,2,1,0.46509
203,2,0,5,5,0,90,10,6,12,6,4,2,2,1,0.40769
203,2,0,5,5,0,91,8,6,10,6,4,2,2,1,0.43005
203,2,0,5,5,0,92,12,6,14,6,4,2,2,1,0.45817
203,2,0,5,5,0,93,2,6,4,6,4,1,1,1,0.51201
203,2,0,5,5,0,94,11,6,14,5,4,2,2,1,0.60348
203,2,0,5,5,0,95,3,6,6,5,4,1,1,1,0.48219
203,2,0,5,5,0,96,8,6,10,6,4,2,2,1,0.67744
203,2,0,5,5,0,97,1,6,4,5,4,1,1,1,0.43352
203,2,0,5,5,0,98,4,6,6,6,4,1,1,1,0.55948
203,2,0,5,5,0,99,8,6,10,6,4,2,2,1,0.6809
203,2,0,5,5,0,100,5,6,8,5,4,1,1,1,0.91783
203,2,0,5,5,0,101,1,6,4,5,4,1,1,1,0.39919
203,2,0,5,5,0,102,1,6,4,5,4,1,1,1,0.34552
203,2,0,5,5,0,103,3,6,6,5,4,1,1,1,0.55941
203,2,0,5,5,0,104,7,6,10,5,4,2,2,1,1.2066
203,2,0,5,5,0,105,2,6,4,6,4,1,1,1,0.47256
203,2,0,5,5,0,106,5,6,8,5,4,1,1,1,1.12
203,2,0,5,5,0,107,7,6,10,5,4,2,2,1,1.4817
203,2,0,5,5,0,108,6,6,8,6,4,1,2,0,1.3934
203,2,0,5,5,0,109,11,6,14,5,4,2,2,1,0.57813
203,2,0,5,5,0,110,9,6,12,5,4,2,2,1,0.54418
203,2,0,5,5,0,111,12,6,14,6,4,2,2,1,0.46715
203,2,0,5,5,0,112,4,6,6,6,4,1,1,1,0.52986
203,2,0,5,5,0,113,3,6,6,5,4,1,1,1,0.56893
203,2,0,5,5,0,114,8,6,10,6,4,2,2,1,0.91714
203,2,0,5,5,0,115,2,6,4,6,4,1,1,1,0.57365
203,2,0,5,5,0,116,10,6,12,6,4,2,2,1,0.7887
203,2,0,5,5,0,117,3,6,6,5,4,1,1,1,0.52189
203,2,0,5,5,0,118,5,6,8,5,4,1,1,1,1.0512
203,2,0,5,5,0,119,12,6,14,6,4,2,2,1,0.62755
203,2,0,5,5,0,120,9,6,12,5,4,2,2,1,0.54763
203,2,0,5,6,0,1,8,6,10,6,4,2,2,1,1.3012
203,2,0,5,6,0,2,2,6,4,6,4,1,1,1,0.56889
203,2,0,5,6,0,3,1,6,4,5,4,1,1,1,0.56179
203,2,0,5,6,0,4,9,6,12,5,4,2,2,1,0.6293
203,2,0,5,6,0,5,4,6,6,6,4,1,1,1,0.78346
203,2,0,5,6,0,6,4,6,6,6,4,1,1,1,0.43753
203,2,0,5,6,0,7,6,6,8,6,4,1,2,0,1.4928
203,2,0,5,6,0,8,7,6,10,5,4,2,2,1,0.62125
203,2,0,5,6,0,9,3,6,6,5,4,1,1,1,0.5201
203,2,0,5,6,0,10,1,6,4,5,4,1,1,1,0.51964
203,2,0,5,6,0,11,5,6,8,5,4,1,1,1,1.0899
203,2,0,5,6,0,12,6,6,8,6,4,1,1,1,1.5119
203,2,0,5,6,0,13,7,6,10,5,4,2,1,0,0.84834
203,2,0,5,6,0,14,11,6,14,5,4,2,2,1,0.54323
203,2,0,5,6,0,15,1,6,4,5,4,1,1,1,0.57464
203,2,0,5,6,0,16,8,6,10,6,4,2,2,1,0.63778
203,2,0,5,6,0,17,5,6,8,5,4,1,1,1,0.90287
203,2,0,5,6,0,18,8,6,10,6,4,2,2,1,0.60837
203,2,0,5,6,0,19,6,6,8,6,4,1,2,0,2.4359
203,2,0,5,6,0,20,3,6,6,5,4,1,1,1,1.0237
203,2,0,5,6,0,21,11,6,14,5,4,2,2,1,0.53868
203,2,0,5,6,0,22,10,6,12,6,4,2,2,1,0.6908
203,2,0,5,6,0,23,9,6,12,5,4,2,2,1,1.4421
203,2,0,5,6,0,24,7,6,10,5,4,2,2,1,1.9662
203,2,0,5,6,0,25,7,6,10,5,4,2,2,1,0.51366
203,2,0,5,6,0,26,1,6,4,5,4,1,1,1,0.56478
203,2,0,5,6,0,27,3,6,6,5,4,1,1,1,0.54881
203,2,0,5,6,0,28,12,6,14,6,4,2,2,1,0.42982
203,2,0,5,6,0,29,2,6,4,6,4,1,1,1,0.47857
203,2,0,5,6,0,30,8,6,10,6,4,2,2,1,0.70841
203,2,0,5,6,0,31,7,6,10,5,4,2,2,1,0.47235
203,2,0,5,6,0,32,1,6,4,5,4,1,1,1,0.51131
203,2,0,5,6,0,33,2,6,4,6,4,1,1,1,0.88069
203,2,0,5,6,0,34,9,6,12,5,4,2,2,1,0.62265
203,2,0,5,6,0,35,4,6,6,6,4,1,1,1,0.55494
203,2,0,5,6,0,36,4,6,6,6,4,1,1,1,0.51859
203,2,0,5,6,0,37,5,6,8,5,4,1,1,1,0.7977
203,2,0,5,6,0,38,8,6,10,6,4,2,2,1,0.5034
203,2,0,5,6,0,39,12,6,14,6,4,2,2,1,0.56941
203,2,0,5,6,0,40,11,6,14,5,4,2,2,1,0.50532
203,2,0,5,6,0,41,7,6,10,5,4,2,2,1,0.9602
203,2,0,5,6,0,42,10,6,12,6,4,2,2,1,0.60465
203,2,0,5,6,0,43,4,6,6,6,4,1,1,1,0.62692
203,2,0,5,6,0,44,10,6,12,6,4,2,2,1,0.48539
203,2,0,5,6,0,45,8,6,10,6,4,2,2,1,0.47914
203,2,0,5,6,0,46,9,6,12,5,4,2,2,1,0.4126
203,2,0,5,6,0,47,2,6,4,6,4,1,1,1,0.518
203,2,0,5,6,0,48,3,6,6,5,4,1,1,1,0.43972
203,2,0,5,6,0,49,12,6,14,6,4,2,2,1,0.38894
203,2,0,5,6,0,50,8,6,10,6,4,2,2,1,1.7203
203,2,0,5,6,0,51,3,6,6,5,4,1,1,1,0.49241
203,2,0,5,6,0,52,1,6,4,5,4,1,1,1,0.40167
203,2,0,5,6,0,53,11,6,14,5,4,2,2,1,0.4782
203,2,0,5,6,0,54,11,6,14,5,4,2,2,1,0.50837
203,2,0,5,6,0,55,12,6,14,6,4,2,2,1,0.3773
203,2,0,5,6,0,56,2,6,4,6,4,1,1,1,0.49222
203,2,0,5,6,0,57,9,6,12,5,4,2,2,1,0.39901
203,2,0,5,6,0,58,11,6,14,5,4,2,2,1,0.48944
203,2,0,5,6,0,59,10,6,12,6,4,2,2,1,0.46704
203,2,0,5,6,0,60,1,6,4,5,4,1,1,1,0.5891
203,2,0,5,6,0,61,2,6,4,6,4,1,1,1,0.65518
203,2,0,5,6,0,62,9,6,12,5,4,2,2,1,0.44321
203,2,0,5,6,0,63,7,6,10,5,4,2,2,1,1.3233
203,2,0,5,6,0,64,6,6,8,6,4,1,1,1,1.2259
203,2,0,5,6,0,65,5,6,8,5,4,1,1,1,0.83036
203,2,0,5,6,0,66,9,6,12,5,4,2,2,1,0.49616
203,2,0,5,6,0,67,8,6,10,6,4,2,2,1,1.183
203,2,0,5,6,0,68,12,6,14,6,4,2,2,1,0.46553
203,2,0,5,6,0,69,4,6,6,6,4,1,1,1,0.5321
203,2,0,5,6,0,70,12,6,14,6,4,2,2,1,0.43895
203,2,0,5,6,0,71,6,6,8,6,4,1,1,1,0.51072
203,2,0,5,6,0,72,11,6,14,5,4,2,2,1,0.47957
203,2,0,5,6,0,73,11,6,14,5,4,2,2,1,0.40585
203,2,0,5,6,0,74,5,6,8,5,4,1,1,1,0.71988
203,2,0,5,6,0,75,6,6,8,6,4,1,1,1,0.48756
203,2,0,5,6,0,76,12,6,14,6,4,2,2,1,0.45588
203,2,0,5,6,0,77,2,6,4,6,4,1,1,1,0.48448
203,2,0,5,6,0,78,7,6,10,5,4,2,1,0,1.1237
203,2,0,5,6,0,79,3,6,6,5,4,1,1,1,0.77582
203,2,0,5,6,0,80,1,6,4,5,4,1,1,1,0.46048
203,2,0,5,6,0,81,6,6,8,6,4,1,2,0,1.071
203,2,0,5,6,0,82,4,6,6,6,4,1,1,1,1.1142
203,2,0,5,6,0,83,5,6,8,5,4,1,1,1,1.8616
203,2,0,5,6,0,84,3,6,6,5,4,1,1,1,0.70875
203,2,0,5,6,0,85,5,6,8,5,4,1,1,1,0.5176
203,2,0,5,6,0,86,1,6,4,5,4,1,1,1,0.53129
203,2,0,5,6,0,87,9,6,12,5,4,2,2,1,0.49492
203,2,0,5,6,0,88,8,6,10,6,4,2,2,1,0.51603
203,2,0,5,6,0,89,5,6,8,5,4,1,1,1,0.9808
203,2,0,5,6,0,90,4,6,6,6,4,1,1,1,0.47564
203,2,0,5,6,0,91,10,6,12,6,4,2,2,1,0.4658
203,2,0,5,6,0,92,10,6,12,6,4,2,2,1,0.49428
203,2,0,5,6,0,93,9,6,12,5,4,2,2,1,0.42484
203,2,0,5,6,0,94,12,6,14,6,4,2,2,1,0.37674
203,2,0,5,6,0,95,11,6,14,5,4,2,2,1,0.50142
203,2,0,5,6,0,96,7,6,10,5,4,2,2,1,1.0076
203,2,0,5,6,0,97,1,6,4,5,4,1,1,1,0.45582
203,2,0,5,6,0,98,10,6,12,6,4,2,2,1,0.51454
203,2,0,5,6,0,99,6,6,8,6,4,1,2,0,1.5391
203,2,0,5,6,0,100,11,6,14,5,4,2,2,1,0.51021
203,2,0,5,6,0,101,2,6,4,6,4,1,1,1,1.119
203,2,0,5,6,0,102,7,6,10,5,4,2,2,1,0.90518
203,2,0,5,6,0,103,9,6,12,5,4,2,2,1,0.44533
203,2,0,5,6,0,104,4,6,6,6,4,1,1,1,0.49753
203,2,0,5,6,0,105,3,6,6,5,4,1,1,1,0.42145
203,2,0,5,6,0,106,4,6,6,6,4,1,1,1,0.41616
203,2,0,5,6,0,107,6,6,8,6,4,1,1,1,0.46107
203,2,0,5,6,0,108,6,6,8,6,4,1,1,1,0.46814
203,2,0,5,6,0,109,10,6,12,6,4,2,2,1,0.47586
203,2,0,5,6,0,110,5,6,8,5,4,1,1,1,0.72341
203,2,0,5,6,0,111,5,6,8,5,4,1,1,1,0.48108
203,2,0,5,6,0,112,3,6,6,5,4,1,1,1,0.49407
203,2,0,5,6,0,113,3,6,6,5,4,1,1,1,0.38229
203,2,0,5,6,0,114,8,6,10,6,4,2,2,1,0.72446
203,2,0,5,6,0,115,12,6,14,6,4,2,2,1,0.57852
203,2,0,5,6,0,116,10,6,12,6,4,2,2,1,0.39076
203,2,0,5,6,0,117,10,6,12,6,4,2,2,1,0.42548
203,2,0,5,6,0,118,12,6,14,6,4,2,2,1,0.37094
203,2,0,5,6,0,119,2,6,4,6,4,1,1,1,0.50253
203,2,0,5,6,0,120,2,6,4,6,4,1,1,1,0.49019
