104,1,0,2,2,1,1,2,6,8,3,4,1,1,1,0.9923
104,1,0,2,2,1,2,2,6,8,3,4,1,1,1,0.42991
104,1,0,2,2,1,3,6,6,8,5,4,1,1,1,1.3344
104,1,0,2,2,1,4,2,6,8,3,4,1,1,1,0.44942
104,1,0,2,2,1,5,6,6,8,5,4,1,1,1,0.48557
104,1,0,2,2,1,6,8,6,8,6,4,2,2,1,0.41627
104,1,0,2,2,1,7,4,6,8,4,4,1,1,1,0.49242
104,1,0,2,2,1,8,12,6,8,8,4,2,2,1,0.66156
104,1,0,2,2,1,9,4,6,8,4,4,1,1,1,0.52204
104,1,0,2,2,1,10,12,6,8,8,4,2,2,1,0.42859
104,1,0,2,2,1,11,6,6,8,5,4,1,1,1,0.78113
104,1,0,2,2,1,12,12,6,8,8,4,2,2,1,0.48522
104,1,0,2,2,1,13,8,6,8,6,4,2,2,1,1.1269
104,1,0,2,2,1,14,10,6,8,7,4,2,2,1,0.62696
104,1,0,2,2,1,15,8,6,8,6,4,2,2,1,2.1041
104,1,0,2,2,1,16,10,6,8,7,4,2,2,1,0.40847
104,1,0,2,2,1,17,4,6,8,4,4,1,1,1,0.46841
104,1,0,2,2,1,18,12,6,8,8,4,2,2,1,0.55305
104,1,0,2,2,1,19,10,6,8,7,4,2,2,1,1.4075
104,1,0,2,2,1,20,4,6,8,4,4,1,1,1,0.46088
104,1,0,2,2,1,21,6,6,8,5,4,1,1,1,0.51842
104,1,0,2,2,1,22,10,6,8,7,4,2,2,1,0.48772
104,1,0,2,2,1,23,2,6,8,3,4,1,1,1,0.50475
104,1,0,2,2,1,24,8,6,8,6,4,2,2,1,0.51581
104,1,0,2,2,0,1,4,6,8,4,4,1,1,1,0.44946
104,1,0,2,2,0,2,12,6,8,8,4,2,2,1,0.43953
104,1,0,2,2,0,3,8,6,8,6,4,2,2,1,0.81936
104,1,0,2,2,0,4,8,6,8,6,4,2,2,1,0.85945
104,1,0,2,2,0,5,6,6,8,5,4,1,1,1,0.54056
104,1,0,2,2,0,6,2,6,8,3,4,1,1,1,0.39937
104,1,0,2,2,0,7,2,6,8,3,4,1,1,1,0.33899
104,1,0,2,2,0,8,2,6,8,3,4,1,1,1,0.34924
104,1,0,2,2,0,9,6,6,8,5,4,1,1,1,0.76487
104,1,0,2,2,0,10,12,6,8,8,4,2,2,1,0.47911
104,1,0,2,2,0,11,4,6,8,4,4,1,1,1,0.46197
104,1,0,2,2,0,12,8,6,8,6,4,2,2,1,0.78133
104,1,0,2,2,0,13,4,6,8,4,4,1,1,1,0.39003
104,1,0,2,2,0,14,10,6,8,7,4,2,2,1,0.49819
104,1,0,2,2,0,15,4,6,8,4,4,1,1,1,0.57296
104,1,0,2,2,0,16,12,6,8,8,4,2,2,1,0.48799
104,1,0,2,2,0,17,8,6,8,6,4,2,2,1,0.605
104,1,0,2,2,0,18,10,6,8,7,4,2,2,1,0.46973
104,1,0,2,2,0,19,2,6,8,3,4,1,1,1,0.51145
104,1,0,2,2,0,20,6,6,8,5,4,1,1,1,0.98655
104,1,0,2,2,0,21,6,6,8,5,4,1,1,1,0.47343
104,1,0,2,2,0,22,2,6,8,3,4,1,1,1,0.50626
104,1,0,2,2,0,23,4,6,8,4,4,1,1,1,0.47798
104,1,0,2,2,0,24,4,6,8,4,4,1,1,1,0.46766
104,1,0,2,2,0,25,12,6,8,8,4,2,2,1,0.43428
104,1,0,2,2,0,26,8,6,8,6,4,2,2,1,1.4089
104,1,0,2,2,0,27,10,6,8,7,4,2,2,1,0.46747
104,1,0,2,2,0,28,6,6,8,5,4,1,1,1,0.42417
104,1,0,2,2,0,29,2,6,8,3,4,1,1,1,0.58575
104,1,0,2,2,0,30,12,6,8,8,4,2,2,1,0.49241
104,1,0,2,2,0,31,8,6,8,6,4,2,2,1,0.69582
104,1,0,2,2,0,32,8,6,8,6,4,2,2,1,0.45591
104,1,0,2,2,0,33,2,6,8,3,4,1,1,1,0.34231
104,1,0,2,2,0,34,6,6,8,5,4,1,1,1,0.59772
104,1,0,2,2,0,35,10,6,8,7,4,2,2,1,0.39182
104,1,0,2,2,0,36,12,6,8,8,4,2,2,1,0.43635
104,1,0,2,2,0,37,10,6,8,7,4,2,2,1,0.37538
104,1,0,2,2,0,38,6,6,8,5,4,1,1,1,0.48709
104,1,0,2,2,0,39,2,6,8,3,4,1,1,1,0.43696
104,1,0,2,2,0,40,8,6,8,6,4,2,2,1,0.65537
104,1,0,2,2,0,41,4,6,8,4,4,1,1,1,0.4286
104,1,0,2,2,0,42,6,6,8,5,4,1,1,1,0.41829
104,1,0,2,2,0,43,10,6,8,7,4,2,2,1,0.59286
104,1,0,2,2,0,44,2,6,8,3,4,1,1,1,0.43627
104,1,0,2,2,0,45,12,6,8,8,4,2,2,1,0.44869
104,1,0,2,2,0,46,8,6,8,6,4,2,2,1,0.81308
104,1,0,2,2,0,47,8,6,8,6,4,2,2,1,0.45669
104,1,0,2,2,0,48,2,6,8,3,4,1,1,1,0.4076
104,1,0,2,2,0,49,10,6,8,7,4,2,2,1,0.41786
104,1,0,2,2,0,50,8,6,8,6,4,2,2,1,0.5569
104,1,0,2,2,0,51,8,6,8,6,4,2,2,1,0.4144
104,1,0,2,2,0,52,12,6,8,8,4,2,2,1,0.50138
104,1,0,2,2,0,53,6,6,8,5,4,1,1,1,0.40594
104,1,0,2,2,0,54,10,6,8,7,4,2,2,1,0.45195
104,1,0,2,2,0,55,10,6,8,7,4,2,2,1,0.3975
104,1,0,2,2,0,56,8,6,8,6,4,2,2,1,0.85638
104,1,0,2,2,0,57,4,6,8,4,4,1,1,1,0.50609
104,1,0,2,2,0,58,12,6,8,8,4,2,2,1,0.38905
104,1,0,2,2,0,59,2,6,8,3,4,1,1,1,0.47629
104,1,0,2,2,0,60,2,6,8,3,4,1,1,1,0.51338
104,1,0,2,2,0,61,12,6,8,8,4,2,2,1,0.48289
104,1,0,2,2,0,62,8,6,8,6,4,2,2,1,0.91062
104,1,0,2,2,0,63,12,6,8,8,4,2,2,1,0.48951
104,1,0,2,2,0,64,12,6,8,8,4,2,2,1,0.39483
104,1,0,2,2,0,65,6,6,8,5,4,1,1,1,0.42226
104,1,0,2,2,0,66,12,6,8,8,4,2,2,1,0.37923
104,1,0,2,2,0,67,4,6,8,4,4,1,1,1,0.36372
104,1,0,2,2,0,68,10,6,8,7,4,2,2,1,0.31975
104,1,0,2,2,0,69,8,6,8,6,4,2,2,1,0.57467
104,1,0,2,2,0,70,2,6,8,3,4,1,1,1,0.38154
104,1,0,2,2,0,71,8,6,8,6,4,2,2,1,0.38681
104,1,0,2,2,0,72,4,6,8,4,4,1,1,1,0.37659
104,1,0,2,2,0,73,12,6,8,8,4,2,2,1,0.439
104,1,0,2,2,0,74,6,6,8,5,4,1,1,1,0.36444
104,1,0,2,2,0,75,10,6,8,7,4,2,2,1,0.41269
104,1,0,2,2,0,76,6,6,8,5,4,1,1,1,0.40352
104,1,0,2,2,0,77,4,6,8,4,4,1,1,1,0.41263
104,1,0,2,2,0,78,4,6,8,4,4,1,1,1,0.45202
104,1,0,2,2,0,79,6,6,8,5,4,1,1,1,0.40643
104,1,0,2,2,0,80,4,6,8,4,4,1,1,1,0.462
104,1,0,2,2,0,81,6,6,8,5,4,1,1,1,0.36646
104,1,0,2,2,0,82,10,6,8,7,4,2,2,1,0.4659
104,1,0,2,2,0,83,4,6,8,4,4,1,1,1,0.45037
104,1,0,2,2,0,84,10,6,8,7,4,2,2,1,0.44615
104,1,0,2,2,0,85,12,6,8,8,4,2,2,1,0.6639
104,1,0,2,2,0,86,10,6,8,7,4,2,2,1,0.62655
104,1,0,2,2,0,87,8,6,8,6,4,2,2,1,0.78985
104,1,0,2,2,0,88,12,6,8,8,4,2,2,1,0.37244
104,1,0,2,2,0,89,10,6,8,7,4,2,2,1,0.428
104,1,0,2,2,0,90,8,6,8,6,4,2,2,1,0.81019
104,1,0,2,2,0,91,12,6,8,8,4,2,2,1,0.39157
104,1,0,2,2,0,92,6,6,8,5,4,1,1,1,0.45697
104,1,0,2,2,0,93,8,6,8,6,4,2,2,1,0.76621
104,1,0,2,2,0,94,10,6,8,7,4,2,2,1,0.39733
104,1,0,2,2,0,95,4,6,8,4,4,1,1,1,0.47595
104,1,0,2,2,0,96,8,6,8,6,4,2,2,1,0.37875
104,1,0,2,2,0,97,2,6,8,3,4,1,1,1,0.44221
104,1,0,2,2,0,98,6,6,8,5,4,1,1,1,0.62427
104,1,0,2,2,0,99,2,6,8,3,4,1,1,1,0.44804
104,1,0,2,2,0,100,10,6,8,7,4,2,2,1,0.40637
104,1,0,2,2,0,101,12,6,8,8,4,2,2,1,0.34538
104,1,0,2,2,0,102,2,6,8,3,4,1,1,1,0.41126
104,1,0,2,2,0,103,12,6,8,8,4,2,2,1,0.36246
104,1,0,2,2,0,104,10,6,8,7,4,2,2,1,0.39227
104,1,0,2,2,0,105,6,6,8,5,4,1,1,1,0.40657
104,1,0,2,2,0,106,10,6,8,7,4,2,2,1,0.36744
104,1,0,2,2,0,107,4,6,8,4,4,1,1,1,0.45779
104,1,0,2,2,0,108,12,6,8,8,4,2,2,1,0.38398
104,1,0,2,2,0,109,4,6,8,4,4,1,1,1,0.5255
104,1,0,2,2,0,110,2,6,8,3,4,1,1,1,0.31206
104,1,0,2,2,0,111,10,6,8,7,4,2,2,1,0.37284
104,1,0,2,2,0,112,4,6,8,4,4,1,1,1,0.36001
104,1,0,2,2,0,113,6,6,8,5,4,1,1,1,0.37201
104,1,0,2,2,0,114,4,6,8,4,4,1,1,1,0.39926
104,1,0,2,2,0,115,2,6,8,3,4,1,1,1,0.33666
104,1,0,2,2,0,116,2,6,8,3,4,1,1,1,0.48996
104,1,0,2,2,0,117,6,6,8,5,4,1,1,1,0.48515
104,1,0,2,2,0,118,4,6,8,4,4,1,1,1,0.39532
104,1,0,2,2,0,119,2,6,8,3,4,1,1,1,0.36877
104,1,0,2,2,0,120,6,6,8,5,4,1,1,1,0.63615
104,1,0,2,1,1,1,9,6,6,7,4,2,2,1,0.82184
104,1,0,2,1,1,2,5,6,6,5,4,1,1,1,0.59135
104,1,0,2,1,1,3,1,6,6,3,4,1,1,1,0.48224
104,1,0,2,1,1,4,3,6,6,4,4,1,1,1,0.38165
104,1,0,2,1,1,5,9,6,6,7,4,2,2,1,0.48175
104,1,0,2,1,1,6,7,6,6,6,4,2,2,1,0.49336
104,1,0,2,1,1,7,9,6,6,7,4,2,2,1,0.43297
104,1,0,2,1,1,8,9,6,6,7,4,2,2,1,0.36295
104,1,0,2,1,1,9,11,6,6,8,4,2,2,1,0.40457
104,1,0,2,1,1,10,11,6,6,8,4,2,2,1,0.31505
104,1,0,2,1,1,11,5,6,6,5,4,1,1,1,0.33788
104,1,0,2,1,1,12,3,6,6,4,4,1,1,1,0.39353
104,1,0,2,1,1,13,3,6,6,4,4,1,1,1,0.46336
104,1,0,2,1,1,14,7,6,6,6,4,2,2,1,1.0578
104,1,0,2,1,1,15,3,6,6,4,4,1,1,1,0.40374
104,1,0,2,1,1,16,1,6,6,3,4,1,1,1,0.42819
104,1,0,2,1,1,17,5,6,6,5,4,1,1,1,0.63317
104,1,0,2,1,1,18,1,6,6,3,4,1,1,1,0.54844
104,1,0,2,1,1,19,11,6,6,8,4,2,2,1,0.39694
104,1,0,2,1,1,20,1,6,6,3,4,1,1,1,0.35569
104,1,0,2,1,1,21,11,6,6,8,4,2,2,1,0.52651
104,1,0,2,1,1,22,7,6,6,6,4,2,2,1,0.7359
104,1,0,2,1,1,23,7,6,6,6,4,2,2,1,0.56875
104,1,0,2,1,1,24,5,6,6,5,4,1,1,1,0.46632
104,1,0,2,1,0,1,1,6,6,3,4,1,1,1,0.57938
104,1,0,2,1,0,2,5,6,6,5,4,1,1,1,0.4455
104,1,0,2,1,0,3,7,6,6,6,4,2,2,1,0.51913
104,1,0,2,1,0,4,5,6,6,5,4,1,1,1,0.63418
104,1,0,2,1,0,5,9,6,6,7,4,2,2,1,0.38104
104,1,0,2,1,0,6,9,6,6,7,4,2,2,1,0.61119
104,1,0,2,1,0,7,7,6,6,6,4,2,1,0,0.97961
104,1,0,2,1,0,8,9,6,6,7,4,2,2,1,0.49585
104,1,0,2,1,0,9,9,6,6,7,4,2,2,1,0.44474
104,1,0,2,1,0,10,11,6,6,8,4,2,2,1,0.46538
104,1,0,2,1,0,11,7,6,6,6,4,2,1,0,0.50405
104,1,0,2,1,0,12,5,6,6,5,4,1,1,1,0.65764
104,1,0,2,1,0,13,11,6,6,8,4,2,2,1,0.47623
104,1,0,2,1,0,14,3,6,6,4,4,1,1,1,0.72504
104,1,0,2,1,0,15,5,6,6,5,4,1,1,1,0.85183
104,1,0,2,1,0,16,3,6,6,4,4,1,1,1,0.55151
104,1,0,2,1,0,17,3,6,6,4,4,1,1,1,0.49419
104,1,0,2,1,0,18,1,6,6,3,4,1,2,0,0.84924
104,1,0,2,1,0,19,11,6,6,8,4,2,2,1,0.48325
104,1,0,2,1,0,20,3,6,6,4,4,1,1,1,0.43621
104,1,0,2,1,0,21,11,6,6,8,4,2,2,1,0.59961
104,1,0,2,1,0,22,11,6,6,8,4,2,2,1,0.4775
104,1,0,2,1,0,23,1,6,6,3,4,1,1,1,0.43733
104,1,0,2,1,0,24,9,6,6,7,4,2,2,1,0.40864
104,1,0,2,1,0,25,9,6,6,7,4,2,2,1,0.89776
104,1,0,2,1,0,26,1,6,6,3,4,1,1,1,0.73978
104,1,0,2,1,0,27,9,6,6,7,4,2,2,1,0.638
104,1,0,2,1,0,28,3,6,6,4,4,1,1,1,0.44237
104,1,0,2,1,0,29,5,6,6,5,4,1,1,1,0.68982
104,1,0,2,1,0,30,9,6,6,7,4,2,2,1,0.46044
104,1,0,2,1,0,31,3,6,6,4,4,1,1,1,0.54214
104,1,0,2,1,0,32,1,6,6,3,4,1,1,1,0.64185
104,1,0,2,1,0,33,11,6,6,8,4,2,2,1,0.54932
104,1,0,2,1,0,34,1,6,6,3,4,1,1,1,0.55516
104,1,0,2,1,0,35,5,6,6,5,4,1,1,1,0.61597
104,1,0,2,1,0,36,11,6,6,8,4,2,2,1,0.50691
104,1,0,2,1,0,37,9,6,6,7,4,2,2,1,0.84874
104,1,0,2,1,0,38,7,6,6,6,4,2,2,1,1.0656
104,1,0,2,1,0,39,11,6,6,8,4,2,2,1,0.56972
104,1,0,2,1,0,40,9,6,6,7,4,2,2,1,0.49559
104,1,0,2,1,0,41,7,6,6,6,4,2,2,1,0.66873
104,1,0,2,1,0,42,1,6,6,3,4,1,1,1,0.45255
104,1,0,2,1,0,43,1,6,6,3,4,1,1,1,0.48733
104,1,0,2,1,0,44,11,6,6,8,4,2,2,1,0.56523
104,1,0,2,1,0,45,3,6,6,4,4,1,1,1,0.59933
104,1,0,2,1,0,46,3,6,6,4,4,1,1,1,0.40114
104,1,0,2,1,0,47,3,6,6,4,4,1,1,1,0.49629
104,1,0,2,1,0,48,1,6,6,3,4,1,1,1,0.32527
104,1,0,2,1,0,49,1,6,6,3,4,1,1,1,0.41011
104,1,0,2,1,0,50,7,6,6,6,4,2,2,1,0.57518
104,1,0,2,1,0,51,1,6,6,3,4,1,1,1,0.39592
104,1,0,2,1,0,52,5,6,6,5,4,1,1,1,2.1523
104,1,0,2,1,0,53,7,6,6,6,4,2,2,1,0.64273
104,1,0,2,1,0,54,5,6,6,5,4,1,1,1,0.60945
104,1,0,2,1,0,55,7,6,6,6,4,2,2,1,0.57985
104,1,0,2,1,0,56,3,6,6,4,4,1,1,1,0.38358
104,1,0,2,1,0,57,5,6,6,5,4,1,1,1,0.39699
104,1,0,2,1,0,58,3,6,6,4,4,1,2,0,0.37236
104,1,0,2,1,0,59,5,6,6,5,4,1,1,1,0.38378
104,1,0,2,1,0,60,5,6,6,5,4,1,1,1,0.3039
104,1,0,2,1,0,61,9,6,6,7,4,2,2,1,0.38328
104,1,0,2,1,0,62,7,6,6,6,4,2,2,1,0.68752
104,1,0,2,1,0,63,7,6,6,6,4,2,2,1,0.44257
104,1,0,2,1,0,64,3,6,6,4,4,1,1,1,0.33601
104,1,0,2,1,0,65,9,6,6,7,4,2,2,1,0.45556
104,1,0,2,1,0,66,11,6,6,8,4,2,2,1,0.47737
104,1,0,2,1,0,67,9,6,6,7,4,2,2,1,0.38648
104,1,0,2,1,0,68,5,6,6,5,4,1,1,1,0.39203
104,1,0,2,1,0,69,1,6,6,3,4,1,1,1,0.38143
104,1,0,2,1,0,70,11,6,6,8,4,2,2,1,0.38624
104,1,0,2,1,0,71,3,6,6,4,4,1,1,1,0.36635
104,1,0,2,1,0,72,1,6,6,3,4,1,1,1,0.38802
104,1,0,2,1,0,73,11,6,6,8,4,2,2,1,0.49173
104,1,0,2,1,0,74,11,6,6,8,4,2,2,1,0.55072
104,1,0,2,1,0,75,1,6,6,3,4,1,1,1,0.42535
104,1,0,2,1,0,76,7,6,6,6,4,2,2,1,2.033
104,1,0,2,1,0,77,7,6,6,6,4,2,2,1,0.60984
104,1,0,2,1,0,78,3,6,6,4,4,1,1,1,0.36424
104,1,0,2,1,0,79,11,6,6,8,4,2,2,1,0.66695
104,1,0,2,1,0,80,11,6,6,8,4,2,2,1,0.57376
104,1,0,2,1,0,81,5,6,6,5,4,1,1,1,0.58315
104,1,0,2,1,0,82,1,6,6,3,4,1,1,1,0.39866
104,1,0,2,1,0,83,5,6,6,5,4,1,1,1,0.74314
104,1,0,2,1,0,84,7,6,6,6,4,2,2,1,0.49376
104,1,0,2,1,0,85,7,6,6,6,4,2,2,1,0.56789
104,1,0,2,1,0,86,11,6,6,8,4,2,2,1,0.48526
104,1,0,2,1,0,87,11,6,6,8,4,2,2,1,0.47768
104,1,0,2,1,0,88,9,6,6,7,4,2,2,1,0.34698
104,1,0,2,1,0,89,9,6,6,7,4,2,2,1,0.45138
104,1,0,2,1,0,90,7,6,6,6,4,2,1,0,0.69134
104,1,0,2,1,0,91,3,6,6,4,4,1,1,1,0.6211
104,1,0,2,1,0,92,7,6,6,6,4,2,2,1,0.72967
104,1,0,2,1,0,93,1,6,6,3,4,1,1,1,0.40722
104,1,0,2,1,0,94,1,6,6,3,4,1,1,1,0.39146
104,1,0,2,1,0,95,7,6,6,6,4,2,2,1,0.46621
104,1,0,2,1,0,96,3,6,6,4,4,1,1,1,0.34644
104,1,0,2,1,0,97,1,6,6,3,4,1,1,1,0.43583
104,1,0,2,1,0,98,5,6,6,5,4,1,1,1,1.0257
104,1,0,2,1,0,99,5,6,6,5,4,1,1,1,0.4693
104,1,0,2,1,0,100,9,6,6,7,4,2,2,1,0.42091
104,1,0,2,1,0,101,9,6,6,7,4,2,2,1,0.40484
104,1,0,2,1,0,102,3,6,6,4,4,1,1,1,0.37122
104,1,0,2,1,0,103,3,6,6,4,4,1,1,1,0.43054
104,1,0,2,1,0,104,7,6,6,6,4,2,2,1,0.47248
104,1,0,2,1,0,105,11,6,6,8,4,2,2,1,0.45206
104,1,0,2,1,0,106,1,6,6,3,4,1,1,1,0.3855
104,1,0,2,1,0,107,11,6,6,8,4,2,2,1,0.37194
104,1,0,2,1,0,108,5,6,6,5,4,1,1,1,0.42752
104,1,0,2,1,0,109,5,6,6,5,4,1,1,1,0.53137
104,1,0,2,1,0,110,9,6,6,7,4,2,2,1,0.51004
104,1,0,2,1,0,111,1,6,6,3,4,1,1,1,0.45015
104,1,0,2,1,0,112,5,6,6,5,4,1,1,1,0.59578
104,1,0,2,1,0,113,9,6,6,7,4,2,2,1,0.47864
104,1,0,2,1,0,114,7,6,6,6,4,2,2,1,1.2339
104,1,0,2,1,0,115,9,6,6,7,4,2,1,0,0.44261
104,1,0,2,1,0,116,5,6,6,5,4,1,1,1,0.96174
104,1,0,2,1,0,117,3,6,6,4,4,1,1,1,0.45141
104,1,0,2,1,0,118,11,6,6,8,4,2,2,1,0.36044
104,1,0,2,1,0,119,3,6,6,4,4,1,1,1,0.40976
104,1,0,2,1,0,120,7,6,6,6,4,2,2,1,1.4504
104,1,0,2,4,1,1,7,6,6,6,4,2,2,1,0.56272
104,1,0,2,4,1,2,7,6,6,6,4,2,2,1,0.49252
104,1,0,2,4,1,3,11,6,6,8,4,2,2,1,0.45005
104,1,0,2,4,1,4,9,6,6,7,4,2,2,1,0.41744
104,1,0,2,4,1,5,4,6,8,4,4,1,1,1,0.36511
104,1,0,2,4,1,6,4,6,8,4,4,1,1,1,0.36661
104,1,0,2,4,1,7,11,6,6,8,4,2,2,1,0.5557
104,1,0,2,4,1,8,2,6,8,3,4,1,1,1,0.38477
104,1,0,2,4,1,9,4,6,8,4,4,1,1,1,0.36305
104,1,0,2,4,1,10,7,6,6,6,4,2,2,1,1.0632
104,1,0,2,4,1,11,11,6,6,8,4,2,1,0,0.51059
104,1,0,2,4,1,12,2,6,8,3,4,1,1,1,0.53121
104,1,0,2,4,1,13,9,6,6,7,4,2,2,1,0.53815
104,1,0,2,4,1,14,4,6,8,4,4,1,1,1,0.48033
104,1,0,2,4,1,15,6,6,8,5,4,1,1,1,0.37344
104,1,0,2,4,1,16,9,6,6,7,4,2,2,1,0.45564
104,1,0,2,4,1,17,11,6,6,8,4,2,2,1,0.46848
104,1,0,2,4,1,18,6,6,8,5,4,1,1,1,0.74284
104,1,0,2,4,1,19,6,6,8,5,4,1,1,1,0.50738
104,1,0,2,4,1,20,2,6,8,3,4,1,1,1,0.42521
104,1,0,2,4,1,21,6,6,8,5,4,1,1,1,0.45204
104,1,0,2,4,1,22,2,6,8,3,4,1,1,1,0.34471
104,1,0,2,4,1,23,9,6,6,7,4,2,2,1,0.39693
104,1,0,2,4,1,24,7,6,6,6,4,2,2,1,0.74549
104,1,0,2,4,0,1,2,6,8,3,4,1,1,1,0.49758
104,1,0,2,4,0,2,7,6,6,6,4,2,2,1,0.78274
104,1,0,2,4,0,3,2,6,8,3,4,1,1,1,0.47789
104,1,0,2,4,0,4,9,6,6,7,4,2,2,1,0.57653
104,1,0,2,4,0,5,4,6,8,4,4,1,1,1,0.49183
104,1,0,2,4,0,6,6,6,8,5,4,1,1,1,0.83099
104,1,0,2,4,0,7,4,6,8,4,4,1,1,1,0.72886
104,1,0,2,4,0,8,4,6,8,4,4,1,1,1,0.33767
104,1,0,2,4,0,9,7,6,6,6,4,2,2,1,0.76026
104,1,0,2,4,0,10,4,6,8,4,4,1,1,1,0.32143
104,1,0,2,4,0,11,9,6,6,7,4,2,2,1,0.44945
104,1,0,2,4,0,12,11,6,6,8,4,2,2,1,0.43801
104,1,0,2,4,0,13,11,6,6,8,4,2,2,1,0.44431
104,1,0,2,4,0,14,9,6,6,7,4,2,2,1,0.45481
104,1,0,2,4,0,15,2,6,8,3,4,1,1,1,0.31891
104,1,0,2,4,0,16,11,6,6,8,4,2,2,1,0.45671
104,1,0,2,4,0,17,7,6,6,6,4,2,2,1,0.81334
104,1,0,2,4,0,18,11,6,6,8,4,2,2,1,0.3574
104,1,0,2,4,0,19,6,6,8,5,4,1,1,1,0.34522
104,1,0,2,4,0,20,9,6,6,7,4,2,2,1,0.42107
104,1,0,2,4,0,21,7,6,6,6,4,2,2,1,0.70023
104,1,0,2,4,0,22,7,6,6,6,4,2,2,1,0.59492
104,1,0,2,4,0,23,6,6,8,5,4,1,1,1,0.83615
104,1,0,2,4,0,24,7,6,6,6,4,2,2,1,0.7824
104,1,0,2,4,0,25,6,6,8,5,4,1,1,1,0.56361
104,1,0,2,4,0,26,9,6,6,7,4,2,2,1,0.52705
104,1,0,2,4,0,27,9,6,6,7,4,2,2,1,0.58794
104,1,0,2,4,0,28,4,6,8,4,4,1,1,1,0.29982
104,1,0,2,4,0,29,7,6,6,6,4,2,2,1,0.50145
104,1,0,2,4,0,30,7,6,6,6,4,2,2,1,0.60697
104,1,0,2,4,0,31,11,6,6,8,4,2,2,1,0.58375
104,1,0,2,4,0,32,11,6,6,8,4,2,2,1,0.3954
104,1,0,2,4,0,33,11,6,6,8,4,2,2,1,0.34406
104,1,0,2,4,0,34,11,6,6,8,4,2,2,1,0.34794
104,1,0,2,4,0,35,2,6,8,3,4,1,1,1,0.48274
104,1,0,2,4,0,36,2,6,8,3,4,1,1,1,0.44938
104,1,0,2,4,0,37,6,6,8,5,4,1,1,1,0.70099
104,1,0,2,4,0,38,9,6,6,7,4,2,2,1,0.49935
104,1,0,2,4,0,39,4,6,8,4,4,1,1,1,0.47093
104,1,0,2,4,0,40,6,6,8,5,4,1,1,1,0.34504
104,1,0,2,4,0,41,2,6,8,3,4,1,1,1,0.36667
104,1,0,2,4,0,42,9,6,6,7,4,2,2,1,0.54079
104,1,0,2,4,0,43,11,6,6,8,4,2,2,1,0.43335
104,1,0,2,4,0,44,9,6,6,7,4,2,2,1,0.33922
104,1,0,2,4,0,45,2,6,8,3,4,1,1,1,0.45927
104,1,0,2,4,0,46,9,6,6,7,4,2,2,1,0.5871
104,1,0,2,4,0,47,7,6,6,6,4,2,2,1,0.74466
104,1,0,2,4,0,48,7,6,6,6,4,2,2,1,0.45851
104,1,0,2,4,0,49,7,6,6,6,4,2,2,1,0.45176
104,1,0,2,4,0,50,9,6,6,7,4,2,2,1,0.44899
104,1,0,2,4,0,51,4,6,8,4,4,1,1,1,0.46934
104,1,0,2,4,0,52,6,6,8,5,4,1,1,1,0.59257
104,1,0,2,4,0,53,2,6,8,3,4,1,1,1,0.48825
104,1,0,2,4,0,54,2,6,8,3,4,1,1,1,0.43752
104,1,0,2,4,0,55,6,6,8,5,4,1,1,1,0.88503
104,1,0,2,4,0,56,11,6,6,8,4,2,2,1,0.41876
104,1,0,2,4,0,57,11,6,6,8,4,2,2,1,0.37895
104,1,0,2,4,0,58,9,6,6,7,4,2,2,1,0.31983
104,1,0,2,4,0,59,4,6,8,4,4,1,2,0,0.268
104,1,0,2,4,0,60,11,6,6,8,4,2,2,1,0.41169
104,1,0,2,4,0,61,2,6,8,3,4,1,1,1,0.30303
104,1,0,2,4,0,62,7,6,6,6,4,2,2,1,0.56049
104,1,0,2,4,0,63,6,6,8,5,4,1,1,1,0.32806
104,1,0,2,4,0,64,4,6,8,4,4,1,1,1,0.38911
104,1,0,2,4,0,65,2,6,8,3,4,1,1,1,0.3676
104,1,0,2,4,0,66,2,6,8,3,4,1,1,1,0.36666
104,1,0,2,4,0,67,7,6,6,6,4,2,2,1,0.46498
104,1,0,2,4,0,68,6,6,8,5,4,1,1,1,1.0881
104,1,0,2,4,0,69,9,6,6,7,4,2,2,1,0.41047
104,1,0,2,4,0,70,2,6,8,3,4,1,1,1,0.40299
104,1,0,2,4,0,71,9,6,6,7,4,2,2,1,0.33917
104,1,0,2,4,0,72,6,6,8,5,4,1,1,1,0.49497
104,1,0,2,4,0,73,6,6,8,5,4,1,1,1,0.42597
104,1,0,2,4,0,74,9,6,6,7,4,2,2,1,0.42879
104,1,0,2,4,0,75,9,6,6,7,4,2,2,1,0.50813
104,1,0,2,4,0,76,2,6,8,3,4,1,1,1,0.36394
104,1,0,2,4,0,77,11,6,6,8,4,2,2,1,0.35023
104,1,0,2,4,0,78,6,6,8,5,4,1,1,1,0.44716
104,1,0,2,4,0,79,11,6,6,8,4,2,2,1,0.38448
104,1,0,2,4,0,80,4,6,8,4,4,1,1,1,0.44567
104,1,0,2,4,0,81,6,6,8,5,4,1,1,1,0.49043
104,1,0,2,4,0,82,11,6,6,8,4,2,2,1,0.63709
104,1,0,2,4,0,83,4,6,8,4,4,1,1,1,0.46251
104,1,0,2,4,0,84,2,6,8,3,4,1,1,1,0.38282
104,1,0,2,4,0,85,11,6,6,8,4,2,2,1,0.53132
104,1,0,2,4,0,86,7,6,6,6,4,2,2,1,0.56488
104,1,0,2,4,0,87,7,6,6,6,4,2,2,1,0.45801
104,1,0,2,4,0,88,2,6,8,3,4,1,1,1,0.26835
104,1,0,2,4,0,89,4,6,8,4,4,1,1,1,0.42968
104,1,0,2,4,0,90,2,6,8,3,4,1,1,1,0.44615
104,1,0,2,4,0,91,11,6,6,8,4,2,2,1,0.64515
104,1,0,2,4,0,92,6,6,8,5,4,1,1,1,0.72335
104,1,0,2,4,0,93,2,6,8,3,4,1,1,1,0.44175
104,1,0,2,4,0,94,4,6,8,4,4,1,1,1,0.596
104,1,0,2,4,0,95,4,6,8,4,4,1,1,1,0.35482
104,1,0,2,4,0,96,6,6,8,5,4,1,2,0,0.92546
104,1,0,2,4,0,97,9,6,6,7,4,2,2,1,0.78215
104,1,0,2,4,0,98,9,6,6,7,4,2,2,1,0.43455
104,1,0,2,4,0,99,4,6,8,4,4,1,1,1,0.44094
104,1,0,2,4,0,100,11,6,6,8,4,2,2,1,0.39035
104,1,0,2,4,0,101,6,6,8,5,4,1,1,1,1.004
104,1,0,2,4,0,102,2,6,8,3,4,1,1,1,0.51711
104,1,0,2,4,0,103,7,6,6,6,4,2,2,1,0.53502
104,1,0,2,4,0,104,4,6,8,4,4,1,1,1,0.55839
104,1,0,2,4,0,105,4,6,8,4,4,1,1,1,0.44998
104,1,0,2,4,0,106,11,6,6,8,4,2,2,1,0.81277
104,1,0,2,4,0,107,7,6,6,6,4,2,2,1,0.75776
104,1,0,2,4,0,108,9,6,6,7,4,2,2,1,0.45177
104,1,0,2,4,0,109,4,6,8,4,4,1,1,1,0.52155
104,1,0,2,4,0,110,6,6,8,5,4,1,1,1,0.41848
104,1,0,2,4,0,111,9,6,6,7,4,2,2,1,0.38727
104,1,0,2,4,0,112,7,6,6,6,4,2,2,1,0.60423
104,1,0,2,4,0,113,6,6,8,5,4,1,1,1,0.43919
104,1,0,2,4,0,114,4,6,8,4,4,1,1,1,0.446
104,1,0,2,4,0,115,11,6,6,8,4,2,2,1,0.57279
104,1,0,2,4,0,116,6,6,8,5,4,1,1,1,0.5587
104,1,0,2,4,0,117,2,6,8,3,4,1,1,1,0.36531
104,1,0,2,4,0,118,7,6,6,6,4,2,2,1,0.47876
104,1,0,2,4,0,119,4,6,8,4,4,1,1,1,0.45046
104,1,0,2,4,0,120,7,6,6,6,4,2,2,1,0.58692
104,1,0,2,3,1,1,12,6,8,8,4,2,2,1,0.56883
104,1,0,2,3,1,2,10,6,8,7,4,2,2,1,0.43984
104,1,0,2,3,1,3,12,6,8,8,4,2,2,1,0.37343
104,1,0,2,3,1,4,8,6,8,6,4,2,2,1,0.69915
104,1,0,2,3,1,5,5,6,6,5,4,1,1,1,0.89409
104,1,0,2,3,1,6,10,6,8,7,4,2,2,1,0.42339
104,1,0,2,3,1,7,3,6,6,4,4,1,1,1,0.492
104,1,0,2,3,1,8,3,6,6,4,4,1,1,1,0.53259
104,1,0,2,3,1,9,1,6,6,3,4,1,1,1,0.44494
104,1,0,2,3,1,10,5,6,6,5,4,1,1,1,0.49875
104,1,0,2,3,1,11,12,6,8,8,4,2,2,1,0.43838
104,1,0,2,3,1,12,12,6,8,8,4,2,2,1,0.54845
104,1,0,2,3,1,13,1,6,6,3,4,1,1,1,0.48248
104,1,0,2,3,1,14,3,6,6,4,4,1,1,1,0.39178
104,1,0,2,3,1,15,8,6,8,6,4,2,2,1,0.48354
104,1,0,2,3,1,16,10,6,8,7,4,2,2,1,0.50858
104,1,0,2,3,1,17,1,6,6,3,4,1,1,1,0.46626
104,1,0,2,3,1,18,5,6,6,5,4,1,1,1,1.0874
104,1,0,2,3,1,19,10,6,8,7,4,2,2,1,0.4432
104,1,0,2,3,1,20,3,6,6,4,4,1,1,1,0.37959
104,1,0,2,3,1,21,5,6,6,5,4,1,1,1,1.0281
104,1,0,2,3,1,22,8,6,8,6,4,2,2,1,1.6976
104,1,0,2,3,1,23,8,6,8,6,4,2,2,1,0.52045
104,1,0,2,3,1,24,1,6,6,3,4,1,1,1,0.40062
104,1,0,2,3,0,1,12,6,8,8,4,2,2,1,0.61315
104,1,0,2,3,0,2,8,6,8,6,4,2,2,1,0.68793
104,1,0,2,3,0,3,12,6,8,8,4,2,2,1,0.3543
104,1,0,2,3,0,4,8,6,8,6,4,2,2,1,0.45165
104,1,0,2,3,0,5,8,6,8,6,4,2,2,1,0.36899
104,1,0,2,3,0,6,1,6,6,3,4,1,1,1,0.38206
104,1,0,2,3,0,7,8,6,8,6,4,2,2,1,0.58075
104,1,0,2,3,0,8,5,6,6,5,4,1,1,1,2.6709
104,1,0,2,3,0,9,1,6,6,3,4,1,1,1,0.48418
104,1,0,2,3,0,10,12,6,8,8,4,2,2,1,0.41023
104,1,0,2,3,0,11,5,6,6,5,4,1,1,1,0.72381
104,1,0,2,3,0,12,3,6,6,4,4,1,1,1,0.44391
104,1,0,2,3,0,13,3,6,6,4,4,1,1,1,0.29949
104,1,0,2,3,0,14,5,6,6,5,4,1,1,1,0.60148
104,1,0,2,3,0,15,1,6,6,3,4,1,1,1,0.37379
104,1,0,2,3,0,16,12,6,8,8,4,2,2,1,0.34818
104,1,0,2,3,0,17,12,6,8,8,4,2,2,1,0.42942
104,1,0,2,3,0,18,5,6,6,5,4,1,1,1,0.40266
104,1,0,2,3,0,19,10,6,8,7,4,2,2,1,0.45026
104,1,0,2,3,0,20,8,6,8,6,4,2,2,1,0.60262
104,1,0,2,3,0,21,5,6,6,5,4,1,1,1,0.44828
104,1,0,2,3,0,22,1,6,6,3,4,1,1,1,0.44258
104,1,0,2,3,0,23,12,6,8,8,4,2,2,1,0.46715
104,1,0,2,3,0,24,10,6,8,7,4,2,2,1,0.4333
104,1,0,2,3,0,25,8,6,8,6,4,2,2,1,0.51884
104,1,0,2,3,0,26,12,6,8,8,4,2,2,1,0.43445
104,1,0,2,3,0,27,3,6,6,4,4,1,1,1,0.40984
104,1,0,2,3,0,28,1,6,6,3,4,1,1,1,0.38334
104,1,0,2,3,0,29,3,6,6,4,4,1,1,1,0.36274
104,1,0,2,3,0,30,12,6,8,8,4,2,2,1,0.50658
104,1,0,2,3,0,31,5,6,6,5,4,1,1,1,0.42291
104,1,0,2,3,0,32,10,6,8,7,4,2,2,1,0.58229
104,1,0,2,3,0,33,8,6,8,6,4,2,2,1,1.1323
104,1,0,2,3,0,34,5,6,6,5,4,1,1,1,0.54293
104,1,0,2,3,0,35,3,6,6,4,4,1,1,1,0.45001
104,1,0,2,3,0,36,3,6,6,4,4,1,1,1,0.45179
104,1,0,2,3,0,37,8,6,8,6,4,2,2,1,0.50076
104,1,0,2,3,0,38,10,6,8,7,4,2,2,1,0.57695
104,1,0,2,3,0,39,1,6,6,3,4,1,1,1,0.52219
104,1,0,2,3,0,40,1,6,6,3,4,1,1,1,0.56487
104,1,0,2,3,0,41,3,6,6,4,4,1,1,1,0.50034
104,1,0,2,3,0,42,1,6,6,3,4,1,1,1,0.29928
104,1,0,2,3,0,43,1,6,6,3,4,1,1,1,0.34476
104,1,0,2,3,0,44,8,6,8,6,4,2,2,1,0.58143
104,1,0,2,3,0,45,1,6,6,3,4,1,1,1,0.39155
104,1,0,2,3,0,46,1,6,6,3,4,1,1,1,0.4633
104,1,0,2,3,0,47,10,6,8,7,4,2,2,1,0.68501
104,1,0,2,3,0,48,3,6,6,4,4,1,1,1,0.72276
104,1,0,2,3,0,49,8,6,8,6,4,2,2,1,0.53394
104,1,0,2,3,0,50,10,6,8,7,4,2,2,1,0.64816
104,1,0,2,3,0,51,5,6,6,5,4,1,1,1,0.56253
104,1,0,2,3,0,52,3,6,6,4,4,1,1,1,0.52023
104,1,0,2,3,0,53,5,6,6,5,4,1,1,1,0.55119
104,1,0,2,3,0,54,8,6,8,6,4,2,2,1,0.85432
104,1,0,2,3,0,55,10,6,8,7,4,2,1,0,0.77654
104,1,0,2,3,0,56,3,6,6,4,4,1,1,1,0.62252
104,1,0,2,3,0,57,3,6,6,4,4,1,1,1,0.44433
104,1,0,2,3,0,58,1,6,6,3,4,1,1,1,0.4027
104,1,0,2,3,0,59,1,6,6,3,4,1,1,1,0.40857
104,1,0,2,3,0,60,12,6,8,8,4,2,2,1,0.55056
104,1,0,2,3,0,61,3,6,6,4,4,1,1,1,0.43482
104,1,0,2,3,0,62,5,6,6,5,4,1,1,1,0.47064
104,1,0,2,3,0,63,12,6,8,8,4,2,2,1,0.41924
104,1,0,2,3,0,64,10,6,8,7,4,2,2,1,0.35615
104,1,0,2,3,0,65,10,6,8,7,4,2,2,1,0.37076
104,1,0,2,3,0,66,1,6,6,3,4,1,1,1,0.5257
104,1,0,2,3,0,67,8,6,8,6,4,2,2,1,0.40533
104,1,0,2,3,0,68,12,6,8,8,4,2,2,1,0.50889
104,1,0,2,3,0,69,8,6,8,6,4,2,2,1,0.44126
104,1,0,2,3,0,70,3,6,6,4,4,1,1,1,0.34655
104,1,0,2,3,0,71,10,6,8,7,4,2,2,1,0.81415
104,1,0,2,3,0,72,12,6,8,8,4,2,2,1,0.42409
104,1,0,2,3,0,73,10,6,8,7,4,2,2,1,0.46359
104,1,0,2,3,0,74,10,6,8,7,4,2,2,1,0.4759
104,1,0,2,3,0,75,3,6,6,4,4,1,1,1,0.497
104,1,0,2,3,0,76,8,6,8,6,4,2,2,1,0.6337
104,1,0,2,3,0,77,10,6,8,7,4,2,2,1,0.53764
104,1,0,2,3,0,78,3,6,6,4,4,1,1,1,0.33322
104,1,0,2,3,0,79,5,6,6,5,4,1,1,1,0.50912
104,1,0,2,3,0,80,1,6,6,3,4,1,1,1,0.45539
104,1,0,2,3,0,81,5,6,6,5,4,1,1,1,0.562
104,1,0,2,3,0,82,12,6,8,8,4,2,2,1,0.51082
104,1,0,2,3,0,83,5,6,6,5,4,1,1,1,1.0405
104,1,0,2,3,0,84,8,6,8,6,4,2,2,1,0.74602
104,1,0,2,3,0,85,5,6,6,5,4,1,1,1,0.90525
104,1,0,2,3,0,86,10,6,8,7,4,2,2,1,0.38066
104,1,0,2,3,0,87,1,6,6,3,4,1,1,1,0.53412
104,1,0,2,3,0,88,3,6,6,4,4,1,1,1,0.59138
104,1,0,2,3,0,89,12,6,8,8,4,2,2,1,0.45361
104,1,0,2,3,0,90,12,6,8,8,4,2,2,1,0.5985
104,1,0,2,3,0,91,12,6,8,8,4,2,2,1,0.68078
104,1,0,2,3,0,92,10,6,8,7,4,2,2,1,0.59669
104,1,0,2,3,0,93,3,6,6,4,4,1,1,1,0.61039
104,1,0,2,3,0,94,5,6,6,5,4,1,1,1,0.88992
104,1,0,2,3,0,95,3,6,6,4,4,1,1,1,0.53351
104,1,0,2,3,0,96,3,6,6,4,4,1,1,1,0.49787
104,1,0,2,3,0,97,10,6,8,7,4,2,2,1,0.48146
104,1,0,2,3,0,98,5,6,6,5,4,1,2,0,0.9273
104,1,0,2,3,0,99,12,6,8,8,4,2,2,1,0.51927
104,1,0,2,3,0,100,8,6,8,6,4,2,2,1,0.94085
104,1,0,2,3,0,101,5,6,6,5,4,1,1,1,0.52702
104,1,0,2,3,0,102,10,6,8,7,4,2,2,1,0.36232
104,1,0,2,3,0,103,5,6,6,5,4,1,1,1,0.49301
104,1,0,2,3,0,104,12,6,8,8,4,2,2,1,0.42314
104,1,0,2,3,0,105,1,6,6,3,4,1,1,1,0.42541
104,1,0,2,3,0,106,8,6,8,6,4,2,2,1,0.64901
104,1,0,2,3,0,107,12,6,8,8,4,2,2,1,0.49066
104,1,0,2,3,0,108,5,6,6,5,4,1,1,1,0.51047
104,1,0,2,3,0,109,1,6,6,3,4,1,1,1,0.43543
104,1,0,2,3,0,110,1,6,6,3,4,1,1,1,0.47405
104,1,0,2,3,0,111,10,6,8,7,4,2,2,1,0.3732
104,1,0,2,3,0,112,5,6,6,5,4,1,1,1,0.75923
104,1,0,2,3,0,113,8,6,8,6,4,2,2,1,0.87244
104,1,0,2,3,0,114,3,6,6,4,4,1,1,1,0.37306
104,1,0,2,3,0,115,1,6,6,3,4,1,1,1,0.71236
104,1,0,2,3,0,116,12,6,8,8,4,2,2,1,0.74528
104,1,0,2,3,0,117,10,6,8,7,4,2,2,1,0.51024
104,1,0,2,3,0,118,10,6,8,7,4,2,2,1,0.49717
104,1,0,2,3,0,119,8,6,8,6,4,2,2,1,0.89184
104,1,0,2,3,0,120,8,6,8,6,4,2,2,1,0.58578
104,1,0,2,5,1,1,3,6,6,4,4,1,1,1,0.7204
104,1,0,2,5,1,2,2,6,8,3,4,1,1,1,0.47235
104,1,0,2,5,1,3,4,6,8,4,4,1,1,1,0.3572
104,1,0,2,5,1,4,9,6,6,7,4,2,2,1,0.50472
104,1,0,2,5,1,5,4,6,8,4,4,1,1,1,0.52619
104,1,0,2,5,1,6,11,6,6,8,4,2,2,1,0.4029
104,1,0,2,5,1,7,9,6,6,7,4,2,2,1,0.45206
104,1,0,2,5,1,8,7,6,6,6,4,2,2,1,1.2339
104,1,0,2,5,1,9,1,6,6,3,4,1,1,1,0.28016
104,1,0,2,5,1,10,1,6,6,3,4,1,1,1,0.39376
104,1,0,2,5,1,11,12,6,8,8,4,2,2,1,0.67057
104,1,0,2,5,1,12,2,6,8,3,4,1,1,1,0.40966
104,1,0,2,5,1,13,12,6,8,8,4,2,2,1,0.46546
104,1,0,2,5,1,14,11,6,6,8,4,2,2,1,0.42896
104,1,0,2,5,1,15,6,6,8,5,4,1,1,1,0.37833
104,1,0,2,5,1,16,10,6,8,7,4,2,2,1,0.42637
104,1,0,2,5,1,17,5,6,6,5,4,1,1,1,0.55897
104,1,0,2,5,1,18,8,6,8,6,4,2,2,1,1.2065
104,1,0,2,5,1,19,7,6,6,6,4,2,2,1,0.92716
104,1,0,2,5,1,20,5,6,6,5,4,1,1,1,0.48565
104,1,0,2,5,1,21,3,6,6,4,4,1,1,1,0.60605
104,1,0,2,5,1,22,8,6,8,6,4,2,2,1,0.77189
104,1,0,2,5,1,23,10,6,8,7,4,2,2,1,0.51343
104,1,0,2,5,1,24,6,6,8,5,4,1,1,1,0.35049
104,1,0,2,5,0,1,7,6,6,6,4,2,2,1,2.5211
104,1,0,2,5,0,2,8,6,8,6,4,2,2,1,1.2389
104,1,0,2,5,0,3,9,6,6,7,4,2,2,1,2.0937
104,1,0,2,5,0,4,9,6,6,7,4,2,2,1,0.59405
104,1,0,2,5,0,5,10,6,8,7,4,2,2,1,0.46845
104,1,0,2,5,0,6,6,6,8,5,4,1,1,1,0.48439
104,1,0,2,5,0,7,12,6,8,8,4,2,2,1,0.43884
104,1,0,2,5,0,8,6,6,8,5,4,1,1,1,0.45579
104,1,0,2,5,0,9,3,6,6,4,4,1,1,1,0.32099
104,1,0,2,5,0,10,6,6,8,5,4,1,1,1,0.33587
104,1,0,2,5,0,11,7,6,6,6,4,2,1,0,1.7173
104,1,0,2,5,0,12,1,6,6,3,4,1,1,1,0.63274
104,1,0,2,5,0,13,1,6,6,3,4,1,1,1,0.48753
104,1,0,2,5,0,14,8,6,8,6,4,2,2,1,0.76019
104,1,0,2,5,0,15,10,6,8,7,4,2,2,1,0.49558
104,1,0,2,5,0,16,2,6,8,3,4,1,1,1,0.5821
104,1,0,2,5,0,17,9,6,6,7,4,2,2,1,0.49895
104,1,0,2,5,0,18,1,6,6,3,4,1,1,1,0.45023
104,1,0,2,5,0,19,9,6,6,7,4,2,2,1,0.7566
104,1,0,2,5,0,20,9,6,6,7,4,2,2,1,0.41998
104,1,0,2,5,0,21,6,6,8,5,4,1,1,1,0.49023
104,1,0,2,5,0,22,9,6,6,7,4,2,2,1,0.50147
104,1,0,2,5,0,23,2,6,8,3,4,1,1,1,0.39391
104,1,0,2,5,0,24,2,6,8,3,4,1,1,1,0.42897
104,1,0,2,5,0,25,5,6,6,5,4,1,1,1,1.1326
104,1,0,2,5,0,26,5,6,6,5,4,1,1,1,0.50706
104,1,0,2,5,0,27,6,6,8,5,4,1,1,1,0.42608
104,1,0,2,5,0,28,12,6,8,8,4,2,2,1,0.60458
104,1,0,2,5,0,29,8,6,8,6,4,2,1,0,0.51585
104,1,0,2,5,0,30,12,6,8,8,4,2,2,1,0.98482
104,1,0,2,5,0,31,12,6,8,8,4,2,2,1,0.46232
104,1,0,2,5,0,32,11,6,6,8,4,2,2,1,0.48434
104,1,0,2,5,0,33,8,6,8,6,4,2,1,0,0.4895
104,1,0,2,5,0,34,1,6,6,3,4,1,1,1,0.56855
104,1,0,2,5,0,35,7,6,6,6,4,2,2,1,0.61862
104,1,0,2,5,0,36,1,6,6,3,4,1,1,1,0.37137
104,1,0,2,5,0,37,2,6,8,3,4,1,1,1,0.39493
104,1,0,2,5,0,38,11,6,6,8,4,2,2,1,0.80408
104,1,0,2,5,0,39,1,6,6,3,4,1,1,1,1.894
104,1,0,2,5,0,40,7,6,6,6,4,2,2,1,0.45306
104,1,0,2,5,0,41,9,6,6,7,4,2,2,1,0.48278
104,1,0,2,5,0,42,8,6,8,6,4,2,2,1,0.58509
104,1,0,2,5,0,43,5,6,6,5,4,1,1,1,0.32139
104,1,0,2,5,0,44,12,6,8,8,4,2,2,1,0.40295
104,1,0,2,5,0,45,12,6,8,8,4,2,2,1,0.55994
104,1,0,2,5,0,46,12,6,8,8,4,2,2,1,0.42041
104,1,0,2,5,0,47,4,6,8,4,4,1,1,1,0.35502
104,1,0,2,5,0,48,7,6,6,6,4,2,2,1,0.93428
104,1,0,2,5,0,49,11,6,6,8,4,2,2,1,0.47791
104,1,0,2,5,0,50,11,6,6,8,4,2,2,1,0.35064
104,1,0,2,5,0,51,3,6,6,4,4,1,1,1,0.41065
104,1,0,2,5,0,52,5,6,6,5,4,1,1,1,0.54183
104,1,0,2,5,0,53,11,6,6,8,4,2,2,1,0.59793
104,1,0,2,5,0,54,5,6,6,5,4,1,1,1,0.49332
104,1,0,2,5,0,55,3,6,6,4,4,1,1,1,0.46062
104,1,0,2,5,0,56,6,6,8,5,4,1,1,1,0.44189
104,1,0,2,5,0,57,6,6,8,5,4,1,1,1,0.39035
104,1,0,2,5,0,58,3,6,6,4,4,1,1,1,0.44189
104,1,0,2,5,0,59,11,6,6,8,4,2,2,1,0.66281
104,1,0,2,5,0,60,10,6,8,7,4,2,2,1,0.49607
104,1,0,2,5,0,61,1,6,6,3,4,1,1,1,0.50849
104,1,0,2,5,0,62,2,6,8,3,4,1,1,1,0.93963
104,1,0,2,5,0,63,4,6,8,4,4,1,1,1,0.46874
104,1,0,2,5,0,64,4,6,8,4,4,1,1,1,0.40279
104,1,0,2,5,0,65,3,6,6,4,4,1,1,1,0.44536
104,1,0,2,5,0,66,9,6,6,7,4,2,2,1,0.69065
104,1,0,2,5,0,67,9,6,6,7,4,2,2,1,0.81238
104,1,0,2,5,0,68,2,6,8,3,4,1,1,1,0.6832
104,1,0,2,5,0,69,2,6,8,3,4,1,1,1,0.47051
104,1,0,2,5,0,70,7,6,6,6,4,2,2,1,0.71477
104,1,0,2,5,0,71,3,6,6,4,4,1,1,1,0.4226
104,1,0,2,5,0,72,10,6,8,7,4,2,2,1,0.32835
104,1,0,2,5,0,73,4,6,8,4,4,1,1,1,0.43369
104,1,0,2,5,0,74,10,6,8,7,4,2,2,1,0.52863
104,1,0,2,5,0,75,12,6,8,8,4,2,2,1,0.43281
104,1,0,2,5,0,76,5,6,6,5,4,1,1,1,0.37497
104,1,0,2,5,0,77,11,6,6,8,4,2,2,1,0.57546
104,1,0,2,5,0,78,10,6,8,7,4,2,2,1,0.38523
104,1,0,2,5,0,79,4,6,8,4,4,1,1,1,0.45169
104,1,0,2,5,0,80,3,6,6,4,4,1,1,1,0.55288
104,1,0,2,5,0,81,7,6,6,6,4,2,2,1,0.69635
104,1,0,2,5,0,82,10,6,8,7,4,2,2,1,0.35805
104,1,0,2,5,0,83,2,6,8,3,4,1,2,0,0.76604
104,1,0,2,5,0,84,10,6,8,7,4,2,1,0,0.4271
104,1,0,2,5,0,85,8,6,8,6,4,2,2,1,0.48186
104,1,0,2,5,0,86,5,6,6,5,4,1,2,0,0.38152
104,1,0,2,5,0,87,12,6,8,8,4,2,2,1,0.40648
104,1,0,2,5,0,88,11,6,6,8,4,2,2,1,0.38904
104,1,0,2,5,0,89,4,6,8,4,4,1,1,1,0.51052
104,1,0,2,5,0,90,7,6,6,6,4,2,2,1,1.0361
104,1,0,2,5,0,91,6,6,8,5,4,1,1,1,0.26549
104,1,0,2,5,0,92,10,6,8,7,4,2,2,1,0.48325
104,1,0,2,5,0,93,11,6,6,8,4,2,2,1,0.50007
104,1,0,2,5,0,94,7,6,6,6,4,2,1,0,0.78803
104,1,0,2,5,0,95,3,6,6,4,4,1,1,1,0.54912
104,1,0,2,5,0,96,9,6,6,7,4,2,2,1,0.39142
104,1,0,2,5,0,97,5,6,6,5,4,1,1,1,0.47432
104,1,0,2,5,0,98,8,6,8,6,4,2,2,1,0.73678
104,1,0,2,5,0,99,10,6,8,7,4,2,2,1,0.58518
104,1,0,2,5,0,100,11,6,6,8,4,2,2,1,0.69281
104,1,0,2,5,0,101,1,6,6,3,4,1,1,1,0.56482
104,1,0,2,5,0,102,4,6,8,4,4,1,1,1,0.52082
104,1,0,2,5,0,103,8,6,8,6,4,2,2,1,0.60331
104,1,0,2,5,0,104,8,6,8,6,4,2,2,1,0.42608
104,1,0,2,5,0,105,4,6,8,4,4,1,1,1,0.4362
104,1,0,2,5,0,106,6,6,8,5,4,1,1,1,0.3377
104,1,0,2,5,0,107,2,6,8,3,4,1,1,1,0.36242
104,1,0,2,5,0,108,1,6,6,3,4,1,1,1,0.41389
104,1,0,2,5,0,109,1,6,6,3,4,1,1,1,0.38873
104,1,0,2,5,0,110,2,6,8,3,4,1,1,1,0.30087
104,1,0,2,5,0,111,6,6,8,5,4,1,1,1,0.47095
104,1,0,2,5,0,112,12,6,8,8,4,2,2,1,0.404
104,1,0,2,5,0,113,4,6,8,4,4,1,1,1,0.47786
104,1,0,2,5,0,114,3,6,6,4,4,1,1,1,0.62278
104,1,0,2,5,0,115,5,6,6,5,4,1,1,1,2.7886
104,1,0,2,5,0,116,3,6,6,4,4,1,1,1,0.50771
104,1,0,2,5,0,117,5,6,6,5,4,1,1,1,0.46619
104,1,0,2,5,0,118,4,6,8,4,4,1,1,1,0.40634
104,1,0,2,5,0,119,8,6,8,6,4,2,1,0,0.63016
104,1,0,2,5,0,120,7,6,6,6,4,2,2,1,1.4583
104,1,0,2,6,0,1,5,6,6,5,4,1,1,1,1.4584
104,1,0,2,6,0,2,6,6,8,5,4,1,1,1,0.51695
104,1,0,2,6,0,3,8,6,8,6,4,2,2,1,1.5478
104,1,0,2,6,0,4,7,6,6,6,4,2,2,1,0.40652
104,1,0,2,6,0,5,1,6,6,3,4,1,1,1,0.29617
104,1,0,2,6,0,6,8,6,8,6,4,2,2,1,1.4055
104,1,0,2,6,0,7,1,6,6,3,4,1,1,1,0.34665
104,1,0,2,6,0,8,6,6,8,5,4,1,1,1,0.68335
104,1,0,2,6,0,9,1,6,6,3,4,1,1,1,0.36015
104,1,0,2,6,0,10,5,6,6,5,4,1,1,1,0.4121
104,1,0,2,6,0,11,10,6,8,7,4,2,2,1,0.4101
104,1,0,2,6,0,12,4,6,8,4,4,1,1,1,0.43348
104,1,0,2,6,0,13,11,6,6,8,4,2,2,1,0.53365
104,1,0,2,6,0,14,11,6,6,8,4,2,2,1,0.34927
104,1,0,2,6,0,15,10,6,8,7,4,2,2,1,0.58643
104,1,0,2,6,0,16,5,6,6,5,4,1,1,1,0.46686
104,1,0,2,6,0,17,12,6,8,8,4,2,2,1,0.32597
104,1,0,2,6,0,18,3,6,6,4,4,1,1,1,0.3795
104,1,0,2,6,0,19,10,6,8,7,4,2,2,1,0.51799
104,1,0,2,6,0,20,7,6,6,6,4,2,2,1,0.79935
104,1,0,2,6,0,21,7,6,6,6,4,2,2,1,0.56388
104,1,0,2,6,0,22,1,6,6,3,4,1,1,1,0.41211
104,1,0,2,6,0,23,5,6,6,5,4,1,1,1,0.40551
104,1,0,2,6,0,24,4,6,8,4,4,1,1,1,0.5602
104,1,0,2,6,0,25,5,6,6,5,4,1,1,1,0.52154
104,1,0,2,6,0,26,11,6,6,8,4,2,2,1,0.42347
104,1,0,2,6,0,27,12,6,8,8,4,2,2,1,0.39324
104,1,0,2,6,0,28,2,6,8,3,4,1,1,1,0.34842
104,1,0,2,6,0,29,1,6,6,3,4,1,1,1,0.33685
104,1,0,2,6,0,30,8,6,8,6,4,2,1,0,0.46031
104,1,0,2,6,0,31,3,6,6,4,4,1,1,1,0.56436
104,1,0,2,6,0,32,3,6,6,4,4,1,1,1,0.36083
104,1,0,2,6,0,33,11,6,6,8,4,2,2,1,0.46764
104,1,0,2,6,0,34,7,6,6,6,4,2,2,1,1.1191
104,1,0,2,6,0,35,10,6,8,7,4,2,2,1,0.39074
104,1,0,2,6,0,36,12,6,8,8,4,2,2,1,0.3682
104,1,0,2,6,0,37,11,6,6,8,4,2,2,1,0.43431
104,1,0,2,6,0,38,2,6,8,3,4,1,1,1,0.45117
104,1,0,2,6,0,39,1,6,6,3,4,1,1,1,0.46026
104,1,0,2,6,0,40,8,6,8,6,4,2,2,1,1.2997
104,1,0,2,6,0,41,10,6,8,7,4,2,1,0,0.60257
104,1,0,2,6,0,42,2,6,8,3,4,1,2,0,0.57115
104,1,0,2,6,0,43,12,6,8,8,4,2,2,1,0.64868
104,1,0,2,6,0,44,11,6,6,8,4,2,2,1,0.42217
104,1,0,2,6,0,45,12,6,8,8,4,2,2,1,0.3862
104,1,0,2,6,0,46,9,6,6,7,4,2,2,1,0.67396
104,1,0,2,6,0,47,5,6,6,5,4,1,1,1,0.67956
104,1,0,2,6,0,48,3,6,6,4,4,1,1,1,0.48647
104,1,0,2,6,0,49,2,6,8,3,4,1,1,1,0.34674
104,1,0,2,6,0,50,12,6,8,8,4,2,2,1,0.45957
104,1,0,2,6,0,51,1,6,6,3,4,1,1,1,0.39086
104,1,0,2,6,0,52,9,6,6,7,4,2,2,1,0.48967
104,1,0,2,6,0,53,4,6,8,4,4,1,1,1,0.38352
104,1,0,2,6,0,54,5,6,6,5,4,1,1,1,0.62378
104,1,0,2,6,0,55,11,6,6,8,4,2,2,1,0.55751
104,1,0,2,6,0,56,4,6,8,4,4,1,1,1,0.49672
104,1,0,2,6,0,57,3,6,6,4,4,1,1,1,0.49069
104,1,0,2,6,0,58,7,6,6,6,4,2,2,1,1.4209
104,1,0,2,6,0,59,5,6,6,5,4,1,1,1,0.48515
104,1,0,2,6,0,60,2,6,8,3,4,1,1,1,0.38767
104,1,0,2,6,0,61,4,6,8,4,4,1,1,1,0.42792
104,1,0,2,6,0,62,10,6,8,7,4,2,2,1,0.59947
104,1,0,2,6,0,63,6,6,8,5,4,1,1,1,0.42605
104,1,0,2,6,0,64,9,6,6,7,4,2,2,1,0.69517
104,1,0,2,6,0,65,9,6,6,7,4,2,2,1,0.53415
104,1,0,2,6,0,66,9,6,6,7,4,2,2,1,0.58243
104,1,0,2,6,0,67,8,6,8,6,4,2,1,0,0.48779
104,1,0,2,6,0,68,4,6,8,4,4,1,1,1,0.41011
104,1,0,2,6,0,69,2,6,8,3,4,1,1,1,0.41284
104,1,0,2,6,0,70,11,6,6,8,4,2,2,1,0.4981
104,1,0,2,6,0,71,9,6,6,7,4,2,2,1,0.67713
104,1,0,2,6,0,72,2,6,8,3,4,1,1,1,0.37443
104,1,0,2,6,0,73,8,6,8,6,4,2,2,1,0.75742
104,1,0,2,6,0,74,2,6,8,3,4,1,1,1,0.4881
104,1,0,2,6,0,75,2,6,8,3,4,1,1,1,0.39572
104,1,0,2,6,0,76,8,6,8,6,4,2,2,1,0.41244
104,1,0,2,6,0,77,5,6,6,5,4,1,1,1,0.74358
104,1,0,2,6,0,78,6,6,8,5,4,1,1,1,0.45202
104,1,0,2,6,0,79,8,6,8,6,4,2,2,1,0.88261
104,1,0,2,6,0,80,10,6,8,7,4,2,2,1,0.49806
104,1,0,2,6,0,81,10,6,8,7,4,2,2,1,0.39741
104,1,0,2,6,0,82,7,6,6,6,4,2,2,1,0.60687
104,1,0,2,6,0,83,5,6,6,5,4,1,1,1,0.52014
104,1,0,2,6,0,84,1,6,6,3,4,1,1,1,0.61688
104,1,0,2,6,0,85,8,6,8,6,4,2,2,1,0.54878
104,1,0,2,6,0,86,1,6,6,3,4,1,1,1,0.36717
104,1,0,2,6,0,87,6,6,8,5,4,1,1,1,1.2145
104,1,0,2,6,0,88,7,6,6,6,4,2,2,1,0.61786
104,1,0,2,6,0,89,12,6,8,8,4,2,2,1,0.46413
104,1,0,2,6,0,90,2,6,8,3,4,1,1,1,0.36342
104,1,0,2,6,0,91,8,6,8,6,4,2,2,1,0.746
104,1,0,2,6,0,92,6,6,8,5,4,1,1,1,0.91183
104,1,0,2,6,0,93,1,6,6,3,4,1,1,1,0.47979
104,1,0,2,6,0,94,6,6,8,5,4,1,1,1,0.38876
104,1,0,2,6,0,95,3,6,6,4,4,1,1,1,0.68941
104,1,0,2,6,0,96,12,6,8,8,4,2,2,1,0.59733
104,1,0,2,6,0,97,10,6,8,7,4,2,2,1,0.46825
104,1,0,2,6,0,98,7,6,6,6,4,2,2,1,1.0064
104,1,0,2,6,0,99,9,6,6,7,4,2,2,1,0.63163
104,1,0,2,6,0,100,11,6,6,8,4,2,2,1,0.56892
104,1,0,2,6,0,101,4,6,8,4,4,1,1,1,0.58247
104,1,0,2,6,0,102,11,6,6,8,4,2,2,1,0.64325
104,1,0,2,6,0,103,3,6,6,4,4,1,1,1,0.60378
104,1,0,2,6,0,104,6,6,8,5,4,1,1,1,0.46219
104,1,0,2,6,0,105,9,6,6,7,4,2,2,1,0.42236
104,1,0,2,6,0,106,3,6,6,4,4,1,1,1,0.32341
104,1,0,2,6,0,107,10,6,8,7,4,2,2,1,0.46139
104,1,0,2,6,0,108,12,6,8,8,4,2,2,1,0.41532
104,1,0,2,6,0,109,3,6,6,4,4,1,1,1,0.41598
104,1,0,2,6,0,110,9,6,6,7,4,2,2,1,0.47264
104,1,0,2,6,0,111,6,6,8,5,4,1,1,1,0.41742
104,1,0,2,6,0,112,3,6,6,4,4,1,1,1,0.44499
104,1,0,2,6,0,113,7,6,6,6,4,2,2,1,0.99894
104,1,0,2,6,0,114,12,6,8,8,4,2,2,1,0.40319
104,1,0,2,6,0,115,9,6,6,7,4,2,2,1,0.43417
104,1,0,2,6,0,116,6,6,8,5,4,1,1,1,0.45298
104,1,0,2,6,0,117,4,6,8,4,4,1,1,1,0.50724
104,1,0,2,6,0,118,4,6,8,4,4,1,1,1,0.41618
104,1,0,2,6,0,119,4,6,8,4,4,1,1,1,0.44409
104,1,0,2,6,0,120,7,6,6,6,4,2,2,1,0.54537
