102,1,0,3,2,1,1,8,6,8,6,4,2,2,1,0.65162
102,1,0,3,2,1,2,4,6,8,4,4,1,1,1,0.52065
102,1,0,3,2,1,3,4,6,8,4,4,1,1,1,0.60297
102,1,0,3,2,1,4,12,6,8,8,4,2,2,1,0.44178
102,1,0,3,2,1,5,10,6,8,7,4,2,2,1,0.53047
102,1,0,3,2,1,6,4,6,8,4,4,1,1,1,0.40741
102,1,0,3,2,1,7,2,6,8,3,4,1,1,1,0.47151
102,1,0,3,2,1,8,12,6,8,8,4,2,2,1,0.34279
102,1,0,3,2,1,9,6,6,8,5,4,1,1,1,0.37439
102,1,0,3,2,1,10,8,6,8,6,4,2,2,1,0.59437
102,1,0,3,2,1,11,10,6,8,7,4,2,2,1,0.32657
102,1,0,3,2,1,12,10,6,8,7,4,2,2,1,0.32022
102,1,0,3,2,1,13,8,6,8,6,4,2,2,1,0.31028
102,1,0,3,2,1,14,8,6,8,6,4,2,2,1,0.3132
102,1,0,3,2,1,15,4,6,8,4,4,1,1,1,0.46963
102,1,0,3,2,1,16,12,6,8,8,4,2,2,1,0.35586
102,1,0,3,2,1,17,2,6,8,3,4,1,1,1,0.31268
102,1,0,3,2,1,18,2,6,8,3,4,1,1,1,0.43229
102,1,0,3,2,1,19,10,6,8,7,4,2,2,1,0.43598
102,1,0,3,2,1,20,2,6,8,3,4,1,1,1,0.53413
102,1,0,3,2,1,21,6,6,8,5,4,1,1,1,0.40022
102,1,0,3,2,1,22,6,6,8,5,4,1,2,0,0.35544
102,1,0,3,2,1,23,12,6,8,8,4,2,2,1,0.39261
102,1,0,3,2,1,24,6,6,8,5,4,1,1,1,0.69097
102,1,0,3,2,0,1,12,6,8,8,4,2,2,1,0.41648
102,1,0,3,2,0,2,12,6,8,8,4,2,2,1,0.33295
102,1,0,3,2,0,3,2,6,8,3,4,1,1,1,0.38883
102,1,0,3,2,0,4,6,6,8,5,4,1,1,1,0.71158
102,1,0,3,2,0,5,8,6,8,6,4,2,2,1,0.47213
102,1,0,3,2,0,6,2,6,8,3,4,1,1,1,0.34227
102,1,0,3,2,0,7,10,6,8,7,4,2,2,1,0.40775
102,1,0,3,2,0,8,10,6,8,7,4,2,2,1,0.32589
102,1,0,3,2,0,9,2,6,8,3,4,1,1,1,0.38313
102,1,0,3,2,0,10,10,6,8,7,4,2,2,1,0.35701
102,1,0,3,2,0,11,4,6,8,4,4,1,1,1,0.447
102,1,0,3,2,0,12,10,6,8,7,4,2,2,1,0.38707
102,1,0,3,2,0,13,8,6,8,6,4,2,2,1,0.5714
102,1,0,3,2,0,14,12,6,8,8,4,2,2,1,0.55832
102,1,0,3,2,0,15,6,6,8,5,4,1,1,1,0.52614
102,1,0,3,2,0,16,4,6,8,4,4,1,1,1,0.60838
102,1,0,3,2,0,17,12,6,8,8,4,2,2,1,0.48151
102,1,0,3,2,0,18,6,6,8,5,4,1,1,1,0.46809
102,1,0,3,2,0,19,12,6,8,8,4,2,2,1,0.35127
102,1,0,3,2,0,20,2,6,8,3,4,1,1,1,0.36001
102,1,0,3,2,0,21,12,6,8,8,4,2,2,1,0.42089
102,1,0,3,2,0,22,2,6,8,3,4,1,1,1,0.35896
102,1,0,3,2,0,23,4,6,8,4,4,1,1,1,0.55282
102,1,0,3,2,0,24,4,6,8,4,4,1,1,1,0.36024
102,1,0,3,2,0,25,8,6,8,6,4,2,2,1,0.58048
102,1,0,3,2,0,26,10,6,8,7,4,2,2,1,0.34802
102,1,0,3,2,0,27,6,6,8,5,4,1,1,1,0.4035
102,1,0,3,2,0,28,2,6,8,3,4,1,1,1,0.40296
102,1,0,3,2,0,29,6,6,8,5,4,1,1,1,0.40385
102,1,0,3,2,0,30,10,6,8,7,4,2,2,1,0.37093
102,1,0,3,2,0,31,10,6,8,7,4,2,2,1,0.32885
102,1,0,3,2,0,32,4,6,8,4,4,1,1,1,0.40905
102,1,0,3,2,0,33,12,6,8,8,4,2,2,1,0.5357
102,1,0,3,2,0,34,8,6,8,6,4,2,2,1,0.30186
102,1,0,3,2,0,35,6,6,8,5,4,1,1,1,0.42948
102,1,0,3,2,0,36,6,6,8,5,4,1,1,1,0.36873
102,1,0,3,2,0,37,6,6,8,5,4,1,1,1,0.35318
102,1,0,3,2,0,38,6,6,8,5,4,1,1,1,0.38499
102,1,0,3,2,0,39,10,6,8,7,4,2,2,1,0.36032
102,1,0,3,2,0,40,8,6,8,6,4,2,2,1,0.30458
102,1,0,3,2,0,41,6,6,8,5,4,1,2,0,0.30992
102,1,0,3,2,0,42,12,6,8,8,4,2,2,1,0.45255
102,1,0,3,2,0,43,12,6,8,8,4,2,2,1,0.42803
102,1,0,3,2,0,44,10,6,8,7,4,2,2,1,0.33771
102,1,0,3,2,0,45,2,6,8,3,4,1,1,1,0.35303
102,1,0,3,2,0,46,4,6,8,4,4,1,1,1,0.41424
102,1,0,3,2,0,47,10,6,8,7,4,2,2,1,0.56274
102,1,0,3,2,0,48,2,6,8,3,4,1,1,1,0.34361
102,1,0,3,2,0,49,6,6,8,5,4,1,1,1,0.54125
102,1,0,3,2,0,50,6,6,8,5,4,1,1,1,0.55722
102,1,0,3,2,0,51,2,6,8,3,4,1,1,1,0.35546
102,1,0,3,2,0,52,12,6,8,8,4,2,2,1,0.47608
102,1,0,3,2,0,53,4,6,8,4,4,1,1,1,0.40002
102,1,0,3,2,0,54,4,6,8,4,4,1,1,1,0.37981
102,1,0,3,2,0,55,12,6,8,8,4,2,2,1,0.47949
102,1,0,3,2,0,56,4,6,8,4,4,1,1,1,0.31731
102,1,0,3,2,0,57,2,6,8,3,4,1,1,1,0.28172
102,1,0,3,2,0,58,8,6,8,6,4,2,2,1,0.57758
102,1,0,3,2,0,59,4,6,8,4,4,1,1,1,0.35852
102,1,0,3,2,0,60,12,6,8,8,4,2,2,1,0.3924
102,1,0,3,2,0,61,2,6,8,3,4,1,1,1,0.32567
102,1,0,3,2,0,62,6,6,8,5,4,1,1,1,0.60561
102,1,0,3,2,0,63,10,6,8,7,4,2,2,1,0.37551
102,1,0,3,2,0,64,10,6,8,7,4,2,2,1,0.40789
102,1,0,3,2,0,65,8,6,8,6,4,2,2,1,0.56541
102,1,0,3,2,0,66,2,6,8,3,4,1,1,1,0.41923
102,1,0,3,2,0,67,10,6,8,7,4,2,2,1,0.32966
102,1,0,3,2,0,68,4,6,8,4,4,1,1,1,0.28635
102,1,0,3,2,0,69,2,6,8,3,4,1,1,1,0.33605
102,1,0,3,2,0,70,8,6,8,6,4,2,2,1,0.43582
102,1,0,3,2,0,71,8,6,8,6,4,2,2,1,0.65413
102,1,0,3,2,0,72,8,6,8,6,4,2,2,1,0.42321
102,1,0,3,2,0,73,12,6,8,8,4,2,2,1,0.34251
102,1,0,3,2,0,74,12,6,8,8,4,2,2,1,0.32579
102,1,0,3,2,0,75,8,6,8,6,4,2,1,0,1.2072
102,1,0,3,2,0,76,12,6,8,8,4,2,2,1,0.39233
102,1,0,3,2,0,77,2,6,8,3,4,1,1,1,0.51012
102,1,0,3,2,0,78,10,6,8,7,4,2,2,1,0.33294
102,1,0,3,2,0,79,6,6,8,5,4,1,1,1,0.41388
102,1,0,3,2,0,80,10,6,8,7,4,2,2,1,0.43619
102,1,0,3,2,0,81,8,6,8,6,4,2,1,0,1.1562
102,1,0,3,2,0,82,4,6,8,4,4,1,1,1,0.46101
102,1,0,3,2,0,83,8,6,8,6,4,2,2,1,0.71931
102,1,0,3,2,0,84,8,6,8,6,4,2,2,1,0.40137
102,1,0,3,2,0,85,4,6,8,4,4,1,1,1,0.38318
102,1,0,3,2,0,86,12,6,8,8,4,2,2,1,0.40834
102,1,0,3,2,0,87,6,6,8,5,4,1,1,1,0.40862
102,1,0,3,2,0,88,2,6,8,3,4,1,1,1,0.46341
102,1,0,3,2,0,89,4,6,8,4,4,1,1,1,0.31579
102,1,0,3,2,0,90,8,6,8,6,4,2,2,1,0.98773
102,1,0,3,2,0,91,4,6,8,4,4,1,1,1,0.3429
102,1,0,3,2,0,92,10,6,8,7,4,2,2,1,0.5442
102,1,0,3,2,0,93,4,6,8,4,4,1,1,1,0.40794
102,1,0,3,2,0,94,4,6,8,4,4,1,1,1,0.43723
102,1,0,3,2,0,95,8,6,8,6,4,2,2,1,0.50721
102,1,0,3,2,0,96,10,6,8,7,4,2,2,1,0.36991
102,1,0,3,2,0,97,10,6,8,7,4,2,2,1,0.32491
102,1,0,3,2,0,98,12,6,8,8,4,2,2,1,0.37198
102,1,0,3,2,0,99,12,6,8,8,4,2,2,1,0.27831
102,1,0,3,2,0,100,6,6,8,5,4,1,2,0,0.88381
102,1,0,3,2,0,101,2,6,8,3,4,1,1,1,0.42098
102,1,0,3,2,0,102,10,6,8,7,4,2,2,1,0.84861
102,1,0,3,2,0,103,4,6,8,4,4,1,1,1,0.3536
102,1,0,3,2,0,104,8,6,8,6,4,2,2,1,0.81009
102,1,0,3,2,0,105,2,6,8,3,4,1,1,1,0.41598
102,1,0,3,2,0,106,2,6,8,3,4,1,1,1,0.38559
102,1,0,3,2,0,107,12,6,8,8,4,2,2,1,0.36845
102,1,0,3,2,0,108,12,6,8,8,4,2,2,1,0.37487
102,1,0,3,2,0,109,8,6,8,6,4,2,2,1,0.54843
102,1,0,3,2,0,110,8,6,8,6,4,2,2,1,0.36192
102,1,0,3,2,0,111,6,6,8,5,4,1,1,1,1.5726
102,1,0,3,2,0,112,6,6,8,5,4,1,1,1,0.45263
102,1,0,3,2,0,113,6,6,8,5,4,1,1,1,0.5898
102,1,0,3,2,0,114,2,6,8,3,4,1,1,1,0.60305
102,1,0,3,2,0,115,4,6,8,4,4,1,1,1,0.33948
102,1,0,3,2,0,116,2,6,8,3,4,1,1,1,0.63581
102,1,0,3,2,0,117,4,6,8,4,4,1,1,1,0.27188
102,1,0,3,2,0,118,10,6,8,7,4,2,2,1,0.48301
102,1,0,3,2,0,119,8,6,8,6,4,2,2,1,0.52704
102,1,0,3,2,0,120,6,6,8,5,4,1,1,1,0.9453
102,1,0,3,1,1,1,1,6,6,3,4,1,1,1,0.36394
102,1,0,3,1,1,2,7,6,6,6,4,2,2,1,0.88815
102,1,0,3,1,1,3,1,6,6,3,4,1,1,1,0.30514
102,1,0,3,1,1,4,1,6,6,3,4,1,1,1,0.40347
102,1,0,3,1,1,5,3,6,6,4,4,1,1,1,0.30098
102,1,0,3,1,1,6,7,6,6,6,4,2,2,1,0.5578
102,1,0,3,1,1,7,3,6,6,4,4,1,1,1,0.33075
102,1,0,3,1,1,8,5,6,6,5,4,1,1,1,0.9206
102,1,0,3,1,1,9,9,6,6,7,4,2,2,1,0.64172
102,1,0,3,1,1,10,1,6,6,3,4,1,1,1,0.34508
102,1,0,3,1,1,11,11,6,6,8,4,2,2,1,0.3486
102,1,0,3,1,1,12,7,6,6,6,4,2,2,1,0.96836
102,1,0,3,1,1,13,9,6,6,7,4,2,2,1,0.35052
102,1,0,3,1,1,14,9,6,6,7,4,2,2,1,0.3992
102,1,0,3,1,1,15,11,6,6,8,4,2,2,1,0.34193
102,1,0,3,1,1,16,11,6,6,8,4,2,2,1,0.27907
102,1,0,3,1,1,17,5,6,6,5,4,1,1,1,0.41177
102,1,0,3,1,1,18,5,6,6,5,4,1,1,1,0.40431
102,1,0,3,1,1,19,11,6,6,8,4,2,2,1,0.34282
102,1,0,3,1,1,20,7,6,6,6,4,2,2,1,0.69613
102,1,0,3,1,1,21,3,6,6,4,4,1,1,1,0.38218
102,1,0,3,1,1,22,9,6,6,7,4,2,2,1,0.37018
102,1,0,3,1,1,23,3,6,6,4,4,1,1,1,0.32952
102,1,0,3,1,1,24,5,6,6,5,4,1,1,1,0.45504
102,1,0,3,1,0,1,11,6,6,8,4,2,2,1,0.38827
102,1,0,3,1,0,2,9,6,6,7,4,2,2,1,0.29811
102,1,0,3,1,0,3,7,6,6,6,4,2,1,0,0.57217
102,1,0,3,1,0,4,5,6,6,5,4,1,1,1,0.48138
102,1,0,3,1,0,5,9,6,6,7,4,2,2,1,0.36154
102,1,0,3,1,0,6,3,6,6,4,4,1,1,1,0.33994
102,1,0,3,1,0,7,7,6,6,6,4,2,2,1,0.78957
102,1,0,3,1,0,8,7,6,6,6,4,2,2,1,0.61298
102,1,0,3,1,0,9,1,6,6,3,4,1,1,1,0.33702
102,1,0,3,1,0,10,3,6,6,4,4,1,1,1,0.33361
102,1,0,3,1,0,11,1,6,6,3,4,1,1,1,0.30653
102,1,0,3,1,0,12,11,6,6,8,4,2,2,1,0.36317
102,1,0,3,1,0,13,3,6,6,4,4,1,1,1,0.31443
102,1,0,3,1,0,14,7,6,6,6,4,2,2,1,0.38455
102,1,0,3,1,0,15,11,6,6,8,4,2,2,1,0.3732
102,1,0,3,1,0,16,9,6,6,7,4,2,2,1,0.37243
102,1,0,3,1,0,17,11,6,6,8,4,2,2,1,0.30996
102,1,0,3,1,0,18,3,6,6,4,4,1,1,1,0.29676
102,1,0,3,1,0,19,9,6,6,7,4,2,2,1,0.45609
102,1,0,3,1,0,20,5,6,6,5,4,1,1,1,0.3271
102,1,0,3,1,0,21,1,6,6,3,4,1,1,1,0.31714
102,1,0,3,1,0,22,3,6,6,4,4,1,1,1,0.3033
102,1,0,3,1,0,23,1,6,6,3,4,1,1,1,0.32316
102,1,0,3,1,0,24,1,6,6,3,4,1,1,1,0.2979
102,1,0,3,1,0,25,11,6,6,8,4,2,2,1,0.35144
102,1,0,3,1,0,26,1,6,6,3,4,1,1,1,0.33188
102,1,0,3,1,0,27,7,6,6,6,4,2,2,1,0.51959
102,1,0,3,1,0,28,9,6,6,7,4,2,2,1,0.36913
102,1,0,3,1,0,29,1,6,6,3,4,1,1,1,0.3688
102,1,0,3,1,0,30,11,6,6,8,4,2,2,1,0.32602
102,1,0,3,1,0,31,11,6,6,8,4,2,2,1,0.35728
102,1,0,3,1,0,32,1,6,6,3,4,1,1,1,0.31039
102,1,0,3,1,0,33,3,6,6,4,4,1,1,1,0.30196
102,1,0,3,1,0,34,9,6,6,7,4,2,2,1,0.34946
102,1,0,3,1,0,35,9,6,6,7,4,2,2,1,0.32738
102,1,0,3,1,0,36,3,6,6,4,4,1,1,1,0.32565
102,1,0,3,1,0,37,5,6,6,5,4,1,1,1,0.33543
102,1,0,3,1,0,38,1,6,6,3,4,1,1,1,0.26866
102,1,0,3,1,0,39,3,6,6,4,4,1,1,1,0.29755
102,1,0,3,1,0,40,7,6,6,6,4,2,2,1,0.41527
102,1,0,3,1,0,41,11,6,6,8,4,2,2,1,0.34639
102,1,0,3,1,0,42,5,6,6,5,4,1,1,1,0.38657
102,1,0,3,1,0,43,1,6,6,3,4,1,1,1,0.31949
102,1,0,3,1,0,44,5,6,6,5,4,1,1,1,0.71379
102,1,0,3,1,0,45,5,6,6,5,4,1,1,1,0.52982
102,1,0,3,1,0,46,7,6,6,6,4,2,2,1,0.91895
102,1,0,3,1,0,47,3,6,6,4,4,1,1,1,0.35931
102,1,0,3,1,0,48,5,6,6,5,4,1,1,1,0.30384
102,1,0,3,1,0,49,9,6,6,7,4,2,2,1,0.37817
102,1,0,3,1,0,50,3,6,6,4,4,1,1,1,0.3145
102,1,0,3,1,0,51,1,6,6,3,4,1,1,1,0.30406
102,1,0,3,1,0,52,1,6,6,3,4,1,1,1,0.30176
102,1,0,3,1,0,53,9,6,6,7,4,2,2,1,0.41061
102,1,0,3,1,0,54,11,6,6,8,4,2,2,1,0.33471
102,1,0,3,1,0,55,9,6,6,7,4,2,2,1,0.46856
102,1,0,3,1,0,56,5,6,6,5,4,1,1,1,0.37869
102,1,0,3,1,0,57,5,6,6,5,4,1,1,1,0.41399
102,1,0,3,1,0,58,1,6,6,3,4,1,1,1,0.31062
102,1,0,3,1,0,59,1,6,6,3,4,1,1,1,0.32233
102,1,0,3,1,0,60,3,6,6,4,4,1,1,1,0.31772
102,1,0,3,1,0,61,1,6,6,3,4,1,1,1,0.34215
102,1,0,3,1,0,62,5,6,6,5,4,1,1,1,0.8481
102,1,0,3,1,0,63,9,6,6,7,4,2,2,1,0.48869
102,1,0,3,1,0,64,11,6,6,8,4,2,2,1,0.37611
102,1,0,3,1,0,65,7,6,6,6,4,2,2,1,0.60226
102,1,0,3,1,0,66,1,6,6,3,4,1,1,1,0.37219
102,1,0,3,1,0,67,9,6,6,7,4,2,2,1,0.30464
102,1,0,3,1,0,68,11,6,6,8,4,2,2,1,0.35758
102,1,0,3,1,0,69,9,6,6,7,4,2,2,1,0.32841
102,1,0,3,1,0,70,7,6,6,6,4,2,2,1,0.57873
102,1,0,3,1,0,71,5,6,6,5,4,1,1,1,0.35368
102,1,0,3,1,0,72,5,6,6,5,4,1,1,1,0.40431
102,1,0,3,1,0,73,7,6,6,6,4,2,2,1,0.68554
102,1,0,3,1,0,74,11,6,6,8,4,2,2,1,0.3775
102,1,0,3,1,0,75,7,6,6,6,4,2,2,1,0.73114
102,1,0,3,1,0,76,7,6,6,6,4,2,2,1,0.38542
102,1,0,3,1,0,77,11,6,6,8,4,2,2,1,0.35195
102,1,0,3,1,0,78,11,6,6,8,4,2,2,1,0.26531
102,1,0,3,1,0,79,5,6,6,5,4,1,1,1,0.54359
102,1,0,3,1,0,80,9,6,6,7,4,2,2,1,0.34322
102,1,0,3,1,0,81,3,6,6,4,4,1,1,1,0.35535
102,1,0,3,1,0,82,5,6,6,5,4,1,1,1,0.674
102,1,0,3,1,0,83,9,6,6,7,4,2,2,1,0.59646
102,1,0,3,1,0,84,7,6,6,6,4,2,2,1,0.81232
102,1,0,3,1,0,85,3,6,6,4,4,1,1,1,0.41239
102,1,0,3,1,0,86,5,6,6,5,4,1,1,1,0.40196
102,1,0,3,1,0,87,3,6,6,4,4,1,1,1,0.38677
102,1,0,3,1,0,88,1,6,6,3,4,1,1,1,0.56698
102,1,0,3,1,0,89,11,6,6,8,4,2,2,1,0.42267
102,1,0,3,1,0,90,7,6,6,6,4,2,2,1,0.39498
102,1,0,3,1,0,91,3,6,6,4,4,1,1,1,0.44147
102,1,0,3,1,0,92,5,6,6,5,4,1,1,1,0.48409
102,1,0,3,1,0,93,5,6,6,5,4,1,1,1,0.42589
102,1,0,3,1,0,94,3,6,6,4,4,1,1,1,0.36975
102,1,0,3,1,0,95,9,6,6,7,4,2,2,1,0.43528
102,1,0,3,1,0,96,7,6,6,6,4,2,2,1,0.56926
102,1,0,3,1,0,97,7,6,6,6,4,2,2,1,0.64822
102,1,0,3,1,0,98,1,6,6,3,4,1,1,1,0.39115
102,1,0,3,1,0,99,7,6,6,6,4,2,2,1,0.37193
102,1,0,3,1,0,100,7,6,6,6,4,2,2,1,0.40637
102,1,0,3,1,0,101,11,6,6,8,4,2,2,1,0.34175
102,1,0,3,1,0,102,1,6,6,3,4,1,1,1,0.36211
102,1,0,3,1,0,103,9,6,6,7,4,2,1,0,0.37266
102,1,0,3,1,0,104,5,6,6,5,4,1,1,1,0.5448
102,1,0,3,1,0,105,5,6,6,5,4,1,1,1,0.37634
102,1,0,3,1,0,106,7,6,6,6,4,2,1,0,0.33713
102,1,0,3,1,0,107,11,6,6,8,4,2,2,1,0.37887
102,1,0,3,1,0,108,3,6,6,4,4,1,1,1,0.43262
102,1,0,3,1,0,109,3,6,6,4,4,1,1,1,0.42798
102,1,0,3,1,0,110,7,6,6,6,4,2,2,1,0.45977
102,1,0,3,1,0,111,11,6,6,8,4,2,2,1,0.32573
102,1,0,3,1,0,112,9,6,6,7,4,2,2,1,0.3003
102,1,0,3,1,0,113,9,6,6,7,4,2,2,1,0.35251
102,1,0,3,1,0,114,11,6,6,8,4,2,2,1,0.29399
102,1,0,3,1,0,115,3,6,6,4,4,1,1,1,0.35446
102,1,0,3,1,0,116,1,6,6,3,4,1,1,1,0.33842
102,1,0,3,1,0,117,3,6,6,4,4,1,1,1,0.32572
102,1,0,3,1,0,118,5,6,6,5,4,1,1,1,0.47979
102,1,0,3,1,0,119,11,6,6,8,4,2,2,1,0.40872
102,1,0,3,1,0,120,9,6,6,7,4,2,2,1,0.31107
102,1,0,3,5,1,1,10,6,8,7,4,2,2,1,0.35631
102,1,0,3,5,1,2,9,6,6,7,4,2,2,1,0.31111
102,1,0,3,5,1,3,10,6,8,7,4,2,2,1,0.31827
102,1,0,3,5,1,4,11,6,6,8,4,2,2,1,0.29493
102,1,0,3,5,1,5,1,6,6,3,4,1,1,1,0.37388
102,1,0,3,5,1,6,7,6,6,6,4,2,2,1,0.6878
102,1,0,3,5,1,7,5,6,6,5,4,1,1,1,0.41934
102,1,0,3,5,1,8,6,6,8,5,4,1,1,1,0.38227
102,1,0,3,5,1,9,7,6,6,6,4,2,2,1,0.58429
102,1,0,3,5,1,10,3,6,6,4,4,1,1,1,0.35497
102,1,0,3,5,1,11,2,6,8,3,4,1,1,1,0.33038
102,1,0,3,5,1,12,3,6,6,4,4,1,1,1,0.45556
102,1,0,3,5,1,13,6,6,8,5,4,1,1,1,0.84212
102,1,0,3,5,1,14,9,6,6,7,4,2,2,1,0.43473
102,1,0,3,5,1,15,12,6,8,8,4,2,2,1,0.30273
102,1,0,3,5,1,16,8,6,8,6,4,2,2,1,0.35408
102,1,0,3,5,1,17,2,6,8,3,4,1,1,1,0.34761
102,1,0,3,5,1,18,4,6,8,4,4,1,1,1,0.33967
102,1,0,3,5,1,19,12,6,8,8,4,2,2,1,0.37082
102,1,0,3,5,1,20,5,6,6,5,4,1,1,1,0.65583
102,1,0,3,5,1,21,8,6,8,6,4,2,2,1,0.33876
102,1,0,3,5,1,22,11,6,6,8,4,2,2,1,0.30082
102,1,0,3,5,1,23,1,6,6,3,4,1,1,1,0.36787
102,1,0,3,5,1,24,4,6,8,4,4,1,1,1,0.37754
102,1,0,3,5,0,1,1,6,6,3,4,1,1,1,0.37857
102,1,0,3,5,0,2,3,6,6,4,4,1,1,1,0.36808
102,1,0,3,5,0,3,2,6,8,3,4,1,1,1,0.34293
102,1,0,3,5,0,4,7,6,6,6,4,2,2,1,0.53529
102,1,0,3,5,0,5,8,6,8,6,4,2,2,1,0.35912
102,1,0,3,5,0,6,12,6,8,8,4,2,2,1,0.30943
102,1,0,3,5,0,7,6,6,8,5,4,1,1,1,0.66018
102,1,0,3,5,0,8,3,6,6,4,4,1,1,1,0.33936
102,1,0,3,5,0,9,11,6,6,8,4,2,2,1,0.38426
102,1,0,3,5,0,10,7,6,6,6,4,2,2,1,0.58505
102,1,0,3,5,0,11,7,6,6,6,4,2,2,1,0.32608
102,1,0,3,5,0,12,3,6,6,4,4,1,1,1,0.37336
102,1,0,3,5,0,13,10,6,8,7,4,2,2,1,0.31624
102,1,0,3,5,0,14,5,6,6,5,4,1,1,1,0.47155
102,1,0,3,5,0,15,12,6,8,8,4,2,2,1,0.5421
102,1,0,3,5,0,16,11,6,6,8,4,2,2,1,0.30774
102,1,0,3,5,0,17,11,6,6,8,4,2,2,1,0.26956
102,1,0,3,5,0,18,9,6,6,7,4,2,2,1,0.33191
102,1,0,3,5,0,19,11,6,6,8,4,2,2,1,0.27959
102,1,0,3,5,0,20,9,6,6,7,4,2,2,1,0.30003
102,1,0,3,5,0,21,5,6,6,5,4,1,1,1,0.64956
102,1,0,3,5,0,22,6,6,8,5,4,1,1,1,0.89487
102,1,0,3,5,0,23,8,6,8,6,4,2,2,1,0.86727
102,1,0,3,5,0,24,2,6,8,3,4,1,1,1,0.32946
102,1,0,3,5,0,25,10,6,8,7,4,2,2,1,0.32636
102,1,0,3,5,0,26,3,6,6,4,4,1,1,1,0.34814
102,1,0,3,5,0,27,2,6,8,3,4,1,1,1,0.64211
102,1,0,3,5,0,28,9,6,6,7,4,2,2,1,0.33631
102,1,0,3,5,0,29,2,6,8,3,4,1,1,1,0.32448
102,1,0,3,5,0,30,12,6,8,8,4,2,2,1,0.28079
102,1,0,3,5,0,31,2,6,8,3,4,1,1,1,0.33636
102,1,0,3,5,0,32,5,6,6,5,4,1,1,1,0.68261
102,1,0,3,5,0,33,3,6,6,4,4,1,1,1,0.39957
102,1,0,3,5,0,34,4,6,8,4,4,1,1,1,0.37271
102,1,0,3,5,0,35,11,6,6,8,4,2,2,1,0.37908
102,1,0,3,5,0,36,8,6,8,6,4,2,2,1,0.66395
102,1,0,3,5,0,37,9,6,6,7,4,2,2,1,0.32128
102,1,0,3,5,0,38,9,6,6,7,4,2,2,1,0.41445
102,1,0,3,5,0,39,11,6,6,8,4,2,2,1,0.28845
102,1,0,3,5,0,40,7,6,6,6,4,2,2,1,0.30622
102,1,0,3,5,0,41,5,6,6,5,4,1,1,1,0.51431
102,1,0,3,5,0,42,12,6,8,8,4,2,2,1,0.28493
102,1,0,3,5,0,43,5,6,6,5,4,1,1,1,0.43349
102,1,0,3,5,0,44,3,6,6,4,4,1,1,1,0.3687
102,1,0,3,5,0,45,7,6,6,6,4,2,2,1,0.37595
102,1,0,3,5,0,46,12,6,8,8,4,2,2,1,0.29441
102,1,0,3,5,0,47,10,6,8,7,4,2,2,1,0.27104
102,1,0,3,5,0,48,8,6,8,6,4,2,2,1,0.28375
102,1,0,3,5,0,49,6,6,8,5,4,1,1,1,0.45041
102,1,0,3,5,0,50,4,6,8,4,4,1,1,1,0.38266
102,1,0,3,5,0,51,12,6,8,8,4,2,2,1,0.31582
102,1,0,3,5,0,52,6,6,8,5,4,1,1,1,0.40529
102,1,0,3,5,0,53,5,6,6,5,4,1,1,1,0.44743
102,1,0,3,5,0,54,4,6,8,4,4,1,1,1,0.31068
102,1,0,3,5,0,55,9,6,6,7,4,2,2,1,0.37326
102,1,0,3,5,0,56,3,6,6,4,4,1,1,1,0.38899
102,1,0,3,5,0,57,7,6,6,6,4,2,1,0,0.5209
102,1,0,3,5,0,58,1,6,6,3,4,1,1,1,0.33843
102,1,0,3,5,0,59,6,6,8,5,4,1,1,1,0.36339
102,1,0,3,5,0,60,12,6,8,8,4,2,2,1,0.37343
102,1,0,3,5,0,61,10,6,8,7,4,2,2,1,0.36985
102,1,0,3,5,0,62,6,6,8,5,4,1,1,1,0.40427
102,1,0,3,5,0,63,7,6,6,6,4,2,2,1,0.89992
102,1,0,3,5,0,64,10,6,8,7,4,2,2,1,0.32659
102,1,0,3,5,0,65,2,6,8,3,4,1,1,1,0.39073
102,1,0,3,5,0,66,5,6,6,5,4,1,1,1,0.53231
102,1,0,3,5,0,67,9,6,6,7,4,2,2,1,0.39548
102,1,0,3,5,0,68,7,6,6,6,4,2,2,1,0.37806
102,1,0,3,5,0,69,5,6,6,5,4,1,1,1,0.55272
102,1,0,3,5,0,70,4,6,8,4,4,1,1,1,0.36121
102,1,0,3,5,0,71,2,6,8,3,4,1,1,1,0.32843
102,1,0,3,5,0,72,8,6,8,6,4,2,2,1,0.48889
102,1,0,3,5,0,73,12,6,8,8,4,2,2,1,0.32668
102,1,0,3,5,0,74,2,6,8,3,4,1,1,1,0.37791
102,1,0,3,5,0,75,10,6,8,7,4,2,2,1,0.34184
102,1,0,3,5,0,76,1,6,6,3,4,1,1,1,0.28061
102,1,0,3,5,0,77,7,6,6,6,4,2,2,1,0.37242
102,1,0,3,5,0,78,8,6,8,6,4,2,2,1,0.34127
102,1,0,3,5,0,79,11,6,6,8,4,2,2,1,0.27921
102,1,0,3,5,0,80,5,6,6,5,4,1,1,1,0.75097
102,1,0,3,5,0,81,7,6,6,6,4,2,2,1,0.39437
102,1,0,3,5,0,82,9,6,6,7,4,2,2,1,0.2902
102,1,0,3,5,0,83,10,6,8,7,4,2,2,1,0.28142
102,1,0,3,5,0,84,8,6,8,6,4,2,2,1,0.26079
102,1,0,3,5,0,85,1,6,6,3,4,1,1,1,0.39475
102,1,0,3,5,0,86,3,6,6,4,4,1,1,1,0.33799
102,1,0,3,5,0,87,10,6,8,7,4,2,2,1,0.31438
102,1,0,3,5,0,88,9,6,6,7,4,2,2,1,0.2325
102,1,0,3,5,0,89,5,6,6,5,4,1,1,1,0.46239
102,1,0,3,5,0,90,1,6,6,3,4,1,1,1,0.29874
102,1,0,3,5,0,91,1,6,6,3,4,1,1,1,0.706
102,1,0,3,5,0,92,4,6,8,4,4,1,1,1,0.27068
102,1,0,3,5,0,93,4,6,8,4,4,1,1,1,0.29452
102,1,0,3,5,0,94,3,6,6,4,4,1,1,1,0.34481
102,1,0,3,5,0,95,3,6,6,4,4,1,1,1,0.29073
102,1,0,3,5,0,96,1,6,6,3,4,1,1,1,0.29937
102,1,0,3,5,0,97,10,6,8,7,4,2,2,1,0.46402
102,1,0,3,5,0,98,8,6,8,6,4,2,2,1,0.59242
102,1,0,3,5,0,99,11,6,6,8,4,2,2,1,0.32276
102,1,0,3,5,0,100,10,6,8,7,4,2,2,1,0.29261
102,1,0,3,5,0,101,4,6,8,4,4,1,1,1,0.3598
102,1,0,3,5,0,102,4,6,8,4,4,1,1,1,0.30866
102,1,0,3,5,0,103,1,6,6,3,4,1,1,1,0.26814
102,1,0,3,5,0,104,4,6,8,4,4,1,1,1,0.28535
102,1,0,3,5,0,105,6,6,8,5,4,1,1,1,0.30455
102,1,0,3,5,0,106,12,6,8,8,4,2,2,1,0.45202
102,1,0,3,5,0,107,11,6,6,8,4,2,2,1,0.34055
102,1,0,3,5,0,108,1,6,6,3,4,1,1,1,0.3013
102,1,0,3,5,0,109,6,6,8,5,4,1,1,1,0.36354
102,1,0,3,5,0,110,6,6,8,5,4,1,1,1,0.34408
102,1,0,3,5,0,111,11,6,6,8,4,2,2,1,0.34322
102,1,0,3,5,0,112,6,6,8,5,4,1,1,1,0.38664
102,1,0,3,5,0,113,9,6,6,7,4,2,2,1,0.32917
102,1,0,3,5,0,114,8,6,8,6,4,2,2,1,0.35054
102,1,0,3,5,0,115,2,6,8,3,4,1,1,1,0.30405
102,1,0,3,5,0,116,2,6,8,3,4,1,1,1,0.31182
102,1,0,3,5,0,117,1,6,6,3,4,1,1,1,0.29104
102,1,0,3,5,0,118,4,6,8,4,4,1,1,1,0.28928
102,1,0,3,5,0,119,12,6,8,8,4,2,2,1,0.47032
102,1,0,3,5,0,120,8,6,8,6,4,2,2,1,0.54354
102,1,0,3,6,0,1,8,6,8,6,4,2,2,1,0.3533
102,1,0,3,6,0,2,2,6,8,3,4,1,1,1,0.4359
102,1,0,3,6,0,3,4,6,8,4,4,1,1,1,0.38338
102,1,0,3,6,0,4,6,6,8,5,4,1,1,1,0.30128
102,1,0,3,6,0,5,1,6,6,3,4,1,1,1,0.27327
102,1,0,3,6,0,6,1,6,6,3,4,1,1,1,0.29491
102,1,0,3,6,0,7,5,6,6,5,4,1,2,0,0.58542
102,1,0,3,6,0,8,2,6,8,3,4,1,1,1,0.3158
102,1,0,3,6,0,9,12,6,8,8,4,2,2,1,0.31941
102,1,0,3,6,0,10,7,6,6,6,4,2,2,1,0.30467
102,1,0,3,6,0,11,7,6,6,6,4,2,2,1,0.30717
102,1,0,3,6,0,12,1,6,6,3,4,1,1,1,0.33748
102,1,0,3,6,0,13,3,6,6,4,4,1,1,1,0.41004
102,1,0,3,6,0,14,7,6,6,6,4,2,2,1,0.39651
102,1,0,3,6,0,15,11,6,6,8,4,2,2,1,0.32138
102,1,0,3,6,0,16,8,6,8,6,4,2,2,1,0.30886
102,1,0,3,6,0,17,6,6,8,5,4,1,1,1,0.41048
102,1,0,3,6,0,18,7,6,6,6,4,2,2,1,0.66467
102,1,0,3,6,0,19,1,6,6,3,4,1,1,1,0.38087
102,1,0,3,6,0,20,9,6,6,7,4,2,2,1,0.40943
102,1,0,3,6,0,21,3,6,6,4,4,1,1,1,0.35941
102,1,0,3,6,0,22,2,6,8,3,4,1,1,1,0.39602
102,1,0,3,6,0,23,3,6,6,4,4,1,1,1,0.36281
102,1,0,3,6,0,24,8,6,8,6,4,2,2,1,0.45528
102,1,0,3,6,0,25,12,6,8,8,4,2,2,1,0.41638
102,1,0,3,6,0,26,3,6,6,4,4,1,1,1,0.38993
102,1,0,3,6,0,27,8,6,8,6,4,2,2,1,0.68945
102,1,0,3,6,0,28,8,6,8,6,4,2,2,1,0.55447
102,1,0,3,6,0,29,4,6,8,4,4,1,1,1,0.35547
102,1,0,3,6,0,30,3,6,6,4,4,1,1,1,0.42856
102,1,0,3,6,0,31,7,6,6,6,4,2,2,1,0.65327
102,1,0,3,6,0,32,8,6,8,6,4,2,2,1,0.39905
102,1,0,3,6,0,33,6,6,8,5,4,1,1,1,0.71515
102,1,0,3,6,0,34,10,6,8,7,4,2,2,1,0.35681
102,1,0,3,6,0,35,11,6,6,8,4,2,2,1,0.40812
102,1,0,3,6,0,36,12,6,8,8,4,2,2,1,0.32795
102,1,0,3,6,0,37,3,6,6,4,4,1,1,1,0.37797
102,1,0,3,6,0,38,1,6,6,3,4,1,1,1,0.31034
102,1,0,3,6,0,39,2,6,8,3,4,1,1,1,0.2728
102,1,0,3,6,0,40,10,6,8,7,4,2,2,1,0.48013
102,1,0,3,6,0,41,6,6,8,5,4,1,1,1,1.0125
102,1,0,3,6,0,42,2,6,8,3,4,1,1,1,0.34211
102,1,0,3,6,0,43,2,6,8,3,4,1,1,1,0.30023
102,1,0,3,6,0,44,6,6,8,5,4,1,1,1,0.33547
102,1,0,3,6,0,45,9,6,6,7,4,2,2,1,0.3339
102,1,0,3,6,0,46,10,6,8,7,4,2,2,1,0.3351
102,1,0,3,6,0,47,9,6,6,7,4,2,2,1,0.28118
102,1,0,3,6,0,48,11,6,6,8,4,2,2,1,0.31399
102,1,0,3,6,0,49,2,6,8,3,4,1,1,1,0.45505
102,1,0,3,6,0,50,3,6,6,4,4,1,1,1,0.50548
102,1,0,3,6,0,51,5,6,6,5,4,1,1,1,0.64423
102,1,0,3,6,0,52,4,6,8,4,4,1,1,1,0.29421
102,1,0,3,6,0,53,5,6,6,5,4,1,1,1,0.43243
102,1,0,3,6,0,54,10,6,8,7,4,2,2,1,0.3977
102,1,0,3,6,0,55,6,6,8,5,4,1,1,1,0.4054
102,1,0,3,6,0,56,4,6,8,4,4,1,1,1,0.29456
102,1,0,3,6,0,57,9,6,6,7,4,2,2,1,0.38298
102,1,0,3,6,0,58,10,6,8,7,4,2,2,1,0.3934
102,1,0,3,6,0,59,12,6,8,8,4,2,2,1,0.32533
102,1,0,3,6,0,60,10,6,8,7,4,2,2,1,0.37854
102,1,0,3,6,0,61,1,6,6,3,4,1,1,1,0.40644
102,1,0,3,6,0,62,2,6,8,3,4,1,1,1,0.31495
102,1,0,3,6,0,63,9,6,6,7,4,2,2,1,0.42016
102,1,0,3,6,0,64,6,6,8,5,4,1,1,1,0.43114
102,1,0,3,6,0,65,7,6,6,6,4,2,1,0,0.54748
102,1,0,3,6,0,66,9,6,6,7,4,2,2,1,0.38658
102,1,0,3,6,0,67,9,6,6,7,4,2,2,1,0.3537
102,1,0,3,6,0,68,6,6,8,5,4,1,1,1,0.42788
102,1,0,3,6,0,69,5,6,6,5,4,1,1,1,0.34449
102,1,0,3,6,0,70,4,6,8,4,4,1,1,1,0.41514
102,1,0,3,6,0,71,7,6,6,6,4,2,1,0,0.47544
102,1,0,3,6,0,72,5,6,6,5,4,1,1,1,0.50694
102,1,0,3,6,0,73,5,6,6,5,4,1,1,1,0.54
102,1,0,3,6,0,74,10,6,8,7,4,2,2,1,0.47926
102,1,0,3,6,0,75,6,6,8,5,4,1,1,1,0.4583
102,1,0,3,6,0,76,11,6,6,8,4,2,2,1,0.41476
102,1,0,3,6,0,77,5,6,6,5,4,1,1,1,0.44263
102,1,0,3,6,0,78,7,6,6,6,4,2,2,1,0.68138
102,1,0,3,6,0,79,12,6,8,8,4,2,2,1,0.50776
102,1,0,3,6,0,80,11,6,6,8,4,2,2,1,0.36601
102,1,0,3,6,0,81,3,6,6,4,4,1,1,1,0.41484
102,1,0,3,6,0,82,3,6,6,4,4,1,1,1,0.40539
102,1,0,3,6,0,83,10,6,8,7,4,2,2,1,0.40525
102,1,0,3,6,0,84,2,6,8,3,4,1,1,1,0.40251
102,1,0,3,6,0,85,11,6,6,8,4,2,2,1,0.4308
102,1,0,3,6,0,86,7,6,6,6,4,2,2,1,0.65263
102,1,0,3,6,0,87,12,6,8,8,4,2,2,1,0.52798
102,1,0,3,6,0,88,8,6,8,6,4,2,2,1,0.32008
102,1,0,3,6,0,89,4,6,8,4,4,1,1,1,0.37535
102,1,0,3,6,0,90,8,6,8,6,4,2,2,1,0.29174
102,1,0,3,6,0,91,11,6,6,8,4,2,2,1,0.32693
102,1,0,3,6,0,92,12,6,8,8,4,2,2,1,0.31167
102,1,0,3,6,0,93,4,6,8,4,4,1,1,1,0.5505
102,1,0,3,6,0,94,10,6,8,7,4,2,2,1,0.32469
102,1,0,3,6,0,95,11,6,6,8,4,2,2,1,0.41268
102,1,0,3,6,0,96,11,6,6,8,4,2,2,1,0.48169
102,1,0,3,6,0,97,12,6,8,8,4,2,2,1,0.43246
102,1,0,3,6,0,98,4,6,8,4,4,1,1,1,0.37426
102,1,0,3,6,0,99,9,6,6,7,4,2,2,1,0.44111
102,1,0,3,6,0,100,3,6,6,4,4,1,1,1,0.31795
102,1,0,3,6,0,101,9,6,6,7,4,2,2,1,0.47092
102,1,0,3,6,0,102,5,6,6,5,4,1,1,1,0.424
102,1,0,3,6,0,103,8,6,8,6,4,2,2,1,0.52425
102,1,0,3,6,0,104,8,6,8,6,4,2,2,1,0.62634
102,1,0,3,6,0,105,10,6,8,7,4,2,2,1,0.3904
102,1,0,3,6,0,106,6,6,8,5,4,1,1,1,0.48874
102,1,0,3,6,0,107,5,6,6,5,4,1,1,1,0.37751
102,1,0,3,6,0,108,1,6,6,3,4,1,1,1,0.31928
102,1,0,3,6,0,109,12,6,8,8,4,2,2,1,0.38712
102,1,0,3,6,0,110,1,6,6,3,4,1,1,1,0.33439
102,1,0,3,6,0,111,4,6,8,4,4,1,1,1,0.36674
102,1,0,3,6,0,112,4,6,8,4,4,1,1,1,0.31683
102,1,0,3,6,0,113,2,6,8,3,4,1,1,1,0.43229
102,1,0,3,6,0,114,1,6,6,3,4,1,1,1,0.36997
102,1,0,3,6,0,115,9,6,6,7,4,2,2,1,0.46096
102,1,0,3,6,0,116,5,6,6,5,4,1,2,0,0.61118
102,1,0,3,6,0,117,12,6,8,8,4,2,2,1,0.41929
102,1,0,3,6,0,118,7,6,6,6,4,2,2,1,0.76157
102,1,0,3,6,0,119,1,6,6,3,4,1,1,1,0.33517
102,1,0,3,6,0,120,11,6,6,8,4,2,2,1,0.41286
102,1,0,3,4,1,1,4,6,8,4,4,1,1,1,0.33879
102,1,0,3,4,1,2,11,6,6,8,4,2,2,1,0.47137
102,1,0,3,4,1,3,4,6,8,4,4,1,1,1,0.32695
102,1,0,3,4,1,4,11,6,6,8,4,2,2,1,0.29866
102,1,0,3,4,1,5,6,6,8,5,4,1,1,1,0.32552
102,1,0,3,4,1,6,9,6,6,7,4,2,2,1,0.31507
102,1,0,3,4,1,7,7,6,6,6,4,2,2,1,0.33519
102,1,0,3,4,1,8,9,6,6,7,4,2,2,1,0.27843
102,1,0,3,4,1,9,7,6,6,6,4,2,2,1,0.30095
102,1,0,3,4,1,10,6,6,8,5,4,1,1,1,0.54531
102,1,0,3,4,1,11,11,6,6,8,4,2,2,1,0.47938
102,1,0,3,4,1,12,6,6,8,5,4,1,1,1,0.36155
102,1,0,3,4,1,13,9,6,6,7,4,2,2,1,0.28103
102,1,0,3,4,1,14,9,6,6,7,4,2,2,1,0.22622
102,1,0,3,4,1,15,4,6,8,4,4,1,1,1,0.39617
102,1,0,3,4,1,16,2,6,8,3,4,1,1,1,0.336
102,1,0,3,4,1,17,7,6,6,6,4,2,2,1,0.62707
102,1,0,3,4,1,18,4,6,8,4,4,1,1,1,0.38452
102,1,0,3,4,1,19,2,6,8,3,4,1,1,1,0.36729
102,1,0,3,4,1,20,7,6,6,6,4,2,2,1,0.47032
102,1,0,3,4,1,21,6,6,8,5,4,1,2,0,0.5137
102,1,0,3,4,1,22,2,6,8,3,4,1,1,1,0.36889
102,1,0,3,4,1,23,11,6,6,8,4,2,2,1,0.38868
102,1,0,3,4,1,24,2,6,8,3,4,1,1,1,0.31061
102,1,0,3,4,0,1,4,6,8,4,4,1,1,1,0.52058
102,1,0,3,4,0,2,9,6,6,7,4,2,2,1,0.37068
102,1,0,3,4,0,3,11,6,6,8,4,2,2,1,0.30875
102,1,0,3,4,0,4,7,6,6,6,4,2,2,1,0.55991
102,1,0,3,4,0,5,7,6,6,6,4,2,2,1,0.3505
102,1,0,3,4,0,6,9,6,6,7,4,2,2,1,0.2912
102,1,0,3,4,0,7,9,6,6,7,4,2,2,1,0.31543
102,1,0,3,4,0,8,6,6,8,5,4,1,1,1,0.52625
102,1,0,3,4,0,9,2,6,8,3,4,1,1,1,0.36479
102,1,0,3,4,0,10,6,6,8,5,4,1,1,1,0.76432
102,1,0,3,4,0,11,6,6,8,5,4,1,1,1,0.40187
102,1,0,3,4,0,12,2,6,8,3,4,1,1,1,0.31674
102,1,0,3,4,0,13,9,6,6,7,4,2,2,1,0.59756
102,1,0,3,4,0,14,11,6,6,8,4,2,2,1,0.27695
102,1,0,3,4,0,15,9,6,6,7,4,2,2,1,0.26238
102,1,0,3,4,0,16,7,6,6,6,4,2,2,1,0.29885
102,1,0,3,4,0,17,11,6,6,8,4,2,2,1,0.29495
102,1,0,3,4,0,18,2,6,8,3,4,1,1,1,0.38251
102,1,0,3,4,0,19,7,6,6,6,4,2,2,1,0.49349
102,1,0,3,4,0,20,6,6,8,5,4,1,1,1,1.0666
102,1,0,3,4,0,21,4,6,8,4,4,1,1,1,0.42477
102,1,0,3,4,0,22,7,6,6,6,4,2,2,1,0.74587
102,1,0,3,4,0,23,6,6,8,5,4,1,1,1,0.74749
102,1,0,3,4,0,24,2,6,8,3,4,1,1,1,0.35193
102,1,0,3,4,0,25,4,6,8,4,4,1,1,1,0.61573
102,1,0,3,4,0,26,7,6,6,6,4,2,2,1,0.57765
102,1,0,3,4,0,27,6,6,8,5,4,1,1,1,0.45766
102,1,0,3,4,0,28,11,6,6,8,4,2,2,1,0.39034
102,1,0,3,4,0,29,2,6,8,3,4,1,1,1,0.36694
102,1,0,3,4,0,30,7,6,6,6,4,2,2,1,0.50285
102,1,0,3,4,0,31,4,6,8,4,4,1,1,1,0.29473
102,1,0,3,4,0,32,2,6,8,3,4,1,1,1,0.37631
102,1,0,3,4,0,33,2,6,8,3,4,1,1,1,0.31407
102,1,0,3,4,0,34,2,6,8,3,4,1,1,1,0.27241
102,1,0,3,4,0,35,7,6,6,6,4,2,2,1,0.53917
102,1,0,3,4,0,36,4,6,8,4,4,1,1,1,0.36165
102,1,0,3,4,0,37,4,6,8,4,4,1,1,1,0.28613
102,1,0,3,4,0,38,6,6,8,5,4,1,1,1,0.35166
102,1,0,3,4,0,39,6,6,8,5,4,1,1,1,0.3765
102,1,0,3,4,0,40,2,6,8,3,4,1,1,1,0.29129
102,1,0,3,4,0,41,9,6,6,7,4,2,2,1,0.51655
102,1,0,3,4,0,42,7,6,6,6,4,2,2,1,0.37285
102,1,0,3,4,0,43,4,6,8,4,4,1,1,1,0.45602
102,1,0,3,4,0,44,4,6,8,4,4,1,1,1,0.32575
102,1,0,3,4,0,45,9,6,6,7,4,2,2,1,0.40046
102,1,0,3,4,0,46,4,6,8,4,4,1,1,1,0.32694
102,1,0,3,4,0,47,11,6,6,8,4,2,2,1,0.38857
102,1,0,3,4,0,48,9,6,6,7,4,2,2,1,0.4671
102,1,0,3,4,0,49,2,6,8,3,4,1,1,1,0.4354
102,1,0,3,4,0,50,4,6,8,4,4,1,1,1,0.36571
102,1,0,3,4,0,51,11,6,6,8,4,2,2,1,0.41484
102,1,0,3,4,0,52,4,6,8,4,4,1,1,1,0.43249
102,1,0,3,4,0,53,7,6,6,6,4,2,2,1,0.64275
102,1,0,3,4,0,54,6,6,8,5,4,1,1,1,0.3932
102,1,0,3,4,0,55,2,6,8,3,4,1,1,1,0.32322
102,1,0,3,4,0,56,7,6,6,6,4,2,2,1,0.5668
102,1,0,3,4,0,57,9,6,6,7,4,2,2,1,0.28962
102,1,0,3,4,0,58,11,6,6,8,4,2,2,1,0.33959
102,1,0,3,4,0,59,7,6,6,6,4,2,2,1,0.52031
102,1,0,3,4,0,60,4,6,8,4,4,1,1,1,0.38753
102,1,0,3,4,0,61,9,6,6,7,4,2,2,1,0.35319
102,1,0,3,4,0,62,2,6,8,3,4,1,1,1,0.37264
102,1,0,3,4,0,63,4,6,8,4,4,1,1,1,0.34725
102,1,0,3,4,0,64,11,6,6,8,4,2,2,1,0.37198
102,1,0,3,4,0,65,9,6,6,7,4,2,2,1,0.36447
102,1,0,3,4,0,66,11,6,6,8,4,2,2,1,0.41635
102,1,0,3,4,0,67,2,6,8,3,4,1,1,1,0.6178
102,1,0,3,4,0,68,2,6,8,3,4,1,1,1,0.41977
102,1,0,3,4,0,69,2,6,8,3,4,1,1,1,0.28011
102,1,0,3,4,0,70,6,6,8,5,4,1,1,1,0.36245
102,1,0,3,4,0,71,11,6,6,8,4,2,2,1,0.31994
102,1,0,3,4,0,72,2,6,8,3,4,1,1,1,0.2828
102,1,0,3,4,0,73,9,6,6,7,4,2,2,1,0.44168
102,1,0,3,4,0,74,7,6,6,6,4,2,2,1,0.53217
102,1,0,3,4,0,75,7,6,6,6,4,2,2,1,0.42719
102,1,0,3,4,0,76,6,6,8,5,4,1,1,1,0.53505
102,1,0,3,4,0,77,11,6,6,8,4,2,2,1,0.29788
102,1,0,3,4,0,78,9,6,6,7,4,2,2,1,0.5254
102,1,0,3,4,0,79,7,6,6,6,4,2,2,1,0.44346
102,1,0,3,4,0,80,4,6,8,4,4,1,1,1,0.33368
102,1,0,3,4,0,81,11,6,6,8,4,2,2,1,0.33147
102,1,0,3,4,0,82,6,6,8,5,4,1,1,1,0.3534
102,1,0,3,4,0,83,2,6,8,3,4,1,1,1,0.35225
102,1,0,3,4,0,84,7,6,6,6,4,2,2,1,0.33859
102,1,0,3,4,0,85,11,6,6,8,4,2,2,1,0.35486
102,1,0,3,4,0,86,9,6,6,7,4,2,2,1,0.38611
102,1,0,3,4,0,87,2,6,8,3,4,1,1,1,0.34987
102,1,0,3,4,0,88,6,6,8,5,4,1,1,1,0.34614
102,1,0,3,4,0,89,11,6,6,8,4,2,2,1,0.30076
102,1,0,3,4,0,90,4,6,8,4,4,1,1,1,0.37452
102,1,0,3,4,0,91,11,6,6,8,4,2,2,1,0.35097
102,1,0,3,4,0,92,2,6,8,3,4,1,1,1,0.304
102,1,0,3,4,0,93,9,6,6,7,4,2,2,1,0.34307
102,1,0,3,4,0,94,11,6,6,8,4,2,2,1,0.30673
102,1,0,3,4,0,95,4,6,8,4,4,1,1,1,0.31929
102,1,0,3,4,0,96,4,6,8,4,4,1,1,1,0.27744
102,1,0,3,4,0,97,6,6,8,5,4,1,2,0,0.59957
102,1,0,3,4,0,98,4,6,8,4,4,1,1,1,0.31276
102,1,0,3,4,0,99,9,6,6,7,4,2,2,1,0.52079
102,1,0,3,4,0,100,7,6,6,6,4,2,2,1,0.32213
102,1,0,3,4,0,101,11,6,6,8,4,2,2,1,0.33974
102,1,0,3,4,0,102,4,6,8,4,4,1,1,1,0.34005
102,1,0,3,4,0,103,11,6,6,8,4,2,2,1,0.30696
102,1,0,3,4,0,104,4,6,8,4,4,1,1,1,0.36749
102,1,0,3,4,0,105,7,6,6,6,4,2,2,1,0.59893
102,1,0,3,4,0,106,9,6,6,7,4,2,2,1,0.36952
102,1,0,3,4,0,107,11,6,6,8,4,2,2,1,0.27941
102,1,0,3,4,0,108,2,6,8,3,4,1,1,1,0.28092
102,1,0,3,4,0,109,6,6,8,5,4,1,1,1,1.45
102,1,0,3,4,0,110,6,6,8,5,4,1,1,1,0.785
102,1,0,3,4,0,111,6,6,8,5,4,1,1,1,0.36975
102,1,0,3,4,0,112,6,6,8,5,4,1,1,1,0.34571
102,1,0,3,4,0,113,7,6,6,6,4,2,2,1,0.96292
102,1,0,3,4,0,114,6,6,8,5,4,1,1,1,0.68109
102,1,0,3,4,0,115,9,6,6,7,4,2,2,1,0.33489
102,1,0,3,4,0,116,6,6,8,5,4,1,1,1,0.35716
102,1,0,3,4,0,117,9,6,6,7,4,2,2,1,0.34755
102,1,0,3,4,0,118,9,6,6,7,4,2,2,1,0.44528
102,1,0,3,4,0,119,7,6,6,6,4,2,2,1,0.49091
102,1,0,3,4,0,120,11,6,6,8,4,2,2,1,0.334
102,1,0,3,3,1,1,8,6,8,6,4,2,2,1,0.59683
102,1,0,3,3,1,2,10,6,8,7,4,2,2,1,0.30737
102,1,0,3,3,1,3,3,6,6,4,4,1,1,1,0.35975
102,1,0,3,3,1,4,12,6,8,8,4,2,2,1,0.297
102,1,0,3,3,1,5,1,6,6,3,4,1,1,1,0.33323
102,1,0,3,3,1,6,5,6,6,5,4,1,1,1,0.29537
102,1,0,3,3,1,7,1,6,6,3,4,1,1,1,0.27473
102,1,0,3,3,1,8,5,6,6,5,4,1,1,1,0.292
102,1,0,3,3,1,9,8,6,8,6,4,2,2,1,0.55551
102,1,0,3,3,1,10,10,6,8,7,4,2,2,1,0.31021
102,1,0,3,3,1,11,8,6,8,6,4,2,2,1,0.33648
102,1,0,3,3,1,12,3,6,6,4,4,1,1,1,0.41914
102,1,0,3,3,1,13,1,6,6,3,4,1,1,1,0.28438
102,1,0,3,3,1,14,8,6,8,6,4,2,2,1,0.49933
102,1,0,3,3,1,15,10,6,8,7,4,2,2,1,0.34153
102,1,0,3,3,1,16,5,6,6,5,4,1,1,1,0.4591
102,1,0,3,3,1,17,3,6,6,4,4,1,1,1,0.32795
102,1,0,3,3,1,18,5,6,6,5,4,1,1,1,0.33748
102,1,0,3,3,1,19,3,6,6,4,4,1,1,1,0.30053
102,1,0,3,3,1,20,12,6,8,8,4,2,2,1,0.38281
102,1,0,3,3,1,21,12,6,8,8,4,2,2,1,0.36228
102,1,0,3,3,1,22,1,6,6,3,4,1,1,1,0.35624
102,1,0,3,3,1,23,12,6,8,8,4,2,2,1,0.41257
102,1,0,3,3,1,24,10,6,8,7,4,2,2,1,0.32707
102,1,0,3,3,0,1,1,6,6,3,4,1,1,1,0.35415
102,1,0,3,3,0,2,1,6,6,3,4,1,1,1,0.26787
102,1,0,3,3,0,3,5,6,6,5,4,1,1,1,0.29211
102,1,0,3,3,0,4,10,6,8,7,4,2,2,1,0.34179
102,1,0,3,3,0,5,10,6,8,7,4,2,2,1,0.30937
102,1,0,3,3,0,6,1,6,6,3,4,1,1,1,0.34116
102,1,0,3,3,0,7,5,6,6,5,4,1,1,1,0.55806
102,1,0,3,3,0,8,1,6,6,3,4,1,1,1,0.34053
102,1,0,3,3,0,9,5,6,6,5,4,1,1,1,0.36388
102,1,0,3,3,0,10,3,6,6,4,4,1,1,1,0.29225
102,1,0,3,3,0,11,1,6,6,3,4,1,1,1,0.3518
102,1,0,3,3,0,12,12,6,8,8,4,2,2,1,0.36976
102,1,0,3,3,0,13,3,6,6,4,4,1,1,1,0.33139
102,1,0,3,3,0,14,8,6,8,6,4,2,2,1,0.37805
102,1,0,3,3,0,15,1,6,6,3,4,1,1,1,0.317
102,1,0,3,3,0,16,1,6,6,3,4,1,1,1,0.2828
102,1,0,3,3,0,17,1,6,6,3,4,1,1,1,0.28085
102,1,0,3,3,0,18,10,6,8,7,4,2,2,1,0.37688
102,1,0,3,3,0,19,10,6,8,7,4,2,2,1,0.36121
102,1,0,3,3,0,20,5,6,6,5,4,1,1,1,0.33717
102,1,0,3,3,0,21,5,6,6,5,4,1,1,1,0.43749
102,1,0,3,3,0,22,10,6,8,7,4,2,2,1,0.39024
102,1,0,3,3,0,23,1,6,6,3,4,1,1,1,0.33522
102,1,0,3,3,0,24,1,6,6,3,4,1,1,1,0.30652
102,1,0,3,3,0,25,3,6,6,4,4,1,1,1,0.28232
102,1,0,3,3,0,26,3,6,6,4,4,1,1,1,0.28688
102,1,0,3,3,0,27,5,6,6,5,4,1,1,1,0.32115
102,1,0,3,3,0,28,10,6,8,7,4,2,2,1,0.56307
102,1,0,3,3,0,29,8,6,8,6,4,2,2,1,0.33536
102,1,0,3,3,0,30,3,6,6,4,4,1,1,1,0.33778
102,1,0,3,3,0,31,12,6,8,8,4,2,2,1,0.33605
102,1,0,3,3,0,32,10,6,8,7,4,2,2,1,0.34037
102,1,0,3,3,0,33,12,6,8,8,4,2,2,1,0.31925
102,1,0,3,3,0,34,8,6,8,6,4,2,2,1,0.4398
102,1,0,3,3,0,35,10,6,8,7,4,2,2,1,0.30827
102,1,0,3,3,0,36,8,6,8,6,4,2,2,1,0.5566
102,1,0,3,3,0,37,5,6,6,5,4,1,1,1,0.48177
102,1,0,3,3,0,38,3,6,6,4,4,1,1,1,0.32144
102,1,0,3,3,0,39,8,6,8,6,4,2,2,1,0.4562
102,1,0,3,3,0,40,10,6,8,7,4,2,2,1,0.33002
102,1,0,3,3,0,41,1,6,6,3,4,1,1,1,0.53782
102,1,0,3,3,0,42,12,6,8,8,4,2,2,1,0.61284
102,1,0,3,3,0,43,3,6,6,4,4,1,1,1,0.3653
102,1,0,3,3,0,44,5,6,6,5,4,1,1,1,1.0145
102,1,0,3,3,0,45,5,6,6,5,4,1,1,1,0.44384
102,1,0,3,3,0,46,10,6,8,7,4,2,2,1,0.44161
102,1,0,3,3,0,47,3,6,6,4,4,1,1,1,0.76074
102,1,0,3,3,0,48,10,6,8,7,4,2,2,1,0.47514
102,1,0,3,3,0,49,1,6,6,3,4,1,1,1,0.4039
102,1,0,3,3,0,50,10,6,8,7,4,2,2,1,1.2438
102,1,0,3,3,0,51,1,6,6,3,4,1,1,1,0.38007
102,1,0,3,3,0,52,10,6,8,7,4,2,2,1,1.1276
102,1,0,3,3,0,53,1,6,6,3,4,1,1,1,0.4258
102,1,0,3,3,0,54,5,6,6,5,4,1,1,1,0.59795
102,1,0,3,3,0,55,5,6,6,5,4,1,1,1,0.38816
102,1,0,3,3,0,56,8,6,8,6,4,2,1,0,0.81575
102,1,0,3,3,0,57,12,6,8,8,4,2,2,1,0.93511
102,1,0,3,3,0,58,8,6,8,6,4,2,2,1,1.2793
102,1,0,3,3,0,59,8,6,8,6,4,2,2,1,0.42775
102,1,0,3,3,0,60,1,6,6,3,4,1,1,1,0.34351
102,1,0,3,3,0,61,5,6,6,5,4,1,1,1,0.64133
102,1,0,3,3,0,62,12,6,8,8,4,2,2,1,0.35538
102,1,0,3,3,0,63,12,6,8,8,4,2,2,1,0.32864
102,1,0,3,3,0,64,12,6,8,8,4,2,2,1,0.31081
102,1,0,3,3,0,65,5,6,6,5,4,1,1,1,0.30217
102,1,0,3,3,0,66,3,6,6,4,4,1,1,1,0.31823
102,1,0,3,3,0,67,8,6,8,6,4,2,2,1,0.5593
102,1,0,3,3,0,68,8,6,8,6,4,2,2,1,0.37329
102,1,0,3,3,0,69,8,6,8,6,4,2,2,1,0.38791
102,1,0,3,3,0,70,12,6,8,8,4,2,2,1,0.30336
102,1,0,3,3,0,71,5,6,6,5,4,1,1,1,0.70493
102,1,0,3,3,0,72,12,6,8,8,4,2,2,1,0.40657
102,1,0,3,3,0,73,8,6,8,6,4,2,2,1,0.50161
102,1,0,3,3,0,74,3,6,6,4,4,1,1,1,0.37872
102,1,0,3,3,0,75,12,6,8,8,4,2,2,1,0.3588
102,1,0,3,3,0,76,1,6,6,3,4,1,1,1,0.41543
102,1,0,3,3,0,77,8,6,8,6,4,2,2,1,0.4022
102,1,0,3,3,0,78,10,6,8,7,4,2,2,1,0.31215
102,1,0,3,3,0,79,3,6,6,4,4,1,1,1,0.36501
102,1,0,3,3,0,80,5,6,6,5,4,1,1,1,0.40924
102,1,0,3,3,0,81,5,6,6,5,4,1,1,1,0.47651
102,1,0,3,3,0,82,5,6,6,5,4,1,1,1,0.32782
102,1,0,3,3,0,83,8,6,8,6,4,2,1,0,0.52044
102,1,0,3,3,0,84,8,6,8,6,4,2,2,1,1.3568
102,1,0,3,3,0,85,10,6,8,7,4,2,2,1,0.37663
102,1,0,3,3,0,86,12,6,8,8,4,2,2,1,0.52675
102,1,0,3,3,0,87,5,6,6,5,4,1,1,1,0.75395
102,1,0,3,3,0,88,1,6,6,3,4,1,1,1,0.46547
102,1,0,3,3,0,89,10,6,8,7,4,2,2,1,0.61802
102,1,0,3,3,0,90,12,6,8,8,4,2,2,1,0.4329
102,1,0,3,3,0,91,12,6,8,8,4,2,2,1,0.34775
102,1,0,3,3,0,92,12,6,8,8,4,2,2,1,0.27815
102,1,0,3,3,0,93,10,6,8,7,4,2,2,1,0.2941
102,1,0,3,3,0,94,3,6,6,4,4,1,1,1,0.43122
102,1,0,3,3,0,95,10,6,8,7,4,2,2,1,0.77586
102,1,0,3,3,0,96,3,6,6,4,4,1,1,1,0.43176
102,1,0,3,3,0,97,5,6,6,5,4,1,1,1,0.60527
102,1,0,3,3,0,98,12,6,8,8,4,2,2,1,0.47613
102,1,0,3,3,0,99,8,6,8,6,4,2,1,0,0.41919
102,1,0,3,3,0,100,1,6,6,3,4,1,1,1,0.37054
102,1,0,3,3,0,101,3,6,6,4,4,1,1,1,0.34526
102,1,0,3,3,0,102,12,6,8,8,4,2,2,1,0.39223
102,1,0,3,3,0,103,3,6,6,4,4,1,1,1,0.38008
102,1,0,3,3,0,104,3,6,6,4,4,1,1,1,0.38869
102,1,0,3,3,0,105,1,6,6,3,4,1,1,1,0.25996
102,1,0,3,3,0,106,5,6,6,5,4,1,1,1,0.29042
102,1,0,3,3,0,107,3,6,6,4,4,1,1,1,0.25829
102,1,0,3,3,0,108,10,6,8,7,4,2,2,1,0.5498
102,1,0,3,3,0,109,1,6,6,3,4,1,1,1,0.2814
102,1,0,3,3,0,110,8,6,8,6,4,2,2,1,0.37693
102,1,0,3,3,0,111,3,6,6,4,4,1,1,1,0.26592
102,1,0,3,3,0,112,8,6,8,6,4,2,2,1,0.48083
102,1,0,3,3,0,113,8,6,8,6,4,2,2,1,0.7024
102,1,0,3,3,0,114,3,6,6,4,4,1,1,1,0.33717
102,1,0,3,3,0,115,12,6,8,8,4,2,2,1,0.32282
102,1,0,3,3,0,116,12,6,8,8,4,2,2,1,0.39615
102,1,0,3,3,0,117,12,6,8,8,4,2,2,1,0.3111
102,1,0,3,3,0,118,10,6,8,7,4,2,2,1,0.40783
102,1,0,3,3,0,119,3,6,6,4,4,1,1,1,0.43803
102,1,0,3,3,0,120,8,6,8,6,4,2,2,1,0.42604
