101,1,0,3,2,1,1,8,6,8,6,4,2,2,1,1.528
101,1,0,3,2,1,2,12,6,8,8,4,2,2,1,0.76032
101,1,0,3,2,1,3,2,6,8,3,4,1,1,1,0.71086
101,1,0,3,2,1,4,4,6,8,4,4,1,1,1,0.40255
101,1,0,3,2,1,5,10,6,8,7,4,2,2,1,0.34386
101,1,0,3,2,1,6,6,6,8,5,4,1,1,1,1.9277
101,1,0,3,2,1,7,2,6,8,3,4,1,1,1,0.52964
101,1,0,3,2,1,8,12,6,8,8,4,2,2,1,0.42038
101,1,0,3,2,1,9,10,6,8,7,4,2,2,1,0.54638
101,1,0,3,2,1,10,2,6,8,3,4,1,1,1,0.42439
101,1,0,3,2,1,11,12,6,8,8,4,2,2,1,0.42659
101,1,0,3,2,1,12,6,6,8,5,4,1,1,1,0.41717
101,1,0,3,2,1,13,4,6,8,4,4,1,1,1,0.34992
101,1,0,3,2,1,14,6,6,8,5,4,1,1,1,0.30501
101,1,0,3,2,1,15,8,6,8,6,4,2,2,1,0.74142
101,1,0,3,2,1,16,6,6,8,5,4,1,1,1,0.42393
101,1,0,3,2,1,17,2,6,8,3,4,1,2,0,0.3608
101,1,0,3,2,1,18,10,6,8,7,4,2,2,1,1.025
101,1,0,3,2,1,19,4,6,8,4,4,1,1,1,0.42407
101,1,0,3,2,1,20,10,6,8,7,4,2,2,1,0.80501
101,1,0,3,2,1,21,8,6,8,6,4,2,2,1,0.50568
101,1,0,3,2,1,22,8,6,8,6,4,2,2,1,0.45579
101,1,0,3,2,1,23,4,6,8,4,4,1,1,1,0.37455
101,1,0,3,2,1,24,12,6,8,8,4,2,2,1,0.89943
101,1,0,3,2,0,1,8,6,8,6,4,2,2,1,0.56365
101,1,0,3,2,0,2,12,6,8,8,4,2,2,1,0.40887
101,1,0,3,2,0,3,12,6,8,8,4,2,2,1,0.31902
101,1,0,3,2,0,4,4,6,8,4,4,1,1,1,0.4871
101,1,0,3,2,0,5,10,6,8,7,4,2,2,1,0.39319
101,1,0,3,2,0,6,2,6,8,3,4,1,1,1,0.66419
101,1,0,3,2,0,7,4,6,8,4,4,1,1,1,0.29921
101,1,0,3,2,0,8,8,6,8,6,4,2,2,1,0.92056
101,1,0,3,2,0,9,2,6,8,3,4,1,1,1,0.34423
101,1,0,3,2,0,10,2,6,8,3,4,1,1,1,0.32086
101,1,0,3,2,0,11,6,6,8,5,4,1,1,1,0.73238
101,1,0,3,2,0,12,2,6,8,3,4,1,1,1,0.37545
101,1,0,3,2,0,13,10,6,8,7,4,2,2,1,0.39123
101,1,0,3,2,0,14,4,6,8,4,4,1,1,1,0.35693
101,1,0,3,2,0,15,8,6,8,6,4,2,2,1,0.82766
101,1,0,3,2,0,16,12,6,8,8,4,2,1,0,0.37552
101,1,0,3,2,0,17,8,6,8,6,4,2,2,1,0.66396
101,1,0,3,2,0,18,2,6,8,3,4,1,1,1,0.48624
101,1,0,3,2,0,19,10,6,8,7,4,2,2,1,0.44178
101,1,0,3,2,0,20,6,6,8,5,4,1,1,1,0.67395
101,1,0,3,2,0,21,2,6,8,3,4,1,1,1,0.36057
101,1,0,3,2,0,22,6,6,8,5,4,1,1,1,0.49882
101,1,0,3,2,0,23,6,6,8,5,4,1,1,1,0.5622
101,1,0,3,2,0,24,4,6,8,4,4,1,1,1,0.3381
101,1,0,3,2,0,25,6,6,8,5,4,1,1,1,0.57648
101,1,0,3,2,0,26,6,6,8,5,4,1,1,1,0.37119
101,1,0,3,2,0,27,8,6,8,6,4,2,2,1,0.75462
101,1,0,3,2,0,28,10,6,8,7,4,2,2,1,0.74178
101,1,0,3,2,0,29,8,6,8,6,4,2,2,1,0.50318
101,1,0,3,2,0,30,12,6,8,8,4,2,2,1,0.36862
101,1,0,3,2,0,31,2,6,8,3,4,1,1,1,0.33692
101,1,0,3,2,0,32,6,6,8,5,4,1,1,1,0.55854
101,1,0,3,2,0,33,2,6,8,3,4,1,1,1,0.43643
101,1,0,3,2,0,34,10,6,8,7,4,2,2,1,0.33807
101,1,0,3,2,0,35,2,6,8,3,4,1,1,1,0.40217
101,1,0,3,2,0,36,4,6,8,4,4,1,1,1,0.35096
101,1,0,3,2,0,37,2,6,8,3,4,1,1,1,0.28709
101,1,0,3,2,0,38,8,6,8,6,4,2,2,1,0.42
101,1,0,3,2,0,39,12,6,8,8,4,2,2,1,0.35793
101,1,0,3,2,0,40,12,6,8,8,4,2,2,1,0.38553
101,1,0,3,2,0,41,12,6,8,8,4,2,2,1,0.34268
101,1,0,3,2,0,42,4,6,8,4,4,1,1,1,0.50275
101,1,0,3,2,0,43,8,6,8,6,4,2,2,1,0.41439
101,1,0,3,2,0,44,8,6,8,6,4,2,2,1,0.39012
101,1,0,3,2,0,45,4,6,8,4,4,1,1,1,0.35925
101,1,0,3,2,0,46,10,6,8,7,4,2,2,1,0.34875
101,1,0,3,2,0,47,8,6,8,6,4,2,2,1,0.6374
101,1,0,3,2,0,48,4,6,8,4,4,1,1,1,0.65856
101,1,0,3,2,0,49,4,6,8,4,4,1,1,1,0.38474
101,1,0,3,2,0,50,6,6,8,5,4,1,1,1,0.50606
101,1,0,3,2,0,51,2,6,8,3,4,1,1,1,0.3366
101,1,0,3,2,0,52,10,6,8,7,4,2,2,1,0.33638
101,1,0,3,2,0,53,6,6,8,5,4,1,1,1,0.26208
101,1,0,3,2,0,54,8,6,8,6,4,2,2,1,0.4654
101,1,0,3,2,0,55,6,6,8,5,4,1,1,1,0.57164
101,1,0,3,2,0,56,12,6,8,8,4,2,2,1,0.39314
101,1,0,3,2,0,57,10,6,8,7,4,2,2,1,0.42976
101,1,0,3,2,0,58,8,6,8,6,4,2,2,1,0.84314
101,1,0,3,2,0,59,10,6,8,7,4,2,2,1,0.39737
101,1,0,3,2,0,60,12,6,8,8,4,2,2,1,0.79208
101,1,0,3,2,0,61,10,6,8,7,4,2,2,1,0.40928
101,1,0,3,2,0,62,10,6,8,7,4,2,2,1,0.35198
101,1,0,3,2,0,63,12,6,8,8,4,2,2,1,0.30392
101,1,0,3,2,0,64,6,6,8,5,4,1,1,1,0.41002
101,1,0,3,2,0,65,2,6,8,3,4,1,1,1,0.42612
101,1,0,3,2,0,66,12,6,8,8,4,2,2,1,0.40042
101,1,0,3,2,0,67,6,6,8,5,4,1,1,1,0.6513
101,1,0,3,2,0,68,12,6,8,8,4,2,2,1,0.45994
101,1,0,3,2,0,69,10,6,8,7,4,2,2,1,0.47356
101,1,0,3,2,0,70,4,6,8,4,4,1,1,1,0.39568
101,1,0,3,2,0,71,10,6,8,7,4,2,2,1,1.1424
101,1,0,3,2,0,72,4,6,8,4,4,1,1,1,0.49881
101,1,0,3,2,0,73,12,6,8,8,4,2,2,1,0.42068
101,1,0,3,2,0,74,10,6,8,7,4,2,2,1,0.33265
101,1,0,3,2,0,75,12,6,8,8,4,2,2,1,0.34971
101,1,0,3,2,0,76,4,6,8,4,4,1,1,1,0.43381
101,1,0,3,2,0,77,6,6,8,5,4,1,1,1,0.36689
101,1,0,3,2,0,78,8,6,8,6,4,2,2,1,0.42445
101,1,0,3,2,0,79,4,6,8,4,4,1,1,1,0.61258
101,1,0,3,2,0,80,4,6,8,4,4,1,1,1,0.34037
101,1,0,3,2,0,81,2,6,8,3,4,1,1,1,0.32021
101,1,0,3,2,0,82,10,6,8,7,4,2,2,1,0.37626
101,1,0,3,2,0,83,10,6,8,7,4,2,2,1,0.50701
101,1,0,3,2,0,84,2,6,8,3,4,1,1,1,0.35185
101,1,0,3,2,0,85,8,6,8,6,4,2,2,1,0.40558
101,1,0,3,2,0,86,8,6,8,6,4,2,2,1,0.55544
101,1,0,3,2,0,87,4,6,8,4,4,1,1,1,0.39527
101,1,0,3,2,0,88,6,6,8,5,4,1,1,1,0.70274
101,1,0,3,2,0,89,4,6,8,4,4,1,1,1,0.43003
101,1,0,3,2,0,90,6,6,8,5,4,1,1,1,1.1697
101,1,0,3,2,0,91,12,6,8,8,4,2,2,1,0.33843
101,1,0,3,2,0,92,6,6,8,5,4,1,1,1,0.62693
101,1,0,3,2,0,93,6,6,8,5,4,1,1,1,0.92655
101,1,0,3,2,0,94,8,6,8,6,4,2,2,1,0.54204
101,1,0,3,2,0,95,2,6,8,3,4,1,1,1,0.37411
101,1,0,3,2,0,96,2,6,8,3,4,1,1,1,0.41387
101,1,0,3,2,0,97,10,6,8,7,4,2,2,1,0.48543
101,1,0,3,2,0,98,8,6,8,6,4,2,1,0,0.45007
101,1,0,3,2,0,99,6,6,8,5,4,1,1,1,0.49036
101,1,0,3,2,0,100,6,6,8,5,4,1,1,1,0.91036
101,1,0,3,2,0,101,12,6,8,8,4,2,2,1,0.44216
101,1,0,3,2,0,102,10,6,8,7,4,2,2,1,0.38168
101,1,0,3,2,0,103,12,6,8,8,4,2,2,1,0.34149
101,1,0,3,2,0,104,4,6,8,4,4,1,1,1,0.47192
101,1,0,3,2,0,105,8,6,8,6,4,2,2,1,0.64084
101,1,0,3,2,0,106,12,6,8,8,4,2,2,1,0.34544
101,1,0,3,2,0,107,12,6,8,8,4,2,2,1,0.31952
101,1,0,3,2,0,108,2,6,8,3,4,1,1,1,0.35634
101,1,0,3,2,0,109,6,6,8,5,4,1,1,1,0.33556
101,1,0,3,2,0,110,4,6,8,4,4,1,1,1,0.52808
101,1,0,3,2,0,111,4,6,8,4,4,1,1,1,0.32464
101,1,0,3,2,0,112,2,6,8,3,4,1,1,1,0.30366
101,1,0,3,2,0,113,10,6,8,7,4,2,2,1,0.30609
101,1,0,3,2,0,114,8,6,8,6,4,2,2,1,0.40625
101,1,0,3,2,0,115,10,6,8,7,4,2,2,1,0.36951
101,1,0,3,2,0,116,4,6,8,4,4,1,1,1,0.89189
101,1,0,3,2,0,117,8,6,8,6,4,2,2,1,0.35068
101,1,0,3,2,0,118,2,6,8,3,4,1,1,1,0.4038
101,1,0,3,2,0,119,2,6,8,3,4,1,1,1,0.59105
101,1,0,3,2,0,120,12,6,8,8,4,2,2,1,0.40467
101,1,0,3,1,1,1,9,6,6,7,4,2,2,1,0.8065
101,1,0,3,1,1,2,7,6,6,6,4,2,2,1,0.6905
101,1,0,3,1,1,3,5,6,6,5,4,1,1,1,0.63261
101,1,0,3,1,1,4,7,6,6,6,4,2,2,1,0.81312
101,1,0,3,1,1,5,9,6,6,7,4,2,2,1,0.37967
101,1,0,3,1,1,6,3,6,6,4,4,1,1,1,0.47998
101,1,0,3,1,1,7,7,6,6,6,4,2,2,1,0.55223
101,1,0,3,1,1,8,1,6,6,3,4,1,1,1,0.53649
101,1,0,3,1,1,9,11,6,6,8,4,2,2,1,0.37777
101,1,0,3,1,1,10,9,6,6,7,4,2,2,1,0.73115
101,1,0,3,1,1,11,9,6,6,7,4,2,2,1,0.46789
101,1,0,3,1,1,12,3,6,6,4,4,1,1,1,0.45543
101,1,0,3,1,1,13,1,6,6,3,4,1,1,1,0.46914
101,1,0,3,1,1,14,5,6,6,5,4,1,2,0,0.72266
101,1,0,3,1,1,15,7,6,6,6,4,2,2,1,0.67026
101,1,0,3,1,1,16,11,6,6,8,4,2,2,1,0.42662
101,1,0,3,1,1,17,11,6,6,8,4,2,2,1,0.34028
101,1,0,3,1,1,18,5,6,6,5,4,1,1,1,0.54733
101,1,0,3,1,1,19,5,6,6,5,4,1,1,1,0.44158
101,1,0,3,1,1,20,1,6,6,3,4,1,1,1,0.4835
101,1,0,3,1,1,21,3,6,6,4,4,1,1,1,0.36668
101,1,0,3,1,1,22,3,6,6,4,4,1,1,1,0.26731
101,1,0,3,1,1,23,11,6,6,8,4,2,2,1,0.33113
101,1,0,3,1,1,24,1,6,6,3,4,1,1,1,0.30715
101,1,0,3,1,0,1,3,6,6,4,4,1,1,1,0.79276
101,1,0,3,1,0,2,11,6,6,8,4,2,2,1,0.33109
101,1,0,3,1,0,3,11,6,6,8,4,2,2,1,0.35278
101,1,0,3,1,0,4,1,6,6,3,4,1,1,1,0.3709
101,1,0,3,1,0,5,3,6,6,4,4,1,1,1,0.39363
101,1,0,3,1,0,6,5,6,6,5,4,1,1,1,0.8041
101,1,0,3,1,0,7,1,6,6,3,4,1,1,1,0.44733
101,1,0,3,1,0,8,7,6,6,6,4,2,2,1,0.58108
101,1,0,3,1,0,9,5,6,6,5,4,1,1,1,0.62281
101,1,0,3,1,0,10,7,6,6,6,4,2,2,1,0.46075
101,1,0,3,1,0,11,1,6,6,3,4,1,1,1,0.5006
101,1,0,3,1,0,12,11,6,6,8,4,2,2,1,0.3916
101,1,0,3,1,0,13,9,6,6,7,4,2,2,1,0.37677
101,1,0,3,1,0,14,7,6,6,6,4,2,2,1,0.37103
101,1,0,3,1,0,15,5,6,6,5,4,1,1,1,0.54454
101,1,0,3,1,0,16,3,6,6,4,4,1,1,1,0.35407
101,1,0,3,1,0,17,5,6,6,5,4,1,1,1,0.49785
101,1,0,3,1,0,18,5,6,6,5,4,1,1,1,0.3272
101,1,0,3,1,0,19,11,6,6,8,4,2,2,1,0.37759
101,1,0,3,1,0,20,7,6,6,6,4,2,2,1,0.70733
101,1,0,3,1,0,21,11,6,6,8,4,2,2,1,0.31687
101,1,0,3,1,0,22,9,6,6,7,4,2,2,1,0.37027
101,1,0,3,1,0,23,11,6,6,8,4,2,2,1,0.38925
101,1,0,3,1,0,24,7,6,6,6,4,2,2,1,0.82703
101,1,0,3,1,0,25,7,6,6,6,4,2,2,1,0.45142
101,1,0,3,1,0,26,11,6,6,8,4,2,1,0,0.39016
101,1,0,3,1,0,27,9,6,6,7,4,2,2,1,0.70105
101,1,0,3,1,0,28,5,6,6,5,4,1,1,1,0.44504
101,1,0,3,1,0,29,11,6,6,8,4,2,2,1,0.32628
101,1,0,3,1,0,30,3,6,6,4,4,1,1,1,0.43985
101,1,0,3,1,0,31,9,6,6,7,4,2,2,1,0.34656
101,1,0,3,1,0,32,9,6,6,7,4,2,2,1,0.49344
101,1,0,3,1,0,33,7,6,6,6,4,2,2,1,0.60486
101,1,0,3,1,0,34,3,6,6,4,4,1,1,1,0.44688
101,1,0,3,1,0,35,9,6,6,7,4,2,2,1,0.31257
101,1,0,3,1,0,36,9,6,6,7,4,2,2,1,0.34319
101,1,0,3,1,0,37,7,6,6,6,4,2,2,1,0.45324
101,1,0,3,1,0,38,3,6,6,4,4,1,1,1,0.56079
101,1,0,3,1,0,39,3,6,6,4,4,1,1,1,0.69775
101,1,0,3,1,0,40,5,6,6,5,4,1,1,1,0.62306
101,1,0,3,1,0,41,5,6,6,5,4,1,1,1,0.52505
101,1,0,3,1,0,42,1,6,6,3,4,1,1,1,0.39961
101,1,0,3,1,0,43,5,6,6,5,4,1,1,1,0.56453
101,1,0,3,1,0,44,9,6,6,7,4,2,2,1,0.37167
101,1,0,3,1,0,45,7,6,6,6,4,2,2,1,0.48063
101,1,0,3,1,0,46,11,6,6,8,4,2,2,1,0.4288
101,1,0,3,1,0,47,5,6,6,5,4,1,1,1,0.66125
101,1,0,3,1,0,48,9,6,6,7,4,2,2,1,0.39105
101,1,0,3,1,0,49,5,6,6,5,4,1,1,1,0.64644
101,1,0,3,1,0,50,11,6,6,8,4,2,2,1,0.37404
101,1,0,3,1,0,51,1,6,6,3,4,1,1,1,0.43386
101,1,0,3,1,0,52,1,6,6,3,4,1,1,1,0.64117
101,1,0,3,1,0,53,7,6,6,6,4,2,2,1,0.97328
101,1,0,3,1,0,54,1,6,6,3,4,1,1,1,0.45301
101,1,0,3,1,0,55,3,6,6,4,4,1,1,1,0.84736
101,1,0,3,1,0,56,11,6,6,8,4,2,2,1,0.32861
101,1,0,3,1,0,57,3,6,6,4,4,1,1,1,0.50565
101,1,0,3,1,0,58,11,6,6,8,4,2,2,1,0.32806
101,1,0,3,1,0,59,9,6,6,7,4,2,2,1,0.48988
101,1,0,3,1,0,60,3,6,6,4,4,1,1,1,0.59453
101,1,0,3,1,0,61,7,6,6,6,4,2,2,1,0.50783
101,1,0,3,1,0,62,11,6,6,8,4,2,2,1,0.38739
101,1,0,3,1,0,63,11,6,6,8,4,2,2,1,0.40596
101,1,0,3,1,0,64,5,6,6,5,4,1,2,0,0.96691
101,1,0,3,1,0,65,7,6,6,6,4,2,2,1,0.6321
101,1,0,3,1,0,66,9,6,6,7,4,2,2,1,0.36538
101,1,0,3,1,0,67,5,6,6,5,4,1,1,1,0.50869
101,1,0,3,1,0,68,9,6,6,7,4,2,2,1,0.50577
101,1,0,3,1,0,69,1,6,6,3,4,1,1,1,0.42752
101,1,0,3,1,0,70,5,6,6,5,4,1,1,1,0.70751
101,1,0,3,1,0,71,3,6,6,4,4,1,1,1,0.35178
101,1,0,3,1,0,72,1,6,6,3,4,1,1,1,0.63915
101,1,0,3,1,0,73,1,6,6,3,4,1,1,1,0.34669
101,1,0,3,1,0,74,1,6,6,3,4,1,1,1,0.32281
101,1,0,3,1,0,75,11,6,6,8,4,2,2,1,0.37501
101,1,0,3,1,0,76,7,6,6,6,4,2,2,1,0.58473
101,1,0,3,1,0,77,7,6,6,6,4,2,2,1,0.6927
101,1,0,3,1,0,78,3,6,6,4,4,1,1,1,0.74559
101,1,0,3,1,0,79,9,6,6,7,4,2,2,1,0.50806
101,1,0,3,1,0,80,1,6,6,3,4,1,1,1,0.43505
101,1,0,3,1,0,81,1,6,6,3,4,1,1,1,0.4117
101,1,0,3,1,0,82,5,6,6,5,4,1,1,1,0.74219
101,1,0,3,1,0,83,3,6,6,4,4,1,1,1,0.5243
101,1,0,3,1,0,84,3,6,6,4,4,1,1,1,0.42193
101,1,0,3,1,0,85,7,6,6,6,4,2,2,1,0.53613
101,1,0,3,1,0,86,9,6,6,7,4,2,2,1,0.51781
101,1,0,3,1,0,87,3,6,6,4,4,1,1,1,0.6009
101,1,0,3,1,0,88,3,6,6,4,4,1,1,1,0.44547
101,1,0,3,1,0,89,7,6,6,6,4,2,2,1,0.50094
101,1,0,3,1,0,90,1,6,6,3,4,1,1,1,0.52135
101,1,0,3,1,0,91,1,6,6,3,4,1,1,1,0.41009
101,1,0,3,1,0,92,7,6,6,6,4,2,2,1,0.41061
101,1,0,3,1,0,93,3,6,6,4,4,1,1,1,0.53344
101,1,0,3,1,0,94,5,6,6,5,4,1,1,1,1.1478
101,1,0,3,1,0,95,7,6,6,6,4,2,2,1,0.52029
101,1,0,3,1,0,96,5,6,6,5,4,1,1,1,0.55647
101,1,0,3,1,0,97,5,6,6,5,4,1,1,1,0.44586
101,1,0,3,1,0,98,9,6,6,7,4,2,1,0,0.4811
101,1,0,3,1,0,99,1,6,6,3,4,1,1,1,0.45556
101,1,0,3,1,0,100,9,6,6,7,4,2,2,1,0.46512
101,1,0,3,1,0,101,3,6,6,4,4,1,1,1,0.65872
101,1,0,3,1,0,102,1,6,6,3,4,1,1,1,0.46873
101,1,0,3,1,0,103,5,6,6,5,4,1,1,1,0.67974
101,1,0,3,1,0,104,11,6,6,8,4,2,2,1,0.33228
101,1,0,3,1,0,105,9,6,6,7,4,2,2,1,1.192
101,1,0,3,1,0,106,5,6,6,5,4,1,1,1,0.78644
101,1,0,3,1,0,107,9,6,6,7,4,2,2,1,0.6977
101,1,0,3,1,0,108,11,6,6,8,4,2,2,1,0.75302
101,1,0,3,1,0,109,9,6,6,7,4,2,2,1,0.38765
101,1,0,3,1,0,110,1,6,6,3,4,1,1,1,0.46378
101,1,0,3,1,0,111,7,6,6,6,4,2,2,1,0.52805
101,1,0,3,1,0,112,11,6,6,8,4,2,2,1,0.43452
101,1,0,3,1,0,113,1,6,6,3,4,1,1,1,0.4676
101,1,0,3,1,0,114,7,6,6,6,4,2,2,1,0.6014
101,1,0,3,1,0,115,1,6,6,3,4,1,1,1,0.47389
101,1,0,3,1,0,116,9,6,6,7,4,2,2,1,0.45198
101,1,0,3,1,0,117,3,6,6,4,4,1,1,1,0.49695
101,1,0,3,1,0,118,3,6,6,4,4,1,1,1,0.55901
101,1,0,3,1,0,119,11,6,6,8,4,2,2,1,0.44337
101,1,0,3,1,0,120,11,6,6,8,4,2,2,1,0.41027
101,1,0,3,5,1,1,11,6,6,8,4,2,2,1,0.54967
101,1,0,3,5,1,2,9,6,6,7,4,2,2,1,1.2071
101,1,0,3,5,1,3,12,6,8,8,4,2,2,1,0.44896
101,1,0,3,5,1,4,5,6,6,5,4,1,1,1,1.4049
101,1,0,3,5,1,5,2,6,8,3,4,1,2,0,0.34101
101,1,0,3,5,1,6,10,6,8,7,4,2,2,1,0.69897
101,1,0,3,5,1,7,4,6,8,4,4,1,1,1,0.57154
101,1,0,3,5,1,8,3,6,6,4,4,1,1,1,0.39247
101,1,0,3,5,1,9,6,6,8,5,4,1,1,1,0.30252
101,1,0,3,5,1,10,8,6,8,6,4,2,2,1,0.4635
101,1,0,3,5,1,11,2,6,8,3,4,1,1,1,0.38094
101,1,0,3,5,1,12,12,6,8,8,4,2,2,1,0.34017
101,1,0,3,5,1,13,1,6,6,3,4,1,1,1,0.41143
101,1,0,3,5,1,14,6,6,8,5,4,1,1,1,0.63749
101,1,0,3,5,1,15,8,6,8,6,4,2,2,1,0.40218
101,1,0,3,5,1,16,1,6,6,3,4,1,1,1,0.39116
101,1,0,3,5,1,17,10,6,8,7,4,2,2,1,0.58562
101,1,0,3,5,1,18,11,6,6,8,4,2,2,1,0.69354
101,1,0,3,5,1,19,4,6,8,4,4,1,1,1,0.43029
101,1,0,3,5,1,20,7,6,6,6,4,2,2,1,0.49201
101,1,0,3,5,1,21,5,6,6,5,4,1,1,1,0.51226
101,1,0,3,5,1,22,3,6,6,4,4,1,1,1,0.38997
101,1,0,3,5,1,23,7,6,6,6,4,2,2,1,0.4394
101,1,0,3,5,1,24,9,6,6,7,4,2,2,1,0.53989
101,1,0,3,5,0,1,9,6,6,7,4,2,2,1,0.49264
101,1,0,3,5,0,2,10,6,8,7,4,2,2,1,0.42152
101,1,0,3,5,0,3,12,6,8,8,4,2,2,1,0.28567
101,1,0,3,5,0,4,9,6,6,7,4,2,2,1,0.38972
101,1,0,3,5,0,5,8,6,8,6,4,2,2,1,0.94046
101,1,0,3,5,0,6,5,6,6,5,4,1,1,1,0.41899
101,1,0,3,5,0,7,7,6,6,6,4,2,1,0,0.59093
101,1,0,3,5,0,8,11,6,6,8,4,2,2,1,0.37831
101,1,0,3,5,0,9,7,6,6,6,4,2,2,1,0.4767
101,1,0,3,5,0,10,6,6,8,5,4,1,1,1,0.41474
101,1,0,3,5,0,11,12,6,8,8,4,2,2,1,0.3795
101,1,0,3,5,0,12,7,6,6,6,4,2,2,1,0.59411
101,1,0,3,5,0,13,5,6,6,5,4,1,1,1,0.43133
101,1,0,3,5,0,14,12,6,8,8,4,2,2,1,0.34813
101,1,0,3,5,0,15,7,6,6,6,4,2,2,1,0.88736
101,1,0,3,5,0,16,5,6,6,5,4,1,2,0,0.40939
101,1,0,3,5,0,17,3,6,6,4,4,1,1,1,0.59802
101,1,0,3,5,0,18,7,6,6,6,4,2,2,1,1.6351
101,1,0,3,5,0,19,2,6,8,3,4,1,1,1,0.74331
101,1,0,3,5,0,20,4,6,8,4,4,1,1,1,0.38318
101,1,0,3,5,0,21,10,6,8,7,4,2,2,1,0.36647
101,1,0,3,5,0,22,8,6,8,6,4,2,2,1,0.42317
101,1,0,3,5,0,23,3,6,6,4,4,1,1,1,0.46608
101,1,0,3,5,0,24,2,6,8,3,4,1,1,1,0.38
101,1,0,3,5,0,25,10,6,8,7,4,2,2,1,0.36509
101,1,0,3,5,0,26,4,6,8,4,4,1,1,1,0.60408
101,1,0,3,5,0,27,4,6,8,4,4,1,1,1,0.41066
101,1,0,3,5,0,28,6,6,8,5,4,1,1,1,0.81081
101,1,0,3,5,0,29,12,6,8,8,4,2,2,1,0.59781
101,1,0,3,5,0,30,1,6,6,3,4,1,1,1,0.51547
101,1,0,3,5,0,31,5,6,6,5,4,1,1,1,0.72778
101,1,0,3,5,0,32,6,6,8,5,4,1,1,1,0.44422
101,1,0,3,5,0,33,11,6,6,8,4,2,2,1,0.42898
101,1,0,3,5,0,34,9,6,6,7,4,2,2,1,0.41354
101,1,0,3,5,0,35,8,6,8,6,4,2,2,1,0.52131
101,1,0,3,5,0,36,12,6,8,8,4,2,2,1,0.51374
101,1,0,3,5,0,37,4,6,8,4,4,1,1,1,0.56814
101,1,0,3,5,0,38,2,6,8,3,4,1,1,1,0.46477
101,1,0,3,5,0,39,4,6,8,4,4,1,1,1,0.48233
101,1,0,3,5,0,40,4,6,8,4,4,1,1,1,0.63975
101,1,0,3,5,0,41,3,6,6,4,4,1,1,1,0.39638
101,1,0,3,5,0,42,5,6,6,5,4,1,1,1,0.56452
101,1,0,3,5,0,43,10,6,8,7,4,2,2,1,0.88412
101,1,0,3,5,0,44,10,6,8,7,4,2,2,1,0.46734
101,1,0,3,5,0,45,12,6,8,8,4,2,2,1,0.39583
101,1,0,3,5,0,46,9,6,6,7,4,2,2,1,0.40364
101,1,0,3,5,0,47,6,6,8,5,4,1,1,1,0.44631
101,1,0,3,5,0,48,2,6,8,3,4,1,1,1,0.45904
101,1,0,3,5,0,49,6,6,8,5,4,1,1,1,0.88919
101,1,0,3,5,0,50,5,6,6,5,4,1,1,1,0.49396
101,1,0,3,5,0,51,10,6,8,7,4,2,2,1,0.43619
101,1,0,3,5,0,52,10,6,8,7,4,2,2,1,0.44018
101,1,0,3,5,0,53,6,6,8,5,4,1,1,1,0.74166
101,1,0,3,5,0,54,2,6,8,3,4,1,1,1,0.44653
101,1,0,3,5,0,55,10,6,8,7,4,2,2,1,0.3436
101,1,0,3,5,0,56,11,6,6,8,4,2,2,1,0.39617
101,1,0,3,5,0,57,3,6,6,4,4,1,1,1,0.47595
101,1,0,3,5,0,58,12,6,8,8,4,2,2,1,0.45998
101,1,0,3,5,0,59,8,6,8,6,4,2,2,1,0.57527
101,1,0,3,5,0,60,9,6,6,7,4,2,2,1,0.32881
101,1,0,3,5,0,61,4,6,8,4,4,1,2,0,0.57046
101,1,0,3,5,0,62,3,6,6,4,4,1,2,0,0.45962
101,1,0,3,5,0,63,12,6,8,8,4,2,2,1,0.55056
101,1,0,3,5,0,64,2,6,8,3,4,1,1,1,0.47182
101,1,0,3,5,0,65,5,6,6,5,4,1,1,1,1.016
101,1,0,3,5,0,66,3,6,6,4,4,1,1,1,0.464
101,1,0,3,5,0,67,10,6,8,7,4,2,2,1,0.40739
101,1,0,3,5,0,68,8,6,8,6,4,2,2,1,0.59982
101,1,0,3,5,0,69,1,6,6,3,4,1,1,1,0.46866
101,1,0,3,5,0,70,9,6,6,7,4,2,2,1,0.47131
101,1,0,3,5,0,71,2,6,8,3,4,1,1,1,0.74549
101,1,0,3,5,0,72,1,6,6,3,4,1,1,1,0.35953
101,1,0,3,5,0,73,8,6,8,6,4,2,2,1,0.62549
101,1,0,3,5,0,74,9,6,6,7,4,2,2,1,0.38327
101,1,0,3,5,0,75,10,6,8,7,4,2,2,1,0.37081
101,1,0,3,5,0,76,9,6,6,7,4,2,2,1,0.30301
101,1,0,3,5,0,77,3,6,6,4,4,1,1,1,0.30656
101,1,0,3,5,0,78,6,6,8,5,4,1,1,1,0.37774
101,1,0,3,5,0,79,2,6,8,3,4,1,1,1,0.34055
101,1,0,3,5,0,80,11,6,6,8,4,2,2,1,0.37608
101,1,0,3,5,0,81,3,6,6,4,4,1,1,1,0.48156
101,1,0,3,5,0,82,4,6,8,4,4,1,1,1,0.47661
101,1,0,3,5,0,83,1,6,6,3,4,1,1,1,0.31521
101,1,0,3,5,0,84,12,6,8,8,4,2,2,1,0.36428
101,1,0,3,5,0,85,8,6,8,6,4,2,2,1,0.61525
101,1,0,3,5,0,86,12,6,8,8,4,2,2,1,0.37962
101,1,0,3,5,0,87,9,6,6,7,4,2,2,1,0.33391
101,1,0,3,5,0,88,3,6,6,4,4,1,1,1,0.36937
101,1,0,3,5,0,89,11,6,6,8,4,2,2,1,0.31212
101,1,0,3,5,0,90,5,6,6,5,4,1,1,1,0.88802
101,1,0,3,5,0,91,1,6,6,3,4,1,1,1,0.45977
101,1,0,3,5,0,92,11,6,6,8,4,2,2,1,0.38799
101,1,0,3,5,0,93,11,6,6,8,4,2,2,1,0.33235
101,1,0,3,5,0,94,2,6,8,3,4,1,1,1,0.51463
101,1,0,3,5,0,95,9,6,6,7,4,2,2,1,0.48116
101,1,0,3,5,0,96,11,6,6,8,4,2,2,1,0.54092
101,1,0,3,5,0,97,8,6,8,6,4,2,2,1,0.60187
101,1,0,3,5,0,98,1,6,6,3,4,1,1,1,0.58964
101,1,0,3,5,0,99,6,6,8,5,4,1,1,1,0.84174
101,1,0,3,5,0,100,1,6,6,3,4,1,1,1,0.52538
101,1,0,3,5,0,101,7,6,6,6,4,2,2,1,0.93877
101,1,0,3,5,0,102,7,6,6,6,4,2,2,1,0.38868
101,1,0,3,5,0,103,2,6,8,3,4,1,1,1,0.45899
101,1,0,3,5,0,104,7,6,6,6,4,2,2,1,0.5563
101,1,0,3,5,0,105,1,6,6,3,4,1,1,1,0.41039
101,1,0,3,5,0,106,6,6,8,5,4,1,1,1,0.7428
101,1,0,3,5,0,107,8,6,8,6,4,2,2,1,0.48188
101,1,0,3,5,0,108,11,6,6,8,4,2,2,1,0.41636
101,1,0,3,5,0,109,5,6,6,5,4,1,1,1,0.99132
101,1,0,3,5,0,110,1,6,6,3,4,1,1,1,0.43201
101,1,0,3,5,0,111,4,6,8,4,4,1,1,1,0.67096
101,1,0,3,5,0,112,4,6,8,4,4,1,1,1,0.56791
101,1,0,3,5,0,113,3,6,6,4,4,1,1,1,0.60539
101,1,0,3,5,0,114,8,6,8,6,4,2,2,1,0.48046
101,1,0,3,5,0,115,5,6,6,5,4,1,1,1,0.62741
101,1,0,3,5,0,116,7,6,6,6,4,2,2,1,0.5033
101,1,0,3,5,0,117,1,6,6,3,4,1,1,1,0.47207
101,1,0,3,5,0,118,11,6,6,8,4,2,2,1,0.64737
101,1,0,3,5,0,119,7,6,6,6,4,2,2,1,0.72867
101,1,0,3,5,0,120,6,6,8,5,4,1,1,1,0.55611
101,1,0,3,6,0,1,4,6,8,4,4,1,1,1,1.4891
101,1,0,3,6,0,2,6,6,8,5,4,1,2,0,0.74708
101,1,0,3,6,0,3,8,6,8,6,4,2,2,1,0.58973
101,1,0,3,6,0,4,9,6,6,7,4,2,2,1,1.3577
101,1,0,3,6,0,5,3,6,6,4,4,1,1,1,0.54284
101,1,0,3,6,0,6,10,6,8,7,4,2,2,1,0.34292
101,1,0,3,6,0,7,11,6,6,8,4,2,2,1,0.88638
101,1,0,3,6,0,8,7,6,6,6,4,2,2,1,0.57037
101,1,0,3,6,0,9,5,6,6,5,4,1,1,1,0.58152
101,1,0,3,6,0,10,12,6,8,8,4,2,2,1,0.49437
101,1,0,3,6,0,11,8,6,8,6,4,2,2,1,0.50303
101,1,0,3,6,0,12,10,6,8,7,4,2,2,1,0.31231
101,1,0,3,6,0,13,6,6,8,5,4,1,1,1,0.63037
101,1,0,3,6,0,14,5,6,6,5,4,1,1,1,0.32844
101,1,0,3,6,0,15,7,6,6,6,4,2,2,1,0.43005
101,1,0,3,6,0,16,3,6,6,4,4,1,1,1,0.47936
101,1,0,3,6,0,17,2,6,8,3,4,1,1,1,0.37291
101,1,0,3,6,0,18,7,6,6,6,4,2,2,1,0.42517
101,1,0,3,6,0,19,1,6,6,3,4,1,1,1,0.38446
101,1,0,3,6,0,20,12,6,8,8,4,2,2,1,0.32535
101,1,0,3,6,0,21,6,6,8,5,4,1,1,1,0.5308
101,1,0,3,6,0,22,7,6,6,6,4,2,2,1,0.38796
101,1,0,3,6,0,23,4,6,8,4,4,1,1,1,0.50887
101,1,0,3,6,0,24,8,6,8,6,4,2,2,1,0.70373
101,1,0,3,6,0,25,6,6,8,5,4,1,1,1,0.51769
101,1,0,3,6,0,26,8,6,8,6,4,2,2,1,0.49993
101,1,0,3,6,0,27,2,6,8,3,4,1,1,1,0.40924
101,1,0,3,6,0,28,8,6,8,6,4,2,2,1,0.33563
101,1,0,3,6,0,29,2,6,8,3,4,1,1,1,1.0455
101,1,0,3,6,0,30,2,6,8,3,4,1,1,1,0.4574
101,1,0,3,6,0,31,8,6,8,6,4,2,2,1,0.44177
101,1,0,3,6,0,32,10,6,8,7,4,2,2,1,0.34892
101,1,0,3,6,0,33,12,6,8,8,4,2,2,1,0.40718
101,1,0,3,6,0,34,10,6,8,7,4,2,2,1,0.41454
101,1,0,3,6,0,35,11,6,6,8,4,2,2,1,0.31954
101,1,0,3,6,0,36,5,6,6,5,4,1,1,1,0.6232
101,1,0,3,6,0,37,2,6,8,3,4,1,1,1,0.44821
101,1,0,3,6,0,38,11,6,6,8,4,2,2,1,0.35161
101,1,0,3,6,0,39,3,6,6,4,4,1,1,1,0.38425
101,1,0,3,6,0,40,6,6,8,5,4,1,1,1,0.59488
101,1,0,3,6,0,41,4,6,8,4,4,1,1,1,0.43389
101,1,0,3,6,0,42,1,6,6,3,4,1,1,1,0.4823
101,1,0,3,6,0,43,12,6,8,8,4,2,2,1,0.44164
101,1,0,3,6,0,44,9,6,6,7,4,2,2,1,0.35828
101,1,0,3,6,0,45,2,6,8,3,4,1,1,1,0.36166
101,1,0,3,6,0,46,5,6,6,5,4,1,1,1,0.63874
101,1,0,3,6,0,47,10,6,8,7,4,2,2,1,0.7278
101,1,0,3,6,0,48,6,6,8,5,4,1,1,1,0.3645
101,1,0,3,6,0,49,9,6,6,7,4,2,2,1,0.43544
101,1,0,3,6,0,50,9,6,6,7,4,2,2,1,0.36963
101,1,0,3,6,0,51,11,6,6,8,4,2,2,1,0.36744
101,1,0,3,6,0,52,4,6,8,4,4,1,1,1,0.39229
101,1,0,3,6,0,53,5,6,6,5,4,1,1,1,0.48937
101,1,0,3,6,0,54,9,6,6,7,4,2,2,1,0.44527
101,1,0,3,6,0,55,1,6,6,3,4,1,1,1,0.43223
101,1,0,3,6,0,56,4,6,8,4,4,1,1,1,0.35297
101,1,0,3,6,0,57,7,6,6,6,4,2,2,1,0.69239
101,1,0,3,6,0,58,12,6,8,8,4,2,2,1,0.43635
101,1,0,3,6,0,59,11,6,6,8,4,2,2,1,0.31706
101,1,0,3,6,0,60,12,6,8,8,4,2,2,1,0.36436
101,1,0,3,6,0,61,8,6,8,6,4,2,2,1,0.66219
101,1,0,3,6,0,62,9,6,6,7,4,2,2,1,0.38111
101,1,0,3,6,0,63,4,6,8,4,4,1,1,1,0.39143
101,1,0,3,6,0,64,1,6,6,3,4,1,1,1,0.59727
101,1,0,3,6,0,65,3,6,6,4,4,1,1,1,0.36914
101,1,0,3,6,0,66,7,6,6,6,4,2,2,1,0.46867
101,1,0,3,6,0,67,5,6,6,5,4,1,1,1,0.72025
101,1,0,3,6,0,68,12,6,8,8,4,2,2,1,0.42648
101,1,0,3,6,0,69,6,6,8,5,4,1,1,1,0.65665
101,1,0,3,6,0,70,10,6,8,7,4,2,2,1,0.56346
101,1,0,3,6,0,71,3,6,6,4,4,1,1,1,0.60403
101,1,0,3,6,0,72,1,6,6,3,4,1,1,1,0.5266
101,1,0,3,6,0,73,1,6,6,3,4,1,1,1,0.44017
101,1,0,3,6,0,74,1,6,6,3,4,1,1,1,0.42608
101,1,0,3,6,0,75,2,6,8,3,4,1,1,1,0.37934
101,1,0,3,6,0,76,1,6,6,3,4,1,1,1,0.36322
101,1,0,3,6,0,77,10,6,8,7,4,2,2,1,0.42141
101,1,0,3,6,0,78,11,6,6,8,4,2,2,1,0.53471
101,1,0,3,6,0,79,11,6,6,8,4,2,2,1,0.37264
101,1,0,3,6,0,80,3,6,6,4,4,1,1,1,0.4988
101,1,0,3,6,0,81,1,6,6,3,4,1,1,1,0.36433
101,1,0,3,6,0,82,2,6,8,3,4,1,1,1,0.40429
101,1,0,3,6,0,83,6,6,8,5,4,1,1,1,1.2446
101,1,0,3,6,0,84,3,6,6,4,4,1,1,1,0.42041
101,1,0,3,6,0,85,3,6,6,4,4,1,1,1,0.3174
101,1,0,3,6,0,86,5,6,6,5,4,1,1,1,0.53802
101,1,0,3,6,0,87,3,6,6,4,4,1,1,1,0.34399
101,1,0,3,6,0,88,5,6,6,5,4,1,1,1,0.61419
101,1,0,3,6,0,89,10,6,8,7,4,2,2,1,0.38789
101,1,0,3,6,0,90,10,6,8,7,4,2,2,1,0.66266
101,1,0,3,6,0,91,4,6,8,4,4,1,1,1,0.46564
101,1,0,3,6,0,92,4,6,8,4,4,1,1,1,0.46955
101,1,0,3,6,0,93,1,6,6,3,4,1,1,1,0.43065
101,1,0,3,6,0,94,8,6,8,6,4,2,2,1,0.4695
101,1,0,3,6,0,95,8,6,8,6,4,2,2,1,0.57899
101,1,0,3,6,0,96,11,6,6,8,4,2,2,1,0.58564
101,1,0,3,6,0,97,7,6,6,6,4,2,2,1,0.47899
101,1,0,3,6,0,98,4,6,8,4,4,1,1,1,0.45809
101,1,0,3,6,0,99,11,6,6,8,4,2,2,1,0.40685
101,1,0,3,6,0,100,2,6,8,3,4,1,1,1,0.36174
101,1,0,3,6,0,101,12,6,8,8,4,2,2,1,0.39523
101,1,0,3,6,0,102,3,6,6,4,4,1,1,1,0.48739
101,1,0,3,6,0,103,9,6,6,7,4,2,2,1,0.5042
101,1,0,3,6,0,104,11,6,6,8,4,2,2,1,0.46047
101,1,0,3,6,0,105,6,6,8,5,4,1,1,1,0.67336
101,1,0,3,6,0,106,4,6,8,4,4,1,1,1,0.34364
101,1,0,3,6,0,107,7,6,6,6,4,2,2,1,0.58093
101,1,0,3,6,0,108,7,6,6,6,4,2,2,1,0.54408
101,1,0,3,6,0,109,12,6,8,8,4,2,2,1,0.33558
101,1,0,3,6,0,110,10,6,8,7,4,2,2,1,0.4015
101,1,0,3,6,0,111,2,6,8,3,4,1,1,1,0.35782
101,1,0,3,6,0,112,12,6,8,8,4,2,2,1,0.35481
101,1,0,3,6,0,113,9,6,6,7,4,2,2,1,0.40362
101,1,0,3,6,0,114,5,6,6,5,4,1,1,1,0.61128
101,1,0,3,6,0,115,9,6,6,7,4,2,2,1,0.36023
101,1,0,3,6,0,116,5,6,6,5,4,1,1,1,0.41256
101,1,0,3,6,0,117,7,6,6,6,4,2,2,1,0.65568
101,1,0,3,6,0,118,6,6,8,5,4,1,1,1,0.40889
101,1,0,3,6,0,119,9,6,6,7,4,2,2,1,0.45894
101,1,0,3,6,0,120,8,6,8,6,4,2,2,1,0.48894
101,1,0,3,3,1,1,8,6,8,6,4,2,2,1,1.3994
101,1,0,3,3,1,2,5,6,6,5,4,1,1,1,0.98988
101,1,0,3,3,1,3,12,6,8,8,4,2,2,1,0.71858
101,1,0,3,3,1,4,12,6,8,8,4,2,2,1,1.4262
101,1,0,3,3,1,5,5,6,6,5,4,1,1,1,0.82581
101,1,0,3,3,1,6,10,6,8,7,4,2,2,1,0.43216
101,1,0,3,3,1,7,1,6,6,3,4,1,1,1,0.66913
101,1,0,3,3,1,8,8,6,8,6,4,2,2,1,0.62474
101,1,0,3,3,1,9,5,6,6,5,4,1,1,1,0.42825
101,1,0,3,3,1,10,1,6,6,3,4,1,1,1,0.72686
101,1,0,3,3,1,11,8,6,8,6,4,2,2,1,1.0787
101,1,0,3,3,1,12,12,6,8,8,4,2,2,1,0.3827
101,1,0,3,3,1,13,5,6,6,5,4,1,1,1,0.50063
101,1,0,3,3,1,14,10,6,8,7,4,2,2,1,0.66846
101,1,0,3,3,1,15,10,6,8,7,4,2,2,1,0.3588
101,1,0,3,3,1,16,12,6,8,8,4,2,2,1,0.4013
101,1,0,3,3,1,17,3,6,6,4,4,1,1,1,0.48698
101,1,0,3,3,1,18,1,6,6,3,4,1,1,1,0.41659
101,1,0,3,3,1,19,1,6,6,3,4,1,1,1,0.37344
101,1,0,3,3,1,20,3,6,6,4,4,1,1,1,0.42594
101,1,0,3,3,1,21,10,6,8,7,4,2,2,1,0.43126
101,1,0,3,3,1,22,3,6,6,4,4,1,1,1,0.48432
101,1,0,3,3,1,23,3,6,6,4,4,1,1,1,0.41789
101,1,0,3,3,1,24,8,6,8,6,4,2,2,1,0.43503
101,1,0,3,3,0,1,10,6,8,7,4,2,2,1,0.44999
101,1,0,3,3,0,2,3,6,6,4,4,1,1,1,0.51659
101,1,0,3,3,0,3,10,6,8,7,4,2,2,1,0.70241
101,1,0,3,3,0,4,1,6,6,3,4,1,1,1,0.43102
101,1,0,3,3,0,5,1,6,6,3,4,1,1,1,0.30817
101,1,0,3,3,0,6,8,6,8,6,4,2,2,1,0.36971
101,1,0,3,3,0,7,10,6,8,7,4,2,2,1,0.33924
101,1,0,3,3,0,8,3,6,6,4,4,1,1,1,0.36939
101,1,0,3,3,0,9,5,6,6,5,4,1,2,0,0.13821
101,1,0,3,3,0,10,5,6,6,5,4,1,1,1,0.57487
101,1,0,3,3,0,11,12,6,8,8,4,2,2,1,0.36599
101,1,0,3,3,0,12,8,6,8,6,4,2,2,1,0.5728
101,1,0,3,3,0,13,8,6,8,6,4,2,2,1,0.56375
101,1,0,3,3,0,14,1,6,6,3,4,1,1,1,0.50393
101,1,0,3,3,0,15,5,6,6,5,4,1,1,1,0.51868
101,1,0,3,3,0,16,10,6,8,7,4,2,2,1,0.43547
101,1,0,3,3,0,17,5,6,6,5,4,1,1,1,0.6235
101,1,0,3,3,0,18,12,6,8,8,4,2,2,1,0.37123
101,1,0,3,3,0,19,8,6,8,6,4,2,2,1,0.5219
101,1,0,3,3,0,20,10,6,8,7,4,2,2,1,0.41572
101,1,0,3,3,0,21,3,6,6,4,4,1,1,1,0.41217
101,1,0,3,3,0,22,12,6,8,8,4,2,2,1,0.40635
101,1,0,3,3,0,23,8,6,8,6,4,2,2,1,0.52215
101,1,0,3,3,0,24,1,6,6,3,4,1,1,1,0.65299
101,1,0,3,3,0,25,8,6,8,6,4,2,2,1,0.591
101,1,0,3,3,0,26,3,6,6,4,4,1,1,1,0.42268
101,1,0,3,3,0,27,8,6,8,6,4,2,2,1,0.36659
101,1,0,3,3,0,28,10,6,8,7,4,2,2,1,0.39429
101,1,0,3,3,0,29,3,6,6,4,4,1,1,1,0.46298
101,1,0,3,3,0,30,5,6,6,5,4,1,1,1,0.71803
101,1,0,3,3,0,31,8,6,8,6,4,2,2,1,0.45577
101,1,0,3,3,0,32,8,6,8,6,4,2,2,1,0.4309
101,1,0,3,3,0,33,3,6,6,4,4,1,1,1,0.42234
101,1,0,3,3,0,34,8,6,8,6,4,2,2,1,0.38959
101,1,0,3,3,0,35,1,6,6,3,4,1,1,1,0.48617
101,1,0,3,3,0,36,5,6,6,5,4,1,1,1,0.82796
101,1,0,3,3,0,37,10,6,8,7,4,2,2,1,0.39455
101,1,0,3,3,0,38,5,6,6,5,4,1,1,1,0.59778
101,1,0,3,3,0,39,5,6,6,5,4,1,1,1,0.53279
101,1,0,3,3,0,40,12,6,8,8,4,2,2,1,0.35994
101,1,0,3,3,0,41,5,6,6,5,4,1,1,1,0.43826
101,1,0,3,3,0,42,1,6,6,3,4,1,1,1,0.43452
101,1,0,3,3,0,43,1,6,6,3,4,1,1,1,0.45996
101,1,0,3,3,0,44,3,6,6,4,4,1,1,1,0.73666
101,1,0,3,3,0,45,12,6,8,8,4,2,2,1,0.66284
101,1,0,3,3,0,46,10,6,8,7,4,2,2,1,0.51162
101,1,0,3,3,0,47,1,6,6,3,4,1,1,1,0.35528
101,1,0,3,3,0,48,12,6,8,8,4,2,2,1,0.33768
101,1,0,3,3,0,49,10,6,8,7,4,2,2,1,0.49414
101,1,0,3,3,0,50,5,6,6,5,4,1,1,1,0.38825
101,1,0,3,3,0,51,1,6,6,3,4,1,1,1,0.36887
101,1,0,3,3,0,52,5,6,6,5,4,1,1,1,0.51216
101,1,0,3,3,0,53,12,6,8,8,4,2,2,1,0.36887
101,1,0,3,3,0,54,10,6,8,7,4,2,2,1,0.32901
101,1,0,3,3,0,55,8,6,8,6,4,2,2,1,0.68795
101,1,0,3,3,0,56,12,6,8,8,4,2,2,1,0.43329
101,1,0,3,3,0,57,5,6,6,5,4,1,1,1,0.65874
101,1,0,3,3,0,58,12,6,8,8,4,2,2,1,0.417
101,1,0,3,3,0,59,8,6,8,6,4,2,2,1,0.78624
101,1,0,3,3,0,60,12,6,8,8,4,2,2,1,0.40936
101,1,0,3,3,0,61,8,6,8,6,4,2,2,1,0.91932
101,1,0,3,3,0,62,10,6,8,7,4,2,2,1,0.36903
101,1,0,3,3,0,63,8,6,8,6,4,2,2,1,0.74676
101,1,0,3,3,0,64,10,6,8,7,4,2,2,1,0.46586
101,1,0,3,3,0,65,10,6,8,7,4,2,2,1,0.35808
101,1,0,3,3,0,66,1,6,6,3,4,1,1,1,0.67321
101,1,0,3,3,0,67,3,6,6,4,4,1,1,1,0.43629
101,1,0,3,3,0,68,8,6,8,6,4,2,2,1,0.55519
101,1,0,3,3,0,69,3,6,6,4,4,1,1,1,0.57462
101,1,0,3,3,0,70,3,6,6,4,4,1,1,1,0.57081
101,1,0,3,3,0,71,3,6,6,4,4,1,1,1,0.51071
101,1,0,3,3,0,72,1,6,6,3,4,1,1,1,0.43416
101,1,0,3,3,0,73,12,6,8,8,4,2,2,1,0.37944
101,1,0,3,3,0,74,12,6,8,8,4,2,2,1,0.35314
101,1,0,3,3,0,75,5,6,6,5,4,1,1,1,1.4604
101,1,0,3,3,0,76,5,6,6,5,4,1,1,1,0.40707
101,1,0,3,3,0,77,10,6,8,7,4,2,2,1,0.37062
101,1,0,3,3,0,78,3,6,6,4,4,1,1,1,0.50756
101,1,0,3,3,0,79,3,6,6,4,4,1,1,1,0.4139
101,1,0,3,3,0,80,8,6,8,6,4,2,2,1,0.42724
101,1,0,3,3,0,81,12,6,8,8,4,2,2,1,0.47205
101,1,0,3,3,0,82,12,6,8,8,4,2,2,1,0.39855
101,1,0,3,3,0,83,5,6,6,5,4,1,1,1,0.54296
101,1,0,3,3,0,84,8,6,8,6,4,2,2,1,0.46304
101,1,0,3,3,0,85,12,6,8,8,4,2,2,1,0.37002
101,1,0,3,3,0,86,3,6,6,4,4,1,2,0,0.0063548
101,1,0,3,3,0,87,12,6,8,8,4,2,2,1,0.47478
101,1,0,3,3,0,88,5,6,6,5,4,1,1,1,0.47852
101,1,0,3,3,0,89,10,6,8,7,4,2,2,1,0.43761
101,1,0,3,3,0,90,12,6,8,8,4,2,2,1,0.42322
101,1,0,3,3,0,91,3,6,6,4,4,1,1,1,0.46228
101,1,0,3,3,0,92,5,6,6,5,4,1,1,1,0.78263
101,1,0,3,3,0,93,5,6,6,5,4,1,1,1,0.37127
101,1,0,3,3,0,94,12,6,8,8,4,2,2,1,0.40407
101,1,0,3,3,0,95,1,6,6,3,4,1,1,1,0.40373
101,1,0,3,3,0,96,3,6,6,4,4,1,1,1,0.56695
101,1,0,3,3,0,97,3,6,6,4,4,1,1,1,0.44724
101,1,0,3,3,0,98,3,6,6,4,4,1,1,1,0.34126
101,1,0,3,3,0,99,10,6,8,7,4,2,2,1,0.45663
101,1,0,3,3,0,100,8,6,8,6,4,2,2,1,0.53942
101,1,0,3,3,0,101,3,6,6,4,4,1,1,1,0.44717
101,1,0,3,3,0,102,12,6,8,8,4,2,2,1,0.96054
101,1,0,3,3,0,103,1,6,6,3,4,1,1,1,0.43641
101,1,0,3,3,0,104,3,6,6,4,4,1,1,1,0.51187
101,1,0,3,3,0,105,5,6,6,5,4,1,1,1,0.99499
101,1,0,3,3,0,106,5,6,6,5,4,1,1,1,0.49772
101,1,0,3,3,0,107,1,6,6,3,4,1,1,1,0.63646
101,1,0,3,3,0,108,12,6,8,8,4,2,2,1,0.38539
101,1,0,3,3,0,109,10,6,8,7,4,2,2,1,0.44175
101,1,0,3,3,0,110,1,6,6,3,4,1,1,1,0.53811
101,1,0,3,3,0,111,8,6,8,6,4,2,2,1,0.4138
101,1,0,3,3,0,112,8,6,8,6,4,2,2,1,0.37886
101,1,0,3,3,0,113,1,6,6,3,4,1,1,1,0.7007
101,1,0,3,3,0,114,10,6,8,7,4,2,2,1,0.41975
101,1,0,3,3,0,115,1,6,6,3,4,1,1,1,0.73166
101,1,0,3,3,0,116,1,6,6,3,4,1,1,1,0.49257
101,1,0,3,3,0,117,1,6,6,3,4,1,1,1,0.41239
101,1,0,3,3,0,118,1,6,6,3,4,1,1,1,0.44336
101,1,0,3,3,0,119,10,6,8,7,4,2,2,1,0.49002
101,1,0,3,3,0,120,10,6,8,7,4,2,2,1,0.48902
101,1,0,3,4,1,1,6,6,8,5,4,1,2,0,1.8516
101,1,0,3,4,1,2,11,6,6,8,4,2,2,1,0.42669
101,1,0,3,4,1,3,4,6,8,4,4,1,1,1,1.7389
101,1,0,3,4,1,4,6,6,8,5,4,1,1,1,2.065
101,1,0,3,4,1,5,7,6,6,6,4,2,2,1,0.49129
101,1,0,3,4,1,6,11,6,6,8,4,2,2,1,0.41277
101,1,0,3,4,1,7,4,6,8,4,4,1,1,1,0.51765
101,1,0,3,4,1,8,4,6,8,4,4,1,1,1,0.82881
101,1,0,3,4,1,9,2,6,8,3,4,1,1,1,0.57563
101,1,0,3,4,1,10,2,6,8,3,4,1,1,1,0.53502
101,1,0,3,4,1,11,2,6,8,3,4,1,1,1,0.95416
101,1,0,3,4,1,12,7,6,6,6,4,2,2,1,0.6575
101,1,0,3,4,1,13,7,6,6,6,4,2,2,1,1.1891
101,1,0,3,4,1,14,9,6,6,7,4,2,2,1,0.51352
101,1,0,3,4,1,15,11,6,6,8,4,2,2,1,0.41233
101,1,0,3,4,1,16,6,6,8,5,4,1,1,1,1.4638
101,1,0,3,4,1,17,9,6,6,7,4,2,2,1,0.3435
101,1,0,3,4,1,18,4,6,8,4,4,1,1,1,0.54638
101,1,0,3,4,1,19,6,6,8,5,4,1,1,1,1.1276
101,1,0,3,4,1,20,2,6,8,3,4,1,2,0,0.32033
101,1,0,3,4,1,21,7,6,6,6,4,2,2,1,0.72951
101,1,0,3,4,1,22,9,6,6,7,4,2,2,1,0.35903
101,1,0,3,4,1,23,11,6,6,8,4,2,2,1,0.35511
101,1,0,3,4,1,24,9,6,6,7,4,2,2,1,0.45155
101,1,0,3,4,0,1,4,6,8,4,4,1,1,1,0.56795
101,1,0,3,4,0,2,9,6,6,7,4,2,2,1,0.41324
101,1,0,3,4,0,3,4,6,8,4,4,1,1,1,0.69083
101,1,0,3,4,0,4,11,6,6,8,4,2,2,1,0.4271
101,1,0,3,4,0,5,6,6,8,5,4,1,1,1,0.71184
101,1,0,3,4,0,6,11,6,6,8,4,2,2,1,0.52673
101,1,0,3,4,0,7,6,6,8,5,4,1,1,1,0.55607
101,1,0,3,4,0,8,9,6,6,7,4,2,2,1,0.51434
101,1,0,3,4,0,9,7,6,6,6,4,2,2,1,0.59187
101,1,0,3,4,0,10,9,6,6,7,4,2,2,1,0.3929
101,1,0,3,4,0,11,11,6,6,8,4,2,2,1,0.33732
101,1,0,3,4,0,12,6,6,8,5,4,1,1,1,0.5521
101,1,0,3,4,0,13,6,6,8,5,4,1,1,1,0.62669
101,1,0,3,4,0,14,11,6,6,8,4,2,2,1,0.3117
101,1,0,3,4,0,15,2,6,8,3,4,1,1,1,0.42702
101,1,0,3,4,0,16,7,6,6,6,4,2,2,1,0.50966
101,1,0,3,4,0,17,9,6,6,7,4,2,2,1,0.4663
101,1,0,3,4,0,18,11,6,6,8,4,2,2,1,0.40289
101,1,0,3,4,0,19,7,6,6,6,4,2,2,1,0.68458
101,1,0,3,4,0,20,11,6,6,8,4,2,2,1,0.35312
101,1,0,3,4,0,21,11,6,6,8,4,2,2,1,0.34397
101,1,0,3,4,0,22,6,6,8,5,4,1,1,1,0.7069
101,1,0,3,4,0,23,4,6,8,4,4,1,1,1,0.49564
101,1,0,3,4,0,24,7,6,6,6,4,2,2,1,0.49094
101,1,0,3,4,0,25,7,6,6,6,4,2,2,1,0.54428
101,1,0,3,4,0,26,9,6,6,7,4,2,2,1,0.36532
101,1,0,3,4,0,27,6,6,8,5,4,1,1,1,1.0458
101,1,0,3,4,0,28,7,6,6,6,4,2,2,1,0.48356
101,1,0,3,4,0,29,11,6,6,8,4,2,2,1,0.39575
101,1,0,3,4,0,30,2,6,8,3,4,1,1,1,0.46482
101,1,0,3,4,0,31,6,6,8,5,4,1,1,1,0.61421
101,1,0,3,4,0,32,9,6,6,7,4,2,2,1,0.379
101,1,0,3,4,0,33,4,6,8,4,4,1,1,1,0.60169
101,1,0,3,4,0,34,7,6,6,6,4,2,2,1,0.78731
101,1,0,3,4,0,35,4,6,8,4,4,1,1,1,0.50683
101,1,0,3,4,0,36,9,6,6,7,4,2,2,1,0.58416
101,1,0,3,4,0,37,11,6,6,8,4,2,2,1,0.496
101,1,0,3,4,0,38,9,6,6,7,4,2,2,1,0.416
101,1,0,3,4,0,39,2,6,8,3,4,1,1,1,0.59115
101,1,0,3,4,0,40,7,6,6,6,4,2,2,1,0.41358
101,1,0,3,4,0,41,7,6,6,6,4,2,2,1,0.49568
101,1,0,3,4,0,42,2,6,8,3,4,1,1,1,0.46849
101,1,0,3,4,0,43,7,6,6,6,4,2,2,1,0.46393
101,1,0,3,4,0,44,6,6,8,5,4,1,1,1,0.54334
101,1,0,3,4,0,45,9,6,6,7,4,2,2,1,0.37287
101,1,0,3,4,0,46,9,6,6,7,4,2,2,1,0.3966
101,1,0,3,4,0,47,6,6,8,5,4,1,1,1,1.3167
101,1,0,3,4,0,48,11,6,6,8,4,2,2,1,0.32201
101,1,0,3,4,0,49,7,6,6,6,4,2,2,1,0.66201
101,1,0,3,4,0,50,2,6,8,3,4,1,1,1,0.62639
101,1,0,3,4,0,51,2,6,8,3,4,1,1,1,0.47717
101,1,0,3,4,0,52,2,6,8,3,4,1,1,1,0.34142
101,1,0,3,4,0,53,6,6,8,5,4,1,1,1,0.48289
101,1,0,3,4,0,54,11,6,6,8,4,2,2,1,0.41772
101,1,0,3,4,0,55,4,6,8,4,4,1,1,1,0.70481
101,1,0,3,4,0,56,2,6,8,3,4,1,1,1,0.45006
101,1,0,3,4,0,57,6,6,8,5,4,1,1,1,0.51764
101,1,0,3,4,0,58,4,6,8,4,4,1,2,0,0.52963
101,1,0,3,4,0,59,2,6,8,3,4,1,1,1,0.53792
101,1,0,3,4,0,60,11,6,6,8,4,2,2,1,0.43121
101,1,0,3,4,0,61,9,6,6,7,4,2,2,1,0.75941
101,1,0,3,4,0,62,7,6,6,6,4,2,2,1,0.65199
101,1,0,3,4,0,63,4,6,8,4,4,1,1,1,0.91556
101,1,0,3,4,0,64,7,6,6,6,4,2,2,1,0.5741
101,1,0,3,4,0,65,4,6,8,4,4,1,1,1,0.52273
101,1,0,3,4,0,66,7,6,6,6,4,2,2,1,0.59909
101,1,0,3,4,0,67,7,6,6,6,4,2,2,1,0.53132
101,1,0,3,4,0,68,9,6,6,7,4,2,2,1,0.54535
101,1,0,3,4,0,69,2,6,8,3,4,1,1,1,0.48692
101,1,0,3,4,0,70,6,6,8,5,4,1,1,1,0.62183
101,1,0,3,4,0,71,11,6,6,8,4,2,2,1,0.44319
101,1,0,3,4,0,72,11,6,6,8,4,2,2,1,0.45387
101,1,0,3,4,0,73,2,6,8,3,4,1,1,1,0.45497
101,1,0,3,4,0,74,4,6,8,4,4,1,1,1,0.44035
101,1,0,3,4,0,75,11,6,6,8,4,2,2,1,0.86284
101,1,0,3,4,0,76,4,6,8,4,4,1,1,1,0.82415
101,1,0,3,4,0,77,7,6,6,6,4,2,2,1,0.54822
101,1,0,3,4,0,78,9,6,6,7,4,2,2,1,0.52479
101,1,0,3,4,0,79,2,6,8,3,4,1,1,1,0.61109
101,1,0,3,4,0,80,2,6,8,3,4,1,1,1,0.38715
101,1,0,3,4,0,81,4,6,8,4,4,1,2,0,0.12314
101,1,0,3,4,0,82,4,6,8,4,4,1,1,1,0.66501
101,1,0,3,4,0,83,2,6,8,3,4,1,1,1,0.40781
101,1,0,3,4,0,84,6,6,8,5,4,1,1,1,0.8057
101,1,0,3,4,0,85,6,6,8,5,4,1,1,1,0.36491
101,1,0,3,4,0,86,9,6,6,7,4,2,2,1,0.47009
101,1,0,3,4,0,87,2,6,8,3,4,1,1,1,0.49739
101,1,0,3,4,0,88,7,6,6,6,4,2,2,1,0.69271
101,1,0,3,4,0,89,11,6,6,8,4,2,2,1,0.48845
101,1,0,3,4,0,90,9,6,6,7,4,2,2,1,0.38747
101,1,0,3,4,0,91,9,6,6,7,4,2,2,1,0.6124
101,1,0,3,4,0,92,11,6,6,8,4,2,2,1,0.38995
101,1,0,3,4,0,93,6,6,8,5,4,1,1,1,0.59215
101,1,0,3,4,0,94,4,6,8,4,4,1,1,1,0.59185
101,1,0,3,4,0,95,4,6,8,4,4,1,1,1,0.79311
101,1,0,3,4,0,96,9,6,6,7,4,2,2,1,0.43639
101,1,0,3,4,0,97,2,6,8,3,4,1,1,1,0.60109
101,1,0,3,4,0,98,6,6,8,5,4,1,1,1,0.96698
101,1,0,3,4,0,99,6,6,8,5,4,1,1,1,0.6235
101,1,0,3,4,0,100,6,6,8,5,4,1,1,1,0.55228
101,1,0,3,4,0,101,2,6,8,3,4,1,1,1,0.38898
101,1,0,3,4,0,102,9,6,6,7,4,2,2,1,0.55596
101,1,0,3,4,0,103,4,6,8,4,4,1,1,1,0.5574
101,1,0,3,4,0,104,2,6,8,3,4,1,1,1,0.50148
101,1,0,3,4,0,105,9,6,6,7,4,2,2,1,0.81045
101,1,0,3,4,0,106,2,6,8,3,4,1,1,1,0.58986
101,1,0,3,4,0,107,6,6,8,5,4,1,1,1,0.7154
101,1,0,3,4,0,108,11,6,6,8,4,2,2,1,0.46984
101,1,0,3,4,0,109,7,6,6,6,4,2,2,1,0.91895
101,1,0,3,4,0,110,11,6,6,8,4,2,2,1,0.46609
101,1,0,3,4,0,111,11,6,6,8,4,2,2,1,0.31549
101,1,0,3,4,0,112,7,6,6,6,4,2,2,1,0.65053
101,1,0,3,4,0,113,4,6,8,4,4,1,1,1,0.6105
101,1,0,3,4,0,114,2,6,8,3,4,1,1,1,0.69145
101,1,0,3,4,0,115,4,6,8,4,4,1,1,1,0.42045
101,1,0,3,4,0,116,6,6,8,5,4,1,1,1,0.63711
101,1,0,3,4,0,117,9,6,6,7,4,2,2,1,0.57459
101,1,0,3,4,0,118,4,6,8,4,4,1,1,1,0.51657
101,1,0,3,4,0,119,4,6,8,4,4,1,1,1,0.47181
101,1,0,3,4,0,120,7,6,6,6,4,2,2,1,0.60698
