203,2,0,6,3,1,1,10,6,12,6,4,2,2,1,0.73003
203,2,0,6,3,1,2,1,6,4,5,4,1,1,1,0.60363
203,2,0,6,3,1,3,3,6,6,5,4,1,1,1,1.0277
203,2,0,6,3,1,4,8,6,10,6,4,2,2,1,0.63639
203,2,0,6,3,1,5,10,6,12,6,4,2,2,1,0.57728
203,2,0,6,3,1,6,12,6,14,6,4,2,2,1,0.41835
203,2,0,6,3,1,7,1,6,4,5,4,1,1,1,0.57108
203,2,0,6,3,1,8,8,6,10,6,4,2,2,1,1.4786
203,2,0,6,3,1,9,3,6,6,5,4,1,1,1,0.45922
203,2,0,6,3,1,10,10,6,12,6,4,2,2,1,0.45361
203,2,0,6,3,1,11,3,6,6,5,4,1,1,1,0.58475
203,2,0,6,3,1,12,10,6,12,6,4,2,2,1,0.52395
203,2,0,6,3,1,13,1,6,4,5,4,1,1,1,0.47093
203,2,0,6,3,1,14,5,6,8,5,4,1,1,1,0.77464
203,2,0,6,3,1,15,1,6,4,5,4,1,1,1,0.34298
203,2,0,6,3,1,16,8,6,10,6,4,2,2,1,0.44853
203,2,0,6,3,1,17,12,6,14,6,4,2,2,1,0.47648
203,2,0,6,3,1,18,12,6,14,6,4,2,2,1,0.58707
203,2,0,6,3,1,19,12,6,14,6,4,2,2,1,0.38629
203,2,0,6,3,1,20,5,6,8,5,4,1,1,1,0.46895
203,2,0,6,3,1,21,3,6,6,5,4,1,1,1,0.39827
203,2,0,6,3,1,22,8,6,10,6,4,2,2,1,0.86271
203,2,0,6,3,1,23,5,6,8,5,4,1,1,1,0.63512
203,2,0,6,3,1,24,5,6,8,5,4,1,1,1,0.67299
203,2,0,6,3,0,1,3,6,6,5,4,1,1,1,0.49521
203,2,0,6,3,0,2,10,6,12,6,4,2,2,1,0.54029
203,2,0,6,3,0,3,10,6,12,6,4,2,2,1,0.53985
203,2,0,6,3,0,4,5,6,8,5,4,1,1,1,0.45234
203,2,0,6,3,0,5,3,6,6,5,4,1,1,1,0.48806
203,2,0,6,3,0,6,1,6,4,5,4,1,1,1,0.39376
203,2,0,6,3,0,7,3,6,6,5,4,1,1,1,0.39565
203,2,0,6,3,0,8,12,6,14,6,4,2,2,1,0.50773
203,2,0,6,3,0,9,3,6,6,5,4,1,1,1,0.40713
203,2,0,6,3,0,10,12,6,14,6,4,2,2,1,0.47834
203,2,0,6,3,0,11,12,6,14,6,4,2,2,1,0.66632
203,2,0,6,3,0,12,3,6,6,5,4,1,1,1,0.6629
203,2,0,6,3,0,13,8,6,10,6,4,2,2,1,1.1845
203,2,0,6,3,0,14,1,6,4,5,4,1,1,1,0.67139
203,2,0,6,3,0,15,1,6,4,5,4,1,1,1,0.54977
203,2,0,6,3,0,16,12,6,14,6,4,2,2,1,0.46315
203,2,0,6,3,0,17,1,6,4,5,4,1,1,1,0.49434
203,2,0,6,3,0,18,10,6,12,6,4,2,2,1,0.46675
203,2,0,6,3,0,19,8,6,10,6,4,2,2,1,0.69263
203,2,0,6,3,0,20,3,6,6,5,4,1,1,1,1.0257
203,2,0,6,3,0,21,5,6,8,5,4,1,2,0,0.73801
203,2,0,6,3,0,22,1,6,4,5,4,1,1,1,0.64087
203,2,0,6,3,0,23,1,6,4,5,4,1,1,1,0.41081
203,2,0,6,3,0,24,5,6,8,5,4,1,1,1,0.68562
203,2,0,6,3,0,25,5,6,8,5,4,1,1,1,0.46924
203,2,0,6,3,0,26,1,6,4,5,4,1,1,1,0.40238
203,2,0,6,3,0,27,8,6,10,6,4,2,2,1,0.69299
203,2,0,6,3,0,28,1,6,4,5,4,1,1,1,0.54009
203,2,0,6,3,0,29,10,6,12,6,4,2,2,1,0.53953
203,2,0,6,3,0,30,5,6,8,5,4,1,1,1,0.48061
203,2,0,6,3,0,31,8,6,10,6,4,2,2,1,0.52642
203,2,0,6,3,0,32,1,6,4,5,4,1,1,1,0.48007
203,2,0,6,3,0,33,3,6,6,5,4,1,1,1,0.5512
203,2,0,6,3,0,34,12,6,14,6,4,2,2,1,0.49081
203,2,0,6,3,0,35,12,6,14,6,4,2,2,1,0.44283
203,2,0,6,3,0,36,10,6,12,6,4,2,2,1,0.41267
203,2,0,6,3,0,37,10,6,12,6,4,2,2,1,0.46146
203,2,0,6,3,0,38,12,6,14,6,4,2,2,1,0.478
203,2,0,6,3,0,39,3,6,6,5,4,1,1,1,0.50952
203,2,0,6,3,0,40,12,6,14,6,4,2,2,1,0.46367
203,2,0,6,3,0,41,10,6,12,6,4,2,2,1,0.43231
203,2,0,6,3,0,42,5,6,8,5,4,1,1,1,1.0664
203,2,0,6,3,0,43,5,6,8,5,4,1,1,1,0.44565
203,2,0,6,3,0,44,5,6,8,5,4,1,1,1,0.41586
203,2,0,6,3,0,45,12,6,14,6,4,2,2,1,0.42257
203,2,0,6,3,0,46,8,6,10,6,4,2,2,1,0.72097
203,2,0,6,3,0,47,1,6,4,5,4,1,1,1,0.51824
203,2,0,6,3,0,48,3,6,6,5,4,1,1,1,0.88248
203,2,0,6,3,0,49,8,6,10,6,4,2,2,1,0.64527
203,2,0,6,3,0,50,12,6,14,6,4,2,2,1,0.64859
203,2,0,6,3,0,51,5,6,8,5,4,1,1,1,1.3315
203,2,0,6,3,0,52,8,6,10,6,4,2,2,1,0.88557
203,2,0,6,3,0,53,12,6,14,6,4,2,2,1,0.52013
203,2,0,6,3,0,54,12,6,14,6,4,2,2,1,0.39752
203,2,0,6,3,0,55,5,6,8,5,4,1,1,1,0.97574
203,2,0,6,3,0,56,10,6,12,6,4,2,2,1,0.53401
203,2,0,6,3,0,57,3,6,6,5,4,1,1,1,0.47248
203,2,0,6,3,0,58,8,6,10,6,4,2,2,1,1.0047
203,2,0,6,3,0,59,12,6,14,6,4,2,2,1,0.59398
203,2,0,6,3,0,60,8,6,10,6,4,2,2,1,1.8068
203,2,0,6,3,0,61,5,6,8,5,4,1,1,1,1.1092
203,2,0,6,3,0,62,10,6,12,6,4,2,2,1,0.59331
203,2,0,6,3,0,63,1,6,4,5,4,1,1,1,0.46301
203,2,0,6,3,0,64,8,6,10,6,4,2,2,1,1.4224
203,2,0,6,3,0,65,10,6,12,6,4,2,2,1,0.60438
203,2,0,6,3,0,66,8,6,10,6,4,2,2,1,0.62413
203,2,0,6,3,0,67,8,6,10,6,4,2,2,1,0.6604
203,2,0,6,3,0,68,8,6,10,6,4,2,2,1,0.43739
203,2,0,6,3,0,69,1,6,4,5,4,1,1,1,0.55401
203,2,0,6,3,0,70,10,6,12,6,4,2,2,1,0.4622
203,2,0,6,3,0,71,8,6,10,6,4,2,2,1,0.52631
203,2,0,6,3,0,72,1,6,4,5,4,1,1,1,0.48698
203,2,0,6,3,0,73,12,6,14,6,4,2,2,1,0.51081
203,2,0,6,3,0,74,8,6,10,6,4,2,2,1,1.6182
203,2,0,6,3,0,75,5,6,8,5,4,1,1,1,0.72306
203,2,0,6,3,0,76,10,6,12,6,4,2,2,1,0.52012
203,2,0,6,3,0,77,3,6,6,5,4,1,1,1,0.48856
203,2,0,6,3,0,78,12,6,14,6,4,2,2,1,0.46811
203,2,0,6,3,0,79,10,6,12,6,4,2,2,1,0.44409
203,2,0,6,3,0,80,3,6,6,5,4,1,1,1,0.49881
203,2,0,6,3,0,81,5,6,8,5,4,1,1,1,1.1332
203,2,0,6,3,0,82,1,6,4,5,4,1,1,1,0.52965
203,2,0,6,3,0,83,1,6,4,5,4,1,1,1,0.40469
203,2,0,6,3,0,84,8,6,10,6,4,2,2,1,0.79021
203,2,0,6,3,0,85,12,6,14,6,4,2,2,1,0.54565
203,2,0,6,3,0,86,5,6,8,5,4,1,1,1,0.50024
203,2,0,6,3,0,87,8,6,10,6,4,2,2,1,0.89582
203,2,0,6,3,0,88,10,6,12,6,4,2,2,1,0.80958
203,2,0,6,3,0,89,5,6,8,5,4,1,1,1,0.60829
203,2,0,6,3,0,90,3,6,6,5,4,1,1,1,0.56005
203,2,0,6,3,0,91,5,6,8,5,4,1,1,1,0.51372
203,2,0,6,3,0,92,1,6,4,5,4,1,1,1,0.43624
203,2,0,6,3,0,93,8,6,10,6,4,2,2,1,0.50746
203,2,0,6,3,0,94,3,6,6,5,4,1,1,1,0.51734
203,2,0,6,3,0,95,10,6,12,6,4,2,2,1,0.42632
203,2,0,6,3,0,96,10,6,12,6,4,2,2,1,0.57717
203,2,0,6,3,0,97,1,6,4,5,4,1,1,1,0.48311
203,2,0,6,3,0,98,3,6,6,5,4,1,1,1,0.43962
203,2,0,6,3,0,99,8,6,10,6,4,2,2,1,0.49839
203,2,0,6,3,0,100,5,6,8,5,4,1,1,1,1.1449
203,2,0,6,3,0,101,12,6,14,6,4,2,2,1,0.46695
203,2,0,6,3,0,102,5,6,8,5,4,1,1,1,0.72138
203,2,0,6,3,0,103,5,6,8,5,4,1,1,1,1.0746
203,2,0,6,3,0,104,10,6,12,6,4,2,2,1,0.47256
203,2,0,6,3,0,105,8,6,10,6,4,2,2,1,0.52392
203,2,0,6,3,0,106,1,6,4,5,4,1,1,1,0.70032
203,2,0,6,3,0,107,3,6,6,5,4,1,1,1,0.42477
203,2,0,6,3,0,108,1,6,4,5,4,1,1,1,0.39667
203,2,0,6,3,0,109,5,6,8,5,4,1,1,1,0.42223
203,2,0,6,3,0,110,12,6,14,6,4,2,2,1,0.41776
203,2,0,6,3,0,111,3,6,6,5,4,1,1,1,0.42103
203,2,0,6,3,0,112,3,6,6,5,4,1,1,1,0.38867
203,2,0,6,3,0,113,3,6,6,5,4,1,1,1,0.77478
203,2,0,6,3,0,114,10,6,12,6,4,2,2,1,0.49687
203,2,0,6,3,0,115,10,6,12,6,4,2,2,1,0.61176
203,2,0,6,3,0,116,10,6,12,6,4,2,2,1,0.35819
203,2,0,6,3,0,117,12,6,14,6,4,2,2,1,0.5654
203,2,0,6,3,0,118,3,6,6,5,4,1,1,1,0.47859
203,2,0,6,3,0,119,12,6,14,6,4,2,2,1,0.45095
203,2,0,6,3,0,120,1,6,4,5,4,1,1,1,0.48247
203,2,0,6,4,1,1,2,6,4,6,4,1,1,1,1.2702
203,2,0,6,4,1,2,9,6,12,5,4,2,2,1,0.68542
203,2,0,6,4,1,3,4,6,6,6,4,1,1,1,0.56241
203,2,0,6,4,1,4,7,6,10,5,4,2,2,1,0.59683
203,2,0,6,4,1,5,2,6,4,6,4,1,1,1,0.6116
203,2,0,6,4,1,6,9,6,12,5,4,2,2,1,0.56243
203,2,0,6,4,1,7,2,6,4,6,4,1,1,1,0.52243
203,2,0,6,4,1,8,7,6,10,5,4,2,2,1,0.59127
203,2,0,6,4,1,9,6,6,8,6,4,1,2,0,0.67044
203,2,0,6,4,1,10,6,6,8,6,4,1,1,1,1.7677
203,2,0,6,4,1,11,11,6,14,5,4,2,2,1,0.5645
203,2,0,6,4,1,12,11,6,14,5,4,2,2,1,0.57629
203,2,0,6,4,1,13,6,6,8,6,4,1,1,1,1.7121
203,2,0,6,4,1,14,6,6,8,6,4,1,1,1,0.61992
203,2,0,6,4,1,15,4,6,6,6,4,1,1,1,0.76368
203,2,0,6,4,1,16,4,6,6,6,4,1,1,1,0.41486
203,2,0,6,4,1,17,2,6,4,6,4,1,1,1,0.34475
203,2,0,6,4,1,18,7,6,10,5,4,2,2,1,0.64407
203,2,0,6,4,1,19,4,6,6,6,4,1,1,1,0.82879
203,2,0,6,4,1,20,11,6,14,5,4,2,2,1,0.46602
203,2,0,6,4,1,21,7,6,10,5,4,2,2,1,0.59498
203,2,0,6,4,1,22,9,6,12,5,4,2,2,1,0.48122
203,2,0,6,4,1,23,9,6,12,5,4,2,2,1,0.35694
203,2,0,6,4,1,24,11,6,14,5,4,2,2,1,0.26579
203,2,0,6,4,0,1,4,6,6,6,4,1,1,1,0.5758
203,2,0,6,4,0,2,6,6,8,6,4,1,1,1,0.39381
203,2,0,6,4,0,3,9,6,12,5,4,2,2,1,0.49825
203,2,0,6,4,0,4,11,6,14,5,4,2,2,1,0.39549
203,2,0,6,4,0,5,11,6,14,5,4,2,2,1,0.42637
203,2,0,6,4,0,6,6,6,8,6,4,1,1,1,1.0427
203,2,0,6,4,0,7,2,6,4,6,4,1,1,1,0.55196
203,2,0,6,4,0,8,6,6,8,6,4,1,1,1,0.51182
203,2,0,6,4,0,9,9,6,12,5,4,2,2,1,0.44938
203,2,0,6,4,0,10,4,6,6,6,4,1,1,1,0.74761
203,2,0,6,4,0,11,2,6,4,6,4,1,1,1,0.44719
203,2,0,6,4,0,12,9,6,12,5,4,2,2,1,0.44105
203,2,0,6,4,0,13,7,6,10,5,4,2,2,1,0.60568
203,2,0,6,4,0,14,6,6,8,6,4,1,1,1,1.7689
203,2,0,6,4,0,15,2,6,4,6,4,1,1,1,0.45666
203,2,0,6,4,0,16,4,6,6,6,4,1,1,1,0.42005
203,2,0,6,4,0,17,4,6,6,6,4,1,1,1,0.31441
203,2,0,6,4,0,18,11,6,14,5,4,2,2,1,0.44119
203,2,0,6,4,0,19,9,6,12,5,4,2,2,1,0.5469
203,2,0,6,4,0,20,2,6,4,6,4,1,1,1,0.76268
203,2,0,6,4,0,21,11,6,14,5,4,2,2,1,0.41461
203,2,0,6,4,0,22,7,6,10,5,4,2,2,1,0.75674
203,2,0,6,4,0,23,9,6,12,5,4,2,2,1,0.53835
203,2,0,6,4,0,24,7,6,10,5,4,2,2,1,0.38297
203,2,0,6,4,0,25,7,6,10,5,4,2,2,1,0.34118
203,2,0,6,4,0,26,9,6,12,5,4,2,2,1,0.43754
203,2,0,6,4,0,27,2,6,4,6,4,1,1,1,0.76218
203,2,0,6,4,0,28,11,6,14,5,4,2,2,1,0.40124
203,2,0,6,4,0,29,7,6,10,5,4,2,2,1,0.37047
203,2,0,6,4,0,30,9,6,12,5,4,2,2,1,0.43955
203,2,0,6,4,0,31,2,6,4,6,4,1,1,1,0.50514
203,2,0,6,4,0,32,4,6,6,6,4,1,1,1,0.54069
203,2,0,6,4,0,33,9,6,12,5,4,2,2,1,0.42748
203,2,0,6,4,0,34,4,6,6,6,4,1,1,1,0.6305
203,2,0,6,4,0,35,11,6,14,5,4,2,2,1,0.39406
203,2,0,6,4,0,36,4,6,6,6,4,1,1,1,0.5176
203,2,0,6,4,0,37,7,6,10,5,4,2,2,1,0.48265
203,2,0,6,4,0,38,11,6,14,5,4,2,2,1,0.58371
203,2,0,6,4,0,39,9,6,12,5,4,2,2,1,0.46225
203,2,0,6,4,0,40,2,6,4,6,4,1,1,1,0.72686
203,2,0,6,4,0,41,2,6,4,6,4,1,1,1,0.54763
203,2,0,6,4,0,42,9,6,12,5,4,2,2,1,0.50074
203,2,0,6,4,0,43,2,6,4,6,4,1,1,1,0.50429
203,2,0,6,4,0,44,6,6,8,6,4,1,1,1,1.3339
203,2,0,6,4,0,45,6,6,8,6,4,1,1,1,0.52814
203,2,0,6,4,0,46,6,6,8,6,4,1,1,1,0.69173
203,2,0,6,4,0,47,4,6,6,6,4,1,1,1,0.48378
203,2,0,6,4,0,48,4,6,6,6,4,1,1,1,0.79521
203,2,0,6,4,0,49,2,6,4,6,4,1,1,1,0.44574
203,2,0,6,4,0,50,9,6,12,5,4,2,2,1,0.54115
203,2,0,6,4,0,51,6,6,8,6,4,1,1,1,1.119
203,2,0,6,4,0,52,2,6,4,6,4,1,1,1,0.513
203,2,0,6,4,0,53,9,6,12,5,4,2,2,1,0.43435
203,2,0,6,4,0,54,11,6,14,5,4,2,2,1,0.59535
203,2,0,6,4,0,55,6,6,8,6,4,1,1,1,0.36783
203,2,0,6,4,0,56,9,6,12,5,4,2,2,1,0.45079
203,2,0,6,4,0,57,7,6,10,5,4,2,2,1,0.29858
203,2,0,6,4,0,58,7,6,10,5,4,2,2,1,0.36573
203,2,0,6,4,0,59,11,6,14,5,4,2,2,1,0.33809
203,2,0,6,4,0,60,6,6,8,6,4,1,1,1,0.54103
203,2,0,6,4,0,61,11,6,14,5,4,2,2,1,0.36983
203,2,0,6,4,0,62,6,6,8,6,4,1,1,1,0.56306
203,2,0,6,4,0,63,4,6,6,6,4,1,1,1,0.43589
203,2,0,6,4,0,64,11,6,14,5,4,2,2,1,0.4791
203,2,0,6,4,0,65,6,6,8,6,4,1,1,1,1.1281
203,2,0,6,4,0,66,7,6,10,5,4,2,1,0,1.4069
203,2,0,6,4,0,67,7,6,10,5,4,2,2,1,0.55655
203,2,0,6,4,0,68,4,6,6,6,4,1,1,1,0.57234
203,2,0,6,4,0,69,4,6,6,6,4,1,1,1,0.60362
203,2,0,6,4,0,70,11,6,14,5,4,2,2,1,0.4722
203,2,0,6,4,0,71,4,6,6,6,4,1,1,1,0.52468
203,2,0,6,4,0,72,4,6,6,6,4,1,1,1,0.76281
203,2,0,6,4,0,73,6,6,8,6,4,1,1,1,0.59434
203,2,0,6,4,0,74,6,6,8,6,4,1,1,1,0.40973
203,2,0,6,4,0,75,2,6,4,6,4,1,1,1,0.51162
203,2,0,6,4,0,76,6,6,8,6,4,1,1,1,0.86727
203,2,0,6,4,0,77,7,6,10,5,4,2,1,0,1.7552
203,2,0,6,4,0,78,2,6,4,6,4,1,1,1,0.58705
203,2,0,6,4,0,79,11,6,14,5,4,2,2,1,0.42245
203,2,0,6,4,0,80,7,6,10,5,4,2,2,1,0.51024
203,2,0,6,4,0,81,7,6,10,5,4,2,2,1,0.39015
203,2,0,6,4,0,82,2,6,4,6,4,1,1,1,0.47813
203,2,0,6,4,0,83,11,6,14,5,4,2,2,1,0.44412
203,2,0,6,4,0,84,6,6,8,6,4,1,1,1,1.1007
203,2,0,6,4,0,85,11,6,14,5,4,2,2,1,0.47321
203,2,0,6,4,0,86,4,6,6,6,4,1,1,1,0.47079
203,2,0,6,4,0,87,9,6,12,5,4,2,2,1,1.3011
203,2,0,6,4,0,88,4,6,6,6,4,1,1,1,1.0354
203,2,0,6,4,0,89,9,6,12,5,4,2,2,1,0.45738
203,2,0,6,4,0,90,6,6,8,6,4,1,1,1,0.87441
203,2,0,6,4,0,91,2,6,4,6,4,1,1,1,0.443
203,2,0,6,4,0,92,6,6,8,6,4,1,1,1,1.3167
203,2,0,6,4,0,93,6,6,8,6,4,1,1,1,0.40267
203,2,0,6,4,0,94,7,6,10,5,4,2,2,1,1.8044
203,2,0,6,4,0,95,11,6,14,5,4,2,2,1,0.28932
203,2,0,6,4,0,96,9,6,12,5,4,2,2,1,0.32866
203,2,0,6,4,0,97,9,6,12,5,4,2,2,1,0.30983
203,2,0,6,4,0,98,2,6,4,6,4,1,1,1,0.39034
203,2,0,6,4,0,99,11,6,14,5,4,2,2,1,0.47949
203,2,0,6,4,0,100,9,6,12,5,4,2,2,1,0.36784
203,2,0,6,4,0,101,9,6,12,5,4,2,2,1,0.46707
203,2,0,6,4,0,102,7,6,10,5,4,2,2,1,0.785
203,2,0,6,4,0,103,7,6,10,5,4,2,2,1,0.54108
203,2,0,6,4,0,104,7,6,10,5,4,2,2,1,0.36639
203,2,0,6,4,0,105,2,6,4,6,4,1,1,1,0.43853
203,2,0,6,4,0,106,2,6,4,6,4,1,1,1,0.47772
203,2,0,6,4,0,107,4,6,6,6,4,1,1,1,0.36171
203,2,0,6,4,0,108,11,6,14,5,4,2,2,1,0.48789
203,2,0,6,4,0,109,9,6,12,5,4,2,2,1,0.76542
203,2,0,6,4,0,110,4,6,6,6,4,1,1,1,0.52004
203,2,0,6,4,0,111,7,6,10,5,4,2,2,1,0.90243
203,2,0,6,4,0,112,2,6,4,6,4,1,1,1,0.71417
203,2,0,6,4,0,113,6,6,8,6,4,1,1,1,1.3095
203,2,0,6,4,0,114,7,6,10,5,4,2,2,1,0.56073
203,2,0,6,4,0,115,11,6,14,5,4,2,2,1,0.30515
203,2,0,6,4,0,116,11,6,14,5,4,2,2,1,0.41776
203,2,0,6,4,0,117,2,6,4,6,4,1,1,1,0.53053
203,2,0,6,4,0,118,4,6,6,6,4,1,1,1,0.37621
203,2,0,6,4,0,119,7,6,10,5,4,2,2,1,0.81491
203,2,0,6,4,0,120,4,6,6,6,4,1,1,1,0.51539
203,2,0,6,1,1,1,11,6,14,5,4,2,2,1,0.75804
203,2,0,6,1,1,2,9,6,12,5,4,2,2,1,0.44168
203,2,0,6,1,1,3,5,6,8,5,4,1,1,1,0.48853
203,2,0,6,1,1,4,5,6,8,5,4,1,1,1,0.69649
203,2,0,6,1,1,5,9,6,12,5,4,2,1,0,0.38286
203,2,0,6,1,1,6,5,6,8,5,4,1,1,1,0.83956
203,2,0,6,1,1,7,3,6,6,5,4,1,1,1,2.0716
203,2,0,6,1,1,8,1,6,4,5,4,1,1,1,0.45265
203,2,0,6,1,1,9,3,6,6,5,4,1,1,1,0.37947
203,2,0,6,1,1,10,3,6,6,5,4,1,1,1,0.3709
203,2,0,6,1,1,11,3,6,6,5,4,1,1,1,0.40484
203,2,0,6,1,1,12,7,6,10,5,4,2,2,1,0.41975
203,2,0,6,1,1,13,7,6,10,5,4,2,2,1,0.75978
203,2,0,6,1,1,14,9,6,12,5,4,2,2,1,0.28263
203,2,0,6,1,1,15,1,6,4,5,4,1,1,1,0.43636
203,2,0,6,1,1,16,1,6,4,5,4,1,1,1,0.37796
203,2,0,6,1,1,17,11,6,14,5,4,2,1,0,0.36105
203,2,0,6,1,1,18,11,6,14,5,4,2,2,1,0.47494
203,2,0,6,1,1,19,7,6,10,5,4,2,2,1,0.79318
203,2,0,6,1,1,20,1,6,4,5,4,1,1,1,0.48364
203,2,0,6,1,1,21,9,6,12,5,4,2,2,1,0.46488
203,2,0,6,1,1,22,7,6,10,5,4,2,2,1,0.4179
203,2,0,6,1,1,23,5,6,8,5,4,1,1,1,1.0107
203,2,0,6,1,1,24,11,6,14,5,4,2,2,1,0.45583
203,2,0,6,1,0,1,3,6,6,5,4,1,1,1,0.47537
203,2,0,6,1,0,2,1,6,4,5,4,1,1,1,0.75347
203,2,0,6,1,0,3,7,6,10,5,4,2,2,1,2.1684
203,2,0,6,1,0,4,7,6,10,5,4,2,2,1,0.3354
203,2,0,6,1,0,5,9,6,12,5,4,2,2,1,0.34466
203,2,0,6,1,0,6,9,6,12,5,4,2,2,1,0.28518
203,2,0,6,1,0,7,5,6,8,5,4,1,1,1,0.49524
203,2,0,6,1,0,8,5,6,8,5,4,1,1,1,0.4414
203,2,0,6,1,0,9,7,6,10,5,4,2,1,0,0.38958
203,2,0,6,1,0,10,9,6,12,5,4,2,2,1,0.48303
203,2,0,6,1,0,11,5,6,8,5,4,1,1,1,0.73578
203,2,0,6,1,0,12,5,6,8,5,4,1,1,1,0.44165
203,2,0,6,1,0,13,11,6,14,5,4,2,2,1,0.46018
203,2,0,6,1,0,14,3,6,6,5,4,1,1,1,0.44851
203,2,0,6,1,0,15,1,6,4,5,4,1,1,1,0.38744
203,2,0,6,1,0,16,9,6,12,5,4,2,2,1,0.45026
203,2,0,6,1,0,17,11,6,14,5,4,2,2,1,0.37018
203,2,0,6,1,0,18,9,6,12,5,4,2,2,1,0.34606
203,2,0,6,1,0,19,3,6,6,5,4,1,1,1,0.58982
203,2,0,6,1,0,20,3,6,6,5,4,1,1,1,0.44608
203,2,0,6,1,0,21,9,6,12,5,4,2,2,1,0.41364
203,2,0,6,1,0,22,7,6,10,5,4,2,2,1,2.3209
203,2,0,6,1,0,23,5,6,8,5,4,1,1,1,1.5852
203,2,0,6,1,0,24,1,6,4,5,4,1,1,1,0.47074
203,2,0,6,1,0,25,5,6,8,5,4,1,1,1,0.73935
203,2,0,6,1,0,26,7,6,10,5,4,2,2,1,1.4799
203,2,0,6,1,0,27,9,6,12,5,4,2,2,1,0.87398
203,2,0,6,1,0,28,11,6,14,5,4,2,2,1,0.43716
203,2,0,6,1,0,29,9,6,12,5,4,2,2,1,0.39438
203,2,0,6,1,0,30,5,6,8,5,4,1,1,1,0.79813
203,2,0,6,1,0,31,7,6,10,5,4,2,2,1,0.83019
203,2,0,6,1,0,32,3,6,6,5,4,1,1,1,0.64826
203,2,0,6,1,0,33,5,6,8,5,4,1,1,1,0.41104
203,2,0,6,1,0,34,1,6,4,5,4,1,1,1,0.46781
203,2,0,6,1,0,35,1,6,4,5,4,1,1,1,0.3651
203,2,0,6,1,0,36,7,6,10,5,4,2,2,1,2.0886
203,2,0,6,1,0,37,9,6,12,5,4,2,2,1,0.43204
203,2,0,6,1,0,38,5,6,8,5,4,1,1,1,2.0343
203,2,0,6,1,0,39,5,6,8,5,4,1,1,1,0.60231
203,2,0,6,1,0,40,9,6,12,5,4,2,2,1,0.53812
203,2,0,6,1,0,41,5,6,8,5,4,1,1,1,0.51024
203,2,0,6,1,0,42,1,6,4,5,4,1,1,1,0.51869
203,2,0,6,1,0,43,7,6,10,5,4,2,2,1,2.3551
203,2,0,6,1,0,44,9,6,12,5,4,2,2,1,0.42098
203,2,0,6,1,0,45,5,6,8,5,4,1,2,0,0.95378
203,2,0,6,1,0,46,5,6,8,5,4,1,1,1,0.4458
203,2,0,6,1,0,47,1,6,4,5,4,1,1,1,0.45627
203,2,0,6,1,0,48,3,6,6,5,4,1,1,1,0.37104
203,2,0,6,1,0,49,1,6,4,5,4,1,1,1,0.34867
203,2,0,6,1,0,50,1,6,4,5,4,1,1,1,0.42305
203,2,0,6,1,0,51,11,6,14,5,4,2,2,1,0.45118
203,2,0,6,1,0,52,7,6,10,5,4,2,2,1,1.8136
203,2,0,6,1,0,53,1,6,4,5,4,1,1,1,0.72381
203,2,0,6,1,0,54,7,6,10,5,4,2,2,1,0.88448
203,2,0,6,1,0,55,11,6,14,5,4,2,2,1,0.3705
203,2,0,6,1,0,56,5,6,8,5,4,1,1,1,1.4232
203,2,0,6,1,0,57,7,6,10,5,4,2,2,1,0.68001
203,2,0,6,1,0,58,7,6,10,5,4,2,2,1,1.6806
203,2,0,6,1,0,59,3,6,6,5,4,1,1,1,0.49151
203,2,0,6,1,0,60,3,6,6,5,4,1,1,1,0.52045
203,2,0,6,1,0,61,1,6,4,5,4,1,1,1,0.46181
203,2,0,6,1,0,62,5,6,8,5,4,1,1,1,0.68647
203,2,0,6,1,0,63,3,6,6,5,4,1,1,1,0.35371
203,2,0,6,1,0,64,5,6,8,5,4,1,1,1,0.41903
203,2,0,6,1,0,65,11,6,14,5,4,2,2,1,0.52093
203,2,0,6,1,0,66,3,6,6,5,4,1,1,1,0.49054
203,2,0,6,1,0,67,1,6,4,5,4,1,1,1,0.38935
203,2,0,6,1,0,68,7,6,10,5,4,2,2,1,0.87814
203,2,0,6,1,0,69,7,6,10,5,4,2,2,1,0.86433
203,2,0,6,1,0,70,7,6,10,5,4,2,2,1,0.78355
203,2,0,6,1,0,71,9,6,12,5,4,2,2,1,0.51659
203,2,0,6,1,0,72,11,6,14,5,4,2,2,1,0.36638
203,2,0,6,1,0,73,9,6,12,5,4,2,2,1,0.42126
203,2,0,6,1,0,74,3,6,6,5,4,1,1,1,0.52294
203,2,0,6,1,0,75,11,6,14,5,4,2,2,1,0.47777
203,2,0,6,1,0,76,9,6,12,5,4,2,2,1,0.70688
203,2,0,6,1,0,77,1,6,4,5,4,1,1,1,0.58107
203,2,0,6,1,0,78,3,6,6,5,4,1,1,1,1.0129
203,2,0,6,1,0,79,11,6,14,5,4,2,2,1,0.83853
203,2,0,6,1,0,80,3,6,6,5,4,1,1,1,0.50298
203,2,0,6,1,0,81,11,6,14,5,4,2,2,1,0.46391
203,2,0,6,1,0,82,9,6,12,5,4,2,2,1,0.41275
203,2,0,6,1,0,83,7,6,10,5,4,2,2,1,0.34269
203,2,0,6,1,0,84,7,6,10,5,4,2,2,1,0.84273
203,2,0,6,1,0,85,11,6,14,5,4,2,2,1,0.53164
203,2,0,6,1,0,86,1,6,4,5,4,1,1,1,0.56958
203,2,0,6,1,0,87,5,6,8,5,4,1,1,1,0.41569
203,2,0,6,1,0,88,11,6,14,5,4,2,2,1,0.5257
203,2,0,6,1,0,89,9,6,12,5,4,2,2,1,0.99102
203,2,0,6,1,0,90,1,6,4,5,4,1,1,1,0.56435
203,2,0,6,1,0,91,11,6,14,5,4,2,2,1,0.55066
203,2,0,6,1,0,92,7,6,10,5,4,2,2,1,1.521
203,2,0,6,1,0,93,3,6,6,5,4,1,1,1,1.376
203,2,0,6,1,0,94,9,6,12,5,4,2,2,1,0.45353
203,2,0,6,1,0,95,1,6,4,5,4,1,1,1,0.51124
203,2,0,6,1,0,96,5,6,8,5,4,1,1,1,0.56301
203,2,0,6,1,0,97,3,6,6,5,4,1,1,1,0.38002
203,2,0,6,1,0,98,11,6,14,5,4,2,2,1,0.43876
203,2,0,6,1,0,99,1,6,4,5,4,1,1,1,0.47232
203,2,0,6,1,0,100,9,6,12,5,4,2,2,1,0.44006
203,2,0,6,1,0,101,3,6,6,5,4,1,1,1,0.47748
203,2,0,6,1,0,102,9,6,12,5,4,2,2,1,0.44647
203,2,0,6,1,0,103,3,6,6,5,4,1,1,1,0.48006
203,2,0,6,1,0,104,3,6,6,5,4,1,1,1,0.42602
203,2,0,6,1,0,105,11,6,14,5,4,2,2,1,0.46991
203,2,0,6,1,0,106,11,6,14,5,4,2,2,1,0.38241
203,2,0,6,1,0,107,1,6,4,5,4,1,1,1,0.42195
203,2,0,6,1,0,108,11,6,14,5,4,2,2,1,0.38466
203,2,0,6,1,0,109,3,6,6,5,4,1,1,1,0.51492
203,2,0,6,1,0,110,11,6,14,5,4,2,2,1,0.42135
203,2,0,6,1,0,111,5,6,8,5,4,1,1,1,0.44558
203,2,0,6,1,0,112,1,6,4,5,4,1,1,1,0.49155
203,2,0,6,1,0,113,11,6,14,5,4,2,2,1,0.40081
203,2,0,6,1,0,114,7,6,10,5,4,2,2,1,1.5142
203,2,0,6,1,0,115,1,6,4,5,4,1,1,1,0.45898
203,2,0,6,1,0,116,3,6,6,5,4,1,1,1,0.56356
203,2,0,6,1,0,117,5,6,8,5,4,1,1,1,0.42353
203,2,0,6,1,0,118,11,6,14,5,4,2,2,1,0.52928
203,2,0,6,1,0,119,9,6,12,5,4,2,2,1,1.0979
203,2,0,6,1,0,120,7,6,10,5,4,2,2,1,1.0451
203,2,0,6,2,1,1,4,6,6,6,4,1,1,1,1.2416
203,2,0,6,2,1,2,12,6,14,6,4,2,2,1,0.48839
203,2,0,6,2,1,3,8,6,10,6,4,2,2,1,0.69838
203,2,0,6,2,1,4,8,6,10,6,4,2,2,1,0.36196
203,2,0,6,2,1,5,10,6,12,6,4,2,2,1,0.35869
203,2,0,6,2,1,6,10,6,12,6,4,2,2,1,0.46408
203,2,0,6,2,1,7,8,6,10,6,4,2,2,1,0.56223
203,2,0,6,2,1,8,10,6,12,6,4,2,2,1,0.42238
203,2,0,6,2,1,9,8,6,10,6,4,2,2,1,0.40548
203,2,0,6,2,1,10,2,6,4,6,4,1,1,1,0.91854
203,2,0,6,2,1,11,2,6,4,6,4,1,1,1,0.50463
203,2,0,6,2,1,12,6,6,8,6,4,1,2,0,1.5941
203,2,0,6,2,1,13,6,6,8,6,4,1,1,1,0.66925
203,2,0,6,2,1,14,12,6,14,6,4,2,2,1,0.53752
203,2,0,6,2,1,15,4,6,6,6,4,1,1,1,0.45137
203,2,0,6,2,1,16,4,6,6,6,4,1,1,1,0.33983
203,2,0,6,2,1,17,6,6,8,6,4,1,1,1,0.77254
203,2,0,6,2,1,18,2,6,4,6,4,1,1,1,0.59632
203,2,0,6,2,1,19,4,6,6,6,4,1,1,1,0.74442
203,2,0,6,2,1,20,6,6,8,6,4,1,1,1,1.5846
203,2,0,6,2,1,21,12,6,14,6,4,2,2,1,0.4898
203,2,0,6,2,1,22,10,6,12,6,4,2,2,1,0.48565
203,2,0,6,2,1,23,12,6,14,6,4,2,2,1,0.40756
203,2,0,6,2,1,24,2,6,4,6,4,1,1,1,0.54756
203,2,0,6,2,0,1,4,6,6,6,4,1,1,1,0.57052
203,2,0,6,2,0,2,12,6,14,6,4,2,2,1,0.46462
203,2,0,6,2,0,3,8,6,10,6,4,2,2,1,0.50201
203,2,0,6,2,0,4,2,6,4,6,4,1,1,1,0.46111
203,2,0,6,2,0,5,2,6,4,6,4,1,1,1,0.51885
203,2,0,6,2,0,6,10,6,12,6,4,2,2,1,0.66456
203,2,0,6,2,0,7,12,6,14,6,4,2,2,1,0.36468
203,2,0,6,2,0,8,8,6,10,6,4,2,2,1,0.47368
203,2,0,6,2,0,9,6,6,8,6,4,1,1,1,2.4315
203,2,0,6,2,0,10,4,6,6,6,4,1,1,1,0.45437
203,2,0,6,2,0,11,10,6,12,6,4,2,2,1,0.42398
203,2,0,6,2,0,12,12,6,14,6,4,2,2,1,0.79025
203,2,0,6,2,0,13,2,6,4,6,4,1,1,1,0.52795
203,2,0,6,2,0,14,2,6,4,6,4,1,1,1,0.55589
203,2,0,6,2,0,15,4,6,6,6,4,1,1,1,0.44053
203,2,0,6,2,0,16,4,6,6,6,4,1,1,1,0.47154
203,2,0,6,2,0,17,10,6,12,6,4,2,2,1,0.3883
203,2,0,6,2,0,18,2,6,4,6,4,1,1,1,0.66888
203,2,0,6,2,0,19,10,6,12,6,4,2,2,1,0.42509
203,2,0,6,2,0,20,6,6,8,6,4,1,1,1,1.9148
203,2,0,6,2,0,21,8,6,10,6,4,2,2,1,0.86062
203,2,0,6,2,0,22,4,6,6,6,4,1,1,1,0.47936
203,2,0,6,2,0,23,8,6,10,6,4,2,2,1,0.77511
203,2,0,6,2,0,24,2,6,4,6,4,1,1,1,0.51383
203,2,0,6,2,0,25,4,6,6,6,4,1,1,1,0.4403
203,2,0,6,2,0,26,8,6,10,6,4,2,2,1,0.77693
203,2,0,6,2,0,27,2,6,4,6,4,1,1,1,0.37061
203,2,0,6,2,0,28,6,6,8,6,4,1,1,1,0.89333
203,2,0,6,2,0,29,8,6,10,6,4,2,2,1,0.7196
203,2,0,6,2,0,30,10,6,12,6,4,2,2,1,1.0846
203,2,0,6,2,0,31,6,6,8,6,4,1,2,0,1.1508
203,2,0,6,2,0,32,10,6,12,6,4,2,2,1,0.86974
203,2,0,6,2,0,33,4,6,6,6,4,1,1,1,0.49815
203,2,0,6,2,0,34,10,6,12,6,4,2,2,1,0.48452
203,2,0,6,2,0,35,8,6,10,6,4,2,2,1,1.2828
203,2,0,6,2,0,36,6,6,8,6,4,1,2,0,0.62736
203,2,0,6,2,0,37,12,6,14,6,4,2,2,1,0.49012
203,2,0,6,2,0,38,2,6,4,6,4,1,1,1,0.49604
203,2,0,6,2,0,39,6,6,8,6,4,1,1,1,1.0935
203,2,0,6,2,0,40,4,6,6,6,4,1,1,1,0.63302
203,2,0,6,2,0,41,2,6,4,6,4,1,1,1,0.45995
203,2,0,6,2,0,42,6,6,8,6,4,1,1,1,0.64069
203,2,0,6,2,0,43,4,6,6,6,4,1,1,1,0.36582
203,2,0,6,2,0,44,12,6,14,6,4,2,2,1,0.61337
203,2,0,6,2,0,45,6,6,8,6,4,1,1,1,1.0133
203,2,0,6,2,0,46,8,6,10,6,4,2,2,1,0.92735
203,2,0,6,2,0,47,10,6,12,6,4,2,2,1,0.89577
203,2,0,6,2,0,48,6,6,8,6,4,1,1,1,1.3181
203,2,0,6,2,0,49,2,6,4,6,4,1,1,1,0.76419
203,2,0,6,2,0,50,4,6,6,6,4,1,1,1,0.84749
203,2,0,6,2,0,51,10,6,12,6,4,2,2,1,0.51952
203,2,0,6,2,0,52,8,6,10,6,4,2,2,1,0.45012
203,2,0,6,2,0,53,10,6,12,6,4,2,2,1,0.43039
203,2,0,6,2,0,54,2,6,4,6,4,1,1,1,0.80433
203,2,0,6,2,0,55,4,6,6,6,4,1,1,1,0.41592
203,2,0,6,2,0,56,4,6,6,6,4,1,1,1,0.605
203,2,0,6,2,0,57,2,6,4,6,4,1,1,1,0.38681
203,2,0,6,2,0,58,10,6,12,6,4,2,2,1,0.44723
203,2,0,6,2,0,59,6,6,8,6,4,1,1,1,1.0661
203,2,0,6,2,0,60,12,6,14,6,4,2,2,1,0.43169
203,2,0,6,2,0,61,8,6,10,6,4,2,2,1,1.0932
203,2,0,6,2,0,62,12,6,14,6,4,2,2,1,0.36492
203,2,0,6,2,0,63,6,6,8,6,4,1,1,1,0.94777
203,2,0,6,2,0,64,2,6,4,6,4,1,1,1,0.46897
203,2,0,6,2,0,65,12,6,14,6,4,2,2,1,0.4859
203,2,0,6,2,0,66,2,6,4,6,4,1,1,1,0.75229
203,2,0,6,2,0,67,8,6,10,6,4,2,2,1,0.79905
203,2,0,6,2,0,68,12,6,14,6,4,2,2,1,0.8762
203,2,0,6,2,0,69,4,6,6,6,4,1,1,1,0.47684
203,2,0,6,2,0,70,4,6,6,6,4,1,1,1,0.42317
203,2,0,6,2,0,71,4,6,6,6,4,1,1,1,0.373
203,2,0,6,2,0,72,8,6,10,6,4,2,2,1,0.63451
203,2,0,6,2,0,73,4,6,6,6,4,1,1,1,0.47924
203,2,0,6,2,0,74,8,6,10,6,4,2,2,1,0.52078
203,2,0,6,2,0,75,12,6,14,6,4,2,2,1,0.45606
203,2,0,6,2,0,76,12,6,14,6,4,2,2,1,0.48177
203,2,0,6,2,0,77,6,6,8,6,4,1,1,1,1.7701
203,2,0,6,2,0,78,4,6,6,6,4,1,1,1,0.4223
203,2,0,6,2,0,79,2,6,4,6,4,1,1,1,0.50708
203,2,0,6,2,0,80,12,6,14,6,4,2,2,1,0.4848
203,2,0,6,2,0,81,10,6,12,6,4,2,2,1,0.43234
203,2,0,6,2,0,82,12,6,14,6,4,2,2,1,0.37285
203,2,0,6,2,0,83,12,6,14,6,4,2,2,1,0.36193
203,2,0,6,2,0,84,12,6,14,6,4,2,2,1,0.32934
203,2,0,6,2,0,85,10,6,12,6,4,2,2,1,0.3971
203,2,0,6,2,0,86,2,6,4,6,4,1,1,1,0.59153
203,2,0,6,2,0,87,6,6,8,6,4,1,1,1,0.36612
203,2,0,6,2,0,88,10,6,12,6,4,2,2,1,0.43188
203,2,0,6,2,0,89,12,6,14,6,4,2,2,1,0.46164
203,2,0,6,2,0,90,10,6,12,6,4,2,2,1,0.4404
203,2,0,6,2,0,91,8,6,10,6,4,2,2,1,1.1394
203,2,0,6,2,0,92,6,6,8,6,4,1,1,1,1.8222
203,2,0,6,2,0,93,6,6,8,6,4,1,1,1,0.66923
203,2,0,6,2,0,94,8,6,10,6,4,2,2,1,0.74803
203,2,0,6,2,0,95,10,6,12,6,4,2,2,1,0.44332
203,2,0,6,2,0,96,8,6,10,6,4,2,2,1,0.32895
203,2,0,6,2,0,97,4,6,6,6,4,1,1,1,0.4364
203,2,0,6,2,0,98,10,6,12,6,4,2,2,1,0.44563
203,2,0,6,2,0,99,2,6,4,6,4,1,1,1,0.40958
203,2,0,6,2,0,100,2,6,4,6,4,1,1,1,0.55698
203,2,0,6,2,0,101,6,6,8,6,4,1,1,1,1.4392
203,2,0,6,2,0,102,6,6,8,6,4,1,1,1,0.39608
203,2,0,6,2,0,103,10,6,12,6,4,2,2,1,0.53807
203,2,0,6,2,0,104,10,6,12,6,4,2,2,1,0.50908
203,2,0,6,2,0,105,8,6,10,6,4,2,2,1,0.39118
203,2,0,6,2,0,106,12,6,14,6,4,2,2,1,0.4181
203,2,0,6,2,0,107,8,6,10,6,4,2,2,1,0.3673
203,2,0,6,2,0,108,12,6,14,6,4,2,2,1,0.61173
203,2,0,6,2,0,109,4,6,6,6,4,1,1,1,0.54723
203,2,0,6,2,0,110,2,6,4,6,4,1,1,1,0.70324
203,2,0,6,2,0,111,6,6,8,6,4,1,1,1,0.60856
203,2,0,6,2,0,112,12,6,14,6,4,2,2,1,0.79469
203,2,0,6,2,0,113,8,6,10,6,4,2,2,1,0.96251
203,2,0,6,2,0,114,2,6,4,6,4,1,1,1,0.49248
203,2,0,6,2,0,115,10,6,12,6,4,2,2,1,0.50997
203,2,0,6,2,0,116,4,6,6,6,4,1,1,1,0.44944
203,2,0,6,2,0,117,6,6,8,6,4,1,1,1,2.0818
203,2,0,6,2,0,118,12,6,14,6,4,2,2,1,0.42291
203,2,0,6,2,0,119,6,6,8,6,4,1,1,1,1.7005
203,2,0,6,2,0,120,8,6,10,6,4,2,2,1,0.97086
203,2,0,6,5,1,1,1,6,4,5,4,1,1,1,0.63222
203,2,0,6,5,1,2,7,6,10,5,4,2,2,1,0.47528
203,2,0,6,5,1,3,4,6,6,6,4,1,1,1,0.6817
203,2,0,6,5,1,4,6,6,8,6,4,1,1,1,0.71116
203,2,0,6,5,1,5,4,6,6,6,4,1,1,1,0.33838
203,2,0,6,5,1,6,3,6,6,5,4,1,1,1,0.51189
203,2,0,6,5,1,7,2,6,4,6,4,1,1,1,0.41496
203,2,0,6,5,1,8,8,6,10,6,4,2,2,1,0.70272
203,2,0,6,5,1,9,12,6,14,6,4,2,2,1,0.42411
203,2,0,6,5,1,10,7,6,10,5,4,2,2,1,0.46111
203,2,0,6,5,1,11,11,6,14,5,4,2,2,1,0.46783
203,2,0,6,5,1,12,10,6,12,6,4,2,2,1,0.39516
203,2,0,6,5,1,13,9,6,12,5,4,2,2,1,0.36167
203,2,0,6,5,1,14,10,6,12,6,4,2,2,1,0.38804
203,2,0,6,5,1,15,1,6,4,5,4,1,1,1,0.42589
203,2,0,6,5,1,16,5,6,8,5,4,1,1,1,0.60089
203,2,0,6,5,1,17,12,6,14,6,4,2,2,1,0.42198
203,2,0,6,5,1,18,3,6,6,5,4,1,1,1,0.52616
203,2,0,6,5,1,19,8,6,10,6,4,2,2,1,1.0538
203,2,0,6,5,1,20,5,6,8,5,4,1,1,1,0.42816
203,2,0,6,5,1,21,6,6,8,6,4,1,1,1,1.6503
203,2,0,6,5,1,22,11,6,14,5,4,2,2,1,0.68009
203,2,0,6,5,1,23,2,6,4,6,4,1,1,1,0.42847
203,2,0,6,5,1,24,9,6,12,5,4,2,2,1,0.5544
203,2,0,6,5,0,1,8,6,10,6,4,2,2,1,0.87439
203,2,0,6,5,0,2,2,6,4,6,4,1,1,1,0.4154
203,2,0,6,5,0,3,6,6,8,6,4,1,2,0,0.74258
203,2,0,6,5,0,4,12,6,14,6,4,2,2,1,0.52514
203,2,0,6,5,0,5,1,6,4,5,4,1,1,1,0.45101
203,2,0,6,5,0,6,1,6,4,5,4,1,1,1,0.43299
203,2,0,6,5,0,7,3,6,6,5,4,1,1,1,0.75072
203,2,0,6,5,0,8,8,6,10,6,4,2,2,1,0.49839
203,2,0,6,5,0,9,10,6,12,6,4,2,2,1,0.78844
203,2,0,6,5,0,10,12,6,14,6,4,2,2,1,0.42213
203,2,0,6,5,0,11,4,6,6,6,4,1,1,1,1.1735
203,2,0,6,5,0,12,7,6,10,5,4,2,2,1,0.54439
203,2,0,6,5,0,13,1,6,4,5,4,1,1,1,0.58532
203,2,0,6,5,0,14,9,6,12,5,4,2,2,1,0.45961
203,2,0,6,5,0,15,8,6,10,6,4,2,2,1,0.75402
203,2,0,6,5,0,16,8,6,10,6,4,2,2,1,0.4923
203,2,0,6,5,0,17,12,6,14,6,4,2,2,1,0.39089
203,2,0,6,5,0,18,4,6,6,6,4,1,1,1,0.6032
203,2,0,6,5,0,19,2,6,4,6,4,1,1,1,0.42649
203,2,0,6,5,0,20,7,6,10,5,4,2,2,1,0.84146
203,2,0,6,5,0,21,9,6,12,5,4,2,2,1,0.40917
203,2,0,6,5,0,22,8,6,10,6,4,2,2,1,0.47662
203,2,0,6,5,0,23,1,6,4,5,4,1,1,1,0.44886
203,2,0,6,5,0,24,4,6,6,6,4,1,1,1,0.45239
203,2,0,6,5,0,25,7,6,10,5,4,2,2,1,1.7597
203,2,0,6,5,0,26,7,6,10,5,4,2,2,1,0.43008
203,2,0,6,5,0,27,11,6,14,5,4,2,2,1,0.51383
203,2,0,6,5,0,28,4,6,6,6,4,1,1,1,0.55394
203,2,0,6,5,0,29,10,6,12,6,4,2,2,1,0.44314
203,2,0,6,5,0,30,2,6,4,6,4,1,1,1,0.40348
203,2,0,6,5,0,31,9,6,12,5,4,2,2,1,0.6395
203,2,0,6,5,0,32,5,6,8,5,4,1,1,1,0.58123
203,2,0,6,5,0,33,6,6,8,6,4,1,1,1,0.44991
203,2,0,6,5,0,34,8,6,10,6,4,2,2,1,1.1359
203,2,0,6,5,0,35,3,6,6,5,4,1,1,1,0.48144
203,2,0,6,5,0,36,6,6,8,6,4,1,1,1,1.2246
203,2,0,6,5,0,37,10,6,12,6,4,2,2,1,0.61952
203,2,0,6,5,0,38,3,6,6,5,4,1,1,1,0.45973
203,2,0,6,5,0,39,5,6,8,5,4,1,1,1,0.58573
203,2,0,6,5,0,40,2,6,4,6,4,1,1,1,0.62634
203,2,0,6,5,0,41,11,6,14,5,4,2,2,1,0.44356
203,2,0,6,5,0,42,8,6,10,6,4,2,2,1,1.0866
203,2,0,6,5,0,43,3,6,6,5,4,1,1,1,0.43411
203,2,0,6,5,0,44,12,6,14,6,4,2,2,1,0.63715
203,2,0,6,5,0,45,5,6,8,5,4,1,1,1,1.1798
203,2,0,6,5,0,46,5,6,8,5,4,1,1,1,0.44332
203,2,0,6,5,0,47,7,6,10,5,4,2,2,1,0.53658
203,2,0,6,5,0,48,7,6,10,5,4,2,2,1,2.5553
203,2,0,6,5,0,49,5,6,8,5,4,1,1,1,0.99119
203,2,0,6,5,0,50,10,6,12,6,4,2,2,1,0.76681
203,2,0,6,5,0,51,3,6,6,5,4,1,1,1,0.47286
203,2,0,6,5,0,52,6,6,8,6,4,1,1,1,0.90513
203,2,0,6,5,0,53,5,6,8,5,4,1,1,1,0.4988
203,2,0,6,5,0,54,4,6,6,6,4,1,1,1,1.0955
203,2,0,6,5,0,55,6,6,8,6,4,1,1,1,0.75481
203,2,0,6,5,0,56,3,6,6,5,4,1,1,1,0.46655
203,2,0,6,5,0,57,7,6,10,5,4,2,1,0,0.6239
203,2,0,6,5,0,58,2,6,4,6,4,1,1,1,0.55617
203,2,0,6,5,0,59,2,6,4,6,4,1,1,1,0.7253
203,2,0,6,5,0,60,2,6,4,6,4,1,1,1,0.52119
203,2,0,6,5,0,61,5,6,8,5,4,1,1,1,0.36754
203,2,0,6,5,0,62,11,6,14,5,4,2,2,1,0.48843
203,2,0,6,5,0,63,6,6,8,6,4,1,1,1,2.5811
203,2,0,6,5,0,64,4,6,6,6,4,1,1,1,0.39177
203,2,0,6,5,0,65,10,6,12,6,4,2,2,1,0.51082
203,2,0,6,5,0,66,6,6,8,6,4,1,1,1,1.1146
203,2,0,6,5,0,67,5,6,8,5,4,1,1,1,1.0039
203,2,0,6,5,0,68,8,6,10,6,4,2,2,1,0.86657
203,2,0,6,5,0,69,6,6,8,6,4,1,1,1,1.0067
203,2,0,6,5,0,70,1,6,4,5,4,1,1,1,0.51685
203,2,0,6,5,0,71,2,6,4,6,4,1,1,1,0.39721
203,2,0,6,5,0,72,12,6,14,6,4,2,2,1,0.48509
203,2,0,6,5,0,73,1,6,4,5,4,1,1,1,0.44212
203,2,0,6,5,0,74,10,6,12,6,4,2,2,1,0.47368
203,2,0,6,5,0,75,7,6,10,5,4,2,2,1,0.83938
203,2,0,6,5,0,76,9,6,12,5,4,2,2,1,0.52753
203,2,0,6,5,0,77,3,6,6,5,4,1,1,1,0.69422
203,2,0,6,5,0,78,5,6,8,5,4,1,1,1,0.40152
203,2,0,6,5,0,79,9,6,12,5,4,2,2,1,0.50624
203,2,0,6,5,0,80,11,6,14,5,4,2,2,1,0.37657
203,2,0,6,5,0,81,1,6,4,5,4,1,1,1,0.39586
203,2,0,6,5,0,82,3,6,6,5,4,1,1,1,0.45932
203,2,0,6,5,0,83,12,6,14,6,4,2,2,1,0.49076
203,2,0,6,5,0,84,8,6,10,6,4,2,2,1,1.3355
203,2,0,6,5,0,85,12,6,14,6,4,2,2,1,0.70185
203,2,0,6,5,0,86,11,6,14,5,4,2,2,1,0.34589
203,2,0,6,5,0,87,12,6,14,6,4,2,2,1,0.33497
203,2,0,6,5,0,88,11,6,14,5,4,2,2,1,0.34034
203,2,0,6,5,0,89,10,6,12,6,4,2,2,1,0.35981
203,2,0,6,5,0,90,10,6,12,6,4,2,2,1,0.39921
203,2,0,6,5,0,91,9,6,12,5,4,2,2,1,0.3826
203,2,0,6,5,0,92,3,6,6,5,4,1,1,1,0.77413
203,2,0,6,5,0,93,4,6,6,6,4,1,1,1,0.86264
203,2,0,6,5,0,94,7,6,10,5,4,2,2,1,2.093
203,2,0,6,5,0,95,11,6,14,5,4,2,2,1,0.37806
203,2,0,6,5,0,96,1,6,4,5,4,1,1,1,0.62082
203,2,0,6,5,0,97,1,6,4,5,4,1,1,1,0.41999
203,2,0,6,5,0,98,4,6,6,6,4,1,1,1,0.38313
203,2,0,6,5,0,99,9,6,12,5,4,2,2,1,0.44857
203,2,0,6,5,0,100,2,6,4,6,4,1,1,1,0.42608
203,2,0,6,5,0,101,2,6,4,6,4,1,1,1,0.30999
203,2,0,6,5,0,102,9,6,12,5,4,2,2,1,0.86347
203,2,0,6,5,0,103,4,6,6,6,4,1,1,1,0.4132
203,2,0,6,5,0,104,10,6,12,6,4,2,2,1,0.72623
203,2,0,6,5,0,105,6,6,8,6,4,1,1,1,0.89284
203,2,0,6,5,0,106,11,6,14,5,4,2,2,1,0.45837
203,2,0,6,5,0,107,4,6,6,6,4,1,1,1,0.5443
203,2,0,6,5,0,108,7,6,10,5,4,2,2,1,2.0066
203,2,0,6,5,0,109,8,6,10,6,4,2,2,1,0.90063
203,2,0,6,5,0,110,12,6,14,6,4,2,2,1,0.45503
203,2,0,6,5,0,111,9,6,12,5,4,2,2,1,0.64365
203,2,0,6,5,0,112,12,6,14,6,4,2,2,1,0.34639
203,2,0,6,5,0,113,1,6,4,5,4,1,1,1,0.41789
203,2,0,6,5,0,114,3,6,6,5,4,1,1,1,0.57395
203,2,0,6,5,0,115,5,6,8,5,4,1,1,1,0.36769
203,2,0,6,5,0,116,9,6,12,5,4,2,2,1,0.65582
203,2,0,6,5,0,117,11,6,14,5,4,2,2,1,0.41828
203,2,0,6,5,0,118,6,6,8,6,4,1,1,1,1.1847
203,2,0,6,5,0,119,10,6,12,6,4,2,2,1,0.79806
203,2,0,6,5,0,120,11,6,14,5,4,2,2,1,0.87069
203,2,0,6,6,0,1,1,6,4,5,4,1,1,1,0.58751
203,2,0,6,6,0,2,10,6,12,6,4,2,2,1,0.7248
203,2,0,6,6,0,3,10,6,12,6,4,2,2,1,0.54801
203,2,0,6,6,0,4,1,6,4,5,4,1,1,1,0.45844
203,2,0,6,6,0,5,9,6,12,5,4,2,2,1,0.56051
203,2,0,6,6,0,6,8,6,10,6,4,2,2,1,0.84977
203,2,0,6,6,0,7,11,6,14,5,4,2,2,1,0.41759
203,2,0,6,6,0,8,2,6,4,6,4,1,1,1,0.5035
203,2,0,6,6,0,9,10,6,12,6,4,2,2,1,0.45608
203,2,0,6,6,0,10,2,6,4,6,4,1,1,1,0.51716
203,2,0,6,6,0,11,3,6,6,5,4,1,1,1,0.49524
203,2,0,6,6,0,12,7,6,10,5,4,2,2,1,0.56317
203,2,0,6,6,0,13,9,6,12,5,4,2,2,1,0.47193
203,2,0,6,6,0,14,7,6,10,5,4,2,2,1,0.42239
203,2,0,6,6,0,15,9,6,12,5,4,2,2,1,0.384
203,2,0,6,6,0,16,8,6,10,6,4,2,2,1,0.55463
203,2,0,6,6,0,17,9,6,12,5,4,2,2,1,0.6311
203,2,0,6,6,0,18,4,6,6,6,4,1,1,1,0.62106
203,2,0,6,6,0,19,10,6,12,6,4,2,2,1,0.46712
203,2,0,6,6,0,20,6,6,8,6,4,1,1,1,2.4512
203,2,0,6,6,0,21,4,6,6,6,4,1,1,1,0.63936
203,2,0,6,6,0,22,1,6,4,5,4,1,1,1,0.50769
203,2,0,6,6,0,23,5,6,8,5,4,1,1,1,0.63669
203,2,0,6,6,0,24,11,6,14,5,4,2,2,1,0.65635
203,2,0,6,6,0,25,11,6,14,5,4,2,2,1,0.43111
203,2,0,6,6,0,26,5,6,8,5,4,1,1,1,0.47151
203,2,0,6,6,0,27,3,6,6,5,4,1,1,1,0.38031
203,2,0,6,6,0,28,10,6,12,6,4,2,2,1,0.58159
203,2,0,6,6,0,29,3,6,6,5,4,1,1,1,0.45294
203,2,0,6,6,0,30,8,6,10,6,4,2,2,1,1.6199
203,2,0,6,6,0,31,1,6,4,5,4,1,1,1,0.62349
203,2,0,6,6,0,32,8,6,10,6,4,2,2,1,0.77476
203,2,0,6,6,0,33,11,6,14,5,4,2,2,1,0.9405
203,2,0,6,6,0,34,4,6,6,6,4,1,1,1,0.52175
203,2,0,6,6,0,35,2,6,4,6,4,1,1,1,0.37507
203,2,0,6,6,0,36,2,6,4,6,4,1,1,1,0.40385
203,2,0,6,6,0,37,12,6,14,6,4,2,2,1,0.4854
203,2,0,6,6,0,38,12,6,14,6,4,2,2,1,0.37698
203,2,0,6,6,0,39,9,6,12,5,4,2,2,1,0.39388
203,2,0,6,6,0,40,9,6,12,5,4,2,2,1,0.41523
203,2,0,6,6,0,41,6,6,8,6,4,1,1,1,0.61042
203,2,0,6,6,0,42,9,6,12,5,4,2,2,1,0.48055
203,2,0,6,6,0,43,3,6,6,5,4,1,1,1,0.51766
203,2,0,6,6,0,44,5,6,8,5,4,1,1,1,0.66783
203,2,0,6,6,0,45,6,6,8,6,4,1,1,1,1.44
203,2,0,6,6,0,46,6,6,8,6,4,1,1,1,0.57446
203,2,0,6,6,0,47,11,6,14,5,4,2,2,1,0.51063
203,2,0,6,6,0,48,11,6,14,5,4,2,2,1,0.42284
203,2,0,6,6,0,49,5,6,8,5,4,1,1,1,0.8007
203,2,0,6,6,0,50,4,6,6,6,4,1,1,1,0.60053
203,2,0,6,6,0,51,12,6,14,6,4,2,2,1,0.50535
203,2,0,6,6,0,52,4,6,6,6,4,1,1,1,0.42117
203,2,0,6,6,0,53,1,6,4,5,4,1,1,1,0.35054
203,2,0,6,6,0,54,11,6,14,5,4,2,2,1,0.40454
203,2,0,6,6,0,55,7,6,10,5,4,2,1,0,0.80384
203,2,0,6,6,0,56,4,6,6,6,4,1,1,1,0.44389
203,2,0,6,6,0,57,4,6,6,6,4,1,1,1,0.41349
203,2,0,6,6,0,58,8,6,10,6,4,2,2,1,0.86483
203,2,0,6,6,0,59,10,6,12,6,4,2,2,1,0.39445
203,2,0,6,6,0,60,2,6,4,6,4,1,1,1,0.53394
203,2,0,6,6,0,61,9,6,12,5,4,2,2,1,0.4871
203,2,0,6,6,0,62,6,6,8,6,4,1,1,1,2.0528
203,2,0,6,6,0,63,6,6,8,6,4,1,1,1,0.48558
203,2,0,6,6,0,64,6,6,8,6,4,1,1,1,0.3983
203,2,0,6,6,0,65,8,6,10,6,4,2,2,1,0.50158
203,2,0,6,6,0,66,7,6,10,5,4,2,2,1,1.2832
203,2,0,6,6,0,67,11,6,14,5,4,2,2,1,0.32098
203,2,0,6,6,0,68,10,6,12,6,4,2,2,1,0.37377
203,2,0,6,6,0,69,12,6,14,6,4,2,2,1,0.55991
203,2,0,6,6,0,70,7,6,10,5,4,2,2,1,0.98978
203,2,0,6,6,0,71,5,6,8,5,4,1,1,1,1.2866
203,2,0,6,6,0,72,9,6,12,5,4,2,2,1,0.45811
203,2,0,6,6,0,73,7,6,10,5,4,2,2,1,1.3152
203,2,0,6,6,0,74,3,6,6,5,4,1,1,1,0.51808
203,2,0,6,6,0,75,12,6,14,6,4,2,2,1,0.50219
203,2,0,6,6,0,76,2,6,4,6,4,1,1,1,0.91789
203,2,0,6,6,0,77,5,6,8,5,4,1,1,1,1.3307
203,2,0,6,6,0,78,11,6,14,5,4,2,2,1,0.48062
203,2,0,6,6,0,79,11,6,14,5,4,2,2,1,0.51928
203,2,0,6,6,0,80,8,6,10,6,4,2,2,1,1.4093
203,2,0,6,6,0,81,8,6,10,6,4,2,2,1,0.47721
203,2,0,6,6,0,82,8,6,10,6,4,2,2,1,0.46409
203,2,0,6,6,0,83,12,6,14,6,4,2,2,1,0.44058
203,2,0,6,6,0,84,3,6,6,5,4,1,1,1,0.51748
203,2,0,6,6,0,85,7,6,10,5,4,2,1,0,0.90691
203,2,0,6,6,0,86,3,6,6,5,4,1,1,1,0.44881
203,2,0,6,6,0,87,12,6,14,6,4,2,2,1,0.49727
203,2,0,6,6,0,88,1,6,4,5,4,1,1,1,0.52066
203,2,0,6,6,0,89,10,6,12,6,4,2,2,1,0.36356
203,2,0,6,6,0,90,1,6,4,5,4,1,1,1,0.39688
203,2,0,6,6,0,91,1,6,4,5,4,1,1,1,0.48479
203,2,0,6,6,0,92,1,6,4,5,4,1,1,1,0.42032
203,2,0,6,6,0,93,3,6,6,5,4,1,1,1,0.44129
203,2,0,6,6,0,94,12,6,14,6,4,2,2,1,0.70884
203,2,0,6,6,0,95,4,6,6,6,4,1,1,1,0.78375
203,2,0,6,6,0,96,12,6,14,6,4,2,2,1,0.4401
203,2,0,6,6,0,97,1,6,4,5,4,1,1,1,0.48073
203,2,0,6,6,0,98,10,6,12,6,4,2,2,1,0.49169
203,2,0,6,6,0,99,5,6,8,5,4,1,1,1,0.72973
203,2,0,6,6,0,100,2,6,4,6,4,1,1,1,0.4192
203,2,0,6,6,0,101,10,6,12,6,4,2,2,1,0.46162
203,2,0,6,6,0,102,2,6,4,6,4,1,1,1,0.71589
203,2,0,6,6,0,103,8,6,10,6,4,2,2,1,0.57912
203,2,0,6,6,0,104,9,6,12,5,4,2,2,1,0.94182
203,2,0,6,6,0,105,4,6,6,6,4,1,1,1,0.53995
203,2,0,6,6,0,106,2,6,4,6,4,1,1,1,0.38108
203,2,0,6,6,0,107,5,6,8,5,4,1,1,1,0.73727
203,2,0,6,6,0,108,7,6,10,5,4,2,2,1,1.1181
203,2,0,6,6,0,109,5,6,8,5,4,1,2,0,0.828
203,2,0,6,6,0,110,7,6,10,5,4,2,2,1,0.84397
203,2,0,6,6,0,111,12,6,14,6,4,2,2,1,0.47981
203,2,0,6,6,0,112,6,6,8,6,4,1,1,1,1.1252
203,2,0,6,6,0,113,7,6,10,5,4,2,2,1,0.83259
203,2,0,6,6,0,114,3,6,6,5,4,1,1,1,0.72141
203,2,0,6,6,0,115,4,6,6,6,4,1,1,1,0.44682
203,2,0,6,6,0,116,6,6,8,6,4,1,1,1,0.38546
203,2,0,6,6,0,117,6,6,8,6,4,1,1,1,1.171
203,2,0,6,6,0,118,5,6,8,5,4,1,1,1,0.46551
203,2,0,6,6,0,119,3,6,6,5,4,1,1,1,0.50101
203,2,0,6,6,0,120,2,6,4,6,4,1,1,1,0.47067
