101,2,0,1,2,1,1,8,6,10,6,4,2,2,1,1.5792
101,2,0,1,2,1,2,4,6,6,6,4,1,1,1,0.78157
101,2,0,1,2,1,3,6,6,8,6,4,1,2,0,0.71001
101,2,0,1,2,1,4,12,6,14,6,4,2,2,1,0.5879
101,2,0,1,2,1,5,6,6,8,6,4,1,1,1,0.78182
101,2,0,1,2,1,6,8,6,10,6,4,2,1,0,0.94403
101,2,0,1,2,1,7,6,6,8,6,4,1,1,1,1.0246
101,2,0,1,2,1,8,12,6,14,6,4,2,2,1,0.60811
101,2,0,1,2,1,9,2,6,4,6,4,1,1,1,0.99107
101,2,0,1,2,1,10,2,6,4,6,4,1,1,1,0.80347
101,2,0,1,2,1,11,10,6,12,6,4,2,2,1,0.6934
101,2,0,1,2,1,12,2,6,4,6,4,1,1,1,0.65895
101,2,0,1,2,1,13,12,6,14,6,4,2,2,1,0.50857
101,2,0,1,2,1,14,10,6,12,6,4,2,2,1,0.53077
101,2,0,1,2,1,15,10,6,12,6,4,2,2,1,0.41288
101,2,0,1,2,1,16,6,6,8,6,4,1,1,1,1.3656
101,2,0,1,2,1,17,4,6,6,6,4,1,1,1,1.5589
101,2,0,1,2,1,18,4,6,6,6,4,1,1,1,0.46128
101,2,0,1,2,1,19,4,6,6,6,4,1,1,1,0.53107
101,2,0,1,2,1,20,10,6,12,6,4,2,2,1,0.27762
101,2,0,1,2,1,21,8,6,10,6,4,2,2,1,0.45984
101,2,0,1,2,1,22,12,6,14,6,4,2,2,1,0.40028
101,2,0,1,2,1,23,8,6,10,6,4,2,2,1,0.58475
101,2,0,1,2,1,24,2,6,4,6,4,1,1,1,0.38322
101,2,0,1,2,0,1,6,6,8,6,4,1,1,1,0.61573
101,2,0,1,2,0,2,2,6,4,6,4,1,1,1,0.81632
101,2,0,1,2,0,3,6,6,8,6,4,1,1,1,1.5919
101,2,0,1,2,0,4,10,6,12,6,4,2,2,1,0.60014
101,2,0,1,2,0,5,4,6,6,6,4,1,1,1,0.66682
101,2,0,1,2,0,6,2,6,4,6,4,1,1,1,0.52212
101,2,0,1,2,0,7,4,6,6,6,4,1,1,1,0.37336
101,2,0,1,2,0,8,10,6,12,6,4,2,2,1,0.44814
101,2,0,1,2,0,9,6,6,8,6,4,1,1,1,1.1825
101,2,0,1,2,0,10,4,6,6,6,4,1,1,1,0.66148
101,2,0,1,2,0,11,8,6,10,6,4,2,2,1,0.64681
101,2,0,1,2,0,12,4,6,6,6,4,1,1,1,0.64941
101,2,0,1,2,0,13,8,6,10,6,4,2,2,1,0.76435
101,2,0,1,2,0,14,2,6,4,6,4,1,1,1,0.64435
101,2,0,1,2,0,15,10,6,12,6,4,2,2,1,0.46007
101,2,0,1,2,0,16,2,6,4,6,4,1,1,1,0.48247
101,2,0,1,2,0,17,12,6,14,6,4,2,2,1,0.55105
101,2,0,1,2,0,18,6,6,8,6,4,1,1,1,0.47802
101,2,0,1,2,0,19,6,6,8,6,4,1,1,1,0.76625
101,2,0,1,2,0,20,8,6,10,6,4,2,2,1,0.82408
101,2,0,1,2,0,21,2,6,4,6,4,1,1,1,0.57848
101,2,0,1,2,0,22,4,6,6,6,4,1,1,1,0.48464
101,2,0,1,2,0,23,2,6,4,6,4,1,1,1,0.39364
101,2,0,1,2,0,24,4,6,6,6,4,1,1,1,0.43861
101,2,0,1,2,0,25,10,6,12,6,4,2,2,1,0.3997
101,2,0,1,2,0,26,8,6,10,6,4,2,2,1,1.182
101,2,0,1,2,0,27,10,6,12,6,4,2,2,1,0.46599
101,2,0,1,2,0,28,10,6,12,6,4,2,2,1,0.43662
101,2,0,1,2,0,29,4,6,6,6,4,1,1,1,0.65371
101,2,0,1,2,0,30,4,6,6,6,4,1,1,1,0.51092
101,2,0,1,2,0,31,10,6,12,6,4,2,2,1,0.45399
101,2,0,1,2,0,32,12,6,14,6,4,2,2,1,0.46602
101,2,0,1,2,0,33,8,6,10,6,4,2,1,0,0.67964
101,2,0,1,2,0,34,10,6,12,6,4,2,2,1,0.47197
101,2,0,1,2,0,35,4,6,6,6,4,1,1,1,0.5246
101,2,0,1,2,0,36,8,6,10,6,4,2,2,1,0.80721
101,2,0,1,2,0,37,4,6,6,6,4,1,1,1,0.54636
101,2,0,1,2,0,38,12,6,14,6,4,2,2,1,0.52152
101,2,0,1,2,0,39,12,6,14,6,4,2,2,1,0.44493
101,2,0,1,2,0,40,6,6,8,6,4,1,1,1,0.87098
101,2,0,1,2,0,41,12,6,14,6,4,2,2,1,0.52186
101,2,0,1,2,0,42,10,6,12,6,4,2,2,1,0.61688
101,2,0,1,2,0,43,8,6,10,6,4,2,2,1,0.94021
101,2,0,1,2,0,44,8,6,10,6,4,2,2,1,0.75469
101,2,0,1,2,0,45,10,6,12,6,4,2,2,1,0.52473
101,2,0,1,2,0,46,6,6,8,6,4,1,1,1,1.0832
101,2,0,1,2,0,47,8,6,10,6,4,2,2,1,0.70274
101,2,0,1,2,0,48,2,6,4,6,4,1,1,1,0.57796
101,2,0,1,2,0,49,2,6,4,6,4,1,1,1,0.48357
101,2,0,1,2,0,50,12,6,14,6,4,2,2,1,0.49996
101,2,0,1,2,0,51,4,6,6,6,4,1,1,1,0.38852
101,2,0,1,2,0,52,12,6,14,6,4,2,2,1,0.47482
101,2,0,1,2,0,53,10,6,12,6,4,2,2,1,0.50441
101,2,0,1,2,0,54,12,6,14,6,4,2,2,1,0.51201
101,2,0,1,2,0,55,8,6,10,6,4,2,2,1,0.78863
101,2,0,1,2,0,56,2,6,4,6,4,1,1,1,0.51195
101,2,0,1,2,0,57,6,6,8,6,4,1,1,1,0.51129
101,2,0,1,2,0,58,6,6,8,6,4,1,1,1,1.0149
101,2,0,1,2,0,59,6,6,8,6,4,1,1,1,0.46092
101,2,0,1,2,0,60,10,6,12,6,4,2,2,1,0.47543
101,2,0,1,2,0,61,4,6,6,6,4,1,1,1,0.69623
101,2,0,1,2,0,62,12,6,14,6,4,2,2,1,0.49039
101,2,0,1,2,0,63,6,6,8,6,4,1,1,1,0.70584
101,2,0,1,2,0,64,12,6,14,6,4,2,2,1,0.51095
101,2,0,1,2,0,65,2,6,4,6,4,1,1,1,0.47432
101,2,0,1,2,0,66,8,6,10,6,4,2,2,1,0.66433
101,2,0,1,2,0,67,8,6,10,6,4,2,1,0,0.71013
101,2,0,1,2,0,68,12,6,14,6,4,2,2,1,0.59768
101,2,0,1,2,0,69,4,6,6,6,4,1,1,1,0.66869
101,2,0,1,2,0,70,2,6,4,6,4,1,1,1,0.48395
101,2,0,1,2,0,71,12,6,14,6,4,2,2,1,0.648
101,2,0,1,2,0,72,12,6,14,6,4,2,2,1,0.72271
101,2,0,1,2,0,73,6,6,8,6,4,1,1,1,0.44474
101,2,0,1,2,0,74,6,6,8,6,4,1,1,1,0.79563
101,2,0,1,2,0,75,4,6,6,6,4,1,1,1,0.94039
101,2,0,1,2,0,76,6,6,8,6,4,1,1,1,0.56228
101,2,0,1,2,0,77,12,6,14,6,4,2,2,1,0.54515
101,2,0,1,2,0,78,6,6,8,6,4,1,1,1,0.78028
101,2,0,1,2,0,79,12,6,14,6,4,2,2,1,0.54305
101,2,0,1,2,0,80,4,6,6,6,4,1,1,1,0.54231
101,2,0,1,2,0,81,2,6,4,6,4,1,1,1,0.50135
101,2,0,1,2,0,82,12,6,14,6,4,2,2,1,0.69307
101,2,0,1,2,0,83,10,6,12,6,4,2,2,1,0.53962
101,2,0,1,2,0,84,10,6,12,6,4,2,2,1,0.79514
101,2,0,1,2,0,85,8,6,10,6,4,2,2,1,1.3477
101,2,0,1,2,0,86,6,6,8,6,4,1,2,0,0.75818
101,2,0,1,2,0,87,6,6,8,6,4,1,1,1,1.1606
101,2,0,1,2,0,88,10,6,12,6,4,2,2,1,0.38451
101,2,0,1,2,0,89,2,6,4,6,4,1,1,1,0.54757
101,2,0,1,2,0,90,4,6,6,6,4,1,1,1,0.50168
101,2,0,1,2,0,91,10,6,12,6,4,2,2,1,0.45104
101,2,0,1,2,0,92,8,6,10,6,4,2,2,1,0.4023
101,2,0,1,2,0,93,6,6,8,6,4,1,2,0,0.96091
101,2,0,1,2,0,94,4,6,6,6,4,1,1,1,0.5359
101,2,0,1,2,0,95,10,6,12,6,4,2,2,1,0.71415
101,2,0,1,2,0,96,12,6,14,6,4,2,2,1,0.47334
101,2,0,1,2,0,97,8,6,10,6,4,2,2,1,1.2867
101,2,0,1,2,0,98,8,6,10,6,4,2,2,1,0.56593
101,2,0,1,2,0,99,4,6,6,6,4,1,1,1,0.4092
101,2,0,1,2,0,100,10,6,12,6,4,2,2,1,0.81958
101,2,0,1,2,0,101,2,6,4,6,4,1,1,1,0.5246
101,2,0,1,2,0,102,12,6,14,6,4,2,2,1,0.43325
101,2,0,1,2,0,103,2,6,4,6,4,1,1,1,0.44939
101,2,0,1,2,0,104,10,6,12,6,4,2,2,1,0.51953
101,2,0,1,2,0,105,2,6,4,6,4,1,1,1,0.50478
101,2,0,1,2,0,106,8,6,10,6,4,2,2,1,0.70537
101,2,0,1,2,0,107,2,6,4,6,4,1,1,1,0.55896
101,2,0,1,2,0,108,12,6,14,6,4,2,2,1,1.3212
101,2,0,1,2,0,109,4,6,6,6,4,1,1,1,0.53337
101,2,0,1,2,0,110,8,6,10,6,4,2,2,1,0.9132
101,2,0,1,2,0,111,8,6,10,6,4,2,2,1,0.73914
101,2,0,1,2,0,112,2,6,4,6,4,1,1,1,0.60994
101,2,0,1,2,0,113,6,6,8,6,4,1,1,1,1.0178
101,2,0,1,2,0,114,6,6,8,6,4,1,1,1,0.50998
101,2,0,1,2,0,115,4,6,6,6,4,1,1,1,0.67707
101,2,0,1,2,0,116,2,6,4,6,4,1,1,1,0.37048
101,2,0,1,2,0,117,2,6,4,6,4,1,1,1,0.48478
101,2,0,1,2,0,118,8,6,10,6,4,2,2,1,0.55054
101,2,0,1,2,0,119,12,6,14,6,4,2,2,1,1.2643
101,2,0,1,2,0,120,10,6,12,6,4,2,2,1,0.39218
101,2,0,1,1,1,1,5,6,8,5,4,1,1,1,0.60223
101,2,0,1,1,1,2,1,6,4,5,4,1,1,1,1.1037
101,2,0,1,1,1,3,11,6,14,5,4,2,1,0,0.54825
101,2,0,1,1,1,4,11,6,14,5,4,2,2,1,0.47754
101,2,0,1,1,1,5,5,6,8,5,4,1,1,1,1.0244
101,2,0,1,1,1,6,9,6,12,5,4,2,2,1,1.0589
101,2,0,1,1,1,7,7,6,10,5,4,2,1,0,1.0186
101,2,0,1,1,1,8,3,6,6,5,4,1,1,1,0.52092
101,2,0,1,1,1,9,5,6,8,5,4,1,1,1,1.7813
101,2,0,1,1,1,10,5,6,8,5,4,1,1,1,0.71132
101,2,0,1,1,1,11,7,6,10,5,4,2,2,1,0.60918
101,2,0,1,1,1,12,3,6,6,5,4,1,1,1,1.1262
101,2,0,1,1,1,13,7,6,10,5,4,2,2,1,0.80659
101,2,0,1,1,1,14,3,6,6,5,4,1,1,1,0.66124
101,2,0,1,1,1,15,9,6,12,5,4,2,2,1,0.68095
101,2,0,1,1,1,16,9,6,12,5,4,2,2,1,0.58516
101,2,0,1,1,1,17,1,6,4,5,4,1,1,1,0.75454
101,2,0,1,1,1,18,1,6,4,5,4,1,1,1,0.55251
101,2,0,1,1,1,19,11,6,14,5,4,2,2,1,0.50063
101,2,0,1,1,1,20,7,6,10,5,4,2,2,1,0.68402
101,2,0,1,1,1,21,11,6,14,5,4,2,2,1,0.48411
101,2,0,1,1,1,22,9,6,12,5,4,2,2,1,0.49032
101,2,0,1,1,1,23,1,6,4,5,4,1,1,1,0.57744
101,2,0,1,1,1,24,3,6,6,5,4,1,1,1,1.3252
101,2,0,1,1,0,1,5,6,8,5,4,1,1,1,0.60425
101,2,0,1,1,0,2,11,6,14,5,4,2,2,1,0.6605
101,2,0,1,1,0,3,3,6,6,5,4,1,1,1,0.74759
101,2,0,1,1,0,4,1,6,4,5,4,1,1,1,0.53417
101,2,0,1,1,0,5,7,6,10,5,4,2,1,0,0.75595
101,2,0,1,1,0,6,5,6,8,5,4,1,1,1,0.62453
101,2,0,1,1,0,7,7,6,10,5,4,2,2,1,1.1588
101,2,0,1,1,0,8,5,6,8,5,4,1,1,1,0.91407
101,2,0,1,1,0,9,1,6,4,5,4,1,1,1,0.53373
101,2,0,1,1,0,10,7,6,10,5,4,2,2,1,0.63674
101,2,0,1,1,0,11,3,6,6,5,4,1,1,1,0.52205
101,2,0,1,1,0,12,3,6,6,5,4,1,1,1,0.657
101,2,0,1,1,0,13,5,6,8,5,4,1,1,1,1.2113
101,2,0,1,1,0,14,11,6,14,5,4,2,2,1,0.94992
101,2,0,1,1,0,15,5,6,8,5,4,1,1,1,0.66143
101,2,0,1,1,0,16,3,6,6,5,4,1,1,1,0.76348
101,2,0,1,1,0,17,1,6,4,5,4,1,1,1,0.53486
101,2,0,1,1,0,18,7,6,10,5,4,2,2,1,1.1843
101,2,0,1,1,0,19,11,6,14,5,4,2,1,0,0.59613
101,2,0,1,1,0,20,3,6,6,5,4,1,1,1,0.62022
101,2,0,1,1,0,21,3,6,6,5,4,1,1,1,0.63221
101,2,0,1,1,0,22,9,6,12,5,4,2,2,1,0.53937
101,2,0,1,1,0,23,11,6,14,5,4,2,2,1,0.5232
101,2,0,1,1,0,24,9,6,12,5,4,2,2,1,0.54754
101,2,0,1,1,0,25,5,6,8,5,4,1,1,1,0.89995
101,2,0,1,1,0,26,9,6,12,5,4,2,2,1,0.49033
101,2,0,1,1,0,27,11,6,14,5,4,2,2,1,0.5577
101,2,0,1,1,0,28,7,6,10,5,4,2,2,1,0.93196
101,2,0,1,1,0,29,7,6,10,5,4,2,2,1,0.48545
101,2,0,1,1,0,30,1,6,4,5,4,1,1,1,0.55904
101,2,0,1,1,0,31,3,6,6,5,4,1,1,1,0.71975
101,2,0,1,1,0,32,1,6,4,5,4,1,1,1,0.48644
101,2,0,1,1,0,33,11,6,14,5,4,2,2,1,0.81934
101,2,0,1,1,0,34,11,6,14,5,4,2,2,1,0.66491
101,2,0,1,1,0,35,11,6,14,5,4,2,2,1,0.54336
101,2,0,1,1,0,36,11,6,14,5,4,2,2,1,0.58628
101,2,0,1,1,0,37,9,6,12,5,4,2,2,1,0.54572
101,2,0,1,1,0,38,7,6,10,5,4,2,2,1,0.94138
101,2,0,1,1,0,39,1,6,4,5,4,1,1,1,0.57489
101,2,0,1,1,0,40,7,6,10,5,4,2,2,1,0.63003
101,2,0,1,1,0,41,1,6,4,5,4,1,1,1,0.45871
101,2,0,1,1,0,42,5,6,8,5,4,1,1,1,0.70637
101,2,0,1,1,0,43,9,6,12,5,4,2,2,1,0.7379
101,2,0,1,1,0,44,9,6,12,5,4,2,2,1,0.52491
101,2,0,1,1,0,45,5,6,8,5,4,1,1,1,1.1119
101,2,0,1,1,0,46,5,6,8,5,4,1,2,0,0.83488
101,2,0,1,1,0,47,1,6,4,5,4,1,1,1,0.72908
101,2,0,1,1,0,48,7,6,10,5,4,2,2,1,0.91027
101,2,0,1,1,0,49,11,6,14,5,4,2,2,1,0.85448
101,2,0,1,1,0,50,1,6,4,5,4,1,1,1,0.60306
101,2,0,1,1,0,51,9,6,12,5,4,2,2,1,0.63846
101,2,0,1,1,0,52,5,6,8,5,4,1,2,0,0.83025
101,2,0,1,1,0,53,9,6,12,5,4,2,2,1,0.59824
101,2,0,1,1,0,54,3,6,6,5,4,1,1,1,0.48785
101,2,0,1,1,0,55,3,6,6,5,4,1,1,1,0.6035
101,2,0,1,1,0,56,11,6,14,5,4,2,2,1,0.5126
101,2,0,1,1,0,57,5,6,8,5,4,1,1,1,1.4036
101,2,0,1,1,0,58,9,6,12,5,4,2,2,1,0.52277
101,2,0,1,1,0,59,5,6,8,5,4,1,1,1,0.61847
101,2,0,1,1,0,60,1,6,4,5,4,1,1,1,1.7605
101,2,0,1,1,0,61,9,6,12,5,4,2,2,1,0.74716
101,2,0,1,1,0,62,9,6,12,5,4,2,2,1,0.71814
101,2,0,1,1,0,63,9,6,12,5,4,2,2,1,0.67458
101,2,0,1,1,0,64,3,6,6,5,4,1,1,1,0.42415
101,2,0,1,1,0,65,5,6,8,5,4,1,1,1,0.47463
101,2,0,1,1,0,66,1,6,4,5,4,1,1,1,0.51059
101,2,0,1,1,0,67,11,6,14,5,4,2,2,1,0.83462
101,2,0,1,1,0,68,9,6,12,5,4,2,2,1,0.40168
101,2,0,1,1,0,69,9,6,12,5,4,2,2,1,0.55297
101,2,0,1,1,0,70,3,6,6,5,4,1,1,1,0.65937
101,2,0,1,1,0,71,7,6,10,5,4,2,2,1,0.86439
101,2,0,1,1,0,72,3,6,6,5,4,1,1,1,0.38639
101,2,0,1,1,0,73,11,6,14,5,4,2,2,1,0.46491
101,2,0,1,1,0,74,11,6,14,5,4,2,2,1,0.58249
101,2,0,1,1,0,75,1,6,4,5,4,1,1,1,0.37316
101,2,0,1,1,0,76,1,6,4,5,4,1,1,1,0.41296
101,2,0,1,1,0,77,7,6,10,5,4,2,2,1,1.1089
101,2,0,1,1,0,78,9,6,12,5,4,2,1,0,0.64613
101,2,0,1,1,0,79,11,6,14,5,4,2,2,1,0.41552
101,2,0,1,1,0,80,9,6,12,5,4,2,2,1,0.3703
101,2,0,1,1,0,81,3,6,6,5,4,1,1,1,0.65874
101,2,0,1,1,0,82,7,6,10,5,4,2,2,1,1.082
101,2,0,1,1,0,83,3,6,6,5,4,1,1,1,0.59951
101,2,0,1,1,0,84,9,6,12,5,4,2,2,1,0.66697
101,2,0,1,1,0,85,9,6,12,5,4,2,2,1,0.60516
101,2,0,1,1,0,86,7,6,10,5,4,2,2,1,0.78631
101,2,0,1,1,0,87,3,6,6,5,4,1,1,1,0.4578
101,2,0,1,1,0,88,1,6,4,5,4,1,1,1,0.54033
101,2,0,1,1,0,89,5,6,8,5,4,1,1,1,0.90815
101,2,0,1,1,0,90,3,6,6,5,4,1,1,1,0.51588
101,2,0,1,1,0,91,1,6,4,5,4,1,1,1,0.4744
101,2,0,1,1,0,92,11,6,14,5,4,2,2,1,0.5142
101,2,0,1,1,0,93,9,6,12,5,4,2,2,1,0.42295
101,2,0,1,1,0,94,3,6,6,5,4,1,1,1,0.55141
101,2,0,1,1,0,95,7,6,10,5,4,2,2,1,0.73515
101,2,0,1,1,0,96,5,6,8,5,4,1,1,1,0.80075
101,2,0,1,1,0,97,5,6,8,5,4,1,1,1,0.62964
101,2,0,1,1,0,98,1,6,4,5,4,1,1,1,0.57829
101,2,0,1,1,0,99,3,6,6,5,4,1,1,1,0.5214
101,2,0,1,1,0,100,11,6,14,5,4,2,2,1,0.49781
101,2,0,1,1,0,101,11,6,14,5,4,2,2,1,0.68581
101,2,0,1,1,0,102,5,6,8,5,4,1,1,1,0.32857
101,2,0,1,1,0,103,9,6,12,5,4,2,2,1,0.46499
101,2,0,1,1,0,104,7,6,10,5,4,2,1,0,0.97516
101,2,0,1,1,0,105,7,6,10,5,4,2,2,1,0.7348
101,2,0,1,1,0,106,1,6,4,5,4,1,1,1,0.58093
101,2,0,1,1,0,107,3,6,6,5,4,1,1,1,0.58124
101,2,0,1,1,0,108,7,6,10,5,4,2,2,1,0.64795
101,2,0,1,1,0,109,3,6,6,5,4,1,1,1,0.4784
101,2,0,1,1,0,110,5,6,8,5,4,1,1,1,0.71253
101,2,0,1,1,0,111,11,6,14,5,4,2,2,1,0.41353
101,2,0,1,1,0,112,1,6,4,5,4,1,1,1,0.47599
101,2,0,1,1,0,113,5,6,8,5,4,1,1,1,0.63024
101,2,0,1,1,0,114,5,6,8,5,4,1,1,1,0.59426
101,2,0,1,1,0,115,11,6,14,5,4,2,2,1,0.85422
101,2,0,1,1,0,116,1,6,4,5,4,1,1,1,0.4861
101,2,0,1,1,0,117,7,6,10,5,4,2,2,1,0.74913
101,2,0,1,1,0,118,7,6,10,5,4,2,2,1,0.72164
101,2,0,1,1,0,119,1,6,4,5,4,1,1,1,0.52879
101,2,0,1,1,0,120,7,6,10,5,4,2,2,1,0.94412
101,2,0,1,4,1,1,2,6,4,6,4,1,1,1,0.74854
101,2,0,1,4,1,2,7,6,10,5,4,2,2,1,0.63527
101,2,0,1,4,1,3,7,6,10,5,4,2,2,1,0.54539
101,2,0,1,4,1,4,7,6,10,5,4,2,2,1,0.89311
101,2,0,1,4,1,5,9,6,12,5,4,2,2,1,0.53997
101,2,0,1,4,1,6,4,6,6,6,4,1,1,1,0.66893
101,2,0,1,4,1,7,9,6,12,5,4,2,1,0,0.6918
101,2,0,1,4,1,8,9,6,12,5,4,2,2,1,0.35372
101,2,0,1,4,1,9,4,6,6,6,4,1,1,1,0.45758
101,2,0,1,4,1,10,6,6,8,6,4,1,2,0,0.86121
101,2,0,1,4,1,11,11,6,14,5,4,2,2,1,0.48893
101,2,0,1,4,1,12,9,6,12,5,4,2,2,1,0.57547
101,2,0,1,4,1,13,4,6,6,6,4,1,1,1,0.41411
101,2,0,1,4,1,14,11,6,14,5,4,2,2,1,0.48083
101,2,0,1,4,1,15,11,6,14,5,4,2,2,1,1.4856
101,2,0,1,4,1,16,2,6,4,6,4,1,1,1,0.47257
101,2,0,1,4,1,17,6,6,8,6,4,1,1,1,0.97834
101,2,0,1,4,1,18,6,6,8,6,4,1,1,1,0.47952
101,2,0,1,4,1,19,7,6,10,5,4,2,2,1,0.49686
101,2,0,1,4,1,20,4,6,6,6,4,1,1,1,0.97133
101,2,0,1,4,1,21,11,6,14,5,4,2,2,1,0.4398
101,2,0,1,4,1,22,2,6,4,6,4,1,1,1,0.84774
101,2,0,1,4,1,23,2,6,4,6,4,1,1,1,0.52507
101,2,0,1,4,1,24,6,6,8,6,4,1,1,1,1.0231
101,2,0,1,4,0,1,9,6,12,5,4,2,2,1,0.57766
101,2,0,1,4,0,2,6,6,8,6,4,1,1,1,0.91563
101,2,0,1,4,0,3,9,6,12,5,4,2,2,1,0.48236
101,2,0,1,4,0,4,2,6,4,6,4,1,1,1,1.0634
101,2,0,1,4,0,5,6,6,8,6,4,1,1,1,0.69508
101,2,0,1,4,0,6,11,6,14,5,4,2,2,1,0.43223
101,2,0,1,4,0,7,4,6,6,6,4,1,1,1,0.47448
101,2,0,1,4,0,8,11,6,14,5,4,2,2,1,0.49819
101,2,0,1,4,0,9,6,6,8,6,4,1,2,0,0.82784
101,2,0,1,4,0,10,6,6,8,6,4,1,1,1,0.76052
101,2,0,1,4,0,11,7,6,10,5,4,2,2,1,0.52934
101,2,0,1,4,0,12,9,6,12,5,4,2,2,1,0.51671
101,2,0,1,4,0,13,6,6,8,6,4,1,1,1,0.65916
101,2,0,1,4,0,14,9,6,12,5,4,2,2,1,0.48767
101,2,0,1,4,0,15,11,6,14,5,4,2,2,1,0.42337
101,2,0,1,4,0,16,7,6,10,5,4,2,1,0,0.53585
101,2,0,1,4,0,17,2,6,4,6,4,1,1,1,0.62399
101,2,0,1,4,0,18,4,6,6,6,4,1,1,1,0.59405
101,2,0,1,4,0,19,6,6,8,6,4,1,1,1,0.69161
101,2,0,1,4,0,20,9,6,12,5,4,2,2,1,0.92568
101,2,0,1,4,0,21,2,6,4,6,4,1,1,1,0.5278
101,2,0,1,4,0,22,9,6,12,5,4,2,2,1,0.47325
101,2,0,1,4,0,23,11,6,14,5,4,2,2,1,0.37644
101,2,0,1,4,0,24,4,6,6,6,4,1,1,1,1.0843
101,2,0,1,4,0,25,7,6,10,5,4,2,2,1,0.57728
101,2,0,1,4,0,26,11,6,14,5,4,2,2,1,0.47616
101,2,0,1,4,0,27,7,6,10,5,4,2,2,1,0.41312
101,2,0,1,4,0,28,4,6,6,6,4,1,1,1,0.56554
101,2,0,1,4,0,29,2,6,4,6,4,1,1,1,0.42775
101,2,0,1,4,0,30,11,6,14,5,4,2,2,1,0.49269
101,2,0,1,4,0,31,4,6,6,6,4,1,1,1,0.64239
101,2,0,1,4,0,32,4,6,6,6,4,1,1,1,0.65782
101,2,0,1,4,0,33,2,6,4,6,4,1,1,1,0.5028
101,2,0,1,4,0,34,6,6,8,6,4,1,1,1,1.1671
101,2,0,1,4,0,35,6,6,8,6,4,1,1,1,1.0751
101,2,0,1,4,0,36,2,6,4,6,4,1,1,1,0.42835
101,2,0,1,4,0,37,7,6,10,5,4,2,2,1,0.58415
101,2,0,1,4,0,38,9,6,12,5,4,2,2,1,0.66921
101,2,0,1,4,0,39,4,6,6,6,4,1,1,1,0.45821
101,2,0,1,4,0,40,2,6,4,6,4,1,1,1,0.65697
101,2,0,1,4,0,41,7,6,10,5,4,2,2,1,0.76362
101,2,0,1,4,0,42,9,6,12,5,4,2,2,1,0.51988
101,2,0,1,4,0,43,7,6,10,5,4,2,2,1,0.76903
101,2,0,1,4,0,44,9,6,12,5,4,2,2,1,0.48677
101,2,0,1,4,0,45,9,6,12,5,4,2,2,1,0.53143
101,2,0,1,4,0,46,2,6,4,6,4,1,1,1,0.69634
101,2,0,1,4,0,47,7,6,10,5,4,2,1,0,0.52636
101,2,0,1,4,0,48,7,6,10,5,4,2,2,1,1.2942
101,2,0,1,4,0,49,4,6,6,6,4,1,1,1,0.98746
101,2,0,1,4,0,50,9,6,12,5,4,2,2,1,0.62174
101,2,0,1,4,0,51,4,6,6,6,4,1,2,0,0.74737
101,2,0,1,4,0,52,11,6,14,5,4,2,2,1,0.47053
101,2,0,1,4,0,53,4,6,6,6,4,1,1,1,0.57081
101,2,0,1,4,0,54,11,6,14,5,4,2,2,1,0.45823
101,2,0,1,4,0,55,7,6,10,5,4,2,2,1,0.69081
101,2,0,1,4,0,56,4,6,6,6,4,1,1,1,0.48631
101,2,0,1,4,0,57,2,6,4,6,4,1,1,1,0.38235
101,2,0,1,4,0,58,9,6,12,5,4,2,2,1,0.4888
101,2,0,1,4,0,59,6,6,8,6,4,1,1,1,0.89275
101,2,0,1,4,0,60,7,6,10,5,4,2,2,1,0.31014
101,2,0,1,4,0,61,2,6,4,6,4,1,1,1,0.58647
101,2,0,1,4,0,62,7,6,10,5,4,2,2,1,0.7825
101,2,0,1,4,0,63,7,6,10,5,4,2,2,1,0.63815
101,2,0,1,4,0,64,11,6,14,5,4,2,2,1,0.50632
101,2,0,1,4,0,65,2,6,4,6,4,1,1,1,0.39352
101,2,0,1,4,0,66,2,6,4,6,4,1,1,1,0.67785
101,2,0,1,4,0,67,2,6,4,6,4,1,1,1,0.47659
101,2,0,1,4,0,68,4,6,6,6,4,1,1,1,0.34161
101,2,0,1,4,0,69,4,6,6,6,4,1,1,1,0.40401
101,2,0,1,4,0,70,9,6,12,5,4,2,2,1,0.48883
101,2,0,1,4,0,71,7,6,10,5,4,2,2,1,0.77563
101,2,0,1,4,0,72,2,6,4,6,4,1,1,1,0.68558
101,2,0,1,4,0,73,11,6,14,5,4,2,2,1,0.59113
101,2,0,1,4,0,74,6,6,8,6,4,1,1,1,0.47403
101,2,0,1,4,0,75,11,6,14,5,4,2,2,1,0.50062
101,2,0,1,4,0,76,4,6,6,6,4,1,1,1,0.45756
101,2,0,1,4,0,77,9,6,12,5,4,2,2,1,0.40651
101,2,0,1,4,0,78,9,6,12,5,4,2,2,1,0.35054
101,2,0,1,4,0,79,11,6,14,5,4,2,2,1,0.42714
101,2,0,1,4,0,80,7,6,10,5,4,2,2,1,0.6221
101,2,0,1,4,0,81,4,6,6,6,4,1,1,1,0.55502
101,2,0,1,4,0,82,7,6,10,5,4,2,2,1,0.70155
101,2,0,1,4,0,83,4,6,6,6,4,1,1,1,0.51091
101,2,0,1,4,0,84,6,6,8,6,4,1,1,1,0.53509
101,2,0,1,4,0,85,6,6,8,6,4,1,1,1,0.73904
101,2,0,1,4,0,86,11,6,14,5,4,2,2,1,0.5103
101,2,0,1,4,0,87,11,6,14,5,4,2,2,1,0.45882
101,2,0,1,4,0,88,6,6,8,6,4,1,1,1,0.7516
101,2,0,1,4,0,89,11,6,14,5,4,2,1,0,0.41071
101,2,0,1,4,0,90,11,6,14,5,4,2,2,1,0.3777
101,2,0,1,4,0,91,11,6,14,5,4,2,2,1,0.4554
101,2,0,1,4,0,92,4,6,6,6,4,1,1,1,0.469
101,2,0,1,4,0,93,7,6,10,5,4,2,2,1,0.97408
101,2,0,1,4,0,94,6,6,8,6,4,1,1,1,0.73891
101,2,0,1,4,0,95,11,6,14,5,4,2,2,1,0.45765
101,2,0,1,4,0,96,6,6,8,6,4,1,1,1,0.66638
101,2,0,1,4,0,97,9,6,12,5,4,2,2,1,0.62506
101,2,0,1,4,0,98,4,6,6,6,4,1,1,1,0.56669
101,2,0,1,4,0,99,11,6,14,5,4,2,2,1,0.63106
101,2,0,1,4,0,100,4,6,6,6,4,1,1,1,1.2579
101,2,0,1,4,0,101,7,6,10,5,4,2,2,1,0.8866
101,2,0,1,4,0,102,4,6,6,6,4,1,1,1,1.1032
101,2,0,1,4,0,103,2,6,4,6,4,1,1,1,0.42472
101,2,0,1,4,0,104,7,6,10,5,4,2,2,1,0.56782
101,2,0,1,4,0,105,6,6,8,6,4,1,1,1,1.1066
101,2,0,1,4,0,106,6,6,8,6,4,1,1,1,0.56541
101,2,0,1,4,0,107,11,6,14,5,4,2,2,1,0.40114
101,2,0,1,4,0,108,9,6,12,5,4,2,2,1,0.43683
101,2,0,1,4,0,109,2,6,4,6,4,1,1,1,0.38989
101,2,0,1,4,0,110,9,6,12,5,4,2,2,1,0.41109
101,2,0,1,4,0,111,2,6,4,6,4,1,1,1,0.40372
101,2,0,1,4,0,112,9,6,12,5,4,2,2,1,0.65039
101,2,0,1,4,0,113,9,6,12,5,4,2,2,1,0.50366
101,2,0,1,4,0,114,6,6,8,6,4,1,1,1,0.91171
101,2,0,1,4,0,115,7,6,10,5,4,2,1,0,0.79598
101,2,0,1,4,0,116,2,6,4,6,4,1,1,1,0.59705
101,2,0,1,4,0,117,2,6,4,6,4,1,1,1,0.47896
101,2,0,1,4,0,118,6,6,8,6,4,1,1,1,1.237
101,2,0,1,4,0,119,6,6,8,6,4,1,1,1,0.72225
101,2,0,1,4,0,120,2,6,4,6,4,1,1,1,0.55681
201,2,0,1,4,1,1,9,6,12,5,4,2,2,1,0.91027
201,2,0,1,4,1,2,2,6,4,6,4,1,1,1,0.48482
201,2,0,1,4,1,3,11,6,14,5,4,2,2,1,1.6385
201,2,0,1,4,1,4,9,6,12,5,4,2,2,1,2.5794
201,2,0,1,4,1,5,6,6,8,6,4,1,2,0,0.89381
201,2,0,1,4,1,6,11,6,14,5,4,2,2,1,0.39371
201,2,0,1,4,1,7,2,6,4,6,4,1,1,1,0.47851
201,2,0,1,4,1,8,11,6,14,5,4,2,2,1,0.45399
201,2,0,1,4,1,9,9,6,12,5,4,2,2,1,0.36812
201,2,0,1,4,1,10,6,6,8,6,4,1,1,1,0.34687
201,2,0,1,4,1,11,2,6,4,6,4,1,1,1,0.49842
201,2,0,1,4,1,12,11,6,14,5,4,2,2,1,0.40859
201,2,0,1,4,1,13,7,6,10,5,4,2,1,0,0.90133
201,2,0,1,4,1,14,7,6,10,5,4,2,2,1,0.53841
201,2,0,1,4,1,15,9,6,12,5,4,2,2,1,0.3791
201,2,0,1,4,1,16,4,6,6,6,4,1,1,1,0.49158
201,2,0,1,4,1,17,7,6,10,5,4,2,1,0,0.58586
201,2,0,1,4,1,18,7,6,10,5,4,2,1,0,0.47883
201,2,0,1,4,1,19,2,6,4,6,4,1,1,1,0.79017
201,2,0,1,4,1,20,4,6,6,6,4,1,1,1,0.59165
201,2,0,1,4,1,21,6,6,8,6,4,1,1,1,0.97381
201,2,0,1,4,1,22,4,6,6,6,4,1,1,1,0.44784
201,2,0,1,4,1,23,4,6,6,6,4,1,1,1,0.49794
201,2,0,1,4,1,24,6,6,8,6,4,1,1,1,0.68909
201,2,0,1,4,0,1,9,6,12,5,4,2,2,1,0.62239
201,2,0,1,4,0,2,4,6,6,6,4,1,1,1,1.3446
201,2,0,1,4,0,3,11,6,14,5,4,2,2,1,0.37851
201,2,0,1,4,0,4,4,6,6,6,4,1,1,1,0.38658
201,2,0,1,4,0,5,11,6,14,5,4,2,2,1,0.33001
201,2,0,1,4,0,6,4,6,6,6,4,1,1,1,0.39354
201,2,0,1,4,0,7,2,6,4,6,4,1,1,1,0.49235
201,2,0,1,4,0,8,4,6,6,6,4,1,1,1,0.53843
201,2,0,1,4,0,9,9,6,12,5,4,2,2,1,0.542
201,2,0,1,4,0,10,9,6,12,5,4,2,1,0,0.40628
201,2,0,1,4,0,11,7,6,10,5,4,2,2,1,0.42261
201,2,0,1,4,0,12,9,6,12,5,4,2,2,1,0.40408
201,2,0,1,4,0,13,6,6,8,6,4,1,2,0,1.0214
201,2,0,1,4,0,14,7,6,10,5,4,2,2,1,0.90134
201,2,0,1,4,0,15,11,6,14,5,4,2,2,1,0.45762
201,2,0,1,4,0,16,2,6,4,6,4,1,1,1,0.47455
201,2,0,1,4,0,17,2,6,4,6,4,1,1,1,0.52505
201,2,0,1,4,0,18,9,6,12,5,4,2,2,1,1.3502
201,2,0,1,4,0,19,11,6,14,5,4,2,2,1,1.1539
201,2,0,1,4,0,20,11,6,14,5,4,2,2,1,0.46371
201,2,0,1,4,0,21,6,6,8,6,4,1,1,1,0.8526
201,2,0,1,4,0,22,7,6,10,5,4,2,1,0,1.8481
201,2,0,1,4,0,23,11,6,14,5,4,2,2,1,0.50907
201,2,0,1,4,0,24,6,6,8,6,4,1,1,1,0.53491
201,2,0,1,4,0,25,7,6,10,5,4,2,2,1,0.69953
201,2,0,1,4,0,26,7,6,10,5,4,2,2,1,0.59121
201,2,0,1,4,0,27,11,6,14,5,4,2,2,1,0.40719
201,2,0,1,4,0,28,11,6,14,5,4,2,2,1,0.40778
201,2,0,1,4,0,29,6,6,8,6,4,1,1,1,0.8441
201,2,0,1,4,0,30,7,6,10,5,4,2,2,1,1.0941
201,2,0,1,4,0,31,7,6,10,5,4,2,2,1,1.0415
201,2,0,1,4,0,32,4,6,6,6,4,1,1,1,0.46967
201,2,0,1,4,0,33,7,6,10,5,4,2,2,1,0.61134
201,2,0,1,4,0,34,6,6,8,6,4,1,1,1,0.77388
201,2,0,1,4,0,35,9,6,12,5,4,2,2,1,1.4107
201,2,0,1,4,0,36,7,6,10,5,4,2,1,0,0.53131
201,2,0,1,4,0,37,6,6,8,6,4,1,1,1,1.0678
201,2,0,1,4,0,38,2,6,4,6,4,1,1,1,0.85793
201,2,0,1,4,0,39,6,6,8,6,4,1,1,1,0.6869
201,2,0,1,4,0,40,7,6,10,5,4,2,1,0,0.48524
201,2,0,1,4,0,41,4,6,6,6,4,1,1,1,0.50308
201,2,0,1,4,0,42,11,6,14,5,4,2,2,1,0.47744
201,2,0,1,4,0,43,2,6,4,6,4,1,1,1,1.2204
201,2,0,1,4,0,44,4,6,6,6,4,1,1,1,0.55228
201,2,0,1,4,0,45,9,6,12,5,4,2,2,1,0.47916
201,2,0,1,4,0,46,11,6,14,5,4,2,2,1,0.3956
201,2,0,1,4,0,47,4,6,6,6,4,1,1,1,0.58751
201,2,0,1,4,0,48,11,6,14,5,4,2,2,1,0.40478
201,2,0,1,4,0,49,11,6,14,5,4,2,2,1,0.83656
201,2,0,1,4,0,50,4,6,6,6,4,1,1,1,0.79718
201,2,0,1,4,0,51,11,6,14,5,4,2,2,1,0.44561
201,2,0,1,4,0,52,9,6,12,5,4,2,2,1,0.42502
201,2,0,1,4,0,53,11,6,14,5,4,2,2,1,0.38776
201,2,0,1,4,0,54,2,6,4,6,4,1,1,1,0.53077
201,2,0,1,4,0,55,4,6,6,6,4,1,1,1,0.53583
201,2,0,1,4,0,56,7,6,10,5,4,2,2,1,0.73557
201,2,0,1,4,0,57,4,6,6,6,4,1,1,1,0.49815
201,2,0,1,4,0,58,6,6,8,6,4,1,1,1,0.70799
201,2,0,1,4,0,59,2,6,4,6,4,1,1,1,0.46896
201,2,0,1,4,0,60,9,6,12,5,4,2,2,1,0.42135
201,2,0,1,4,0,61,7,6,10,5,4,2,1,0,0.5916
201,2,0,1,4,0,62,6,6,8,6,4,1,1,1,0.69816
201,2,0,1,4,0,63,4,6,6,6,4,1,1,1,0.97533
201,2,0,1,4,0,64,11,6,14,5,4,2,2,1,0.52262
201,2,0,1,4,0,65,2,6,4,6,4,1,1,1,0.61823
201,2,0,1,4,0,66,2,6,4,6,4,1,1,1,0.90254
201,2,0,1,4,0,67,6,6,8,6,4,1,1,1,0.58208
201,2,0,1,4,0,68,11,6,14,5,4,2,2,1,0.39906
201,2,0,1,4,0,69,7,6,10,5,4,2,1,0,0.8063
201,2,0,1,4,0,70,7,6,10,5,4,2,2,1,0.89092
201,2,0,1,4,0,71,4,6,6,6,4,1,1,1,0.59235
201,2,0,1,4,0,72,2,6,4,6,4,1,1,1,0.55062
201,2,0,1,4,0,73,2,6,4,6,4,1,1,1,0.40112
201,2,0,1,4,0,74,9,6,12,5,4,2,2,1,0.61195
201,2,0,1,4,0,75,7,6,10,5,4,2,2,1,0.73747
201,2,0,1,4,0,76,6,6,8,6,4,1,1,1,1.3667
201,2,0,1,4,0,77,4,6,6,6,4,1,1,1,0.43243
201,2,0,1,4,0,78,9,6,12,5,4,2,2,1,1.2464
201,2,0,1,4,0,79,7,6,10,5,4,2,1,0,0.52788
201,2,0,1,4,0,80,4,6,6,6,4,1,1,1,2.2238
201,2,0,1,4,0,81,7,6,10,5,4,2,2,1,1.7871
201,2,0,1,4,0,82,11,6,14,5,4,2,2,1,1.4268
201,2,0,1,4,0,83,4,6,6,6,4,1,1,1,0.54584
201,2,0,1,4,0,84,9,6,12,5,4,2,2,1,0.76444
201,2,0,1,4,0,85,6,6,8,6,4,1,1,1,0.7554
201,2,0,1,4,0,86,9,6,12,5,4,2,2,1,0.85939
201,2,0,1,4,0,87,9,6,12,5,4,2,1,0,0.5771
201,2,0,1,4,0,88,2,6,4,6,4,1,1,1,0.40885
201,2,0,1,4,0,89,7,6,10,5,4,2,2,1,0.58593
201,2,0,1,4,0,90,9,6,12,5,4,2,2,1,0.53107
201,2,0,1,4,0,91,2,6,4,6,4,1,1,1,0.68234
201,2,0,1,4,0,92,7,6,10,5,4,2,2,1,0.97047
201,2,0,1,4,0,93,11,6,14,5,4,2,2,1,0.42382
201,2,0,1,4,0,94,2,6,4,6,4,1,1,1,0.40044
201,2,0,1,4,0,95,6,6,8,6,4,1,1,1,2.3759
201,2,0,1,4,0,96,9,6,12,5,4,2,2,1,0.67672
201,2,0,1,4,0,97,9,6,12,5,4,2,1,0,0.61284
201,2,0,1,4,0,98,11,6,14,5,4,2,2,1,0.74591
201,2,0,1,4,0,99,4,6,6,6,4,1,1,1,0.72646
201,2,0,1,4,0,100,9,6,12,5,4,2,2,1,3.5077
201,2,0,1,4,0,101,2,6,4,6,4,1,1,1,0.53596
201,2,0,1,4,0,102,6,6,8,6,4,1,1,1,0.73032
201,2,0,1,4,0,103,4,6,6,6,4,1,1,1,0.71993
201,2,0,1,4,0,104,2,6,4,6,4,1,1,1,1.1032
201,2,0,1,4,0,105,2,6,4,6,4,1,1,1,0.64473
201,2,0,1,4,0,106,6,6,8,6,4,1,1,1,2.9243
201,2,0,1,4,0,107,4,6,6,6,4,1,1,1,0.51226
201,2,0,1,4,0,108,6,6,8,6,4,1,1,1,0.70397
201,2,0,1,4,0,109,2,6,4,6,4,1,1,1,0.5064
201,2,0,1,4,0,110,6,6,8,6,4,1,1,1,0.58477
201,2,0,1,4,0,111,6,6,8,6,4,1,1,1,0.43886
201,2,0,1,4,0,112,9,6,12,5,4,2,2,1,0.46468
201,2,0,1,4,0,113,2,6,4,6,4,1,1,1,0.50505
201,2,0,1,4,0,114,9,6,12,5,4,2,2,1,0.98833
201,2,0,1,4,0,115,7,6,10,5,4,2,2,1,0.5507
201,2,0,1,4,0,116,6,6,8,6,4,1,1,1,0.82773
201,2,0,1,4,0,117,11,6,14,5,4,2,2,1,0.85051
201,2,0,1,4,0,118,2,6,4,6,4,1,1,1,1.5075
201,2,0,1,4,0,119,6,6,8,6,4,1,1,1,0.47487
201,2,0,1,4,0,120,4,6,6,6,4,1,1,1,0.50204
201,2,0,1,5,1,1,11,6,14,5,4,2,2,1,0.58221
201,2,0,1,5,1,2,7,6,10,5,4,2,2,1,0.99174
201,2,0,1,5,1,3,12,6,14,6,4,2,2,1,0.47002
201,2,0,1,5,1,4,5,6,8,5,4,1,1,1,0.58912
201,2,0,1,5,1,5,9,6,12,5,4,2,1,0,0.58315
201,2,0,1,5,1,6,12,6,14,6,4,2,2,1,0.64565
201,2,0,1,5,1,7,7,6,10,5,4,2,2,1,1.6957
201,2,0,1,5,1,8,6,6,8,6,4,1,1,1,1.792
201,2,0,1,5,1,9,11,6,14,5,4,2,2,1,0.83618
201,2,0,1,5,1,10,9,6,12,5,4,2,2,1,1.0828
201,2,0,1,5,1,11,1,6,4,5,4,1,1,1,0.59518
201,2,0,1,5,1,12,6,6,8,6,4,1,1,1,1.3768
201,2,0,1,5,1,13,4,6,6,6,4,1,1,1,0.63797
201,2,0,1,5,1,14,10,6,12,6,4,2,2,1,1.1324
201,2,0,1,5,1,15,5,6,8,5,4,1,1,1,0.59968
201,2,0,1,5,1,16,8,6,10,6,4,2,1,0,0.59564
201,2,0,1,5,1,17,4,6,6,6,4,1,1,1,1.8153
201,2,0,1,5,1,18,10,6,12,6,4,2,2,1,0.57589
201,2,0,1,5,1,19,1,6,4,5,4,1,1,1,0.78973
201,2,0,1,5,1,20,8,6,10,6,4,2,2,1,1.6759
201,2,0,1,5,1,21,3,6,6,5,4,1,1,1,0.47923
201,2,0,1,5,1,22,2,6,4,6,4,1,1,1,0.58336
201,2,0,1,5,1,23,2,6,4,6,4,1,1,1,0.5124
201,2,0,1,5,1,24,3,6,6,5,4,1,1,1,0.70236
201,2,0,1,5,0,1,11,6,14,5,4,2,2,1,0.39809
201,2,0,1,5,0,2,2,6,4,6,4,1,1,1,0.96912
201,2,0,1,5,0,3,6,6,8,6,4,1,1,1,1.1259
201,2,0,1,5,0,4,2,6,4,6,4,1,1,1,0.47686
201,2,0,1,5,0,5,12,6,14,6,4,2,2,1,0.53872
201,2,0,1,5,0,6,8,6,10,6,4,2,2,1,1.5327
201,2,0,1,5,0,7,1,6,4,5,4,1,1,1,0.48222
201,2,0,1,5,0,8,8,6,10,6,4,2,2,1,0.94658
201,2,0,1,5,0,9,5,6,8,5,4,1,1,1,0.63182
201,2,0,1,5,0,10,11,6,14,5,4,2,2,1,0.4369
201,2,0,1,5,0,11,10,6,12,6,4,2,2,1,0.42282
201,2,0,1,5,0,12,5,6,8,5,4,1,1,1,0.51912
201,2,0,1,5,0,13,9,6,12,5,4,2,2,1,0.67007
201,2,0,1,5,0,14,10,6,12,6,4,2,2,1,0.50403
201,2,0,1,5,0,15,12,6,14,6,4,2,2,1,0.4306
201,2,0,1,5,0,16,1,6,4,5,4,1,1,1,0.31101
201,2,0,1,5,0,17,7,6,10,5,4,2,2,1,0.50691
201,2,0,1,5,0,18,5,6,8,5,4,1,1,1,0.42791
201,2,0,1,5,0,19,6,6,8,6,4,1,2,0,0.48743
201,2,0,1,5,0,20,12,6,14,6,4,2,2,1,0.6204
201,2,0,1,5,0,21,3,6,6,5,4,1,1,1,2.2923
201,2,0,1,5,0,22,10,6,12,6,4,2,2,1,1.1976
201,2,0,1,5,0,23,12,6,14,6,4,2,2,1,0.83409
201,2,0,1,5,0,24,3,6,6,5,4,1,1,1,0.72987
201,2,0,1,5,0,25,10,6,12,6,4,2,2,1,1.5886
201,2,0,1,5,0,26,10,6,12,6,4,2,2,1,2.0597
201,2,0,1,5,0,27,12,6,14,6,4,2,2,1,0.42982
201,2,0,1,5,0,28,6,6,8,6,4,1,1,1,2.1535
201,2,0,1,5,0,29,9,6,12,5,4,2,2,1,0.76276
201,2,0,1,5,0,30,4,6,6,6,4,1,1,1,0.63074
201,2,0,1,5,0,31,4,6,6,6,4,1,1,1,0.50327
201,2,0,1,5,0,32,8,6,10,6,4,2,2,1,1.1607
201,2,0,1,5,0,33,10,6,12,6,4,2,1,0,0.5702
201,2,0,1,5,0,34,3,6,6,5,4,1,1,1,0.49306
201,2,0,1,5,0,35,11,6,14,5,4,2,2,1,0.57456
201,2,0,1,5,0,36,10,6,12,6,4,2,2,1,0.61864
201,2,0,1,5,0,37,3,6,6,5,4,1,1,1,1.1921
201,2,0,1,5,0,38,1,6,4,5,4,1,1,1,0.83935
201,2,0,1,5,0,39,3,6,6,5,4,1,1,1,1.0041
201,2,0,1,5,0,40,4,6,6,6,4,1,1,1,0.98621
201,2,0,1,5,0,41,8,6,10,6,4,2,2,1,2.1412
201,2,0,1,5,0,42,6,6,8,6,4,1,1,1,2.8181
201,2,0,1,5,0,43,7,6,10,5,4,2,1,0,1.7982
201,2,0,1,5,0,44,2,6,4,6,4,1,1,1,5.2608
201,2,0,1,5,0,45,5,6,8,5,4,1,1,1,1.363
201,2,0,1,5,0,46,6,6,8,6,4,1,1,1,0.71181
201,2,0,1,5,0,47,8,6,10,6,4,2,1,0,0.85284
201,2,0,1,5,0,48,6,6,8,6,4,1,1,1,0.56734
201,2,0,1,5,0,49,6,6,8,6,4,1,1,1,0.50912
201,2,0,1,5,0,50,2,6,4,6,4,1,1,1,0.47488
201,2,0,1,5,0,51,12,6,14,6,4,2,1,0,0.57001
201,2,0,1,5,0,52,5,6,8,5,4,1,1,1,3.1702
201,2,0,1,5,0,53,6,6,8,6,4,1,1,1,1.4335
201,2,0,1,5,0,54,7,6,10,5,4,2,2,1,1.3813
201,2,0,1,5,0,55,8,6,10,6,4,2,2,1,0.40417
201,2,0,1,5,0,56,4,6,6,6,4,1,1,1,0.38555
201,2,0,1,5,0,57,8,6,10,6,4,2,2,1,0.59229
201,2,0,1,5,0,58,3,6,6,5,4,1,1,1,0.4333
201,2,0,1,5,0,59,1,6,4,5,4,1,1,1,0.95744
201,2,0,1,5,0,60,5,6,8,5,4,1,1,1,0.49805
201,2,0,1,5,0,61,4,6,6,6,4,1,1,1,0.45691
201,2,0,1,5,0,62,9,6,12,5,4,2,2,1,0.33355
201,2,0,1,5,0,63,2,6,4,6,4,1,1,1,0.82452
201,2,0,1,5,0,64,12,6,14,6,4,2,2,1,0.45569
201,2,0,1,5,0,65,7,6,10,5,4,2,1,0,0.53908
201,2,0,1,5,0,66,1,6,4,5,4,1,1,1,0.51989
201,2,0,1,5,0,67,9,6,12,5,4,2,2,1,0.43254
201,2,0,1,5,0,68,6,6,8,6,4,1,1,1,2.5717
201,2,0,1,5,0,69,4,6,6,6,4,1,1,1,1.0552
201,2,0,1,5,0,70,4,6,6,6,4,1,1,1,0.52711
201,2,0,1,5,0,71,8,6,10,6,4,2,2,1,0.7418
201,2,0,1,5,0,72,1,6,4,5,4,1,1,1,0.66277
201,2,0,1,5,0,73,7,6,10,5,4,2,2,1,0.46103
201,2,0,1,5,0,74,11,6,14,5,4,2,2,1,0.50985
201,2,0,1,5,0,75,10,6,12,6,4,2,2,1,0.58495
201,2,0,1,5,0,76,9,6,12,5,4,2,2,1,0.36004
201,2,0,1,5,0,77,8,6,10,6,4,2,2,1,0.63419
201,2,0,1,5,0,78,11,6,14,5,4,2,2,1,0.3541
201,2,0,1,5,0,79,10,6,12,6,4,2,2,1,0.63564
201,2,0,1,5,0,80,2,6,4,6,4,1,1,1,0.56021
201,2,0,1,5,0,81,10,6,12,6,4,2,2,1,0.50619
201,2,0,1,5,0,82,12,6,14,6,4,2,2,1,0.56488
201,2,0,1,5,0,83,8,6,10,6,4,2,2,1,0.72712
201,2,0,1,5,0,84,11,6,14,5,4,2,2,1,2.184
201,2,0,1,5,0,85,3,6,6,5,4,1,1,1,3.0871
201,2,0,1,5,0,86,5,6,8,5,4,1,1,1,0.50905
201,2,0,1,5,0,87,11,6,14,5,4,2,2,1,0.52264
201,2,0,1,5,0,88,7,6,10,5,4,2,2,1,1.4425
201,2,0,1,5,0,89,4,6,6,6,4,1,1,1,1.7948
201,2,0,1,5,0,90,5,6,8,5,4,1,1,1,4.8735
201,2,0,1,5,0,91,7,6,10,5,4,2,2,1,1.4401
201,2,0,1,5,0,92,4,6,6,6,4,1,1,1,0.46531
201,2,0,1,5,0,93,12,6,14,6,4,2,2,1,0.53914
201,2,0,1,5,0,94,1,6,4,5,4,1,1,1,0.43117
201,2,0,1,5,0,95,9,6,12,5,4,2,2,1,0.6429
201,2,0,1,5,0,96,11,6,14,5,4,2,2,1,0.46284
201,2,0,1,5,0,97,5,6,8,5,4,1,1,1,0.45562
201,2,0,1,5,0,98,12,6,14,6,4,2,2,1,0.6159
201,2,0,1,5,0,99,2,6,4,6,4,1,1,1,0.74757
201,2,0,1,5,0,100,11,6,14,5,4,2,2,1,0.51345
201,2,0,1,5,0,101,7,6,10,5,4,2,2,1,0.76314
201,2,0,1,5,0,102,9,6,12,5,4,2,2,1,0.45818
201,2,0,1,5,0,103,2,6,4,6,4,1,1,1,0.45405
201,2,0,1,5,0,104,1,6,4,5,4,1,1,1,0.67406
201,2,0,1,5,0,105,7,6,10,5,4,2,2,1,0.99234
201,2,0,1,5,0,106,9,6,12,5,4,2,2,1,0.52541
201,2,0,1,5,0,107,2,6,4,6,4,1,1,1,0.53934
201,2,0,1,5,0,108,9,6,12,5,4,2,2,1,0.49307
201,2,0,1,5,0,109,1,6,4,5,4,1,1,1,0.49667
201,2,0,1,5,0,110,9,6,12,5,4,2,2,1,0.75072
201,2,0,1,5,0,111,3,6,6,5,4,1,1,1,0.55753
201,2,0,1,5,0,112,5,6,8,5,4,1,1,1,0.65905
201,2,0,1,5,0,113,7,6,10,5,4,2,2,1,1.1557
201,2,0,1,5,0,114,11,6,14,5,4,2,2,1,0.48204
201,2,0,1,5,0,115,4,6,6,6,4,1,1,1,0.59618
201,2,0,1,5,0,116,3,6,6,5,4,1,1,1,0.4478
201,2,0,1,5,0,117,6,6,8,6,4,1,1,1,0.51378
201,2,0,1,5,0,118,1,6,4,5,4,1,1,1,0.44236
201,2,0,1,5,0,119,3,6,6,5,4,1,1,1,1.2958
201,2,0,1,5,0,120,2,6,4,6,4,1,1,1,0.58039
201,2,0,1,6,0,1,6,6,8,6,4,1,1,1,2.1335
201,2,0,1,6,0,2,8,6,10,6,4,2,2,1,0.71683
201,2,0,1,6,0,3,6,6,8,6,4,1,1,1,0.60036
201,2,0,1,6,0,4,1,6,4,5,4,1,1,1,0.40058
201,2,0,1,6,0,5,11,6,14,5,4,2,2,1,0.45848
201,2,0,1,6,0,6,2,6,4,6,4,1,1,1,0.51099
201,2,0,1,6,0,7,8,6,10,6,4,2,1,0,0.68255
201,2,0,1,6,0,8,11,6,14,5,4,2,2,1,0.43105
201,2,0,1,6,0,9,10,6,12,6,4,2,2,1,0.35836
201,2,0,1,6,0,10,10,6,12,6,4,2,2,1,0.42942
201,2,0,1,6,0,11,2,6,4,6,4,1,1,1,0.45469
201,2,0,1,6,0,12,12,6,14,6,4,2,2,1,0.60115
201,2,0,1,6,0,13,7,6,10,5,4,2,1,0,0.58042
201,2,0,1,6,0,14,9,6,12,5,4,2,2,1,0.40078
201,2,0,1,6,0,15,10,6,12,6,4,2,2,1,0.41651
201,2,0,1,6,0,16,9,6,12,5,4,2,2,1,0.72817
201,2,0,1,6,0,17,3,6,6,5,4,1,1,1,0.67954
201,2,0,1,6,0,18,6,6,8,6,4,1,1,1,0.70183
201,2,0,1,6,0,19,9,6,12,5,4,2,2,1,0.57204
201,2,0,1,6,0,20,3,6,6,5,4,1,1,1,0.37312
201,2,0,1,6,0,21,4,6,6,6,4,1,1,1,0.82441
201,2,0,1,6,0,22,4,6,6,6,4,1,1,1,1.2094
201,2,0,1,6,0,23,1,6,4,5,4,1,1,1,0.4383
201,2,0,1,6,0,24,1,6,4,5,4,1,1,1,0.39041
201,2,0,1,6,0,25,7,6,10,5,4,2,2,1,0.69108
201,2,0,1,6,0,26,8,6,10,6,4,2,2,1,0.44145
201,2,0,1,6,0,27,2,6,4,6,4,1,1,1,0.49677
201,2,0,1,6,0,28,9,6,12,5,4,2,2,1,0.48564
201,2,0,1,6,0,29,6,6,8,6,4,1,1,1,1.0422
201,2,0,1,6,0,30,12,6,14,6,4,2,2,1,0.76253
201,2,0,1,6,0,31,3,6,6,5,4,1,1,1,0.8583
201,2,0,1,6,0,32,1,6,4,5,4,1,1,1,1.8089
201,2,0,1,6,0,33,10,6,12,6,4,2,2,1,0.39826
201,2,0,1,6,0,34,12,6,14,6,4,2,2,1,0.3655
201,2,0,1,6,0,35,8,6,10,6,4,2,2,1,0.80334
201,2,0,1,6,0,36,11,6,14,5,4,2,2,1,0.38166
201,2,0,1,6,0,37,12,6,14,6,4,2,2,1,0.77204
201,2,0,1,6,0,38,1,6,4,5,4,1,1,1,0.74324
201,2,0,1,6,0,39,8,6,10,6,4,2,1,0,1.0732
201,2,0,1,6,0,40,7,6,10,5,4,2,2,1,1.01
201,2,0,1,6,0,41,2,6,4,6,4,1,1,1,0.52581
201,2,0,1,6,0,42,1,6,4,5,4,1,1,1,0.46593
201,2,0,1,6,0,43,4,6,6,6,4,1,1,1,0.50312
201,2,0,1,6,0,44,2,6,4,6,4,1,1,1,0.4826
201,2,0,1,6,0,45,7,6,10,5,4,2,2,1,0.46029
201,2,0,1,6,0,46,11,6,14,5,4,2,2,1,0.4946
201,2,0,1,6,0,47,7,6,10,5,4,2,2,1,0.67066
201,2,0,1,6,0,48,5,6,8,5,4,1,1,1,0.56743
201,2,0,1,6,0,49,5,6,8,5,4,1,1,1,1.1078
201,2,0,1,6,0,50,11,6,14,5,4,2,2,1,0.72645
201,2,0,1,6,0,51,7,6,10,5,4,2,2,1,0.67767
201,2,0,1,6,0,52,6,6,8,6,4,1,1,1,0.72902
201,2,0,1,6,0,53,10,6,12,6,4,2,2,1,0.41279
201,2,0,1,6,0,54,6,6,8,6,4,1,1,1,0.8301
201,2,0,1,6,0,55,1,6,4,5,4,1,1,1,0.89033
201,2,0,1,6,0,56,5,6,8,5,4,1,1,1,0.52404
201,2,0,1,6,0,57,5,6,8,5,4,1,1,1,0.42931
201,2,0,1,6,0,58,4,6,6,6,4,1,1,1,1.7374
201,2,0,1,6,0,59,8,6,10,6,4,2,2,1,0.96526
201,2,0,1,6,0,60,12,6,14,6,4,2,2,1,0.90566
201,2,0,1,6,0,61,11,6,14,5,4,2,2,1,0.74534
201,2,0,1,6,0,62,6,6,8,6,4,1,1,1,0.49991
201,2,0,1,6,0,63,11,6,14,5,4,2,2,1,0.3831
201,2,0,1,6,0,64,7,6,10,5,4,2,2,1,0.79143
201,2,0,1,6,0,65,6,6,8,6,4,1,2,0,0.64689
201,2,0,1,6,0,66,4,6,6,6,4,1,1,1,0.54511
201,2,0,1,6,0,67,2,6,4,6,4,1,1,1,0.45741
201,2,0,1,6,0,68,1,6,4,5,4,1,1,1,0.43726
201,2,0,1,6,0,69,5,6,8,5,4,1,1,1,0.63403
201,2,0,1,6,0,70,8,6,10,6,4,2,2,1,0.61362
201,2,0,1,6,0,71,5,6,8,5,4,1,1,1,0.94113
201,2,0,1,6,0,72,12,6,14,6,4,2,2,1,1.2018
201,2,0,1,6,0,73,12,6,14,6,4,2,2,1,0.72116
201,2,0,1,6,0,74,5,6,8,5,4,1,1,1,0.73967
201,2,0,1,6,0,75,4,6,6,6,4,1,1,1,0.77488
201,2,0,1,6,0,76,1,6,4,5,4,1,1,1,0.37118
201,2,0,1,6,0,77,4,6,6,6,4,1,1,1,0.47471
201,2,0,1,6,0,78,2,6,4,6,4,1,1,1,0.41658
201,2,0,1,6,0,79,1,6,4,5,4,1,1,1,0.37088
201,2,0,1,6,0,80,8,6,10,6,4,2,2,1,0.48941
201,2,0,1,6,0,81,12,6,14,6,4,2,2,1,0.83524
201,2,0,1,6,0,82,11,6,14,5,4,2,2,1,1.1013
201,2,0,1,6,0,83,2,6,4,6,4,1,1,1,0.81998
201,2,0,1,6,0,84,11,6,14,5,4,2,2,1,0.50905
201,2,0,1,6,0,85,9,6,12,5,4,2,2,1,0.79102
201,2,0,1,6,0,86,9,6,12,5,4,2,2,1,0.43115
201,2,0,1,6,0,87,8,6,10,6,4,2,2,1,0.40203
201,2,0,1,6,0,88,3,6,6,5,4,1,1,1,1.2153
201,2,0,1,6,0,89,2,6,4,6,4,1,1,1,0.66802
201,2,0,1,6,0,90,6,6,8,6,4,1,1,1,1.0617
201,2,0,1,6,0,91,3,6,6,5,4,1,1,1,0.99518
201,2,0,1,6,0,92,4,6,6,6,4,1,1,1,0.58139
201,2,0,1,6,0,93,10,6,12,6,4,2,2,1,0.40067
201,2,0,1,6,0,94,11,6,14,5,4,2,2,1,0.88565
201,2,0,1,6,0,95,10,6,12,6,4,2,2,1,0.58942
201,2,0,1,6,0,96,5,6,8,5,4,1,1,1,0.53674
201,2,0,1,6,0,97,7,6,10,5,4,2,2,1,0.86176
201,2,0,1,6,0,98,9,6,12,5,4,2,2,1,0.71582
201,2,0,1,6,0,99,4,6,6,6,4,1,1,1,0.83565
201,2,0,1,6,0,100,3,6,6,5,4,1,1,1,0.54539
201,2,0,1,6,0,101,3,6,6,5,4,1,1,1,0.40008
201,2,0,1,6,0,102,9,6,12,5,4,2,2,1,0.48898
201,2,0,1,6,0,103,4,6,6,6,4,1,1,1,0.62795
201,2,0,1,6,0,104,3,6,6,5,4,1,1,1,0.3692
201,2,0,1,6,0,105,9,6,12,5,4,2,2,1,0.46064
201,2,0,1,6,0,106,3,6,6,5,4,1,1,1,0.66059
201,2,0,1,6,0,107,12,6,14,6,4,2,2,1,0.53531
201,2,0,1,6,0,108,10,6,12,6,4,2,2,1,0.73758
201,2,0,1,6,0,109,10,6,12,6,4,2,2,1,1.096
201,2,0,1,6,0,110,7,6,10,5,4,2,2,1,0.54523
201,2,0,1,6,0,111,2,6,4,6,4,1,1,1,0.47638
201,2,0,1,6,0,112,5,6,8,5,4,1,1,1,0.59248
201,2,0,1,6,0,113,9,6,12,5,4,2,2,1,0.4638
201,2,0,1,6,0,114,7,6,10,5,4,2,2,1,0.79784
201,2,0,1,6,0,115,10,6,12,6,4,2,2,1,0.48919
201,2,0,1,6,0,116,8,6,10,6,4,2,2,1,0.50307
201,2,0,1,6,0,117,3,6,6,5,4,1,1,1,0.55698
201,2,0,1,6,0,118,12,6,14,6,4,2,2,1,0.47226
201,2,0,1,6,0,119,5,6,8,5,4,1,1,1,0.61475
201,2,0,1,6,0,120,6,6,8,6,4,1,1,1,0.61936
