202,2,0,6,3,1,1,3,6,6,5,4,1,1,1,0.59993
202,2,0,6,3,1,2,5,6,8,5,4,1,1,1,0.50427
202,2,0,6,3,1,3,12,6,14,6,4,2,2,1,0.3741
202,2,0,6,3,1,4,8,6,10,6,4,2,2,1,0.56388
202,2,0,6,3,1,5,12,6,14,6,4,2,2,1,0.38048
202,2,0,6,3,1,6,3,6,6,5,4,1,1,1,0.35159
202,2,0,6,3,1,7,5,6,8,5,4,1,1,1,0.5647
202,2,0,6,3,1,8,8,6,10,6,4,2,2,1,0.9968
202,2,0,6,3,1,9,10,6,12,6,4,2,2,1,0.35912
202,2,0,6,3,1,10,1,6,4,5,4,1,1,1,0.41496
202,2,0,6,3,1,11,3,6,6,5,4,1,1,1,0.55363
202,2,0,6,3,1,12,1,6,4,5,4,1,1,1,0.43765
202,2,0,6,3,1,13,12,6,14,6,4,2,2,1,0.42563
202,2,0,6,3,1,14,10,6,12,6,4,2,2,1,0.66852
202,2,0,6,3,1,15,3,6,6,5,4,1,1,1,0.41511
202,2,0,6,3,1,16,8,6,10,6,4,2,2,1,0.57716
202,2,0,6,3,1,17,5,6,8,5,4,1,1,1,0.39894
202,2,0,6,3,1,18,10,6,12,6,4,2,2,1,0.47566
202,2,0,6,3,1,19,1,6,4,5,4,1,1,1,0.38361
202,2,0,6,3,1,20,8,6,10,6,4,2,2,1,0.47885
202,2,0,6,3,1,21,5,6,8,5,4,1,1,1,0.47725
202,2,0,6,3,1,22,10,6,12,6,4,2,2,1,0.39764
202,2,0,6,3,1,23,1,6,4,5,4,1,1,1,0.40406
202,2,0,6,3,1,24,12,6,14,6,4,2,2,1,0.35065
202,2,0,6,3,0,1,1,6,4,5,4,1,1,1,0.46165
202,2,0,6,3,0,2,3,6,6,5,4,1,1,1,0.38757
202,2,0,6,3,0,3,5,6,8,5,4,1,1,1,0.50507
202,2,0,6,3,0,4,8,6,10,6,4,2,2,1,1.3656
202,2,0,6,3,0,5,10,6,12,6,4,2,2,1,0.45884
202,2,0,6,3,0,6,5,6,8,5,4,1,1,1,0.7995
202,2,0,6,3,0,7,5,6,8,5,4,1,1,1,0.41392
202,2,0,6,3,0,8,3,6,6,5,4,1,1,1,0.36266
202,2,0,6,3,0,9,5,6,8,5,4,1,1,1,0.40841
202,2,0,6,3,0,10,1,6,4,5,4,1,1,1,0.31399
202,2,0,6,3,0,11,12,6,14,6,4,2,2,1,0.38873
202,2,0,6,3,0,12,12,6,14,6,4,2,2,1,0.35579
202,2,0,6,3,0,13,3,6,6,5,4,1,1,1,0.3951
202,2,0,6,3,0,14,3,6,6,5,4,1,1,1,0.45202
202,2,0,6,3,0,15,5,6,8,5,4,1,1,1,0.93977
202,2,0,6,3,0,16,12,6,14,6,4,2,2,1,0.39222
202,2,0,6,3,0,17,8,6,10,6,4,2,2,1,0.59028
202,2,0,6,3,0,18,10,6,12,6,4,2,2,1,0.41733
202,2,0,6,3,0,19,10,6,12,6,4,2,2,1,0.3967
202,2,0,6,3,0,20,12,6,14,6,4,2,2,1,0.35261
202,2,0,6,3,0,21,10,6,12,6,4,2,2,1,0.3656
202,2,0,6,3,0,22,3,6,6,5,4,1,1,1,0.40495
202,2,0,6,3,0,23,12,6,14,6,4,2,2,1,0.57189
202,2,0,6,3,0,24,1,6,4,5,4,1,1,1,0.35263
202,2,0,6,3,0,25,8,6,10,6,4,2,2,1,0.46961
202,2,0,6,3,0,26,12,6,14,6,4,2,2,1,0.52035
202,2,0,6,3,0,27,1,6,4,5,4,1,1,1,0.37295
202,2,0,6,3,0,28,8,6,10,6,4,2,2,1,1.4284
202,2,0,6,3,0,29,1,6,4,5,4,1,1,1,0.35841
202,2,0,6,3,0,30,1,6,4,5,4,1,1,1,0.44398
202,2,0,6,3,0,31,5,6,8,5,4,1,1,1,0.85274
202,2,0,6,3,0,32,1,6,4,5,4,1,1,1,0.48824
202,2,0,6,3,0,33,10,6,12,6,4,2,2,1,0.47009
202,2,0,6,3,0,34,3,6,6,5,4,1,1,1,0.3918
202,2,0,6,3,0,35,8,6,10,6,4,2,2,1,0.35908
202,2,0,6,3,0,36,10,6,12,6,4,2,2,1,0.44482
202,2,0,6,3,0,37,1,6,4,5,4,1,1,1,0.65401
202,2,0,6,3,0,38,12,6,14,6,4,2,2,1,0.41282
202,2,0,6,3,0,39,8,6,10,6,4,2,2,1,0.57885
202,2,0,6,3,0,40,10,6,12,6,4,2,2,1,0.3926
202,2,0,6,3,0,41,8,6,10,6,4,2,2,1,0.39661
202,2,0,6,3,0,42,3,6,6,5,4,1,1,1,0.43368
202,2,0,6,3,0,43,1,6,4,5,4,1,1,1,0.60712
202,2,0,6,3,0,44,8,6,10,6,4,2,2,1,1.8018
202,2,0,6,3,0,45,10,6,12,6,4,2,2,1,0.40964
202,2,0,6,3,0,46,1,6,4,5,4,1,1,1,0.34692
202,2,0,6,3,0,47,10,6,12,6,4,2,2,1,0.35235
202,2,0,6,3,0,48,5,6,8,5,4,1,1,1,0.47359
202,2,0,6,3,0,49,5,6,8,5,4,1,1,1,0.44759
202,2,0,6,3,0,50,3,6,6,5,4,1,1,1,0.45861
202,2,0,6,3,0,51,8,6,10,6,4,2,2,1,0.66962
202,2,0,6,3,0,52,3,6,6,5,4,1,1,1,0.41954
202,2,0,6,3,0,53,3,6,6,5,4,1,1,1,0.41167
202,2,0,6,3,0,54,3,6,6,5,4,1,1,1,0.40126
202,2,0,6,3,0,55,10,6,12,6,4,2,2,1,0.40741
202,2,0,6,3,0,56,12,6,14,6,4,2,2,1,0.76837
202,2,0,6,3,0,57,8,6,10,6,4,2,2,1,0.62022
202,2,0,6,3,0,58,1,6,4,5,4,1,1,1,0.54774
202,2,0,6,3,0,59,5,6,8,5,4,1,1,1,1.071
202,2,0,6,3,0,60,8,6,10,6,4,2,2,1,0.38543
202,2,0,6,3,0,61,5,6,8,5,4,1,2,0,0.38869
202,2,0,6,3,0,62,5,6,8,5,4,1,1,1,1.1265
202,2,0,6,3,0,63,1,6,4,5,4,1,1,1,0.51622
202,2,0,6,3,0,64,5,6,8,5,4,1,1,1,1.1548
202,2,0,6,3,0,65,12,6,14,6,4,2,2,1,0.47171
202,2,0,6,3,0,66,12,6,14,6,4,2,2,1,0.42665
202,2,0,6,3,0,67,10,6,12,6,4,2,2,1,0.37603
202,2,0,6,3,0,68,12,6,14,6,4,2,2,1,0.35549
202,2,0,6,3,0,69,10,6,12,6,4,2,2,1,0.38651
202,2,0,6,3,0,70,3,6,6,5,4,1,1,1,0.48805
202,2,0,6,3,0,71,5,6,8,5,4,1,1,1,0.88843
202,2,0,6,3,0,72,10,6,12,6,4,2,2,1,0.46156
202,2,0,6,3,0,73,12,6,14,6,4,2,2,1,0.36389
202,2,0,6,3,0,74,8,6,10,6,4,2,2,1,0.57499
202,2,0,6,3,0,75,3,6,6,5,4,1,1,1,0.44203
202,2,0,6,3,0,76,8,6,10,6,4,2,2,1,0.4191
202,2,0,6,3,0,77,8,6,10,6,4,2,2,1,0.4491
202,2,0,6,3,0,78,10,6,12,6,4,2,2,1,0.41142
202,2,0,6,3,0,79,3,6,6,5,4,1,1,1,0.73331
202,2,0,6,3,0,80,3,6,6,5,4,1,1,1,1.2448
202,2,0,6,3,0,81,5,6,8,5,4,1,1,1,0.74382
202,2,0,6,3,0,82,5,6,8,5,4,1,1,1,0.50126
202,2,0,6,3,0,83,12,6,14,6,4,2,2,1,0.48006
202,2,0,6,3,0,84,10,6,12,6,4,2,2,1,1.1544
202,2,0,6,3,0,85,1,6,4,5,4,1,1,1,0.74884
202,2,0,6,3,0,86,1,6,4,5,4,1,1,1,0.54878
202,2,0,6,3,0,87,8,6,10,6,4,2,2,1,0.79676
202,2,0,6,3,0,88,5,6,8,5,4,1,1,1,1.0798
202,2,0,6,3,0,89,12,6,14,6,4,2,2,1,0.3369
202,2,0,6,3,0,90,10,6,12,6,4,2,2,1,0.36077
202,2,0,6,3,0,91,5,6,8,5,4,1,1,1,0.49284
202,2,0,6,3,0,92,5,6,8,5,4,1,1,1,0.83953
202,2,0,6,3,0,93,1,6,4,5,4,1,1,1,0.54817
202,2,0,6,3,0,94,1,6,4,5,4,1,1,1,0.3856
202,2,0,6,3,0,95,8,6,10,6,4,2,2,1,0.46726
202,2,0,6,3,0,96,12,6,14,6,4,2,2,1,0.39796
202,2,0,6,3,0,97,12,6,14,6,4,2,2,1,0.39192
202,2,0,6,3,0,98,1,6,4,5,4,1,1,1,0.4519
202,2,0,6,3,0,99,8,6,10,6,4,2,2,1,0.54529
202,2,0,6,3,0,100,1,6,4,5,4,1,1,1,0.44904
202,2,0,6,3,0,101,3,6,6,5,4,1,1,1,0.45484
202,2,0,6,3,0,102,5,6,8,5,4,1,1,1,0.40959
202,2,0,6,3,0,103,12,6,14,6,4,2,2,1,0.43126
202,2,0,6,3,0,104,1,6,4,5,4,1,1,1,0.36472
202,2,0,6,3,0,105,10,6,12,6,4,2,2,1,0.40095
202,2,0,6,3,0,106,1,6,4,5,4,1,1,1,0.36052
202,2,0,6,3,0,107,3,6,6,5,4,1,1,1,0.46374
202,2,0,6,3,0,108,10,6,12,6,4,2,2,1,0.45533
202,2,0,6,3,0,109,8,6,10,6,4,2,2,1,0.82797
202,2,0,6,3,0,110,5,6,8,5,4,1,1,1,1.3151
202,2,0,6,3,0,111,8,6,10,6,4,2,2,1,0.47592
202,2,0,6,3,0,112,12,6,14,6,4,2,2,1,0.36936
202,2,0,6,3,0,113,3,6,6,5,4,1,1,1,0.41553
202,2,0,6,3,0,114,12,6,14,6,4,2,2,1,0.4216
202,2,0,6,3,0,115,10,6,12,6,4,2,2,1,0.43629
202,2,0,6,3,0,116,12,6,14,6,4,2,2,1,0.36245
202,2,0,6,3,0,117,3,6,6,5,4,1,1,1,0.38817
202,2,0,6,3,0,118,8,6,10,6,4,2,2,1,1.3769
202,2,0,6,3,0,119,10,6,12,6,4,2,2,1,0.38209
202,2,0,6,3,0,120,3,6,6,5,4,1,1,1,0.42778
202,2,0,6,4,1,1,9,6,12,5,4,2,2,1,0.38879
202,2,0,6,4,1,2,7,6,10,5,4,2,2,1,1.2366
202,2,0,6,4,1,3,6,6,8,6,4,1,2,0,0.31647
202,2,0,6,4,1,4,9,6,12,5,4,2,2,1,0.51816
202,2,0,6,4,1,5,4,6,6,6,4,1,1,1,0.36817
202,2,0,6,4,1,6,11,6,14,5,4,2,2,1,0.37818
202,2,0,6,4,1,7,11,6,14,5,4,2,2,1,0.33901
202,2,0,6,4,1,8,9,6,12,5,4,2,2,1,0.34127
202,2,0,6,4,1,9,6,6,8,6,4,1,1,1,1.0942
202,2,0,6,4,1,10,6,6,8,6,4,1,1,1,0.60055
202,2,0,6,4,1,11,6,6,8,6,4,1,1,1,0.38082
202,2,0,6,4,1,12,2,6,4,6,4,1,1,1,0.39461
202,2,0,6,4,1,13,11,6,14,5,4,2,2,1,0.50289
202,2,0,6,4,1,14,2,6,4,6,4,1,1,1,0.40792
202,2,0,6,4,1,15,7,6,10,5,4,2,2,1,1.7075
202,2,0,6,4,1,16,7,6,10,5,4,2,2,1,0.69071
202,2,0,6,4,1,17,4,6,6,6,4,1,1,1,0.48601
202,2,0,6,4,1,18,2,6,4,6,4,1,1,1,0.57575
202,2,0,6,4,1,19,2,6,4,6,4,1,1,1,0.45869
202,2,0,6,4,1,20,11,6,14,5,4,2,2,1,0.43151
202,2,0,6,4,1,21,9,6,12,5,4,2,2,1,0.56134
202,2,0,6,4,1,22,7,6,10,5,4,2,2,1,0.58854
202,2,0,6,4,1,23,4,6,6,6,4,1,1,1,0.36363
202,2,0,6,4,1,24,4,6,6,6,4,1,1,1,0.46907
202,2,0,6,4,0,1,6,6,8,6,4,1,1,1,0.56703
202,2,0,6,4,0,2,7,6,10,5,4,2,2,1,0.30976
202,2,0,6,4,0,3,11,6,14,5,4,2,2,1,0.34708
202,2,0,6,4,0,4,4,6,6,6,4,1,1,1,0.76273
202,2,0,6,4,0,5,2,6,4,6,4,1,1,1,0.39337
202,2,0,6,4,0,6,4,6,6,6,4,1,1,1,0.42408
202,2,0,6,4,0,7,7,6,10,5,4,2,2,1,0.41392
202,2,0,6,4,0,8,11,6,14,5,4,2,2,1,0.39324
202,2,0,6,4,0,9,11,6,14,5,4,2,2,1,0.58669
202,2,0,6,4,0,10,6,6,8,6,4,1,1,1,0.7908
202,2,0,6,4,0,11,7,6,10,5,4,2,2,1,0.6889
202,2,0,6,4,0,12,4,6,6,6,4,1,1,1,0.42132
202,2,0,6,4,0,13,9,6,12,5,4,2,2,1,0.42179
202,2,0,6,4,0,14,11,6,14,5,4,2,2,1,0.47308
202,2,0,6,4,0,15,6,6,8,6,4,1,1,1,0.44811
202,2,0,6,4,0,16,9,6,12,5,4,2,2,1,0.36511
202,2,0,6,4,0,17,9,6,12,5,4,2,2,1,0.3837
202,2,0,6,4,0,18,11,6,14,5,4,2,2,1,0.36137
202,2,0,6,4,0,19,9,6,12,5,4,2,2,1,0.41525
202,2,0,6,4,0,20,11,6,14,5,4,2,2,1,0.3902
202,2,0,6,4,0,21,6,6,8,6,4,1,1,1,0.45746
202,2,0,6,4,0,22,11,6,14,5,4,2,2,1,0.43296
202,2,0,6,4,0,23,2,6,4,6,4,1,1,1,0.4843
202,2,0,6,4,0,24,6,6,8,6,4,1,1,1,1.18
202,2,0,6,4,0,25,9,6,12,5,4,2,2,1,0.45797
202,2,0,6,4,0,26,4,6,6,6,4,1,1,1,0.48796
202,2,0,6,4,0,27,11,6,14,5,4,2,2,1,0.51124
202,2,0,6,4,0,28,11,6,14,5,4,2,2,1,0.40529
202,2,0,6,4,0,29,2,6,4,6,4,1,1,1,0.41191
202,2,0,6,4,0,30,7,6,10,5,4,2,1,0,0.8846
202,2,0,6,4,0,31,2,6,4,6,4,1,1,1,0.53074
202,2,0,6,4,0,32,6,6,8,6,4,1,1,1,0.60761
202,2,0,6,4,0,33,7,6,10,5,4,2,2,1,1.1895
202,2,0,6,4,0,34,4,6,6,6,4,1,1,1,0.49429
202,2,0,6,4,0,35,9,6,12,5,4,2,2,1,0.60202
202,2,0,6,4,0,36,2,6,4,6,4,1,1,1,0.59856
202,2,0,6,4,0,37,2,6,4,6,4,1,1,1,0.37613
202,2,0,6,4,0,38,2,6,4,6,4,1,1,1,0.39054
202,2,0,6,4,0,39,9,6,12,5,4,2,2,1,0.40075
202,2,0,6,4,0,40,6,6,8,6,4,1,1,1,0.43511
202,2,0,6,4,0,41,9,6,12,5,4,2,2,1,0.35149
202,2,0,6,4,0,42,7,6,10,5,4,2,2,1,0.4219
202,2,0,6,4,0,43,4,6,6,6,4,1,1,1,0.48131
202,2,0,6,4,0,44,2,6,4,6,4,1,1,1,0.41792
202,2,0,6,4,0,45,9,6,12,5,4,2,2,1,0.50174
202,2,0,6,4,0,46,4,6,6,6,4,1,1,1,0.48633
202,2,0,6,4,0,47,4,6,6,6,4,1,1,1,0.54176
202,2,0,6,4,0,48,2,6,4,6,4,1,1,1,0.43322
202,2,0,6,4,0,49,7,6,10,5,4,2,2,1,0.38969
202,2,0,6,4,0,50,7,6,10,5,4,2,2,1,0.39315
202,2,0,6,4,0,51,4,6,6,6,4,1,1,1,0.41432
202,2,0,6,4,0,52,4,6,6,6,4,1,1,1,0.42574
202,2,0,6,4,0,53,6,6,8,6,4,1,2,0,1.3562
202,2,0,6,4,0,54,7,6,10,5,4,2,2,1,0.73451
202,2,0,6,4,0,55,6,6,8,6,4,1,1,1,1.031
202,2,0,6,4,0,56,7,6,10,5,4,2,2,1,0.44866
202,2,0,6,4,0,57,11,6,14,5,4,2,2,1,0.35022
202,2,0,6,4,0,58,2,6,4,6,4,1,1,1,0.52034
202,2,0,6,4,0,59,7,6,10,5,4,2,2,1,0.61817
202,2,0,6,4,0,60,7,6,10,5,4,2,2,1,0.41435
202,2,0,6,4,0,61,7,6,10,5,4,2,2,1,0.35998
202,2,0,6,4,0,62,2,6,4,6,4,1,1,1,0.52659
202,2,0,6,4,0,63,11,6,14,5,4,2,2,1,0.41763
202,2,0,6,4,0,64,2,6,4,6,4,1,1,1,0.43483
202,2,0,6,4,0,65,9,6,12,5,4,2,2,1,0.4998
202,2,0,6,4,0,66,6,6,8,6,4,1,1,1,0.47241
202,2,0,6,4,0,67,11,6,14,5,4,2,2,1,0.41913
202,2,0,6,4,0,68,4,6,6,6,4,1,1,1,0.53833
202,2,0,6,4,0,69,4,6,6,6,4,1,1,1,0.47302
202,2,0,6,4,0,70,9,6,12,5,4,2,2,1,0.46505
202,2,0,6,4,0,71,6,6,8,6,4,1,1,1,1.1226
202,2,0,6,4,0,72,4,6,6,6,4,1,1,1,0.45456
202,2,0,6,4,0,73,2,6,4,6,4,1,1,1,0.40877
202,2,0,6,4,0,74,7,6,10,5,4,2,2,1,0.95817
202,2,0,6,4,0,75,9,6,12,5,4,2,2,1,0.38724
202,2,0,6,4,0,76,9,6,12,5,4,2,2,1,0.42334
202,2,0,6,4,0,77,7,6,10,5,4,2,2,1,0.43151
202,2,0,6,4,0,78,11,6,14,5,4,2,2,1,0.54818
202,2,0,6,4,0,79,4,6,6,6,4,1,1,1,0.41408
202,2,0,6,4,0,80,6,6,8,6,4,1,1,1,0.56057
202,2,0,6,4,0,81,9,6,12,5,4,2,2,1,0.41581
202,2,0,6,4,0,82,6,6,8,6,4,1,1,1,0.50152
202,2,0,6,4,0,83,9,6,12,5,4,2,2,1,0.44422
202,2,0,6,4,0,84,9,6,12,5,4,2,2,1,0.66065
202,2,0,6,4,0,85,4,6,6,6,4,1,1,1,0.38651
202,2,0,6,4,0,86,2,6,4,6,4,1,1,1,0.42581
202,2,0,6,4,0,87,7,6,10,5,4,2,2,1,1.2851
202,2,0,6,4,0,88,4,6,6,6,4,1,1,1,0.44365
202,2,0,6,4,0,89,7,6,10,5,4,2,2,1,0.46536
202,2,0,6,4,0,90,9,6,12,5,4,2,2,1,0.43924
202,2,0,6,4,0,91,9,6,12,5,4,2,2,1,0.39443
202,2,0,6,4,0,92,9,6,12,5,4,2,2,1,0.44284
202,2,0,6,4,0,93,2,6,4,6,4,1,1,1,0.40707
202,2,0,6,4,0,94,6,6,8,6,4,1,2,0,0.5428
202,2,0,6,4,0,95,7,6,10,5,4,2,2,1,0.50559
202,2,0,6,4,0,96,2,6,4,6,4,1,1,1,0.40512
202,2,0,6,4,0,97,4,6,6,6,4,1,1,1,1.0976
202,2,0,6,4,0,98,4,6,6,6,4,1,1,1,0.47133
202,2,0,6,4,0,99,2,6,4,6,4,1,1,1,0.38952
202,2,0,6,4,0,100,2,6,4,6,4,1,1,1,0.39169
202,2,0,6,4,0,101,11,6,14,5,4,2,2,1,0.49665
202,2,0,6,4,0,102,4,6,6,6,4,1,1,1,0.52242
202,2,0,6,4,0,103,6,6,8,6,4,1,1,1,1.1406
202,2,0,6,4,0,104,9,6,12,5,4,2,2,1,0.48315
202,2,0,6,4,0,105,11,6,14,5,4,2,2,1,0.46905
202,2,0,6,4,0,106,11,6,14,5,4,2,2,1,1.0117
202,2,0,6,4,0,107,11,6,14,5,4,2,2,1,0.72609
202,2,0,6,4,0,108,7,6,10,5,4,2,2,1,0.63013
202,2,0,6,4,0,109,6,6,8,6,4,1,1,1,0.50523
202,2,0,6,4,0,110,11,6,14,5,4,2,2,1,0.39298
202,2,0,6,4,0,111,6,6,8,6,4,1,1,1,0.4927
202,2,0,6,4,0,112,6,6,8,6,4,1,1,1,0.64384
202,2,0,6,4,0,113,6,6,8,6,4,1,1,1,0.43611
202,2,0,6,4,0,114,11,6,14,5,4,2,2,1,0.59814
202,2,0,6,4,0,115,4,6,6,6,4,1,1,1,1.2766
202,2,0,6,4,0,116,11,6,14,5,4,2,2,1,0.37486
202,2,0,6,4,0,117,7,6,10,5,4,2,2,1,1.9798
202,2,0,6,4,0,118,2,6,4,6,4,1,1,1,0.39099
202,2,0,6,4,0,119,2,6,4,6,4,1,1,1,0.38094
202,2,0,6,4,0,120,6,6,8,6,4,1,2,0,1.0687
202,2,0,6,2,1,1,8,6,10,6,4,2,2,1,1.0609
202,2,0,6,2,1,2,4,6,6,6,4,1,1,1,0.38235
202,2,0,6,2,1,3,12,6,14,6,4,2,2,1,0.29561
202,2,0,6,2,1,4,6,6,8,6,4,1,1,1,0.45676
202,2,0,6,2,1,5,12,6,14,6,4,2,2,1,0.37359
202,2,0,6,2,1,6,12,6,14,6,4,2,2,1,0.35999
202,2,0,6,2,1,7,10,6,12,6,4,2,2,1,0.38493
202,2,0,6,2,1,8,4,6,6,6,4,1,1,1,0.37928
202,2,0,6,2,1,9,6,6,8,6,4,1,1,1,0.39357
202,2,0,6,2,1,10,2,6,4,6,4,1,1,1,0.65561
202,2,0,6,2,1,11,2,6,4,6,4,1,1,1,0.32422
202,2,0,6,2,1,12,10,6,12,6,4,2,2,1,0.28407
202,2,0,6,2,1,13,10,6,12,6,4,2,2,1,0.34236
202,2,0,6,2,1,14,2,6,4,6,4,1,1,1,0.32194
202,2,0,6,2,1,15,6,6,8,6,4,1,1,1,1.3551
202,2,0,6,2,1,16,4,6,6,6,4,1,1,1,0.43624
202,2,0,6,2,1,17,10,6,12,6,4,2,2,1,0.70436
202,2,0,6,2,1,18,12,6,14,6,4,2,1,0,0.40437
202,2,0,6,2,1,19,6,6,8,6,4,1,1,1,0.4107
202,2,0,6,2,1,20,8,6,10,6,4,2,2,1,0.79389
202,2,0,6,2,1,21,8,6,10,6,4,2,2,1,0.39504
202,2,0,6,2,1,22,2,6,4,6,4,1,1,1,0.34044
202,2,0,6,2,1,23,8,6,10,6,4,2,2,1,0.39479
202,2,0,6,2,1,24,4,6,6,6,4,1,1,1,0.39676
202,2,0,6,2,0,1,8,6,10,6,4,2,2,1,0.52259
202,2,0,6,2,0,2,2,6,4,6,4,1,1,1,0.35911
202,2,0,6,2,0,3,8,6,10,6,4,2,2,1,0.43126
202,2,0,6,2,0,4,12,6,14,6,4,2,2,1,0.32484
202,2,0,6,2,0,5,6,6,8,6,4,1,1,1,0.46377
202,2,0,6,2,0,6,4,6,6,6,4,1,1,1,0.57525
202,2,0,6,2,0,7,2,6,4,6,4,1,2,0,0.79269
202,2,0,6,2,0,8,6,6,8,6,4,1,1,1,0.79958
202,2,0,6,2,0,9,8,6,10,6,4,2,1,0,0.50841
202,2,0,6,2,0,10,6,6,8,6,4,1,1,1,0.90487
202,2,0,6,2,0,11,2,6,4,6,4,1,1,1,0.46149
202,2,0,6,2,0,12,2,6,4,6,4,1,1,1,0.47582
202,2,0,6,2,0,13,12,6,14,6,4,2,2,1,0.44567
202,2,0,6,2,0,14,8,6,10,6,4,2,2,1,0.33249
202,2,0,6,2,0,15,10,6,12,6,4,2,2,1,0.39574
202,2,0,6,2,0,16,10,6,12,6,4,2,2,1,0.35773
202,2,0,6,2,0,17,2,6,4,6,4,1,1,1,0.5271
202,2,0,6,2,0,18,8,6,10,6,4,2,2,1,0.40905
202,2,0,6,2,0,19,8,6,10,6,4,2,2,1,0.37351
202,2,0,6,2,0,20,10,6,12,6,4,2,2,1,0.38469
202,2,0,6,2,0,21,12,6,14,6,4,2,2,1,0.36888
202,2,0,6,2,0,22,10,6,12,6,4,2,2,1,0.55755
202,2,0,6,2,0,23,6,6,8,6,4,1,1,1,0.42485
202,2,0,6,2,0,24,10,6,12,6,4,2,2,1,0.76534
202,2,0,6,2,0,25,6,6,8,6,4,1,1,1,0.66281
202,2,0,6,2,0,26,8,6,10,6,4,2,2,1,0.58101
202,2,0,6,2,0,27,2,6,4,6,4,1,1,1,0.56844
202,2,0,6,2,0,28,10,6,12,6,4,2,2,1,0.74537
202,2,0,6,2,0,29,8,6,10,6,4,2,2,1,0.80082
202,2,0,6,2,0,30,8,6,10,6,4,2,2,1,1.1123
202,2,0,6,2,0,31,6,6,8,6,4,1,1,1,0.51024
202,2,0,6,2,0,32,10,6,12,6,4,2,2,1,0.39638
202,2,0,6,2,0,33,8,6,10,6,4,2,2,1,0.47671
202,2,0,6,2,0,34,2,6,4,6,4,1,1,1,0.3588
202,2,0,6,2,0,35,2,6,4,6,4,1,1,1,0.41483
202,2,0,6,2,0,36,10,6,12,6,4,2,2,1,0.42381
202,2,0,6,2,0,37,10,6,12,6,4,2,2,1,0.49303
202,2,0,6,2,0,38,10,6,12,6,4,2,2,1,0.402
202,2,0,6,2,0,39,4,6,6,6,4,1,1,1,0.49701
202,2,0,6,2,0,40,12,6,14,6,4,2,2,1,0.44725
202,2,0,6,2,0,41,4,6,6,6,4,1,1,1,0.59745
202,2,0,6,2,0,42,4,6,6,6,4,1,1,1,1.139
202,2,0,6,2,0,43,12,6,14,6,4,2,2,1,0.44255
202,2,0,6,2,0,44,2,6,4,6,4,1,1,1,0.39772
202,2,0,6,2,0,45,2,6,4,6,4,1,1,1,0.48813
202,2,0,6,2,0,46,2,6,4,6,4,1,1,1,0.50594
202,2,0,6,2,0,47,8,6,10,6,4,2,2,1,1.1
202,2,0,6,2,0,48,8,6,10,6,4,2,2,1,0.50404
202,2,0,6,2,0,49,8,6,10,6,4,2,2,1,0.51598
202,2,0,6,2,0,50,10,6,12,6,4,2,2,1,0.59943
202,2,0,6,2,0,51,6,6,8,6,4,1,1,1,0.80197
202,2,0,6,2,0,52,8,6,10,6,4,2,2,1,0.94946
202,2,0,6,2,0,53,4,6,6,6,4,1,1,1,0.3642
202,2,0,6,2,0,54,12,6,14,6,4,2,2,1,0.44859
202,2,0,6,2,0,55,10,6,12,6,4,2,2,1,0.51681
202,2,0,6,2,0,56,4,6,6,6,4,1,1,1,0.51352
202,2,0,6,2,0,57,10,6,12,6,4,2,2,1,0.60477
202,2,0,6,2,0,58,6,6,8,6,4,1,1,1,0.433
202,2,0,6,2,0,59,6,6,8,6,4,1,1,1,0.65447
202,2,0,6,2,0,60,4,6,6,6,4,1,1,1,0.51498
202,2,0,6,2,0,61,12,6,14,6,4,2,2,1,1.0412
202,2,0,6,2,0,62,6,6,8,6,4,1,1,1,0.55837
202,2,0,6,2,0,63,10,6,12,6,4,2,2,1,0.54912
202,2,0,6,2,0,64,2,6,4,6,4,1,1,1,0.45594
202,2,0,6,2,0,65,2,6,4,6,4,1,1,1,0.78211
202,2,0,6,2,0,66,6,6,8,6,4,1,1,1,1.1256
202,2,0,6,2,0,67,4,6,6,6,4,1,1,1,0.47455
202,2,0,6,2,0,68,12,6,14,6,4,2,2,1,0.67781
202,2,0,6,2,0,69,6,6,8,6,4,1,1,1,0.92338
202,2,0,6,2,0,70,8,6,10,6,4,2,2,1,2.0371
202,2,0,6,2,0,71,12,6,14,6,4,2,2,1,0.50178
202,2,0,6,2,0,72,6,6,8,6,4,1,1,1,0.43158
202,2,0,6,2,0,73,12,6,14,6,4,2,2,1,0.78743
202,2,0,6,2,0,74,8,6,10,6,4,2,2,1,0.78686
202,2,0,6,2,0,75,6,6,8,6,4,1,1,1,1.17
202,2,0,6,2,0,76,12,6,14,6,4,2,2,1,0.48002
202,2,0,6,2,0,77,4,6,6,6,4,1,1,1,0.51922
202,2,0,6,2,0,78,2,6,4,6,4,1,1,1,0.53234
202,2,0,6,2,0,79,12,6,14,6,4,2,2,1,0.52597
202,2,0,6,2,0,80,4,6,6,6,4,1,1,1,0.60969
202,2,0,6,2,0,81,2,6,4,6,4,1,1,1,0.45748
202,2,0,6,2,0,82,2,6,4,6,4,1,1,1,0.47791
202,2,0,6,2,0,83,10,6,12,6,4,2,2,1,0.40899
202,2,0,6,2,0,84,6,6,8,6,4,1,1,1,0.48774
202,2,0,6,2,0,85,6,6,8,6,4,1,1,1,0.53321
202,2,0,6,2,0,86,2,6,4,6,4,1,1,1,0.52221
202,2,0,6,2,0,87,10,6,12,6,4,2,2,1,0.47349
202,2,0,6,2,0,88,4,6,6,6,4,1,1,1,0.52395
202,2,0,6,2,0,89,6,6,8,6,4,1,1,1,0.55714
202,2,0,6,2,0,90,12,6,14,6,4,2,2,1,0.47223
202,2,0,6,2,0,91,4,6,6,6,4,1,1,1,0.50243
202,2,0,6,2,0,92,2,6,4,6,4,1,1,1,1.0358
202,2,0,6,2,0,93,4,6,6,6,4,1,1,1,0.5381
202,2,0,6,2,0,94,4,6,6,6,4,1,1,1,0.58274
202,2,0,6,2,0,95,12,6,14,6,4,2,2,1,0.48325
202,2,0,6,2,0,96,4,6,6,6,4,1,1,1,0.47994
202,2,0,6,2,0,97,12,6,14,6,4,2,2,1,0.51878
202,2,0,6,2,0,98,10,6,12,6,4,2,2,1,0.79214
202,2,0,6,2,0,99,8,6,10,6,4,2,2,1,0.44346
202,2,0,6,2,0,100,8,6,10,6,4,2,2,1,0.48165
202,2,0,6,2,0,101,8,6,10,6,4,2,2,1,0.52514
202,2,0,6,2,0,102,6,6,8,6,4,1,1,1,0.97545
202,2,0,6,2,0,103,12,6,14,6,4,2,2,1,0.47022
202,2,0,6,2,0,104,6,6,8,6,4,1,1,1,0.65936
202,2,0,6,2,0,105,10,6,12,6,4,2,2,1,0.46836
202,2,0,6,2,0,106,12,6,14,6,4,2,2,1,0.54625
202,2,0,6,2,0,107,6,6,8,6,4,1,1,1,0.49146
202,2,0,6,2,0,108,12,6,14,6,4,2,2,1,0.49373
202,2,0,6,2,0,109,10,6,12,6,4,2,2,1,0.54008
202,2,0,6,2,0,110,12,6,14,6,4,2,2,1,0.46283
202,2,0,6,2,0,111,4,6,6,6,4,1,1,1,0.53451
202,2,0,6,2,0,112,4,6,6,6,4,1,1,1,0.84047
202,2,0,6,2,0,113,2,6,4,6,4,1,1,1,0.4639
202,2,0,6,2,0,114,4,6,6,6,4,1,1,1,0.60883
202,2,0,6,2,0,115,10,6,12,6,4,2,2,1,0.42986
202,2,0,6,2,0,116,8,6,10,6,4,2,2,1,0.65861
202,2,0,6,2,0,117,4,6,6,6,4,1,1,1,0.57481
202,2,0,6,2,0,118,4,6,6,6,4,1,1,1,0.51099
202,2,0,6,2,0,119,12,6,14,6,4,2,2,1,0.39117
202,2,0,6,2,0,120,2,6,4,6,4,1,1,1,0.49932
202,2,0,6,1,1,1,7,6,10,5,4,2,2,1,0.59477
202,2,0,6,1,1,2,3,6,6,5,4,1,1,1,0.49844
202,2,0,6,1,1,3,7,6,10,5,4,2,2,1,0.32533
202,2,0,6,1,1,4,9,6,12,5,4,2,2,1,0.37933
202,2,0,6,1,1,5,3,6,6,5,4,1,1,1,0.4204
202,2,0,6,1,1,6,3,6,6,5,4,1,1,1,0.65257
202,2,0,6,1,1,7,1,6,4,5,4,1,1,1,0.46468
202,2,0,6,1,1,8,11,6,14,5,4,2,2,1,0.51715
202,2,0,6,1,1,9,7,6,10,5,4,2,2,1,0.45709
202,2,0,6,1,1,10,7,6,10,5,4,2,2,1,0.40545
202,2,0,6,1,1,11,9,6,12,5,4,2,2,1,0.36209
202,2,0,6,1,1,12,11,6,14,5,4,2,2,1,0.41243
202,2,0,6,1,1,13,9,6,12,5,4,2,2,1,0.3604
202,2,0,6,1,1,14,9,6,12,5,4,2,2,1,0.43224
202,2,0,6,1,1,15,5,6,8,5,4,1,1,1,1.1066
202,2,0,6,1,1,16,11,6,14,5,4,2,2,1,0.4387
202,2,0,6,1,1,17,1,6,4,5,4,1,1,1,0.46652
202,2,0,6,1,1,18,5,6,8,5,4,1,1,1,0.8949
202,2,0,6,1,1,19,3,6,6,5,4,1,1,1,0.3999
202,2,0,6,1,1,20,1,6,4,5,4,1,1,1,0.36729
202,2,0,6,1,1,21,11,6,14,5,4,2,2,1,0.45253
202,2,0,6,1,1,22,5,6,8,5,4,1,1,1,0.40979
202,2,0,6,1,1,23,1,6,4,5,4,1,1,1,0.49597
202,2,0,6,1,1,24,5,6,8,5,4,1,1,1,0.58149
202,2,0,6,1,0,1,11,6,14,5,4,2,2,1,0.54365
202,2,0,6,1,0,2,3,6,6,5,4,1,1,1,0.34407
202,2,0,6,1,0,3,11,6,14,5,4,2,2,1,0.42483
202,2,0,6,1,0,4,9,6,12,5,4,2,2,1,0.45712
202,2,0,6,1,0,5,7,6,10,5,4,2,2,1,0.65456
202,2,0,6,1,0,6,3,6,6,5,4,1,1,1,1.2771
202,2,0,6,1,0,7,3,6,6,5,4,1,1,1,0.53618
202,2,0,6,1,0,8,7,6,10,5,4,2,1,0,0.59921
202,2,0,6,1,0,9,5,6,8,5,4,1,2,0,0.41702
202,2,0,6,1,0,10,5,6,8,5,4,1,1,1,0.85224
202,2,0,6,1,0,11,3,6,6,5,4,1,1,1,0.66639
202,2,0,6,1,0,12,3,6,6,5,4,1,1,1,0.57116
202,2,0,6,1,0,13,7,6,10,5,4,2,2,1,0.6925
202,2,0,6,1,0,14,7,6,10,5,4,2,2,1,0.55636
202,2,0,6,1,0,15,9,6,12,5,4,2,2,1,0.52692
202,2,0,6,1,0,16,1,6,4,5,4,1,1,1,0.68972
202,2,0,6,1,0,17,1,6,4,5,4,1,1,1,0.53074
202,2,0,6,1,0,18,5,6,8,5,4,1,1,1,0.55463
202,2,0,6,1,0,19,5,6,8,5,4,1,1,1,0.54706
202,2,0,6,1,0,20,11,6,14,5,4,2,2,1,0.46662
202,2,0,6,1,0,21,9,6,12,5,4,2,2,1,0.35853
202,2,0,6,1,0,22,11,6,14,5,4,2,2,1,0.45133
202,2,0,6,1,0,23,7,6,10,5,4,2,2,1,1.3512
202,2,0,6,1,0,24,11,6,14,5,4,2,2,1,0.59944
202,2,0,6,1,0,25,5,6,8,5,4,1,2,0,1.1537
202,2,0,6,1,0,26,3,6,6,5,4,1,1,1,1.0384
202,2,0,6,1,0,27,1,6,4,5,4,1,1,1,0.5401
202,2,0,6,1,0,28,1,6,4,5,4,1,1,1,0.66182
202,2,0,6,1,0,29,3,6,6,5,4,1,1,1,0.60599
202,2,0,6,1,0,30,3,6,6,5,4,1,1,1,0.6214
202,2,0,6,1,0,31,9,6,12,5,4,2,2,1,0.69793
202,2,0,6,1,0,32,9,6,12,5,4,2,2,1,0.38197
202,2,0,6,1,0,33,7,6,10,5,4,2,2,1,0.37936
202,2,0,6,1,0,34,7,6,10,5,4,2,2,1,0.38276
202,2,0,6,1,0,35,1,6,4,5,4,1,1,1,0.77238
202,2,0,6,1,0,36,5,6,8,5,4,1,1,1,1.4884
202,2,0,6,1,0,37,1,6,4,5,4,1,1,1,0.55269
202,2,0,6,1,0,38,1,6,4,5,4,1,1,1,0.45761
202,2,0,6,1,0,39,1,6,4,5,4,1,1,1,0.68978
202,2,0,6,1,0,40,5,6,8,5,4,1,1,1,0.8599
202,2,0,6,1,0,41,9,6,12,5,4,2,2,1,0.77484
202,2,0,6,1,0,42,7,6,10,5,4,2,2,1,0.66271
202,2,0,6,1,0,43,3,6,6,5,4,1,1,1,1.0739
202,2,0,6,1,0,44,7,6,10,5,4,2,2,1,0.5079
202,2,0,6,1,0,45,1,6,4,5,4,1,1,1,0.61324
202,2,0,6,1,0,46,11,6,14,5,4,2,2,1,0.47162
202,2,0,6,1,0,47,11,6,14,5,4,2,2,1,0.50499
202,2,0,6,1,0,48,7,6,10,5,4,2,2,1,0.78407
202,2,0,6,1,0,49,1,6,4,5,4,1,1,1,0.53164
202,2,0,6,1,0,50,1,6,4,5,4,1,1,1,0.63267
202,2,0,6,1,0,51,5,6,8,5,4,1,2,0,0.64076
202,2,0,6,1,0,52,9,6,12,5,4,2,2,1,0.67645
202,2,0,6,1,0,53,9,6,12,5,4,2,2,1,0.4729
202,2,0,6,1,0,54,5,6,8,5,4,1,1,1,0.67515
202,2,0,6,1,0,55,3,6,6,5,4,1,1,1,0.59736
202,2,0,6,1,0,56,7,6,10,5,4,2,1,0,0.75742
202,2,0,6,1,0,57,9,6,12,5,4,2,2,1,0.60607
202,2,0,6,1,0,58,1,6,4,5,4,1,1,1,0.62335
202,2,0,6,1,0,59,3,6,6,5,4,1,1,1,0.73174
202,2,0,6,1,0,60,9,6,12,5,4,2,2,1,0.78264
202,2,0,6,1,0,61,9,6,12,5,4,2,2,1,0.45486
202,2,0,6,1,0,62,3,6,6,5,4,1,1,1,0.66709
202,2,0,6,1,0,63,1,6,4,5,4,1,1,1,0.49563
202,2,0,6,1,0,64,5,6,8,5,4,1,1,1,1.4444
202,2,0,6,1,0,65,7,6,10,5,4,2,2,1,1.0485
202,2,0,6,1,0,66,3,6,6,5,4,1,1,1,0.60104
202,2,0,6,1,0,67,5,6,8,5,4,1,2,0,1.7417
202,2,0,6,1,0,68,1,6,4,5,4,1,1,1,0.52716
202,2,0,6,1,0,69,1,6,4,5,4,1,1,1,0.6631
202,2,0,6,1,0,70,11,6,14,5,4,2,2,1,0.71112
202,2,0,6,1,0,71,11,6,14,5,4,2,2,1,0.62686
202,2,0,6,1,0,72,5,6,8,5,4,1,2,0,1.1603
202,2,0,6,1,0,73,7,6,10,5,4,2,2,1,1.3184
202,2,0,6,1,0,74,3,6,6,5,4,1,1,1,0.6334
202,2,0,6,1,0,75,9,6,12,5,4,2,2,1,0.61968
202,2,0,6,1,0,76,5,6,8,5,4,1,2,0,1.3119
202,2,0,6,1,0,77,7,6,10,5,4,2,2,1,0.75043
202,2,0,6,1,0,78,11,6,14,5,4,2,2,1,0.68766
202,2,0,6,1,0,79,9,6,12,5,4,2,2,1,0.58645
202,2,0,6,1,0,80,3,6,6,5,4,1,1,1,0.53199
202,2,0,6,1,0,81,11,6,14,5,4,2,2,1,0.77532
202,2,0,6,1,0,82,11,6,14,5,4,2,2,1,0.55386
202,2,0,6,1,0,83,9,6,12,5,4,2,2,1,0.39521
202,2,0,6,1,0,84,11,6,14,5,4,2,2,1,0.50356
202,2,0,6,1,0,85,1,6,4,5,4,1,1,1,0.57752
202,2,0,6,1,0,86,9,6,12,5,4,2,2,1,0.60143
202,2,0,6,1,0,87,11,6,14,5,4,2,2,1,0.49306
202,2,0,6,1,0,88,5,6,8,5,4,1,1,1,1.367
202,2,0,6,1,0,89,7,6,10,5,4,2,2,1,1.0887
202,2,0,6,1,0,90,5,6,8,5,4,1,2,0,0.66642
202,2,0,6,1,0,91,7,6,10,5,4,2,1,0,0.96002
202,2,0,6,1,0,92,3,6,6,5,4,1,1,1,0.73518
202,2,0,6,1,0,93,3,6,6,5,4,1,1,1,0.45951
202,2,0,6,1,0,94,1,6,4,5,4,1,1,1,0.46275
202,2,0,6,1,0,95,11,6,14,5,4,2,2,1,0.42428
202,2,0,6,1,0,96,3,6,6,5,4,1,1,1,0.61402
202,2,0,6,1,0,97,11,6,14,5,4,2,2,1,0.50103
202,2,0,6,1,0,98,7,6,10,5,4,2,2,1,1.0299
202,2,0,6,1,0,99,11,6,14,5,4,2,2,1,0.51887
202,2,0,6,1,0,100,9,6,12,5,4,2,2,1,0.39215
202,2,0,6,1,0,101,3,6,6,5,4,1,1,1,0.70929
202,2,0,6,1,0,102,5,6,8,5,4,1,1,1,0.5121
202,2,0,6,1,0,103,11,6,14,5,4,2,2,1,0.40866
202,2,0,6,1,0,104,3,6,6,5,4,1,1,1,0.55011
202,2,0,6,1,0,105,11,6,14,5,4,2,2,1,0.41326
202,2,0,6,1,0,106,9,6,12,5,4,2,2,1,0.43709
202,2,0,6,1,0,107,7,6,10,5,4,2,2,1,1.1274
202,2,0,6,1,0,108,1,6,4,5,4,1,1,1,0.37538
202,2,0,6,1,0,109,1,6,4,5,4,1,1,1,0.65966
202,2,0,6,1,0,110,5,6,8,5,4,1,2,0,1.3795
202,2,0,6,1,0,111,5,6,8,5,4,1,1,1,0.70989
202,2,0,6,1,0,112,9,6,12,5,4,2,1,0,0.48692
202,2,0,6,1,0,113,7,6,10,5,4,2,2,1,0.5194
202,2,0,6,1,0,114,5,6,8,5,4,1,2,0,3.6026
202,2,0,6,1,0,115,7,6,10,5,4,2,2,1,0.86734
202,2,0,6,1,0,116,5,6,8,5,4,1,1,1,0.74124
202,2,0,6,1,0,117,1,6,4,5,4,1,1,1,0.50891
202,2,0,6,1,0,118,9,6,12,5,4,2,2,1,0.64669
202,2,0,6,1,0,119,9,6,12,5,4,2,2,1,0.42091
202,2,0,6,1,0,120,11,6,14,5,4,2,2,1,0.42504
202,2,0,6,5,1,1,9,6,12,5,4,2,2,1,0.45958
202,2,0,6,5,1,2,2,6,4,6,4,1,1,1,0.532
202,2,0,6,5,1,3,11,6,14,5,4,2,2,1,0.43076
202,2,0,6,5,1,4,1,6,4,5,4,1,1,1,0.6533
202,2,0,6,5,1,5,3,6,6,5,4,1,1,1,0.45422
202,2,0,6,5,1,6,5,6,8,5,4,1,1,1,1.4391
202,2,0,6,5,1,7,6,6,8,6,4,1,1,1,0.45746
202,2,0,6,5,1,8,11,6,14,5,4,2,2,1,0.39332
202,2,0,6,5,1,9,10,6,12,6,4,2,2,1,0.43682
202,2,0,6,5,1,10,12,6,14,6,4,2,2,1,0.44042
202,2,0,6,5,1,11,7,6,10,5,4,2,2,1,1.594
202,2,0,6,5,1,12,7,6,10,5,4,2,2,1,0.48627
202,2,0,6,5,1,13,3,6,6,5,4,1,1,1,0.57115
202,2,0,6,5,1,14,12,6,14,6,4,2,2,1,0.419
202,2,0,6,5,1,15,8,6,10,6,4,2,2,1,0.65257
202,2,0,6,5,1,16,4,6,6,6,4,1,1,1,0.46645
202,2,0,6,5,1,17,8,6,10,6,4,2,2,1,0.87925
202,2,0,6,5,1,18,6,6,8,6,4,1,1,1,1.0886
202,2,0,6,5,1,19,10,6,12,6,4,2,2,1,0.34983
202,2,0,6,5,1,20,2,6,4,6,4,1,1,1,0.39264
202,2,0,6,5,1,21,5,6,8,5,4,1,1,1,1.0417
202,2,0,6,5,1,22,4,6,6,6,4,1,1,1,0.46851
202,2,0,6,5,1,23,1,6,4,5,4,1,1,1,0.52538
202,2,0,6,5,1,24,9,6,12,5,4,2,2,1,0.43705
202,2,0,6,5,0,1,4,6,6,6,4,1,1,1,0.59377
202,2,0,6,5,0,2,4,6,6,6,4,1,1,1,0.55103
202,2,0,6,5,0,3,11,6,14,5,4,2,2,1,0.45013
202,2,0,6,5,0,4,2,6,4,6,4,1,1,1,0.75091
202,2,0,6,5,0,5,10,6,12,6,4,2,2,1,0.52822
202,2,0,6,5,0,6,11,6,14,5,4,2,2,1,0.59932
202,2,0,6,5,0,7,1,6,4,5,4,1,1,1,0.47748
202,2,0,6,5,0,8,1,6,4,5,4,1,1,1,0.48756
202,2,0,6,5,0,9,9,6,12,5,4,2,2,1,0.6025
202,2,0,6,5,0,10,3,6,6,5,4,1,1,1,0.54124
202,2,0,6,5,0,11,6,6,8,6,4,1,1,1,0.53776
202,2,0,6,5,0,12,6,6,8,6,4,1,1,1,0.4622
202,2,0,6,5,0,13,7,6,10,5,4,2,2,1,2.052
202,2,0,6,5,0,14,8,6,10,6,4,2,2,1,0.60828
202,2,0,6,5,0,15,7,6,10,5,4,2,2,1,0.55054
202,2,0,6,5,0,16,8,6,10,6,4,2,2,1,0.61111
202,2,0,6,5,0,17,9,6,12,5,4,2,2,1,0.61507
202,2,0,6,5,0,18,10,6,12,6,4,2,2,1,0.54513
202,2,0,6,5,0,19,7,6,10,5,4,2,2,1,1.3053
202,2,0,6,5,0,20,4,6,6,6,4,1,1,1,0.50617
202,2,0,6,5,0,21,7,6,10,5,4,2,2,1,0.63073
202,2,0,6,5,0,22,6,6,8,6,4,1,2,0,0.75748
202,2,0,6,5,0,23,5,6,8,5,4,1,2,0,2.1177
202,2,0,6,5,0,24,3,6,6,5,4,1,1,1,0.8052
202,2,0,6,5,0,25,3,6,6,5,4,1,1,1,0.49499
202,2,0,6,5,0,26,12,6,14,6,4,2,2,1,0.52729
202,2,0,6,5,0,27,10,6,12,6,4,2,2,1,0.63286
202,2,0,6,5,0,28,12,6,14,6,4,2,2,1,0.41077
202,2,0,6,5,0,29,3,6,6,5,4,1,1,1,0.52896
202,2,0,6,5,0,30,1,6,4,5,4,1,1,1,0.62875
202,2,0,6,5,0,31,5,6,8,5,4,1,1,1,0.74099
202,2,0,6,5,0,32,9,6,12,5,4,2,2,1,0.66787
202,2,0,6,5,0,33,10,6,12,6,4,2,2,1,0.46009
202,2,0,6,5,0,34,3,6,6,5,4,1,1,1,0.77911
202,2,0,6,5,0,35,5,6,8,5,4,1,1,1,1.3887
202,2,0,6,5,0,36,1,6,4,5,4,1,1,1,0.52005
202,2,0,6,5,0,37,10,6,12,6,4,2,2,1,0.59695
202,2,0,6,5,0,38,12,6,14,6,4,2,2,1,0.60248
202,2,0,6,5,0,39,1,6,4,5,4,1,1,1,0.59895
202,2,0,6,5,0,40,2,6,4,6,4,1,1,1,0.63358
202,2,0,6,5,0,41,5,6,8,5,4,1,1,1,0.57167
202,2,0,6,5,0,42,9,6,12,5,4,2,2,1,0.66955
202,2,0,6,5,0,43,12,6,14,6,4,2,2,1,0.55781
202,2,0,6,5,0,44,1,6,4,5,4,1,1,1,0.65833
202,2,0,6,5,0,45,11,6,14,5,4,2,2,1,0.80903
202,2,0,6,5,0,46,11,6,14,5,4,2,2,1,0.54886
202,2,0,6,5,0,47,9,6,12,5,4,2,2,1,0.51876
202,2,0,6,5,0,48,5,6,8,5,4,1,1,1,0.73888
202,2,0,6,5,0,49,3,6,6,5,4,1,1,1,0.58578
202,2,0,6,5,0,50,6,6,8,6,4,1,1,1,0.50878
202,2,0,6,5,0,51,4,6,6,6,4,1,1,1,0.79344
202,2,0,6,5,0,52,11,6,14,5,4,2,2,1,0.61127
202,2,0,6,5,0,53,5,6,8,5,4,1,1,1,0.83754
202,2,0,6,5,0,54,1,6,4,5,4,1,1,1,0.54628
202,2,0,6,5,0,55,6,6,8,6,4,1,1,1,0.67339
202,2,0,6,5,0,56,6,6,8,6,4,1,1,1,0.54494
202,2,0,6,5,0,57,6,6,8,6,4,1,1,1,0.5944
202,2,0,6,5,0,58,4,6,6,6,4,1,1,1,2.2187
202,2,0,6,5,0,59,2,6,4,6,4,1,1,1,0.44447
202,2,0,6,5,0,60,10,6,12,6,4,2,2,1,0.49486
202,2,0,6,5,0,61,7,6,10,5,4,2,2,1,0.51126
202,2,0,6,5,0,62,2,6,4,6,4,1,1,1,0.53375
202,2,0,6,5,0,63,9,6,12,5,4,2,2,1,0.50909
202,2,0,6,5,0,64,7,6,10,5,4,2,2,1,0.91977
202,2,0,6,5,0,65,4,6,6,6,4,1,1,1,0.63391
202,2,0,6,5,0,66,4,6,6,6,4,1,1,1,0.52265
202,2,0,6,5,0,67,1,6,4,5,4,1,1,1,0.62146
202,2,0,6,5,0,68,6,6,8,6,4,1,1,1,0.508
202,2,0,6,5,0,69,3,6,6,5,4,1,1,1,0.50046
202,2,0,6,5,0,70,8,6,10,6,4,2,2,1,0.79454
202,2,0,6,5,0,71,7,6,10,5,4,2,2,1,0.68892
202,2,0,6,5,0,72,2,6,4,6,4,1,1,1,0.46106
202,2,0,6,5,0,73,12,6,14,6,4,2,2,1,0.49735
202,2,0,6,5,0,74,6,6,8,6,4,1,1,1,0.66286
202,2,0,6,5,0,75,4,6,6,6,4,1,1,1,0.64443
202,2,0,6,5,0,76,8,6,10,6,4,2,2,1,0.58979
202,2,0,6,5,0,77,9,6,12,5,4,2,2,1,0.60284
202,2,0,6,5,0,78,12,6,14,6,4,2,2,1,0.5613
202,2,0,6,5,0,79,9,6,12,5,4,2,2,1,0.74644
202,2,0,6,5,0,80,3,6,6,5,4,1,1,1,0.60358
202,2,0,6,5,0,81,7,6,10,5,4,2,2,1,1.6928
202,2,0,6,5,0,82,8,6,10,6,4,2,2,1,0.56926
202,2,0,6,5,0,83,8,6,10,6,4,2,2,1,0.47143
202,2,0,6,5,0,84,2,6,4,6,4,1,1,1,0.59777
202,2,0,6,5,0,85,4,6,6,6,4,1,1,1,0.57072
202,2,0,6,5,0,86,11,6,14,5,4,2,2,1,0.39934
202,2,0,6,5,0,87,10,6,12,6,4,2,2,1,0.5222
202,2,0,6,5,0,88,11,6,14,5,4,2,2,1,0.55322
202,2,0,6,5,0,89,2,6,4,6,4,1,1,1,0.51446
202,2,0,6,5,0,90,3,6,6,5,4,1,1,1,0.65544
202,2,0,6,5,0,91,8,6,10,6,4,2,2,1,0.71347
202,2,0,6,5,0,92,12,6,14,6,4,2,2,1,0.6087
202,2,0,6,5,0,93,6,6,8,6,4,1,1,1,0.60536
202,2,0,6,5,0,94,8,6,10,6,4,2,2,1,0.45889
202,2,0,6,5,0,95,11,6,14,5,4,2,2,1,0.56587
202,2,0,6,5,0,96,2,6,4,6,4,1,1,1,0.52007
202,2,0,6,5,0,97,8,6,10,6,4,2,2,1,0.54831
202,2,0,6,5,0,98,5,6,8,5,4,1,1,1,0.59167
202,2,0,6,5,0,99,4,6,6,6,4,1,1,1,0.54922
202,2,0,6,5,0,100,7,6,10,5,4,2,2,1,2.3904
202,2,0,6,5,0,101,2,6,4,6,4,1,1,1,0.58838
202,2,0,6,5,0,102,1,6,4,5,4,1,1,1,0.4524
202,2,0,6,5,0,103,8,6,10,6,4,2,2,1,0.69265
202,2,0,6,5,0,104,12,6,14,6,4,2,2,1,0.54263
202,2,0,6,5,0,105,12,6,14,6,4,2,2,1,0.48605
202,2,0,6,5,0,106,9,6,12,5,4,2,2,1,0.51113
202,2,0,6,5,0,107,11,6,14,5,4,2,2,1,0.42908
202,2,0,6,5,0,108,12,6,14,6,4,2,2,1,0.36534
202,2,0,6,5,0,109,5,6,8,5,4,1,2,0,1.372
202,2,0,6,5,0,110,9,6,12,5,4,2,2,1,0.38616
202,2,0,6,5,0,111,10,6,12,6,4,2,2,1,0.73326
202,2,0,6,5,0,112,5,6,8,5,4,1,1,1,0.65302
202,2,0,6,5,0,113,10,6,12,6,4,2,2,1,0.95408
202,2,0,6,5,0,114,7,6,10,5,4,2,2,1,1.1713
202,2,0,6,5,0,115,2,6,4,6,4,1,1,1,0.55379
202,2,0,6,5,0,116,1,6,4,5,4,1,1,1,0.51482
202,2,0,6,5,0,117,3,6,6,5,4,1,1,1,0.85631
202,2,0,6,5,0,118,11,6,14,5,4,2,2,1,0.62641
202,2,0,6,5,0,119,10,6,12,6,4,2,2,1,0.81884
202,2,0,6,5,0,120,5,6,8,5,4,1,1,1,1.1696
202,2,0,6,6,0,1,12,6,14,6,4,2,2,1,0.52582
202,2,0,6,6,0,2,11,6,14,5,4,2,2,1,0.31167
202,2,0,6,6,0,3,9,6,12,5,4,2,2,1,0.28118
202,2,0,6,6,0,4,7,6,10,5,4,2,2,1,0.32798
202,2,0,6,6,0,5,7,6,10,5,4,2,2,1,0.37521
202,2,0,6,6,0,6,1,6,4,5,4,1,1,1,0.3309
202,2,0,6,6,0,7,8,6,10,6,4,2,2,1,0.46347
202,2,0,6,6,0,8,10,6,12,6,4,2,2,1,0.34561
202,2,0,6,6,0,9,9,6,12,5,4,2,2,1,0.45024
202,2,0,6,6,0,10,11,6,14,5,4,2,2,1,0.38204
202,2,0,6,6,0,11,11,6,14,5,4,2,2,1,0.49289
202,2,0,6,6,0,12,9,6,12,5,4,2,2,1,0.41955
202,2,0,6,6,0,13,4,6,6,6,4,1,1,1,0.77756
202,2,0,6,6,0,14,10,6,12,6,4,2,2,1,0.29414
202,2,0,6,6,0,15,4,6,6,6,4,1,1,1,0.46848
202,2,0,6,6,0,16,4,6,6,6,4,1,1,1,0.38806
202,2,0,6,6,0,17,7,6,10,5,4,2,2,1,0.45453
202,2,0,6,6,0,18,3,6,6,5,4,1,1,1,0.42436
202,2,0,6,6,0,19,12,6,14,6,4,2,2,1,0.28336
202,2,0,6,6,0,20,4,6,6,6,4,1,1,1,0.50238
202,2,0,6,6,0,21,1,6,4,5,4,1,1,1,0.43771
202,2,0,6,6,0,22,6,6,8,6,4,1,1,1,0.59294
202,2,0,6,6,0,23,3,6,6,5,4,1,1,1,0.44564
202,2,0,6,6,0,24,8,6,10,6,4,2,2,1,0.78258
202,2,0,6,6,0,25,2,6,4,6,4,1,1,1,0.6376
202,2,0,6,6,0,26,12,6,14,6,4,2,2,1,0.92408
202,2,0,6,6,0,27,11,6,14,5,4,2,2,1,0.39235
202,2,0,6,6,0,28,11,6,14,5,4,2,2,1,0.32885
202,2,0,6,6,0,29,5,6,8,5,4,1,1,1,0.99127
202,2,0,6,6,0,30,11,6,14,5,4,2,2,1,0.37803
202,2,0,6,6,0,31,8,6,10,6,4,2,2,1,1.6482
202,2,0,6,6,0,32,11,6,14,5,4,2,2,1,0.29777
202,2,0,6,6,0,33,7,6,10,5,4,2,2,1,0.56428
202,2,0,6,6,0,34,3,6,6,5,4,1,1,1,0.43875
202,2,0,6,6,0,35,12,6,14,6,4,2,2,1,0.47273
202,2,0,6,6,0,36,6,6,8,6,4,1,1,1,0.54223
202,2,0,6,6,0,37,12,6,14,6,4,2,2,1,0.43521
202,2,0,6,6,0,38,4,6,6,6,4,1,1,1,0.41094
202,2,0,6,6,0,39,5,6,8,5,4,1,1,1,0.47686
202,2,0,6,6,0,40,8,6,10,6,4,2,2,1,0.60417
202,2,0,6,6,0,41,3,6,6,5,4,1,1,1,0.45273
202,2,0,6,6,0,42,10,6,12,6,4,2,2,1,0.44106
202,2,0,6,6,0,43,7,6,10,5,4,2,2,1,1.1417
202,2,0,6,6,0,44,5,6,8,5,4,1,1,1,1.4632
202,2,0,6,6,0,45,2,6,4,6,4,1,1,1,0.52414
202,2,0,6,6,0,46,9,6,12,5,4,2,2,1,0.51404
202,2,0,6,6,0,47,6,6,8,6,4,1,1,1,0.77661
202,2,0,6,6,0,48,10,6,12,6,4,2,2,1,0.39818
202,2,0,6,6,0,49,3,6,6,5,4,1,1,1,0.44432
202,2,0,6,6,0,50,7,6,10,5,4,2,2,1,0.59274
202,2,0,6,6,0,51,2,6,4,6,4,1,1,1,0.81858
202,2,0,6,6,0,52,2,6,4,6,4,1,1,1,0.53853
202,2,0,6,6,0,53,1,6,4,5,4,1,1,1,0.44525
202,2,0,6,6,0,54,1,6,4,5,4,1,1,1,0.51987
202,2,0,6,6,0,55,7,6,10,5,4,2,2,1,0.50852
202,2,0,6,6,0,56,4,6,6,6,4,1,1,1,0.89419
202,2,0,6,6,0,57,12,6,14,6,4,2,2,1,0.54501
202,2,0,6,6,0,58,2,6,4,6,4,1,1,1,0.46136
202,2,0,6,6,0,59,3,6,6,5,4,1,1,1,0.51224
202,2,0,6,6,0,60,8,6,10,6,4,2,2,1,0.62679
202,2,0,6,6,0,61,5,6,8,5,4,1,1,1,1.1067
202,2,0,6,6,0,62,5,6,8,5,4,1,1,1,0.40914
202,2,0,6,6,0,63,5,6,8,5,4,1,1,1,0.48821
202,2,0,6,6,0,64,12,6,14,6,4,2,2,1,0.45412
202,2,0,6,6,0,65,9,6,12,5,4,2,2,1,0.37328
202,2,0,6,6,0,66,3,6,6,5,4,1,1,1,0.42741
202,2,0,6,6,0,67,5,6,8,5,4,1,1,1,0.49552
202,2,0,6,6,0,68,1,6,4,5,4,1,1,1,0.3848
202,2,0,6,6,0,69,12,6,14,6,4,2,2,1,0.46934
202,2,0,6,6,0,70,2,6,4,6,4,1,1,1,0.41837
202,2,0,6,6,0,71,6,6,8,6,4,1,1,1,0.468
202,2,0,6,6,0,72,10,6,12,6,4,2,2,1,0.825
202,2,0,6,6,0,73,3,6,6,5,4,1,1,1,0.3282
202,2,0,6,6,0,74,4,6,6,6,4,1,1,1,0.73242
202,2,0,6,6,0,75,7,6,10,5,4,2,2,1,0.53776
202,2,0,6,6,0,76,5,6,8,5,4,1,1,1,0.51777
202,2,0,6,6,0,77,1,6,4,5,4,1,1,1,0.48652
202,2,0,6,6,0,78,11,6,14,5,4,2,2,1,0.4431
202,2,0,6,6,0,79,3,6,6,5,4,1,1,1,0.40023
202,2,0,6,6,0,80,1,6,4,5,4,1,1,1,0.41817
202,2,0,6,6,0,81,10,6,12,6,4,2,2,1,0.46337
202,2,0,6,6,0,82,1,6,4,5,4,1,1,1,0.50039
202,2,0,6,6,0,83,3,6,6,5,4,1,1,1,0.46543
202,2,0,6,6,0,84,6,6,8,6,4,1,1,1,0.44081
202,2,0,6,6,0,85,9,6,12,5,4,2,2,1,0.47295
202,2,0,6,6,0,86,10,6,12,6,4,2,2,1,0.60564
202,2,0,6,6,0,87,11,6,14,5,4,2,2,1,0.45062
202,2,0,6,6,0,88,10,6,12,6,4,2,2,1,0.50179
202,2,0,6,6,0,89,5,6,8,5,4,1,1,1,0.47051
202,2,0,6,6,0,90,8,6,10,6,4,2,2,1,0.55159
202,2,0,6,6,0,91,6,6,8,6,4,1,1,1,0.86734
202,2,0,6,6,0,92,4,6,6,6,4,1,1,1,0.49167
202,2,0,6,6,0,93,7,6,10,5,4,2,1,0,0.5492
202,2,0,6,6,0,94,9,6,12,5,4,2,2,1,0.56874
202,2,0,6,6,0,95,9,6,12,5,4,2,2,1,0.37552
202,2,0,6,6,0,96,10,6,12,6,4,2,2,1,0.37993
202,2,0,6,6,0,97,2,6,4,6,4,1,1,1,0.3886
202,2,0,6,6,0,98,8,6,10,6,4,2,2,1,0.46608
202,2,0,6,6,0,99,8,6,10,6,4,2,2,1,0.41449
202,2,0,6,6,0,100,4,6,6,6,4,1,1,1,0.46285
202,2,0,6,6,0,101,2,6,4,6,4,1,1,1,0.52788
202,2,0,6,6,0,102,2,6,4,6,4,1,1,1,0.56103
202,2,0,6,6,0,103,6,6,8,6,4,1,1,1,2.5026
202,2,0,6,6,0,104,7,6,10,5,4,2,2,1,0.60292
202,2,0,6,6,0,105,1,6,4,5,4,1,1,1,0.39431
202,2,0,6,6,0,106,1,6,4,5,4,1,1,1,0.51074
202,2,0,6,6,0,107,6,6,8,6,4,1,1,1,0.86388
202,2,0,6,6,0,108,2,6,4,6,4,1,1,1,0.4551
202,2,0,6,6,0,109,10,6,12,6,4,2,2,1,0.6583
202,2,0,6,6,0,110,12,6,14,6,4,2,2,1,0.48192
202,2,0,6,6,0,111,5,6,8,5,4,1,1,1,0.90999
202,2,0,6,6,0,112,8,6,10,6,4,2,2,1,0.56065
202,2,0,6,6,0,113,9,6,12,5,4,2,2,1,0.46041
202,2,0,6,6,0,114,4,6,6,6,4,1,1,1,0.61354
202,2,0,6,6,0,115,11,6,14,5,4,2,2,1,0.52711
202,2,0,6,6,0,116,8,6,10,6,4,2,2,1,0.91101
202,2,0,6,6,0,117,12,6,14,6,4,2,1,0,0.44581
202,2,0,6,6,0,118,6,6,8,6,4,1,1,1,0.58311
202,2,0,6,6,0,119,9,6,12,5,4,2,2,1,0.42419
202,2,0,6,6,0,120,6,6,8,6,4,1,1,1,0.72552
