101,1,0,6,4,1,1,7,6,6,6,4,2,2,1,0.71994
101,1,0,6,4,1,2,6,6,8,5,4,1,2,0,1.2641
101,1,0,6,4,1,3,9,6,6,7,4,2,2,1,0.45978
101,1,0,6,4,1,4,7,6,6,6,4,2,2,1,0.47772
101,1,0,6,4,1,5,9,6,6,7,4,2,2,1,0.3787
101,1,0,6,4,1,6,2,6,8,3,4,1,1,1,0.82765
101,1,0,6,4,1,7,11,6,6,8,4,2,2,1,0.36942
101,1,0,6,4,1,8,6,6,8,5,4,1,1,1,0.67052
101,1,0,6,4,1,9,4,6,8,4,4,1,1,1,0.67089
101,1,0,6,4,1,10,7,6,6,6,4,2,2,1,0.38068
101,1,0,6,4,1,11,2,6,8,3,4,1,1,1,0.36305
101,1,0,6,4,1,12,4,6,8,4,4,1,1,1,0.34871
101,1,0,6,4,1,13,9,6,6,7,4,2,2,1,0.32485
101,1,0,6,4,1,14,2,6,8,3,4,1,1,1,0.38034
101,1,0,6,4,1,15,9,6,6,7,4,2,2,1,0.43113
101,1,0,6,4,1,16,11,6,6,8,4,2,2,1,0.50625
101,1,0,6,4,1,17,6,6,8,5,4,1,1,1,0.42078
101,1,0,6,4,1,18,6,6,8,5,4,1,1,1,0.42099
101,1,0,6,4,1,19,4,6,8,4,4,1,1,1,0.30914
101,1,0,6,4,1,20,11,6,6,8,4,2,2,1,0.61347
101,1,0,6,4,1,21,11,6,6,8,4,2,2,1,1.006
101,1,0,6,4,1,22,4,6,8,4,4,1,1,1,0.36308
101,1,0,6,4,1,23,2,6,8,3,4,1,1,1,0.3459
101,1,0,6,4,1,24,7,6,6,6,4,2,2,1,0.59609
101,1,0,6,4,0,1,6,6,8,5,4,1,1,1,0.43032
101,1,0,6,4,0,2,2,6,8,3,4,1,1,1,0.35487
101,1,0,6,4,0,3,4,6,8,4,4,1,1,1,0.29689
101,1,0,6,4,0,4,9,6,6,7,4,2,2,1,0.36758
101,1,0,6,4,0,5,9,6,6,7,4,2,2,1,0.34015
101,1,0,6,4,0,6,7,6,6,6,4,2,2,1,0.37932
101,1,0,6,4,0,7,11,6,6,8,4,2,2,1,0.31481
101,1,0,6,4,0,8,11,6,6,8,4,2,2,1,0.28601
101,1,0,6,4,0,9,7,6,6,6,4,2,2,1,0.60298
101,1,0,6,4,0,10,6,6,8,5,4,1,1,1,0.42968
101,1,0,6,4,0,11,11,6,6,8,4,2,2,1,0.33998
101,1,0,6,4,0,12,11,6,6,8,4,2,2,1,0.28877
101,1,0,6,4,0,13,2,6,8,3,4,1,1,1,0.31989
101,1,0,6,4,0,14,2,6,8,3,4,1,1,1,0.29504
101,1,0,6,4,0,15,11,6,6,8,4,2,2,1,0.32019
101,1,0,6,4,0,16,4,6,8,4,4,1,1,1,0.34146
101,1,0,6,4,0,17,4,6,8,4,4,1,1,1,0.3396
101,1,0,6,4,0,18,6,6,8,5,4,1,1,1,0.4394
101,1,0,6,4,0,19,11,6,6,8,4,2,2,1,0.32743
101,1,0,6,4,0,20,7,6,6,6,4,2,1,0,0.38052
101,1,0,6,4,0,21,6,6,8,5,4,1,1,1,0.43795
101,1,0,6,4,0,22,7,6,6,6,4,2,2,1,0.58527
101,1,0,6,4,0,23,6,6,8,5,4,1,1,1,0.50453
101,1,0,6,4,0,24,4,6,8,4,4,1,1,1,0.3489
101,1,0,6,4,0,25,7,6,6,6,4,2,2,1,0.39415
101,1,0,6,4,0,26,7,6,6,6,4,2,2,1,0.37376
101,1,0,6,4,0,27,9,6,6,7,4,2,2,1,0.51356
101,1,0,6,4,0,28,2,6,8,3,4,1,1,1,1.3089
101,1,0,6,4,0,29,11,6,6,8,4,2,2,1,0.34827
101,1,0,6,4,0,30,7,6,6,6,4,2,2,1,0.35212
101,1,0,6,4,0,31,2,6,8,3,4,1,1,1,0.35527
101,1,0,6,4,0,32,4,6,8,4,4,1,1,1,0.42977
101,1,0,6,4,0,33,9,6,6,7,4,2,2,1,0.30507
101,1,0,6,4,0,34,6,6,8,5,4,1,1,1,0.69265
101,1,0,6,4,0,35,4,6,8,4,4,1,1,1,0.33484
101,1,0,6,4,0,36,7,6,6,6,4,2,2,1,0.49081
101,1,0,6,4,0,37,11,6,6,8,4,2,2,1,0.34698
101,1,0,6,4,0,38,4,6,8,4,4,1,1,1,0.3853
101,1,0,6,4,0,39,6,6,8,5,4,1,1,1,0.41691
101,1,0,6,4,0,40,2,6,8,3,4,1,1,1,0.3509
101,1,0,6,4,0,41,6,6,8,5,4,1,1,1,0.53985
101,1,0,6,4,0,42,2,6,8,3,4,1,1,1,0.37731
101,1,0,6,4,0,43,4,6,8,4,4,1,1,1,0.42082
101,1,0,6,4,0,44,2,6,8,3,4,1,1,1,0.31185
101,1,0,6,4,0,45,7,6,6,6,4,2,2,1,0.54741
101,1,0,6,4,0,46,4,6,8,4,4,1,1,1,0.84612
101,1,0,6,4,0,47,6,6,8,5,4,1,1,1,0.65234
101,1,0,6,4,0,48,6,6,8,5,4,1,1,1,0.67521
101,1,0,6,4,0,49,2,6,8,3,4,1,1,1,0.41805
101,1,0,6,4,0,50,9,6,6,7,4,2,2,1,0.47945
101,1,0,6,4,0,51,9,6,6,7,4,2,2,1,0.53088
101,1,0,6,4,0,52,9,6,6,7,4,2,2,1,0.40016
101,1,0,6,4,0,53,9,6,6,7,4,2,2,1,0.4855
101,1,0,6,4,0,54,4,6,8,4,4,1,1,1,0.38042
101,1,0,6,4,0,55,2,6,8,3,4,1,1,1,0.34279
101,1,0,6,4,0,56,11,6,6,8,4,2,2,1,0.3522
101,1,0,6,4,0,57,4,6,8,4,4,1,1,1,0.39684
101,1,0,6,4,0,58,11,6,6,8,4,2,2,1,0.68101
101,1,0,6,4,0,59,4,6,8,4,4,1,1,1,0.34429
101,1,0,6,4,0,60,11,6,6,8,4,2,2,1,0.31751
101,1,0,6,4,0,61,9,6,6,7,4,2,2,1,0.32407
101,1,0,6,4,0,62,4,6,8,4,4,1,1,1,0.38096
101,1,0,6,4,0,63,7,6,6,6,4,2,2,1,0.52069
101,1,0,6,4,0,64,11,6,6,8,4,2,2,1,0.33195
101,1,0,6,4,0,65,11,6,6,8,4,2,2,1,0.354
101,1,0,6,4,0,66,11,6,6,8,4,2,2,1,0.28395
101,1,0,6,4,0,67,6,6,8,5,4,1,1,1,0.35515
101,1,0,6,4,0,68,11,6,6,8,4,2,2,1,0.2829
101,1,0,6,4,0,69,4,6,8,4,4,1,1,1,0.38774
101,1,0,6,4,0,70,9,6,6,7,4,2,2,1,0.30524
101,1,0,6,4,0,71,2,6,8,3,4,1,1,1,0.52268
101,1,0,6,4,0,72,4,6,8,4,4,1,1,1,0.357
101,1,0,6,4,0,73,2,6,8,3,4,1,1,1,0.29867
101,1,0,6,4,0,74,6,6,8,5,4,1,1,1,0.77545
101,1,0,6,4,0,75,2,6,8,3,4,1,1,1,0.45146
101,1,0,6,4,0,76,9,6,6,7,4,2,2,1,0.34542
101,1,0,6,4,0,77,6,6,8,5,4,1,1,1,0.39281
101,1,0,6,4,0,78,4,6,8,4,4,1,1,1,0.33398
101,1,0,6,4,0,79,11,6,6,8,4,2,2,1,0.32929
101,1,0,6,4,0,80,7,6,6,6,4,2,2,1,0.48411
101,1,0,6,4,0,81,6,6,8,5,4,1,1,1,0.40553
101,1,0,6,4,0,82,9,6,6,7,4,2,2,1,0.33077
101,1,0,6,4,0,83,7,6,6,6,4,2,2,1,0.38429
101,1,0,6,4,0,84,9,6,6,7,4,2,2,1,0.45899
101,1,0,6,4,0,85,7,6,6,6,4,2,2,1,0.62397
101,1,0,6,4,0,86,7,6,6,6,4,2,2,1,0.60432
101,1,0,6,4,0,87,7,6,6,6,4,2,2,1,0.778
101,1,0,6,4,0,88,2,6,8,3,4,1,1,1,0.42125
101,1,0,6,4,0,89,11,6,6,8,4,2,2,1,0.37323
101,1,0,6,4,0,90,7,6,6,6,4,2,2,1,0.35511
101,1,0,6,4,0,91,9,6,6,7,4,2,2,1,0.29657
101,1,0,6,4,0,92,2,6,8,3,4,1,1,1,0.36323
101,1,0,6,4,0,93,9,6,6,7,4,2,2,1,0.31278
101,1,0,6,4,0,94,6,6,8,5,4,1,1,1,0.65467
101,1,0,6,4,0,95,2,6,8,3,4,1,1,1,0.59277
101,1,0,6,4,0,96,9,6,6,7,4,2,2,1,0.56628
101,1,0,6,4,0,97,7,6,6,6,4,2,2,1,0.42762
101,1,0,6,4,0,98,4,6,8,4,4,1,1,1,0.6267
101,1,0,6,4,0,99,2,6,8,3,4,1,1,1,0.45808
101,1,0,6,4,0,100,9,6,6,7,4,2,2,1,0.36193
101,1,0,6,4,0,101,11,6,6,8,4,2,2,1,0.57732
101,1,0,6,4,0,102,6,6,8,5,4,1,1,1,0.63937
101,1,0,6,4,0,103,4,6,8,4,4,1,1,1,0.55307
101,1,0,6,4,0,104,7,6,6,6,4,2,2,1,0.50916
101,1,0,6,4,0,105,6,6,8,5,4,1,1,1,0.67119
101,1,0,6,4,0,106,2,6,8,3,4,1,1,1,0.47144
101,1,0,6,4,0,107,2,6,8,3,4,1,1,1,0.3057
101,1,0,6,4,0,108,7,6,6,6,4,2,2,1,0.43584
101,1,0,6,4,0,109,9,6,6,7,4,2,2,1,0.40535
101,1,0,6,4,0,110,7,6,6,6,4,2,2,1,0.50932
101,1,0,6,4,0,111,4,6,8,4,4,1,1,1,0.47379
101,1,0,6,4,0,112,6,6,8,5,4,1,1,1,1.0256
101,1,0,6,4,0,113,9,6,6,7,4,2,2,1,0.3221
101,1,0,6,4,0,114,9,6,6,7,4,2,2,1,0.49376
101,1,0,6,4,0,115,4,6,8,4,4,1,1,1,0.46217
101,1,0,6,4,0,116,11,6,6,8,4,2,2,1,0.31902
101,1,0,6,4,0,117,6,6,8,5,4,1,1,1,0.37758
101,1,0,6,4,0,118,2,6,8,3,4,1,1,1,0.45159
101,1,0,6,4,0,119,6,6,8,5,4,1,1,1,0.34913
101,1,0,6,4,0,120,11,6,6,8,4,2,2,1,0.51971
101,1,0,6,3,1,1,1,6,6,3,4,1,1,1,0.54464
101,1,0,6,3,1,2,8,6,8,6,4,2,2,1,0.62338
101,1,0,6,3,1,3,10,6,8,7,4,2,2,1,0.34479
101,1,0,6,3,1,4,12,6,8,8,4,2,2,1,0.3132
101,1,0,6,3,1,5,10,6,8,7,4,2,2,1,0.28886
101,1,0,6,3,1,6,1,6,6,3,4,1,1,1,0.34869
101,1,0,6,3,1,7,12,6,8,8,4,2,2,1,0.32463
101,1,0,6,3,1,8,5,6,6,5,4,1,1,1,0.4957
101,1,0,6,3,1,9,1,6,6,3,4,1,1,1,0.38339
101,1,0,6,3,1,10,1,6,6,3,4,1,1,1,0.33478
101,1,0,6,3,1,11,10,6,8,7,4,2,2,1,0.9046
101,1,0,6,3,1,12,8,6,8,6,4,2,2,1,0.42248
101,1,0,6,3,1,13,3,6,6,4,4,1,1,1,0.34979
101,1,0,6,3,1,14,3,6,6,4,4,1,1,1,0.3127
101,1,0,6,3,1,15,5,6,6,5,4,1,1,1,0.52626
101,1,0,6,3,1,16,8,6,8,6,4,2,2,1,0.88799
101,1,0,6,3,1,17,5,6,6,5,4,1,1,1,0.41505
101,1,0,6,3,1,18,5,6,6,5,4,1,1,1,0.43117
101,1,0,6,3,1,19,10,6,8,7,4,2,2,1,0.81187
101,1,0,6,3,1,20,12,6,8,8,4,2,1,0,0.59915
101,1,0,6,3,1,21,3,6,6,4,4,1,1,1,0.51295
101,1,0,6,3,1,22,3,6,6,4,4,1,1,1,0.32826
101,1,0,6,3,1,23,8,6,8,6,4,2,2,1,0.43542
101,1,0,6,3,1,24,12,6,8,8,4,2,2,1,0.34683
101,1,0,6,3,0,1,12,6,8,8,4,2,2,1,0.46587
101,1,0,6,3,0,2,3,6,6,4,4,1,1,1,0.32389
101,1,0,6,3,0,3,5,6,6,5,4,1,1,1,0.43914
101,1,0,6,3,0,4,12,6,8,8,4,2,2,1,0.3238
101,1,0,6,3,0,5,5,6,6,5,4,1,1,1,0.3477
101,1,0,6,3,0,6,12,6,8,8,4,2,2,1,0.36762
101,1,0,6,3,0,7,3,6,6,4,4,1,1,1,0.38021
101,1,0,6,3,0,8,10,6,8,7,4,2,2,1,0.35515
101,1,0,6,3,0,9,5,6,6,5,4,1,1,1,0.44164
101,1,0,6,3,0,10,1,6,6,3,4,1,1,1,0.48838
101,1,0,6,3,0,11,1,6,6,3,4,1,1,1,0.36532
101,1,0,6,3,0,12,12,6,8,8,4,2,2,1,0.98742
101,1,0,6,3,0,13,8,6,8,6,4,2,2,1,0.63011
101,1,0,6,3,0,14,12,6,8,8,4,2,2,1,0.46526
101,1,0,6,3,0,15,5,6,6,5,4,1,1,1,0.68408
101,1,0,6,3,0,16,10,6,8,7,4,2,2,1,0.38665
101,1,0,6,3,0,17,10,6,8,7,4,2,2,1,0.35655
101,1,0,6,3,0,18,5,6,6,5,4,1,1,1,0.38517
101,1,0,6,3,0,19,5,6,6,5,4,1,1,1,0.47196
101,1,0,6,3,0,20,1,6,6,3,4,1,1,1,0.41503
101,1,0,6,3,0,21,5,6,6,5,4,1,1,1,0.34207
101,1,0,6,3,0,22,12,6,8,8,4,2,2,1,0.33013
101,1,0,6,3,0,23,8,6,8,6,4,2,2,1,0.5999
101,1,0,6,3,0,24,8,6,8,6,4,2,2,1,0.4513
101,1,0,6,3,0,25,8,6,8,6,4,2,2,1,0.33194
101,1,0,6,3,0,26,5,6,6,5,4,1,1,1,0.38486
101,1,0,6,3,0,27,1,6,6,3,4,1,1,1,0.42181
101,1,0,6,3,0,28,1,6,6,3,4,1,1,1,0.31698
101,1,0,6,3,0,29,3,6,6,4,4,1,1,1,0.47487
101,1,0,6,3,0,30,1,6,6,3,4,1,1,1,0.3509
101,1,0,6,3,0,31,3,6,6,4,4,1,1,1,0.29514
101,1,0,6,3,0,32,8,6,8,6,4,2,2,1,0.52208
101,1,0,6,3,0,33,12,6,8,8,4,2,2,1,0.38877
101,1,0,6,3,0,34,12,6,8,8,4,2,2,1,0.51573
101,1,0,6,3,0,35,3,6,6,4,4,1,1,1,0.34455
101,1,0,6,3,0,36,5,6,6,5,4,1,1,1,0.30344
101,1,0,6,3,0,37,1,6,6,3,4,1,1,1,0.39217
101,1,0,6,3,0,38,12,6,8,8,4,2,2,1,0.43873
101,1,0,6,3,0,39,12,6,8,8,4,2,2,1,0.32776
101,1,0,6,3,0,40,10,6,8,7,4,2,2,1,0.34273
101,1,0,6,3,0,41,3,6,6,4,4,1,1,1,0.40722
101,1,0,6,3,0,42,3,6,6,4,4,1,1,1,0.33913
101,1,0,6,3,0,43,5,6,6,5,4,1,1,1,0.29313
101,1,0,6,3,0,44,8,6,8,6,4,2,2,1,0.42124
101,1,0,6,3,0,45,3,6,6,4,4,1,1,1,0.50278
101,1,0,6,3,0,46,8,6,8,6,4,2,2,1,0.42968
101,1,0,6,3,0,47,12,6,8,8,4,2,2,1,0.34631
101,1,0,6,3,0,48,8,6,8,6,4,2,2,1,0.34571
101,1,0,6,3,0,49,10,6,8,7,4,2,2,1,0.35481
101,1,0,6,3,0,50,5,6,6,5,4,1,2,0,0.91879
101,1,0,6,3,0,51,3,6,6,4,4,1,1,1,0.39211
101,1,0,6,3,0,52,12,6,8,8,4,2,2,1,0.37176
101,1,0,6,3,0,53,5,6,6,5,4,1,1,1,0.30984
101,1,0,6,3,0,54,10,6,8,7,4,2,2,1,0.3725
101,1,0,6,3,0,55,8,6,8,6,4,2,2,1,0.48035
101,1,0,6,3,0,56,10,6,8,7,4,2,2,1,0.31967
101,1,0,6,3,0,57,10,6,8,7,4,2,2,1,0.377
101,1,0,6,3,0,58,5,6,6,5,4,1,1,1,1.0771
101,1,0,6,3,0,59,3,6,6,4,4,1,1,1,0.43573
101,1,0,6,3,0,60,3,6,6,4,4,1,1,1,0.3762
101,1,0,6,3,0,61,8,6,8,6,4,2,2,1,0.54483
101,1,0,6,3,0,62,1,6,6,3,4,1,1,1,0.5666
101,1,0,6,3,0,63,1,6,6,3,4,1,1,1,0.33939
101,1,0,6,3,0,64,1,6,6,3,4,1,1,1,0.39738
101,1,0,6,3,0,65,8,6,8,6,4,2,2,1,0.3688
101,1,0,6,3,0,66,10,6,8,7,4,2,2,1,0.34633
101,1,0,6,3,0,67,1,6,6,3,4,1,1,1,0.36943
101,1,0,6,3,0,68,8,6,8,6,4,2,2,1,0.3796
101,1,0,6,3,0,69,1,6,6,3,4,1,1,1,0.32503
101,1,0,6,3,0,70,10,6,8,7,4,2,2,1,0.39693
101,1,0,6,3,0,71,1,6,6,3,4,1,1,1,0.33156
101,1,0,6,3,0,72,10,6,8,7,4,2,2,1,0.30926
101,1,0,6,3,0,73,1,6,6,3,4,1,1,1,0.50296
101,1,0,6,3,0,74,10,6,8,7,4,2,2,1,0.50768
101,1,0,6,3,0,75,12,6,8,8,4,2,2,1,0.409
101,1,0,6,3,0,76,3,6,6,4,4,1,1,1,0.44196
101,1,0,6,3,0,77,3,6,6,4,4,1,1,1,0.50891
101,1,0,6,3,0,78,5,6,6,5,4,1,1,1,0.68346
101,1,0,6,3,0,79,12,6,8,8,4,2,2,1,0.59224
101,1,0,6,3,0,80,10,6,8,7,4,2,2,1,0.39169
101,1,0,6,3,0,81,10,6,8,7,4,2,2,1,0.32772
101,1,0,6,3,0,82,5,6,6,5,4,1,1,1,0.5777
101,1,0,6,3,0,83,8,6,8,6,4,2,2,1,0.66436
101,1,0,6,3,0,84,3,6,6,4,4,1,1,1,0.42261
101,1,0,6,3,0,85,10,6,8,7,4,2,2,1,0.29199
101,1,0,6,3,0,86,10,6,8,7,4,2,2,1,0.34963
101,1,0,6,3,0,87,12,6,8,8,4,2,2,1,0.31196
101,1,0,6,3,0,88,5,6,6,5,4,1,1,1,0.40021
101,1,0,6,3,0,89,1,6,6,3,4,1,1,1,0.43467
101,1,0,6,3,0,90,8,6,8,6,4,2,2,1,0.48476
101,1,0,6,3,0,91,3,6,6,4,4,1,1,1,0.38618
101,1,0,6,3,0,92,1,6,6,3,4,1,1,1,0.35166
101,1,0,6,3,0,93,3,6,6,4,4,1,1,1,0.31166
101,1,0,6,3,0,94,3,6,6,4,4,1,1,1,0.29398
101,1,0,6,3,0,95,12,6,8,8,4,2,2,1,0.38003
101,1,0,6,3,0,96,5,6,6,5,4,1,1,1,1.358
101,1,0,6,3,0,97,8,6,8,6,4,2,2,1,0.47554
101,1,0,6,3,0,98,10,6,8,7,4,2,2,1,0.38828
101,1,0,6,3,0,99,5,6,6,5,4,1,1,1,0.66266
101,1,0,6,3,0,100,10,6,8,7,4,2,2,1,0.40144
101,1,0,6,3,0,101,8,6,8,6,4,2,2,1,0.55651
101,1,0,6,3,0,102,3,6,6,4,4,1,1,1,0.45976
101,1,0,6,3,0,103,10,6,8,7,4,2,2,1,0.32553
101,1,0,6,3,0,104,8,6,8,6,4,2,2,1,0.35214
101,1,0,6,3,0,105,5,6,6,5,4,1,1,1,0.44642
101,1,0,6,3,0,106,10,6,8,7,4,2,2,1,0.33519
101,1,0,6,3,0,107,1,6,6,3,4,1,1,1,0.36946
101,1,0,6,3,0,108,5,6,6,5,4,1,1,1,0.57462
101,1,0,6,3,0,109,3,6,6,4,4,1,1,1,0.43858
101,1,0,6,3,0,110,3,6,6,4,4,1,1,1,0.32498
101,1,0,6,3,0,111,8,6,8,6,4,2,2,1,0.45798
101,1,0,6,3,0,112,12,6,8,8,4,2,2,1,0.36475
101,1,0,6,3,0,113,1,6,6,3,4,1,1,1,0.56972
101,1,0,6,3,0,114,1,6,6,3,4,1,1,1,0.36109
101,1,0,6,3,0,115,8,6,8,6,4,2,2,1,0.3906
101,1,0,6,3,0,116,12,6,8,8,4,2,2,1,0.34942
101,1,0,6,3,0,117,1,6,6,3,4,1,1,1,0.31681
101,1,0,6,3,0,118,12,6,8,8,4,2,2,1,0.28782
101,1,0,6,3,0,119,8,6,8,6,4,2,2,1,0.67116
101,1,0,6,3,0,120,12,6,8,8,4,2,2,1,0.38162
101,1,0,6,1,1,1,7,6,6,6,4,2,2,1,0.69537
101,1,0,6,1,1,2,9,6,6,7,4,2,2,1,0.356
101,1,0,6,1,1,3,7,6,6,6,4,2,2,1,0.5833
101,1,0,6,1,1,4,11,6,6,8,4,2,2,1,0.18607
101,1,0,6,1,1,5,11,6,6,8,4,2,2,1,0.47363
101,1,0,6,1,1,6,11,6,6,8,4,2,2,1,0.46602
101,1,0,6,1,1,7,9,6,6,7,4,2,2,1,0.31927
101,1,0,6,1,1,8,5,6,6,5,4,1,1,1,0.68905
101,1,0,6,1,1,9,1,6,6,3,4,1,1,1,0.49849
101,1,0,6,1,1,10,5,6,6,5,4,1,1,1,0.3862
101,1,0,6,1,1,11,7,6,6,6,4,2,2,1,0.60304
101,1,0,6,1,1,12,1,6,6,3,4,1,1,1,0.45477
101,1,0,6,1,1,13,7,6,6,6,4,2,2,1,0.42102
101,1,0,6,1,1,14,11,6,6,8,4,2,2,1,0.34096
101,1,0,6,1,1,15,9,6,6,7,4,2,2,1,0.2966
101,1,0,6,1,1,16,1,6,6,3,4,1,1,1,0.45627
101,1,0,6,1,1,17,3,6,6,4,4,1,1,1,0.39969
101,1,0,6,1,1,18,3,6,6,4,4,1,1,1,0.41361
101,1,0,6,1,1,19,5,6,6,5,4,1,1,1,0.44308
101,1,0,6,1,1,20,3,6,6,4,4,1,1,1,0.38382
101,1,0,6,1,1,21,9,6,6,7,4,2,2,1,0.31099
101,1,0,6,1,1,22,1,6,6,3,4,1,1,1,0.6637
101,1,0,6,1,1,23,5,6,6,5,4,1,1,1,0.79425
101,1,0,6,1,1,24,3,6,6,4,4,1,1,1,0.35599
101,1,0,6,1,0,1,3,6,6,4,4,1,1,1,0.46909
101,1,0,6,1,0,2,11,6,6,8,4,2,2,1,0.34528
101,1,0,6,1,0,3,11,6,6,8,4,2,2,1,0.36694
101,1,0,6,1,0,4,3,6,6,4,4,1,1,1,0.32757
101,1,0,6,1,0,5,1,6,6,3,4,1,1,1,0.34959
101,1,0,6,1,0,6,7,6,6,6,4,2,2,1,0.30982
101,1,0,6,1,0,7,11,6,6,8,4,2,2,1,0.3791
101,1,0,6,1,0,8,9,6,6,7,4,2,2,1,0.31281
101,1,0,6,1,0,9,7,6,6,6,4,2,2,1,0.4527
101,1,0,6,1,0,10,5,6,6,5,4,1,1,1,1.003
101,1,0,6,1,0,11,11,6,6,8,4,2,2,1,0.33423
101,1,0,6,1,0,12,11,6,6,8,4,2,2,1,0.35374
101,1,0,6,1,0,13,3,6,6,4,4,1,1,1,0.46457
101,1,0,6,1,0,14,1,6,6,3,4,1,1,1,0.50571
101,1,0,6,1,0,15,9,6,6,7,4,2,2,1,0.7325
101,1,0,6,1,0,16,1,6,6,3,4,1,1,1,0.44701
101,1,0,6,1,0,17,9,6,6,7,4,2,2,1,0.39992
101,1,0,6,1,0,18,5,6,6,5,4,1,1,1,0.53352
101,1,0,6,1,0,19,1,6,6,3,4,1,1,1,0.43992
101,1,0,6,1,0,20,3,6,6,4,4,1,1,1,0.45689
101,1,0,6,1,0,21,5,6,6,5,4,1,1,1,0.56137
101,1,0,6,1,0,22,5,6,6,5,4,1,1,1,0.40416
101,1,0,6,1,0,23,11,6,6,8,4,2,2,1,0.35962
101,1,0,6,1,0,24,3,6,6,4,4,1,1,1,0.4157
101,1,0,6,1,0,25,3,6,6,4,4,1,1,1,0.74119
101,1,0,6,1,0,26,5,6,6,5,4,1,1,1,0.49291
101,1,0,6,1,0,27,11,6,6,8,4,2,2,1,0.48115
101,1,0,6,1,0,28,11,6,6,8,4,2,2,1,0.36215
101,1,0,6,1,0,29,9,6,6,7,4,2,2,1,0.35272
101,1,0,6,1,0,30,3,6,6,4,4,1,1,1,0.35973
101,1,0,6,1,0,31,9,6,6,7,4,2,2,1,0.33734
101,1,0,6,1,0,32,11,6,6,8,4,2,2,1,0.45355
101,1,0,6,1,0,33,9,6,6,7,4,2,2,1,0.3369
101,1,0,6,1,0,34,3,6,6,4,4,1,1,1,0.44055
101,1,0,6,1,0,35,5,6,6,5,4,1,1,1,0.4674
101,1,0,6,1,0,36,1,6,6,3,4,1,1,1,0.47446
101,1,0,6,1,0,37,7,6,6,6,4,2,2,1,0.43608
101,1,0,6,1,0,38,3,6,6,4,4,1,1,1,0.48019
101,1,0,6,1,0,39,3,6,6,4,4,1,1,1,0.37655
101,1,0,6,1,0,40,9,6,6,7,4,2,2,1,0.32378
101,1,0,6,1,0,41,5,6,6,5,4,1,1,1,0.32852
101,1,0,6,1,0,42,3,6,6,4,4,1,1,1,0.33993
101,1,0,6,1,0,43,7,6,6,6,4,2,2,1,0.50753
101,1,0,6,1,0,44,11,6,6,8,4,2,2,1,0.32214
101,1,0,6,1,0,45,7,6,6,6,4,2,2,1,0.33016
101,1,0,6,1,0,46,7,6,6,6,4,2,2,1,0.33065
101,1,0,6,1,0,47,1,6,6,3,4,1,1,1,0.41764
101,1,0,6,1,0,48,3,6,6,4,4,1,1,1,0.42302
101,1,0,6,1,0,49,7,6,6,6,4,2,2,1,0.40544
101,1,0,6,1,0,50,7,6,6,6,4,2,2,1,0.40039
101,1,0,6,1,0,51,5,6,6,5,4,1,1,1,0.46085
101,1,0,6,1,0,52,3,6,6,4,4,1,1,1,0.41843
101,1,0,6,1,0,53,7,6,6,6,4,2,2,1,0.40498
101,1,0,6,1,0,54,5,6,6,5,4,1,1,1,0.46344
101,1,0,6,1,0,55,5,6,6,5,4,1,1,1,0.4404
101,1,0,6,1,0,56,5,6,6,5,4,1,1,1,0.34267
101,1,0,6,1,0,57,11,6,6,8,4,2,2,1,0.37475
101,1,0,6,1,0,58,9,6,6,7,4,2,2,1,0.48468
101,1,0,6,1,0,59,1,6,6,3,4,1,1,1,0.37885
101,1,0,6,1,0,60,1,6,6,3,4,1,1,1,0.42281
101,1,0,6,1,0,61,5,6,6,5,4,1,1,1,0.40025
101,1,0,6,1,0,62,1,6,6,3,4,1,1,1,0.33464
101,1,0,6,1,0,63,9,6,6,7,4,2,2,1,0.37114
101,1,0,6,1,0,64,3,6,6,4,4,1,1,1,0.42568
101,1,0,6,1,0,65,5,6,6,5,4,1,1,1,0.58928
101,1,0,6,1,0,66,3,6,6,4,4,1,1,1,0.31464
101,1,0,6,1,0,67,1,6,6,3,4,1,1,1,0.40376
101,1,0,6,1,0,68,1,6,6,3,4,1,1,1,0.30524
101,1,0,6,1,0,69,5,6,6,5,4,1,1,1,0.44855
101,1,0,6,1,0,70,5,6,6,5,4,1,1,1,0.45847
101,1,0,6,1,0,71,11,6,6,8,4,2,2,1,0.40491
101,1,0,6,1,0,72,9,6,6,7,4,2,2,1,0.32488
101,1,0,6,1,0,73,1,6,6,3,4,1,1,1,0.49085
101,1,0,6,1,0,74,1,6,6,3,4,1,1,1,0.60669
101,1,0,6,1,0,75,3,6,6,4,4,1,1,1,0.3055
101,1,0,6,1,0,76,11,6,6,8,4,2,2,1,0.64391
101,1,0,6,1,0,77,1,6,6,3,4,1,1,1,0.38986
101,1,0,6,1,0,78,7,6,6,6,4,2,2,1,0.48954
101,1,0,6,1,0,79,7,6,6,6,4,2,2,1,1.0087
101,1,0,6,1,0,80,7,6,6,6,4,2,2,1,0.3181
101,1,0,6,1,0,81,7,6,6,6,4,2,2,1,0.29601
101,1,0,6,1,0,82,1,6,6,3,4,1,2,0,0.29941
101,1,0,6,1,0,83,3,6,6,4,4,1,1,1,0.45268
101,1,0,6,1,0,84,1,6,6,3,4,1,1,1,0.38596
101,1,0,6,1,0,85,9,6,6,7,4,2,2,1,0.4256
101,1,0,6,1,0,86,5,6,6,5,4,1,1,1,0.89108
101,1,0,6,1,0,87,5,6,6,5,4,1,1,1,0.55582
101,1,0,6,1,0,88,3,6,6,4,4,1,1,1,0.32756
101,1,0,6,1,0,89,1,6,6,3,4,1,1,1,0.56211
101,1,0,6,1,0,90,9,6,6,7,4,2,2,1,0.40298
101,1,0,6,1,0,91,9,6,6,7,4,2,2,1,0.36868
101,1,0,6,1,0,92,7,6,6,6,4,2,2,1,0.53897
101,1,0,6,1,0,93,7,6,6,6,4,2,2,1,0.32355
101,1,0,6,1,0,94,11,6,6,8,4,2,2,1,0.28976
101,1,0,6,1,0,95,11,6,6,8,4,2,2,1,0.31729
101,1,0,6,1,0,96,7,6,6,6,4,2,2,1,0.38531
101,1,0,6,1,0,97,11,6,6,8,4,2,2,1,0.66537
101,1,0,6,1,0,98,1,6,6,3,4,1,1,1,0.37041
101,1,0,6,1,0,99,7,6,6,6,4,2,2,1,0.60088
101,1,0,6,1,0,100,5,6,6,5,4,1,1,1,0.70054
101,1,0,6,1,0,101,5,6,6,5,4,1,1,1,0.49093
101,1,0,6,1,0,102,11,6,6,8,4,2,2,1,0.44212
101,1,0,6,1,0,103,9,6,6,7,4,2,2,1,0.35151
101,1,0,6,1,0,104,1,6,6,3,4,1,1,1,0.42234
101,1,0,6,1,0,105,7,6,6,6,4,2,2,1,0.63534
101,1,0,6,1,0,106,3,6,6,4,4,1,1,1,0.39595
101,1,0,6,1,0,107,5,6,6,5,4,1,1,1,0.56025
101,1,0,6,1,0,108,11,6,6,8,4,2,2,1,0.43398
101,1,0,6,1,0,109,9,6,6,7,4,2,2,1,0.32023
101,1,0,6,1,0,110,9,6,6,7,4,2,2,1,0.67772
101,1,0,6,1,0,111,7,6,6,6,4,2,2,1,0.49216
101,1,0,6,1,0,112,7,6,6,6,4,2,2,1,0.4071
101,1,0,6,1,0,113,9,6,6,7,4,2,2,1,0.32441
101,1,0,6,1,0,114,11,6,6,8,4,2,2,1,0.30593
101,1,0,6,1,0,115,9,6,6,7,4,2,2,1,0.44459
101,1,0,6,1,0,116,9,6,6,7,4,2,2,1,0.30986
101,1,0,6,1,0,117,11,6,6,8,4,2,2,1,0.41289
101,1,0,6,1,0,118,3,6,6,4,4,1,1,1,0.34519
101,1,0,6,1,0,119,9,6,6,7,4,2,2,1,0.30879
101,1,0,6,1,0,120,1,6,6,3,4,1,1,1,0.39489
101,1,0,6,2,1,1,2,6,8,3,4,1,1,1,0.32753
101,1,0,6,2,1,2,4,6,8,4,4,1,1,1,0.29808
101,1,0,6,2,1,3,12,6,8,8,4,2,2,1,0.3846
101,1,0,6,2,1,4,2,6,8,3,4,1,1,1,0.44232
101,1,0,6,2,1,5,4,6,8,4,4,1,1,1,0.50811
101,1,0,6,2,1,6,4,6,8,4,4,1,1,1,0.47909
101,1,0,6,2,1,7,8,6,8,6,4,2,2,1,0.47536
101,1,0,6,2,1,8,2,6,8,3,4,1,1,1,0.58322
101,1,0,6,2,1,9,10,6,8,7,4,2,2,1,0.40827
101,1,0,6,2,1,10,6,6,8,5,4,1,1,1,0.3677
101,1,0,6,2,1,11,12,6,8,8,4,2,2,1,0.37525
101,1,0,6,2,1,12,6,6,8,5,4,1,1,1,0.46573
101,1,0,6,2,1,13,12,6,8,8,4,2,2,1,0.39583
101,1,0,6,2,1,14,2,6,8,3,4,1,1,1,0.39602
101,1,0,6,2,1,15,8,6,8,6,4,2,2,1,0.45707
101,1,0,6,2,1,16,6,6,8,5,4,1,1,1,0.5893
101,1,0,6,2,1,17,8,6,8,6,4,2,2,1,1.1414
101,1,0,6,2,1,18,10,6,8,7,4,2,2,1,0.4734
101,1,0,6,2,1,19,8,6,8,6,4,2,2,1,0.50964
101,1,0,6,2,1,20,4,6,8,4,4,1,1,1,0.46526
101,1,0,6,2,1,21,10,6,8,7,4,2,2,1,0.39102
101,1,0,6,2,1,22,6,6,8,5,4,1,1,1,0.56423
101,1,0,6,2,1,23,10,6,8,7,4,2,2,1,0.39807
101,1,0,6,2,1,24,12,6,8,8,4,2,2,1,0.42976
101,1,0,6,2,0,1,2,6,8,3,4,1,1,1,0.65107
101,1,0,6,2,0,2,8,6,8,6,4,2,2,1,0.49839
101,1,0,6,2,0,3,2,6,8,3,4,1,1,1,0.57035
101,1,0,6,2,0,4,8,6,8,6,4,2,2,1,0.34425
101,1,0,6,2,0,5,8,6,8,6,4,2,2,1,0.40046
101,1,0,6,2,0,6,4,6,8,4,4,1,1,1,0.43491
101,1,0,6,2,0,7,4,6,8,4,4,1,1,1,0.38218
101,1,0,6,2,0,8,10,6,8,7,4,2,2,1,0.35354
101,1,0,6,2,0,9,6,6,8,5,4,1,1,1,0.79796
101,1,0,6,2,0,10,10,6,8,7,4,2,2,1,0.3607
101,1,0,6,2,0,11,2,6,8,3,4,1,1,1,0.63578
101,1,0,6,2,0,12,2,6,8,3,4,1,1,1,0.39966
101,1,0,6,2,0,13,10,6,8,7,4,2,2,1,0.35202
101,1,0,6,2,0,14,12,6,8,8,4,2,2,1,0.45957
101,1,0,6,2,0,15,2,6,8,3,4,1,1,1,0.42268
101,1,0,6,2,0,16,10,6,8,7,4,2,2,1,0.3723
101,1,0,6,2,0,17,6,6,8,5,4,1,1,1,0.4153
101,1,0,6,2,0,18,4,6,8,4,4,1,1,1,0.37382
101,1,0,6,2,0,19,4,6,8,4,4,1,1,1,0.37565
101,1,0,6,2,0,20,6,6,8,5,4,1,1,1,0.36503
101,1,0,6,2,0,21,2,6,8,3,4,1,1,1,0.30143
101,1,0,6,2,0,22,10,6,8,7,4,2,2,1,0.40313
101,1,0,6,2,0,23,12,6,8,8,4,2,2,1,0.32453
101,1,0,6,2,0,24,8,6,8,6,4,2,2,1,0.3438
101,1,0,6,2,0,25,10,6,8,7,4,2,2,1,0.42702
101,1,0,6,2,0,26,12,6,8,8,4,2,2,1,0.37276
101,1,0,6,2,0,27,8,6,8,6,4,2,2,1,0.48726
101,1,0,6,2,0,28,4,6,8,4,4,1,1,1,0.87048
101,1,0,6,2,0,29,4,6,8,4,4,1,1,1,0.38413
101,1,0,6,2,0,30,6,6,8,5,4,1,1,1,0.46716
101,1,0,6,2,0,31,8,6,8,6,4,2,2,1,0.34709
101,1,0,6,2,0,32,10,6,8,7,4,2,2,1,0.33244
101,1,0,6,2,0,33,6,6,8,5,4,1,1,1,0.74728
101,1,0,6,2,0,34,12,6,8,8,4,2,2,1,0.31585
101,1,0,6,2,0,35,10,6,8,7,4,2,2,1,0.35087
101,1,0,6,2,0,36,10,6,8,7,4,2,2,1,0.35152
101,1,0,6,2,0,37,8,6,8,6,4,2,2,1,0.69187
101,1,0,6,2,0,38,10,6,8,7,4,2,2,1,0.25917
101,1,0,6,2,0,39,4,6,8,4,4,1,1,1,0.43282
101,1,0,6,2,0,40,4,6,8,4,4,1,1,1,0.45366
101,1,0,6,2,0,41,4,6,8,4,4,1,1,1,0.37013
101,1,0,6,2,0,42,8,6,8,6,4,2,2,1,0.6421
101,1,0,6,2,0,43,12,6,8,8,4,2,2,1,0.39874
101,1,0,6,2,0,44,2,6,8,3,4,1,1,1,0.46594
101,1,0,6,2,0,45,12,6,8,8,4,2,2,1,0.43646
101,1,0,6,2,0,46,4,6,8,4,4,1,1,1,0.44067
101,1,0,6,2,0,47,2,6,8,3,4,1,1,1,0.41575
101,1,0,6,2,0,48,6,6,8,5,4,1,1,1,0.33738
101,1,0,6,2,0,49,10,6,8,7,4,2,2,1,0.3865
101,1,0,6,2,0,50,6,6,8,5,4,1,1,1,0.49875
101,1,0,6,2,0,51,8,6,8,6,4,2,2,1,0.68466
101,1,0,6,2,0,52,2,6,8,3,4,1,1,1,0.4148
101,1,0,6,2,0,53,12,6,8,8,4,2,2,1,0.51236
101,1,0,6,2,0,54,6,6,8,5,4,1,1,1,0.51401
101,1,0,6,2,0,55,10,6,8,7,4,2,2,1,0.41738
101,1,0,6,2,0,56,12,6,8,8,4,2,2,1,0.37956
101,1,0,6,2,0,57,8,6,8,6,4,2,2,1,0.3339
101,1,0,6,2,0,58,6,6,8,5,4,1,1,1,0.81346
101,1,0,6,2,0,59,4,6,8,4,4,1,1,1,0.37074
101,1,0,6,2,0,60,2,6,8,3,4,1,1,1,0.34771
101,1,0,6,2,0,61,2,6,8,3,4,1,1,1,0.33169
101,1,0,6,2,0,62,8,6,8,6,4,2,2,1,0.39103
101,1,0,6,2,0,63,8,6,8,6,4,2,2,1,0.37042
101,1,0,6,2,0,64,2,6,8,3,4,1,1,1,0.38901
101,1,0,6,2,0,65,4,6,8,4,4,1,1,1,0.64625
101,1,0,6,2,0,66,8,6,8,6,4,2,2,1,0.40274
101,1,0,6,2,0,67,4,6,8,4,4,1,1,1,0.39178
101,1,0,6,2,0,68,8,6,8,6,4,2,2,1,0.77462
101,1,0,6,2,0,69,8,6,8,6,4,2,2,1,0.44345
101,1,0,6,2,0,70,6,6,8,5,4,1,1,1,0.62174
101,1,0,6,2,0,71,12,6,8,8,4,2,2,1,0.31022
101,1,0,6,2,0,72,10,6,8,7,4,2,2,1,0.30447
101,1,0,6,2,0,73,12,6,8,8,4,2,2,1,0.37755
101,1,0,6,2,0,74,6,6,8,5,4,1,1,1,0.75138
101,1,0,6,2,0,75,12,6,8,8,4,2,2,1,0.36314
101,1,0,6,2,0,76,2,6,8,3,4,1,1,1,0.35726
101,1,0,6,2,0,77,8,6,8,6,4,2,2,1,0.43575
101,1,0,6,2,0,78,12,6,8,8,4,2,2,1,0.47966
101,1,0,6,2,0,79,6,6,8,5,4,1,2,0,0.53774
101,1,0,6,2,0,80,4,6,8,4,4,1,1,1,0.62518
101,1,0,6,2,0,81,6,6,8,5,4,1,1,1,0.4158
101,1,0,6,2,0,82,6,6,8,5,4,1,1,1,0.54943
101,1,0,6,2,0,83,8,6,8,6,4,2,2,1,0.34881
101,1,0,6,2,0,84,4,6,8,4,4,1,1,1,0.74985
101,1,0,6,2,0,85,10,6,8,7,4,2,2,1,0.46031
101,1,0,6,2,0,86,4,6,8,4,4,1,1,1,0.58862
101,1,0,6,2,0,87,10,6,8,7,4,2,2,1,0.7703
101,1,0,6,2,0,88,2,6,8,3,4,1,1,1,0.6532
101,1,0,6,2,0,89,2,6,8,3,4,1,1,1,0.41406
101,1,0,6,2,0,90,8,6,8,6,4,2,2,1,0.38543
101,1,0,6,2,0,91,12,6,8,8,4,2,2,1,0.35426
101,1,0,6,2,0,92,10,6,8,7,4,2,2,1,0.33104
101,1,0,6,2,0,93,6,6,8,5,4,1,1,1,0.5187
101,1,0,6,2,0,94,2,6,8,3,4,1,1,1,0.35044
101,1,0,6,2,0,95,4,6,8,4,4,1,1,1,0.49156
101,1,0,6,2,0,96,12,6,8,8,4,2,2,1,0.43543
101,1,0,6,2,0,97,10,6,8,7,4,2,2,1,0.41441
101,1,0,6,2,0,98,12,6,8,8,4,2,2,1,0.34805
101,1,0,6,2,0,99,12,6,8,8,4,2,2,1,0.37162
101,1,0,6,2,0,100,6,6,8,5,4,1,1,1,0.48169
101,1,0,6,2,0,101,2,6,8,3,4,1,1,1,0.42804
101,1,0,6,2,0,102,6,6,8,5,4,1,1,1,0.35233
101,1,0,6,2,0,103,2,6,8,3,4,1,1,1,0.37539
101,1,0,6,2,0,104,2,6,8,3,4,1,1,1,0.51298
101,1,0,6,2,0,105,10,6,8,7,4,2,2,1,0.41695
101,1,0,6,2,0,106,6,6,8,5,4,1,1,1,0.53784
101,1,0,6,2,0,107,8,6,8,6,4,2,2,1,0.43525
101,1,0,6,2,0,108,4,6,8,4,4,1,1,1,0.37932
101,1,0,6,2,0,109,10,6,8,7,4,2,2,1,0.33126
101,1,0,6,2,0,110,12,6,8,8,4,2,2,1,0.41498
101,1,0,6,2,0,111,8,6,8,6,4,2,2,1,0.78095
101,1,0,6,2,0,112,12,6,8,8,4,2,2,1,0.39337
101,1,0,6,2,0,113,10,6,8,7,4,2,2,1,0.34741
101,1,0,6,2,0,114,2,6,8,3,4,1,1,1,0.55229
101,1,0,6,2,0,115,4,6,8,4,4,1,1,1,0.65725
101,1,0,6,2,0,116,6,6,8,5,4,1,1,1,0.85717
101,1,0,6,2,0,117,12,6,8,8,4,2,2,1,0.36954
101,1,0,6,2,0,118,6,6,8,5,4,1,1,1,0.44491
101,1,0,6,2,0,119,12,6,8,8,4,2,2,1,0.53703
101,1,0,6,2,0,120,4,6,8,4,4,1,1,1,0.44919
101,1,0,6,5,1,1,12,6,8,8,4,2,2,1,0.34432
101,1,0,6,5,1,2,10,6,8,7,4,2,2,1,0.36955
101,1,0,6,5,1,3,6,6,8,5,4,1,1,1,0.4787
101,1,0,6,5,1,4,3,6,6,4,4,1,1,1,0.37583
101,1,0,6,5,1,5,7,6,6,6,4,2,2,1,0.45324
101,1,0,6,5,1,6,8,6,8,6,4,2,2,1,0.56443
101,1,0,6,5,1,7,1,6,6,3,4,1,1,1,0.50426
101,1,0,6,5,1,8,2,6,8,3,4,1,1,1,0.61619
101,1,0,6,5,1,9,9,6,6,7,4,2,2,1,0.45753
101,1,0,6,5,1,10,9,6,6,7,4,2,2,1,0.4252
101,1,0,6,5,1,11,5,6,6,5,4,1,1,1,0.52441
101,1,0,6,5,1,12,2,6,8,3,4,1,1,1,0.42905
101,1,0,6,5,1,13,7,6,6,6,4,2,2,1,0.39919
101,1,0,6,5,1,14,1,6,6,3,4,1,1,1,0.62647
101,1,0,6,5,1,15,12,6,8,8,4,2,2,1,0.33421
101,1,0,6,5,1,16,4,6,8,4,4,1,1,1,0.43913
101,1,0,6,5,1,17,3,6,6,4,4,1,1,1,0.30741
101,1,0,6,5,1,18,10,6,8,7,4,2,2,1,0.3257
101,1,0,6,5,1,19,5,6,6,5,4,1,1,1,0.37968
101,1,0,6,5,1,20,6,6,8,5,4,1,1,1,0.41732
101,1,0,6,5,1,21,8,6,8,6,4,2,2,1,0.53588
101,1,0,6,5,1,22,11,6,6,8,4,2,2,1,0.4119
101,1,0,6,5,1,23,11,6,6,8,4,2,2,1,0.35619
101,1,0,6,5,1,24,4,6,8,4,4,1,2,0,0.23168
101,1,0,6,5,0,1,6,6,8,5,4,1,1,1,0.7298
101,1,0,6,5,0,2,3,6,6,4,4,1,1,1,0.50316
101,1,0,6,5,0,3,4,6,8,4,4,1,1,1,0.32246
101,1,0,6,5,0,4,3,6,6,4,4,1,1,1,0.34282
101,1,0,6,5,0,5,1,6,6,3,4,1,1,1,0.48621
101,1,0,6,5,0,6,2,6,8,3,4,1,1,1,0.33479
101,1,0,6,5,0,7,6,6,8,5,4,1,1,1,0.59288
101,1,0,6,5,0,8,12,6,8,8,4,2,2,1,0.89313
101,1,0,6,5,0,9,10,6,8,7,4,2,2,1,0.44843
101,1,0,6,5,0,10,5,6,6,5,4,1,1,1,0.94805
101,1,0,6,5,0,11,3,6,6,4,4,1,1,1,0.46742
101,1,0,6,5,0,12,5,6,6,5,4,1,1,1,0.46215
101,1,0,6,5,0,13,10,6,8,7,4,2,2,1,0.31738
101,1,0,6,5,0,14,8,6,8,6,4,2,2,1,0.46897
101,1,0,6,5,0,15,4,6,8,4,4,1,1,1,0.40434
101,1,0,6,5,0,16,9,6,6,7,4,2,2,1,0.38282
101,1,0,6,5,0,17,10,6,8,7,4,2,2,1,0.34642
101,1,0,6,5,0,18,6,6,8,5,4,1,1,1,0.38396
101,1,0,6,5,0,19,8,6,8,6,4,2,2,1,0.51583
101,1,0,6,5,0,20,2,6,8,3,4,1,1,1,0.46656
101,1,0,6,5,0,21,9,6,6,7,4,2,2,1,0.35741
101,1,0,6,5,0,22,3,6,6,4,4,1,1,1,0.45356
101,1,0,6,5,0,23,8,6,8,6,4,2,2,1,0.39768
101,1,0,6,5,0,24,12,6,8,8,4,2,2,1,0.3672
101,1,0,6,5,0,25,12,6,8,8,4,2,2,1,0.31982
101,1,0,6,5,0,26,5,6,6,5,4,1,1,1,0.46367
101,1,0,6,5,0,27,11,6,6,8,4,2,2,1,0.30643
101,1,0,6,5,0,28,6,6,8,5,4,1,1,1,0.39951
101,1,0,6,5,0,29,6,6,8,5,4,1,1,1,0.57218
101,1,0,6,5,0,30,9,6,6,7,4,2,2,1,0.42325
101,1,0,6,5,0,31,12,6,8,8,4,2,2,1,0.59588
101,1,0,6,5,0,32,11,6,6,8,4,2,2,1,0.35672
101,1,0,6,5,0,33,9,6,6,7,4,2,2,1,0.37395
101,1,0,6,5,0,34,11,6,6,8,4,2,2,1,0.397
101,1,0,6,5,0,35,7,6,6,6,4,2,2,1,0.78015
101,1,0,6,5,0,36,1,6,6,3,4,1,1,1,0.43725
101,1,0,6,5,0,37,9,6,6,7,4,2,2,1,0.42281
101,1,0,6,5,0,38,9,6,6,7,4,2,2,1,0.31007
101,1,0,6,5,0,39,8,6,8,6,4,2,2,1,0.32587
101,1,0,6,5,0,40,10,6,8,7,4,2,2,1,0.32089
101,1,0,6,5,0,41,7,6,6,6,4,2,2,1,0.48826
101,1,0,6,5,0,42,2,6,8,3,4,1,1,1,0.41779
101,1,0,6,5,0,43,4,6,8,4,4,1,1,1,0.69677
101,1,0,6,5,0,44,2,6,8,3,4,1,1,1,0.41821
101,1,0,6,5,0,45,10,6,8,7,4,2,2,1,0.52067
101,1,0,6,5,0,46,6,6,8,5,4,1,1,1,0.59426
101,1,0,6,5,0,47,11,6,6,8,4,2,2,1,0.44002
101,1,0,6,5,0,48,11,6,6,8,4,2,2,1,0.43424
101,1,0,6,5,0,49,4,6,8,4,4,1,1,1,0.59979
101,1,0,6,5,0,50,7,6,6,6,4,2,2,1,0.4341
101,1,0,6,5,0,51,5,6,6,5,4,1,1,1,0.46921
101,1,0,6,5,0,52,1,6,6,3,4,1,1,1,0.46738
101,1,0,6,5,0,53,12,6,8,8,4,2,2,1,0.57698
101,1,0,6,5,0,54,2,6,8,3,4,1,1,1,0.38369
101,1,0,6,5,0,55,1,6,6,3,4,1,1,1,0.3707
101,1,0,6,5,0,56,6,6,8,5,4,1,1,1,0.35002
101,1,0,6,5,0,57,8,6,8,6,4,2,2,1,0.49667
101,1,0,6,5,0,58,10,6,8,7,4,2,2,1,0.34158
101,1,0,6,5,0,59,1,6,6,3,4,1,1,1,0.39293
101,1,0,6,5,0,60,1,6,6,3,4,1,1,1,0.53596
101,1,0,6,5,0,61,2,6,8,3,4,1,1,1,0.46613
101,1,0,6,5,0,62,9,6,6,7,4,2,2,1,0.35782
101,1,0,6,5,0,63,4,6,8,4,4,1,1,1,0.37398
101,1,0,6,5,0,64,12,6,8,8,4,2,2,1,0.29667
101,1,0,6,5,0,65,10,6,8,7,4,2,2,1,0.3758
101,1,0,6,5,0,66,3,6,6,4,4,1,1,1,0.51454
101,1,0,6,5,0,67,3,6,6,4,4,1,1,1,0.32205
101,1,0,6,5,0,68,6,6,8,5,4,1,1,1,0.3433
101,1,0,6,5,0,69,3,6,6,4,4,1,1,1,0.32082
101,1,0,6,5,0,70,1,6,6,3,4,1,1,1,0.36227
101,1,0,6,5,0,71,5,6,6,5,4,1,1,1,0.57597
101,1,0,6,5,0,72,11,6,6,8,4,2,2,1,0.49852
101,1,0,6,5,0,73,1,6,6,3,4,1,1,1,0.37054
101,1,0,6,5,0,74,10,6,8,7,4,2,2,1,0.38298
101,1,0,6,5,0,75,3,6,6,4,4,1,2,0,0.29957
101,1,0,6,5,0,76,5,6,6,5,4,1,1,1,0.35582
101,1,0,6,5,0,77,1,6,6,3,4,1,1,1,0.46433
101,1,0,6,5,0,78,4,6,8,4,4,1,1,1,0.33026
101,1,0,6,5,0,79,12,6,8,8,4,2,2,1,0.45941
101,1,0,6,5,0,80,4,6,8,4,4,1,1,1,0.42079
101,1,0,6,5,0,81,2,6,8,3,4,1,1,1,0.42888
101,1,0,6,5,0,82,4,6,8,4,4,1,1,1,0.50332
101,1,0,6,5,0,83,7,6,6,6,4,2,2,1,0.4502
101,1,0,6,5,0,84,6,6,8,5,4,1,1,1,0.44479
101,1,0,6,5,0,85,7,6,6,6,4,2,2,1,0.47617
101,1,0,6,5,0,86,1,6,6,3,4,1,1,1,0.63661
101,1,0,6,5,0,87,10,6,8,7,4,2,2,1,0.3215
101,1,0,6,5,0,88,4,6,8,4,4,1,1,1,0.40715
101,1,0,6,5,0,89,11,6,6,8,4,2,2,1,0.37818
101,1,0,6,5,0,90,2,6,8,3,4,1,1,1,0.52475
101,1,0,6,5,0,91,12,6,8,8,4,2,2,1,0.47367
101,1,0,6,5,0,92,5,6,6,5,4,1,1,1,0.67924
101,1,0,6,5,0,93,7,6,6,6,4,2,2,1,0.55794
101,1,0,6,5,0,94,2,6,8,3,4,1,1,1,0.41344
101,1,0,6,5,0,95,10,6,8,7,4,2,2,1,0.34734
101,1,0,6,5,0,96,5,6,6,5,4,1,1,1,0.50983
101,1,0,6,5,0,97,7,6,6,6,4,2,2,1,0.50419
101,1,0,6,5,0,98,12,6,8,8,4,2,2,1,0.35008
101,1,0,6,5,0,99,2,6,8,3,4,1,1,1,0.35392
101,1,0,6,5,0,100,12,6,8,8,4,2,2,1,0.28262
101,1,0,6,5,0,101,5,6,6,5,4,1,1,1,0.43948
101,1,0,6,5,0,102,8,6,8,6,4,2,2,1,0.68504
101,1,0,6,5,0,103,7,6,6,6,4,2,2,1,0.45738
101,1,0,6,5,0,104,8,6,8,6,4,2,2,1,0.43977
101,1,0,6,5,0,105,8,6,8,6,4,2,2,1,0.3638
101,1,0,6,5,0,106,3,6,6,4,4,1,1,1,0.34019
101,1,0,6,5,0,107,3,6,6,4,4,1,1,1,0.61435
101,1,0,6,5,0,108,11,6,6,8,4,2,2,1,0.51491
101,1,0,6,5,0,109,7,6,6,6,4,2,2,1,0.50774
101,1,0,6,5,0,110,11,6,6,8,4,2,2,1,0.31166
101,1,0,6,5,0,111,9,6,6,7,4,2,2,1,0.38544
101,1,0,6,5,0,112,5,6,6,5,4,1,1,1,0.46219
101,1,0,6,5,0,113,7,6,6,6,4,2,2,1,0.50287
101,1,0,6,5,0,114,9,6,6,7,4,2,2,1,0.36361
101,1,0,6,5,0,115,11,6,6,8,4,2,2,1,0.48291
101,1,0,6,5,0,116,9,6,6,7,4,2,2,1,0.76714
101,1,0,6,5,0,117,8,6,8,6,4,2,2,1,0.90002
101,1,0,6,5,0,118,4,6,8,4,4,1,1,1,0.39004
101,1,0,6,5,0,119,6,6,8,5,4,1,1,1,0.51665
101,1,0,6,5,0,120,8,6,8,6,4,2,2,1,0.60024
101,1,0,6,6,0,1,5,6,6,5,4,1,1,1,0.74023
101,1,0,6,6,0,2,2,6,8,3,4,1,1,1,0.40659
101,1,0,6,6,0,3,1,6,6,3,4,1,1,1,0.38428
101,1,0,6,6,0,4,9,6,6,7,4,2,2,1,0.34717
101,1,0,6,6,0,5,10,6,8,7,4,2,2,1,0.34505
101,1,0,6,6,0,6,9,6,6,7,4,2,2,1,0.38077
101,1,0,6,6,0,7,6,6,8,5,4,1,1,1,0.37279
101,1,0,6,6,0,8,5,6,6,5,4,1,1,1,0.58779
101,1,0,6,6,0,9,8,6,8,6,4,2,2,1,0.35811
101,1,0,6,6,0,10,3,6,6,4,4,1,1,1,0.33035
101,1,0,6,6,0,11,7,6,6,6,4,2,2,1,0.45147
101,1,0,6,6,0,12,12,6,8,8,4,2,2,1,0.35583
101,1,0,6,6,0,13,9,6,6,7,4,2,2,1,0.38072
101,1,0,6,6,0,14,1,6,6,3,4,1,1,1,0.41897
101,1,0,6,6,0,15,2,6,8,3,4,1,1,1,0.32814
101,1,0,6,6,0,16,4,6,8,4,4,1,1,1,0.34716
101,1,0,6,6,0,17,1,6,6,3,4,1,1,1,0.39212
101,1,0,6,6,0,18,10,6,8,7,4,2,2,1,0.39436
101,1,0,6,6,0,19,7,6,6,6,4,2,2,1,0.53807
101,1,0,6,6,0,20,1,6,6,3,4,1,1,1,0.87086
101,1,0,6,6,0,21,11,6,6,8,4,2,2,1,0.34296
101,1,0,6,6,0,22,11,6,6,8,4,2,2,1,0.39359
101,1,0,6,6,0,23,2,6,8,3,4,1,1,1,0.72714
101,1,0,6,6,0,24,2,6,8,3,4,1,1,1,0.51453
101,1,0,6,6,0,25,4,6,8,4,4,1,1,1,0.44165
101,1,0,6,6,0,26,2,6,8,3,4,1,1,1,0.34605
101,1,0,6,6,0,27,9,6,6,7,4,2,2,1,0.457
101,1,0,6,6,0,28,3,6,6,4,4,1,1,1,0.50587
101,1,0,6,6,0,29,7,6,6,6,4,2,2,1,0.3791
101,1,0,6,6,0,30,3,6,6,4,4,1,1,1,0.44694
101,1,0,6,6,0,31,11,6,6,8,4,2,2,1,0.35268
101,1,0,6,6,0,32,8,6,8,6,4,2,2,1,0.92115
101,1,0,6,6,0,33,5,6,6,5,4,1,1,1,0.90366
101,1,0,6,6,0,34,7,6,6,6,4,2,2,1,0.80518
101,1,0,6,6,0,35,4,6,8,4,4,1,1,1,0.47504
101,1,0,6,6,0,36,2,6,8,3,4,1,1,1,0.41941
101,1,0,6,6,0,37,10,6,8,7,4,2,2,1,0.33811
101,1,0,6,6,0,38,12,6,8,8,4,2,2,1,0.34169
101,1,0,6,6,0,39,6,6,8,5,4,1,1,1,1.3857
101,1,0,6,6,0,40,11,6,6,8,4,2,2,1,0.40744
101,1,0,6,6,0,41,9,6,6,7,4,2,2,1,0.378
101,1,0,6,6,0,42,12,6,8,8,4,2,2,1,0.40266
101,1,0,6,6,0,43,1,6,6,3,4,1,1,1,0.48738
101,1,0,6,6,0,44,8,6,8,6,4,2,2,1,0.4689
101,1,0,6,6,0,45,5,6,6,5,4,1,1,1,1.1995
101,1,0,6,6,0,46,3,6,6,4,4,1,1,1,0.3239
101,1,0,6,6,0,47,6,6,8,5,4,1,1,1,0.60712
101,1,0,6,6,0,48,8,6,8,6,4,2,2,1,0.46743
101,1,0,6,6,0,49,4,6,8,4,4,1,1,1,0.4562
101,1,0,6,6,0,50,1,6,6,3,4,1,1,1,0.59455
101,1,0,6,6,0,51,4,6,8,4,4,1,1,1,0.34379
101,1,0,6,6,0,52,11,6,6,8,4,2,2,1,0.43861
101,1,0,6,6,0,53,8,6,8,6,4,2,2,1,0.45013
101,1,0,6,6,0,54,7,6,6,6,4,2,2,1,0.50761
101,1,0,6,6,0,55,12,6,8,8,4,2,2,1,0.33744
101,1,0,6,6,0,56,3,6,6,4,4,1,1,1,0.4471
101,1,0,6,6,0,57,2,6,8,3,4,1,1,1,0.45908
101,1,0,6,6,0,58,11,6,6,8,4,2,2,1,0.35806
101,1,0,6,6,0,59,2,6,8,3,4,1,1,1,0.36453
101,1,0,6,6,0,60,5,6,6,5,4,1,1,1,0.97726
101,1,0,6,6,0,61,6,6,8,5,4,1,1,1,0.48488
101,1,0,6,6,0,62,3,6,6,4,4,1,1,1,0.40928
101,1,0,6,6,0,63,1,6,6,3,4,1,1,1,0.65485
101,1,0,6,6,0,64,3,6,6,4,4,1,1,1,0.45887
101,1,0,6,6,0,65,4,6,8,4,4,1,1,1,0.34302
101,1,0,6,6,0,66,4,6,8,4,4,1,1,1,0.38553
101,1,0,6,6,0,67,6,6,8,5,4,1,1,1,0.54589
101,1,0,6,6,0,68,5,6,6,5,4,1,1,1,0.48183
101,1,0,6,6,0,69,12,6,8,8,4,2,2,1,0.39984
101,1,0,6,6,0,70,8,6,8,6,4,2,2,1,0.70984
101,1,0,6,6,0,71,11,6,6,8,4,2,2,1,0.48396
101,1,0,6,6,0,72,7,6,6,6,4,2,2,1,0.4669
101,1,0,6,6,0,73,5,6,6,5,4,1,1,1,0.56247
101,1,0,6,6,0,74,6,6,8,5,4,1,1,1,0.71175
101,1,0,6,6,0,75,6,6,8,5,4,1,1,1,0.6694
101,1,0,6,6,0,76,12,6,8,8,4,2,2,1,0.41709
101,1,0,6,6,0,77,12,6,8,8,4,2,2,1,0.38495
101,1,0,6,6,0,78,1,6,6,3,4,1,1,1,0.49774
101,1,0,6,6,0,79,4,6,8,4,4,1,1,1,0.3878
101,1,0,6,6,0,80,5,6,6,5,4,1,1,1,0.39064
101,1,0,6,6,0,81,10,6,8,7,4,2,2,1,0.57016
101,1,0,6,6,0,82,1,6,6,3,4,1,1,1,0.61031
101,1,0,6,6,0,83,4,6,8,4,4,1,1,1,0.36547
101,1,0,6,6,0,84,10,6,8,7,4,2,2,1,0.41998
101,1,0,6,6,0,85,7,6,6,6,4,2,2,1,0.65412
101,1,0,6,6,0,86,11,6,6,8,4,2,2,1,0.30731
101,1,0,6,6,0,87,7,6,6,6,4,2,2,1,0.93819
101,1,0,6,6,0,88,7,6,6,6,4,2,2,1,0.35664
101,1,0,6,6,0,89,8,6,8,6,4,2,2,1,0.2891
101,1,0,6,6,0,90,6,6,8,5,4,1,1,1,0.99851
101,1,0,6,6,0,91,5,6,6,5,4,1,1,1,0.72724
101,1,0,6,6,0,92,11,6,6,8,4,2,2,1,0.31542
101,1,0,6,6,0,93,8,6,8,6,4,2,2,1,0.37777
101,1,0,6,6,0,94,3,6,6,4,4,1,1,1,0.6545
101,1,0,6,6,0,95,10,6,8,7,4,2,2,1,0.26026
101,1,0,6,6,0,96,10,6,8,7,4,2,2,1,0.32584
101,1,0,6,6,0,97,12,6,8,8,4,2,2,1,0.33449
101,1,0,6,6,0,98,8,6,8,6,4,2,2,1,0.40434
101,1,0,6,6,0,99,12,6,8,8,4,2,2,1,0.50311
101,1,0,6,6,0,100,6,6,8,5,4,1,1,1,0.93799
101,1,0,6,6,0,101,5,6,6,5,4,1,1,1,0.58684
101,1,0,6,6,0,102,4,6,8,4,4,1,1,1,0.47436
101,1,0,6,6,0,103,12,6,8,8,4,2,2,1,0.36713
101,1,0,6,6,0,104,9,6,6,7,4,2,2,1,0.70218
101,1,0,6,6,0,105,6,6,8,5,4,1,1,1,1.0223
101,1,0,6,6,0,106,2,6,8,3,4,1,1,1,0.45221
101,1,0,6,6,0,107,2,6,8,3,4,1,1,1,0.69919
101,1,0,6,6,0,108,10,6,8,7,4,2,2,1,0.81285
101,1,0,6,6,0,109,9,6,6,7,4,2,2,1,0.46963
101,1,0,6,6,0,110,8,6,8,6,4,2,2,1,1.089
101,1,0,6,6,0,111,10,6,8,7,4,2,2,1,0.59722
101,1,0,6,6,0,112,9,6,6,7,4,2,2,1,0.84847
101,1,0,6,6,0,113,7,6,6,6,4,2,2,1,0.94264
101,1,0,6,6,0,114,9,6,6,7,4,2,2,1,0.3896
101,1,0,6,6,0,115,1,6,6,3,4,1,1,1,0.54397
101,1,0,6,6,0,116,9,6,6,7,4,2,2,1,0.59945
101,1,0,6,6,0,117,10,6,8,7,4,2,2,1,0.38862
101,1,0,6,6,0,118,11,6,6,8,4,2,2,1,0.39491
101,1,0,6,6,0,119,3,6,6,4,4,1,1,1,0.39506
101,1,0,6,6,0,120,3,6,6,4,4,1,1,1,0.44938
