3600
205	2	2	1	2	1	621.63	0
205	2	2	2	6	1	794.43	0
205	2	2	3	8	0	884.06	0
205	2	2	4	10	1	639.26	0
205	2	2	5	6	1	652.52	0
205	2	2	6	6	1	578.28	0
205	2	2	7	12	1	1162.5	0
205	2	2	8	8	1	822.31	0
205	2	2	9	8	1	504.14	0
205	2	2	10	8	1	556.3	0
205	2	2	11	4	1	787.7	0
205	2	2	12	10	1	1301.2	0
205	2	2	13	10	1	719.02	0
205	2	2	14	2	1	628.19	0
205	2	2	15	8	1	501.23	0
205	2	2	16	12	0	642.68	0
205	2	2	17	12	1	651.46	0
205	2	2	18	2	1	547.56	0
205	2	2	19	4	1	587.94	0
205	2	2	20	12	0	634.22	0
205	2	2	21	12	1	554.93	0
205	2	2	22	8	1	764.57	0
205	2	2	23	2	1	714.84	0
205	2	2	24	6	1	730.58	0
205	2	2	25	4	0	707.94	0
205	2	2	26	12	1	603.26	0
205	2	2	27	10	1	595.07	0
205	2	2	28	2	1	1147.3	0
205	2	2	29	4	1	844.81	0
205	2	2	30	12	0	710.34	0
205	2	2	31	2	0	584.19	0
205	2	2	32	2	1	831.93	0
205	2	2	33	8	0	491.61	0
205	2	2	34	2	0	703.91	0
205	2	2	35	8	0	505.5	0
205	2	2	36	10	1	694.6	0
205	2	2	37	10	1	715.38	0
205	2	2	38	6	0	559.66	0
205	2	2	39	10	1	553.58	0
205	2	2	40	10	1	575.71	0
205	2	2	41	4	0	858.5	0
205	2	2	42	12	1	459.59	0
205	2	2	43	6	1	764.22	0
205	2	2	44	6	1	382.67	0
205	2	2	45	4	0	587.44	0
205	2	2	46	2	1	940.69	0
205	2	2	47	4	0	507.2	0
205	2	2	48	6	1	537.07	0
205	2	2	49	4	0	983.59	0
205	2	2	50	4	1	542.97	0
205	2	2	51	12	0	550.42	0
205	2	2	52	4	0	760.29	0
205	2	2	53	4	1	498.66	0
205	2	2	54	8	1	649.56	0
205	2	2	55	4	0	589.76	0
205	2	2	56	4	1	562.71	0
205	2	2	57	2	1	640.21	0
205	2	2	58	2	1	422.36	0
205	2	2	59	2	1	906.45	0
205	2	2	60	10	1	442.15	0
205	2	2	61	2	1	637.22	0
205	2	2	62	4	0	702.41	0
205	2	2	63	4	1	831.31	0
205	2	2	64	6	0	571.26	0
205	2	2	65	6	1	628.38	0
205	2	2	66	8	1	765.25	0
205	2	2	67	2	1	556.25	0
205	2	2	68	2	1	433.52	0
205	2	2	69	8	1	691.8	0
205	2	2	70	10	1	474.89	0
205	2	2	71	10	0	823.86	0
205	2	2	72	8	1	651.78	0
205	2	2	73	12	0	527.43	0
205	2	2	74	8	1	492.8	0
205	2	2	75	10	1	598.99	0
205	2	2	76	6	0	599.35	0
205	2	2	77	6	1	880.29	0
205	2	2	78	6	0	742.59	0
205	2	2	79	2	0	505.39	0
205	2	2	80	10	1	791.99	0
205	2	2	81	8	0	610.55	0
205	2	2	82	6	1	745.77	0
205	2	2	83	2	1	477.97	0
205	2	2	84	2	1	653.01	0
205	2	2	85	6	1	503.93	0
205	2	2	86	8	1	455.18	0
205	2	2	87	6	0	436.89	0
205	2	2	88	8	0	447.48	0
205	2	2	89	4	0	632.65	0
205	2	2	90	12	1	606.07	0
205	2	2	91	12	1	435.82	0
205	2	2	92	12	1	642.38	0
205	2	2	93	8	0	762.7	0
205	2	2	94	6	1	1812.6	0
205	2	2	95	6	0	585.37	0
205	2	2	96	4	1	857.45	0
205	2	2	97	12	1	612.95	0
205	2	2	98	10	1	637.63	0
205	2	2	99	10	1	534.42	0
205	2	2	100	6	1	671.13	0
205	2	2	101	12	0	1129.9	0
205	2	2	102	10	0	958.35	0
205	2	2	103	4	1	452.61	0
205	2	2	104	4	1	573.01	0
205	2	2	105	10	1	976.95	0
205	2	2	106	10	0	504.06	0
205	2	2	107	8	1	686.55	0
205	2	2	108	8	1	446.7	0
205	2	2	109	4	1	666.96	0
205	2	2	110	10	1	884.52	0
205	2	2	111	12	1	685.61	0
205	2	2	112	12	1	402.35	0
205	2	2	113	6	1	774.99	0
205	2	2	114	2	1	660.48	0
205	2	2	115	12	1	578.07	0
205	2	2	116	8	0	550.74	0
205	2	2	117	2	0	648.23	0
205	2	2	118	10	1	625.02	0
205	2	2	119	12	1	729.62	0
205	2	2	120	12	1	419.39	0
205	1	2	1	7	0	686.74	0
205	1	2	2	3	0	604.81	0
205	1	2	3	5	1	596.56	0
205	1	2	4	7	1	794.46	0
205	1	2	5	9	0	662.26	0
205	1	2	6	9	1	590.97	0
205	1	2	7	1	0	583.95	0
205	1	2	8	7	1	597.96	0
205	1	2	9	3	1	670.44	0
205	1	2	10	7	1	535.28	0
205	1	2	11	1	1	689.42	0
205	1	2	12	9	0	484.4	0
205	1	2	13	11	1	488.17	0
205	1	2	14	1	0	558.21	0
205	1	2	15	9	1	735.08	0
205	1	2	16	11	1	524.13	0
205	1	2	17	9	1	1250.4	0
205	1	2	18	5	1	659.92	0
205	1	2	19	3	1	586.67	0
205	1	2	20	5	0	526.77	0
205	1	2	21	7	1	617.9	0
205	1	2	22	11	1	462.69	0
205	1	2	23	5	1	1114.6	0
205	1	2	24	9	1	697.79	0
205	1	2	25	11	1	508.54	0
205	1	2	26	11	1	755.49	0
205	1	2	27	1	0	626.91	0
205	1	2	28	9	1	616.38	0
205	1	2	29	7	0	510.41	0
205	1	2	30	1	0	537.05	0
205	1	2	31	9	0	674.21	0
205	1	2	32	7	1	1023.6	0
205	1	2	33	11	0	527.69	0
205	1	2	34	11	1	400.26	0
205	1	2	35	9	1	457.35	0
205	1	2	36	1	1	1116.6	0
205	1	2	37	5	0	474.65	0
205	1	2	38	9	1	701.43	0
205	1	2	39	3	1	820.27	0
205	1	2	40	11	0	673.41	0
205	1	2	41	1	0	605.54	0
205	1	2	42	7	1	563.51	0
205	1	2	43	3	0	628.11	0
205	1	2	44	7	0	741.12	0
205	1	2	45	1	1	1075.1	0
205	1	2	46	1	1	398.72	0
205	1	2	47	3	1	1682.8	0
205	1	2	48	1	0	635.6	0
205	1	2	49	5	1	545.75	0
205	1	2	50	11	1	740.31	0
205	1	2	51	3	1	731.27	0
205	1	2	52	11	0	973.27	0
205	1	2	53	3	1	1068.9	0
205	1	2	54	3	1	549.48	0
205	1	2	55	11	1	620.69	0
205	1	2	56	7	0	530.12	0
205	1	2	57	9	0	734.06	0
205	1	2	58	7	1	774.82	0
205	1	2	59	3	0	702.87	0
205	1	2	60	11	1	669.49	0
205	1	2	61	7	1	809.45	0
205	1	2	62	5	1	737.95	0
205	1	2	63	11	1	563.29	0
205	1	2	64	7	0	1145.9	0
205	1	2	65	5	1	633.59	0
205	1	2	66	5	1	581.03	0
205	1	2	67	9	1	948.29	0
205	1	2	68	1	1	784.88	0
205	1	2	69	3	1	660	0
205	1	2	70	5	1	642.97	0
205	1	2	71	1	1	553.36	0
205	1	2	72	1	1	570.26	0
205	1	2	73	11	1	807.31	0
205	1	2	74	1	1	811.13	0
205	1	2	75	3	1	580.34	0
205	1	2	76	5	0	739.85	0
205	1	2	77	3	1	542.57	0
205	1	2	78	1	1	805.93	0
205	1	2	79	3	1	609.5	0
205	1	2	80	11	0	736.76	0
205	1	2	81	11	1	575.55	0
205	1	2	82	3	0	455.04	0
205	1	2	83	1	1	575.44	0
205	1	2	84	9	1	928.53	0
205	1	2	85	9	1	540.36	0
205	1	2	86	5	0	506.07	0
205	1	2	87	9	1	957.05	0
205	1	2	88	7	0	740.07	0
205	1	2	89	1	1	613.86	0
205	1	2	90	7	0	610.41	0
205	1	2	91	3	0	519.68	0
205	1	2	92	5	1	1065.2	0
205	1	2	93	7	1	671.08	0
205	1	2	94	9	0	691.29	0
205	1	2	95	5	0	600.5	0
205	1	2	96	5	1	561.58	0
205	1	2	97	7	0	648.28	0
205	1	2	98	3	1	509.45	0
205	1	2	99	9	1	508.47	0
205	1	2	100	3	1	491.98	0
205	1	2	101	11	1	570.4	0
205	1	2	102	7	1	1067.7	0
205	1	2	103	11	1	954.52	0
205	1	2	104	1	1	675.7	0
205	1	2	105	9	1	524.94	0
205	1	2	106	5	1	526.16	0
205	1	2	107	1	1	699.7	0
205	1	2	108	9	1	535.25	0
205	1	2	109	11	1	813.68	0
205	1	2	110	3	1	693.19	0
205	1	2	111	9	0	745.66	0
205	1	2	112	5	0	594.13	0
205	1	2	113	7	0	534.19	0
205	1	2	114	5	1	544.42	0
205	1	2	115	11	0	558.02	0
205	1	2	116	3	1	680.66	0
205	1	2	117	5	0	598.15	0
205	1	2	118	1	1	900.1	0
205	1	2	119	7	1	620.38	0
205	1	2	120	5	1	783.31	0
205	3	2	1	12	1	635.88	0
205	3	2	2	3	0	693.06	0
205	3	2	3	10	1	670.1	0
205	3	2	4	8	1	418.74	0
205	3	2	5	12	1	797.35	0
205	3	2	6	1	1	698.17	0
205	3	2	7	5	1	566.52	0
205	3	2	8	12	0	519.53	0
205	3	2	9	3	1	947.53	0
205	3	2	10	12	1	494.79	0
205	3	2	11	1	1	709.79	0
205	3	2	12	5	0	679.02	0
205	3	2	13	3	1	638.96	0
205	3	2	14	5	1	607.59	0
205	3	2	15	10	1	542.34	0
205	3	2	16	12	1	547.38	0
205	3	2	17	8	1	742.9	0
205	3	2	18	1	0	789.24	0
205	3	2	19	5	0	914.69	0
205	3	2	20	10	1	823.1	0
205	3	2	21	8	1	579.3	0
205	3	2	22	3	0	544.52	0
205	3	2	23	3	1	686.13	0
205	3	2	24	8	1	547.41	0
205	3	2	25	5	0	592.2	0
205	3	2	26	10	1	487.1	0
205	3	2	27	10	1	677.31	0
205	3	2	28	8	1	694.25	0
205	3	2	29	10	0	867.15	0
205	3	2	30	8	1	951.95	0
205	3	2	31	3	1	535.15	0
205	3	2	32	12	1	504.21	0
205	3	2	33	8	1	679.12	0
205	3	2	34	12	1	1024.1	0
205	3	2	35	1	1	685.52	0
205	3	2	36	3	1	510.24	0
205	3	2	37	5	0	567.72	0
205	3	2	38	5	1	952.38	0
205	3	2	39	10	1	674.48	0
205	3	2	40	1	1	545.14	0
205	3	2	41	1	1	609.58	0
205	3	2	42	5	1	812.11	0
205	3	2	43	10	0	561.06	0
205	3	2	44	12	1	470.36	0
205	3	2	45	3	1	537.1	0
205	3	2	46	3	1	742.06	0
205	3	2	47	5	1	1018.8	0
205	3	2	48	8	1	972.88	0
205	3	2	49	12	1	590.1	0
205	3	2	50	1	0	572.27	0
205	3	2	51	1	1	750.69	0
205	3	2	52	12	1	500.48	0
205	3	2	53	10	0	775.8	0
205	3	2	54	1	1	546.58	0
205	3	2	55	8	1	354.79	0
205	3	2	56	12	1	667.6	0
205	3	2	57	5	0	715.01	0
205	3	2	58	12	1	902.31	0
205	3	2	59	3	0	633.87	0
205	3	2	60	12	0	1017	0
205	3	2	61	1	0	739.88	0
205	3	2	62	10	1	872.52	0
205	3	2	63	5	1	555.15	0
205	3	2	64	1	0	491.75	0
205	3	2	65	10	1	714.44	0
205	3	2	66	3	1	480.65	0
205	3	2	67	3	1	462.39	0
205	3	2	68	3	1	456.03	0
205	3	2	69	8	1	1007.4	0
205	3	2	70	10	0	727.35	0
205	3	2	71	3	0	592.1	0
205	3	2	72	1	1	665.16	0
205	3	2	73	3	1	444.95	0
205	3	2	74	3	1	495	0
205	3	2	75	5	0	416.68	0
205	3	2	76	5	1	592.08	0
205	3	2	77	5	1	719.66	0
205	3	2	78	3	1	453.08	0
205	3	2	79	10	1	557.04	0
205	3	2	80	8	0	636.63	0
205	3	2	81	5	1	962.28	0
205	3	2	82	8	1	549.93	0
205	3	2	83	1	0	854.84	0
205	3	2	84	12	1	492.85	0
205	3	2	85	10	0	635.41	0
205	3	2	86	5	0	773.64	0
205	3	2	87	3	1	640.69	0
205	3	2	88	12	1	539.65	0
205	3	2	89	10	1	722.19	0
205	3	2	90	5	1	879.23	0
205	3	2	91	10	0	467.1	0
205	3	2	92	1	0	569.77	0
205	3	2	93	8	1	737.79	0
205	3	2	94	12	1	664.75	0
205	3	2	95	5	0	626.67	0
205	3	2	96	10	0	775	0
205	3	2	97	8	0	516.95	0
205	3	2	98	10	1	449.32	0
205	3	2	99	1	0	796.25	0
205	3	2	100	8	0	554.99	0
205	3	2	101	10	1	588.46	0
205	3	2	102	10	1	689.99	0
205	3	2	103	12	1	596.33	0
205	3	2	104	5	0	1016.5	0
205	3	2	105	1	1	778.6	0
205	3	2	106	12	1	531.73	0
205	3	2	107	3	1	447.55	0
205	3	2	108	8	1	915.48	0
205	3	2	109	8	0	578.42	0
205	3	2	110	1	1	376.5	0
205	3	2	111	12	1	768.08	0
205	3	2	112	1	1	821.97	0
205	3	2	113	1	1	433.57	0
205	3	2	114	8	1	679.47	0
205	3	2	115	12	1	621.72	0
205	3	2	116	1	1	406.05	0
205	3	2	117	3	1	698.58	0
205	3	2	118	8	0	695.93	0
205	3	2	119	5	1	627.48	0
205	3	2	120	8	1	517.39	0
205	4	2	1	6	1	686.31	0
205	4	2	2	4	0	614.95	0
205	4	2	3	2	1	373.46	0
205	4	2	4	9	1	696.22	0
205	4	2	5	2	1	739.17	0
205	4	2	6	9	1	511.18	0
205	4	2	7	6	1	644.73	0
205	4	2	8	7	1	473.73	0
205	4	2	9	2	0	734.33	0
205	4	2	10	2	1	670.38	0
205	4	2	11	2	1	685.97	0
205	4	2	12	2	1	475.38	0
205	4	2	13	11	0	711.22	0
205	4	2	14	9	1	523.42	0
205	4	2	15	11	1	624.88	0
205	4	2	16	4	1	928.21	0
205	4	2	17	6	1	731.4	0
205	4	2	18	11	1	418.76	0
205	4	2	19	4	1	504.89	0
205	4	2	20	11	1	1299.7	0
205	4	2	21	2	1	1063.4	0
205	4	2	22	11	1	610.59	0
205	4	2	23	4	1	614.27	0
205	4	2	24	4	1	689.35	0
205	4	2	25	11	1	936.01	0
205	4	2	26	9	1	422.51	0
205	4	2	27	4	1	464.55	0
205	4	2	28	4	1	1038	0
205	4	2	29	9	0	917.67	0
205	4	2	30	11	0	954.69	0
205	4	2	31	6	0	963.18	0
205	4	2	32	2	0	723.76	0
205	4	2	33	9	1	484.88	0
205	4	2	34	9	1	594.66	0
205	4	2	35	4	1	481.92	0
205	4	2	36	7	0	970.23	0
205	4	2	37	9	0	560.92	0
205	4	2	38	4	1	538.34	0
205	4	2	39	2	1	649.69	0
205	4	2	40	4	0	573.19	0
205	4	2	41	2	1	680.84	0
205	4	2	42	2	1	782.86	0
205	4	2	43	7	1	772.93	0
205	4	2	44	2	1	578.98	0
205	4	2	45	7	1	743.45	0
205	4	2	46	11	0	1097.2	0
205	4	2	47	6	1	447.95	0
205	4	2	48	4	0	1068.3	0
205	4	2	49	6	0	450.41	0
205	4	2	50	6	1	595.1	0
205	4	2	51	9	1	528.8	0
205	4	2	52	7	1	699.31	0
205	4	2	53	6	1	562.15	0
205	4	2	54	4	0	680.41	0
205	4	2	55	4	1	527.28	0
205	4	2	56	9	1	522.32	0
205	4	2	57	2	1	523.91	0
205	4	2	58	2	1	507.83	0
205	4	2	59	4	0	512.55	0
205	4	2	60	11	0	560.52	0
205	4	2	61	11	1	791.41	0
205	4	2	62	2	1	951.82	0
205	4	2	63	7	1	446.35	0
205	4	2	64	11	1	638.43	0
205	4	2	65	7	1	487.85	0
205	4	2	66	11	1	1133.4	0
205	4	2	67	9	0	574.36	0
205	4	2	68	2	1	1574.9	0
205	4	2	69	7	0	680.64	0
205	4	2	70	7	1	441.26	0
205	4	2	71	11	1	633.22	0
205	4	2	72	6	1	595.64	0
205	4	2	73	2	1	537.8	0
205	4	2	74	6	1	1915.7	0
205	4	2	75	11	1	597.87	0
205	4	2	76	11	1	537.34	0
205	4	2	77	7	1	668.87	0
205	4	2	78	7	1	349.34	0
205	4	2	79	11	1	609.49	0
205	4	2	80	7	0	850.39	0
205	4	2	81	9	1	554.87	0
205	4	2	82	6	1	601.87	0
205	4	2	83	6	1	563.22	0
205	4	2	84	4	1	918.3	0
205	4	2	85	4	1	535.47	0
205	4	2	86	11	0	634.72	0
205	4	2	87	6	1	766.14	0
205	4	2	88	2	0	565.19	0
205	4	2	89	6	0	825.95	0
205	4	2	90	4	1	594.99	0
205	4	2	91	11	0	595.25	0
205	4	2	92	7	0	837.28	0
205	4	2	93	9	1	619.19	0
205	4	2	94	9	1	678.5	0
205	4	2	95	4	0	471.99	0
205	4	2	96	7	0	480.92	0
205	4	2	97	2	1	577.99	0
205	4	2	98	7	1	979.59	0
205	4	2	99	7	1	482.45	0
205	4	2	100	7	1	603.82	0
205	4	2	101	9	0	850.22	0
205	4	2	102	7	1	702.26	0
205	4	2	103	9	1	471.45	0
205	4	2	104	7	1	527.87	0
205	4	2	105	7	1	590.66	0
205	4	2	106	9	0	612.92	0
205	4	2	107	6	1	933.5	0
205	4	2	108	9	1	779.04	0
205	4	2	109	6	1	368.3	0
205	4	2	110	6	1	431.67	0
205	4	2	111	11	0	825.63	0
205	4	2	112	9	1	660.9	0
205	4	2	113	11	1	490.08	0
205	4	2	114	6	0	807.24	0
205	4	2	115	9	1	479.57	0
205	4	2	116	2	1	681.39	0
205	4	2	117	6	1	788.59	0
205	4	2	118	6	1	946.62	0
205	4	2	119	4	0	507.11	0
205	4	2	120	4	1	695.56	0
205	5	2	1	4	1	581.23	0
205	5	2	2	2	0	673.16	0
205	5	2	3	10	1	534.09	0
205	5	2	4	11	1	694.51	0
205	5	2	5	1	0	550.28	0
205	5	2	6	9	1	723.28	0
205	5	2	7	12	0	686.19	0
205	5	2	8	12	1	551.02	0
205	5	2	9	7	0	873.83	0
205	5	2	10	6	1	750.82	0
205	5	2	11	6	1	589.61	0
205	5	2	12	3	0	588.16	0
205	5	2	13	10	1	425.73	0
205	5	2	14	2	1	896.4	0
205	5	2	15	9	1	790.11	0
205	5	2	16	5	1	422.14	0
205	5	2	17	7	1	392.28	0
205	5	2	18	11	1	463.53	0
205	5	2	19	5	0	496.41	0
205	5	2	20	10	1	538.88	0
205	5	2	21	12	0	669.44	0
205	5	2	22	12	1	725.95	0
205	5	2	23	8	1	587.42	0
205	5	2	24	6	1	1493.5	0
205	5	2	25	9	1	525.34	0
205	5	2	26	8	0	707.59	0
205	5	2	27	1	1	628.84	0
205	5	2	28	3	1	965.54	0
205	5	2	29	3	1	601.47	0
205	5	2	30	1	0	441.3	0
205	5	2	31	9	0	580.66	0
205	5	2	32	4	0	636.54	0
205	5	2	33	11	0	631.23	0
205	5	2	34	7	1	885.76	0
205	5	2	35	5	1	759.74	0
205	5	2	36	3	1	596.93	0
205	5	2	37	2	1	501.79	0
205	5	2	38	6	1	567.21	0
205	5	2	39	11	0	657.24	0
205	5	2	40	9	1	903.06	0
205	5	2	41	7	0	583.12	0
205	5	2	42	4	0	686.42	0
205	5	2	43	2	0	933.3	0
205	5	2	44	6	1	440.46	0
205	5	2	45	11	1	564.32	0
205	5	2	46	12	0	612.41	0
205	5	2	47	10	1	1044.3	0
205	5	2	48	4	1	532.86	0
205	5	2	49	1	1	513.24	0
205	5	2	50	5	1	511.71	0
205	5	2	51	4	1	649.09	0
205	5	2	52	7	1	1356.5	0
205	5	2	53	3	1	637.83	0
205	5	2	54	11	1	471.33	0
205	5	2	55	1	0	426.42	0
205	5	2	56	2	1	1157.1	0
205	5	2	57	11	1	623.74	0
205	5	2	58	7	0	468.06	0
205	5	2	59	8	1	632.21	0
205	5	2	60	7	0	777.61	0
205	5	2	61	2	1	605.21	0
205	5	2	62	5	0	927.41	0
205	5	2	63	5	0	598.41	0
205	5	2	64	8	1	682.84	0
205	5	2	65	8	1	594.8	0
205	5	2	66	7	0	661.5	0
205	5	2	67	9	0	643.6	0
205	5	2	68	8	0	786.76	0
205	5	2	69	5	1	618.87	0
205	5	2	70	1	0	492.86	0
205	5	2	71	4	0	591.49	0
205	5	2	72	3	0	697.07	0
205	5	2	73	7	1	556.03	0
205	5	2	74	4	0	1138.1	0
205	5	2	75	9	0	646.59	0
205	5	2	76	1	1	726.56	0
205	5	2	77	8	0	503.94	0
205	5	2	78	12	1	521.08	0
205	5	2	79	6	1	636.17	0
205	5	2	80	11	1	622.42	0
205	5	2	81	6	1	522.86	0
205	5	2	82	4	0	724.91	0
205	5	2	83	5	0	493.52	0
205	5	2	84	12	0	682.08	0
205	5	2	85	3	0	555.53	0
205	5	2	86	4	0	570.64	0
205	5	2	87	3	1	454.95	0
205	5	2	88	10	1	716.45	0
205	5	2	89	10	1	469.33	0
205	5	2	90	12	0	833.71	0
205	5	2	91	8	0	460.45	0
205	5	2	92	12	1	496.47	0
205	5	2	93	12	1	793.49	0
205	5	2	94	3	1	611.98	0
205	5	2	95	1	0	511.27	0
205	5	2	96	1	1	508.75	0
205	5	2	97	6	0	658.47	0
205	5	2	98	5	0	598.37	0
205	5	2	99	4	0	933.56	0
205	5	2	100	10	1	744.28	0
205	5	2	101	10	0	736.05	0
205	5	2	102	10	0	626.49	0
205	5	2	103	2	1	502.89	0
205	5	2	104	2	1	419.61	0
205	5	2	105	8	1	673.23	0
205	5	2	106	9	1	689.91	0
205	5	2	107	1	0	631.06	0
205	5	2	108	3	0	472.31	0
205	5	2	109	6	0	809.7	0
205	5	2	110	7	1	555.7	0
205	5	2	111	6	1	600.56	0
205	5	2	112	2	1	1266.6	0
205	5	2	113	2	1	2169.9	0
205	5	2	114	11	1	920.94	0
205	5	2	115	11	1	633.98	0
205	5	2	116	9	0	563.94	0
205	5	2	117	8	1	429.95	0
205	5	2	118	9	0	530.34	0
205	5	2	119	10	0	1088.4	0
205	5	2	120	5	0	890.49	0
205	5	2	1	8	0	424.68	0
205	5	2	2	8	1	640.75	0
205	5	2	3	2	0	572.11	0
205	5	2	4	1	1	458.08	0
205	5	2	5	12	1	623.22	0
205	5	2	6	12	1	529.99	0
205	5	2	7	4	0	1014.3	0
205	5	2	8	3	0	894.43	0
205	5	2	9	10	0	470.05	0
205	5	2	10	6	0	487.02	0
205	5	2	11	12	1	738.09	0
205	5	2	12	11	1	862.3	0
205	5	2	13	6	1	633.96	0
205	5	2	14	6	1	710.94	0
205	5	2	15	8	0	806.21	0
205	5	2	16	9	0	681.33	0
205	5	2	17	1	1	508.78	0
205	5	2	18	11	1	585.03	0
205	5	2	19	8	0	527.84	0
205	5	2	20	11	1	668.25	0
205	5	2	21	1	0	815.52	0
205	5	2	22	10	1	448.88	0
205	5	2	23	7	1	1794.5	0
205	5	2	24	1	1	512.27	0
205	5	2	25	2	0	612.39	0
205	5	2	26	4	0	792.84	0
205	5	2	27	11	1	815.03	0
205	5	2	28	7	0	637.38	0
205	5	2	29	9	0	625.92	0
205	5	2	30	10	0	645.78	0
205	5	2	31	5	0	783.23	0
205	5	2	32	1	0	1004.7	0
205	5	2	33	4	1	792.18	0
205	5	2	34	6	0	518.66	0
205	5	2	35	1	0	1254.1	0
205	5	2	36	4	0	553.81	0
205	5	2	37	3	0	526.83	0
205	5	2	38	12	0	1001.7	0
205	5	2	39	4	1	540.45	0
205	5	2	40	6	1	671.9	0
205	5	2	41	9	0	705.98	0
205	5	2	42	6	0	824.05	0
205	5	2	43	2	0	529.55	0
205	5	2	44	3	0	571.39	0
205	5	2	45	4	0	566.34	0
205	5	2	46	5	0	1067.4	0
205	5	2	47	9	1	802.22	0
205	5	2	48	9	1	748.6	0
205	5	2	49	2	0	690.43	0
205	5	2	50	5	0	1137.8	0
205	5	2	51	8	1	609.92	0
205	5	2	52	12	0	624.06	0
205	5	2	53	7	1	414.29	0
205	5	2	54	9	0	354.24	0
205	5	2	55	7	0	529.33	0
205	5	2	56	7	0	962.61	0
205	5	2	57	2	0	701.64	0
205	5	2	58	1	0	795.86	0
205	5	2	59	5	1	608.5	0
205	5	2	60	3	0	569.91	0
205	5	2	61	11	1	943.71	0
205	5	2	62	3	1	656.92	0
205	5	2	63	11	1	631.69	0
205	5	2	64	1	0	1309.7	0
205	5	2	65	7	1	1195.2	0
205	5	2	66	4	1	726.77	0
205	5	2	67	11	1	523.54	0
205	5	2	68	9	0	663.46	0
205	5	2	69	8	0	686.2	0
205	5	2	70	3	1	480.29	0
205	5	2	71	5	1	701.88	0
205	5	2	72	8	0	585.94	0
205	5	2	73	10	0	588.36	0
205	5	2	74	6	0	662.59	0
205	5	2	75	5	0	595.12	0
205	5	2	76	2	0	735.46	0
205	5	2	77	7	1	721.89	0
205	5	2	78	10	1	450.27	0
205	5	2	79	10	1	725.94	0
205	5	2	80	4	1	537.51	0
205	5	2	81	2	1	644.73	0
205	5	2	82	3	0	409.42	0
205	5	2	83	11	0	756.87	0
205	5	2	84	8	0	604.27	0
205	5	2	85	10	0	625.21	0
205	5	2	86	6	1	698.33	0
205	5	2	87	11	1	641.95	0
205	5	2	88	2	0	442.02	0
205	5	2	89	5	0	817.6	0
205	5	2	90	12	0	797.19	0
205	5	2	91	8	0	558.23	0
205	5	2	92	12	0	807.63	0
205	5	2	93	8	0	893.92	0
205	5	2	94	4	1	530.3	0
205	5	2	95	7	1	1310.6	0
205	5	2	96	12	0	740.26	0
205	5	2	97	11	1	903.54	0
205	5	2	98	4	1	723.53	0
205	5	2	99	10	0	474.2	0
205	5	2	100	2	1	672.14	0
205	5	2	101	9	1	563.42	0
205	5	2	102	10	1	487.31	0
205	5	2	103	3	1	523.82	0
205	5	2	104	3	0	463.27	0
205	5	2	105	6	1	688.41	0
205	5	2	106	12	0	657.84	0
205	5	2	107	3	1	414.48	0
205	5	2	108	7	0	667.86	0
205	5	2	109	5	1	595.03	0
205	5	2	110	12	1	708	0
205	5	2	111	9	1	710.65	0
205	5	2	112	10	0	698.3	0
205	5	2	113	1	1	1238.8	0
205	5	2	114	1	1	504.28	0
205	5	2	115	7	1	524.05	0
205	5	2	116	5	1	700.25	0
205	5	2	117	5	1	609.93	0
205	5	2	118	9	0	552.7	0
205	5	2	119	6	0	509.53	0
205	5	2	120	2	1	1197.5	0
205	2	3	1	8	1	607.19	0
205	2	3	2	12	0	808.81	0
205	2	3	3	12	1	416.13	0
205	2	3	4	4	1	686.22	0
205	2	3	5	10	1	611.73	0
205	2	3	6	2	1	575.8	0
205	2	3	7	4	1	650.9	0
205	2	3	8	8	1	631.35	0
205	2	3	9	2	1	607.44	0
205	2	3	10	2	1	1710.2	0
205	2	3	11	6	0	1435.2	0
205	2	3	12	2	0	522.25	0
205	2	3	13	10	1	905.97	0
205	2	3	14	4	1	464.61	0
205	2	3	15	8	1	552.09	0
205	2	3	16	12	1	391.29	0
205	2	3	17	8	0	641.57	0
205	2	3	18	2	1	418.58	0
205	2	3	19	10	1	829.51	0
205	2	3	20	6	0	535.58	0
205	2	3	21	2	0	526.8	0
205	2	3	22	6	0	684.9	0
205	2	3	23	6	0	930.24	0
205	2	3	24	4	1	898.77	0
205	2	3	25	6	0	571.13	0
205	2	3	26	6	0	730.66	0
205	2	3	27	8	1	711.88	0
205	2	3	28	10	1	572.92	0
205	2	3	29	8	0	699.15	0
205	2	3	30	12	1	703.27	0
205	2	3	31	2	1	651.01	0
205	2	3	32	6	1	608.34	0
205	2	3	33	2	0	696.94	0
205	2	3	34	10	0	756.63	0
205	2	3	35	2	1	785.41	0
205	2	3	36	4	0	550.31	0
205	2	3	37	2	0	434.62	0
205	2	3	38	8	0	528.98	0
205	2	3	39	12	1	496.69	0
205	2	3	40	12	1	580.4	0
205	2	3	41	12	1	603.51	0
205	2	3	42	4	1	626.55	0
205	2	3	43	8	1	532.07	0
205	2	3	44	8	1	537.68	0
205	2	3	45	4	1	612.16	0
205	2	3	46	10	1	670.59	0
205	2	3	47	8	1	504.17	0
205	2	3	48	4	0	627.48	0
205	2	3	49	4	1	564.13	0
205	2	3	50	6	1	591.16	0
205	2	3	51	2	1	565.17	0
205	2	3	52	10	0	582.47	0
205	2	3	53	6	0	676.1	0
205	2	3	54	8	1	1042.1	0
205	2	3	55	6	1	667.89	0
205	2	3	56	12	1	392.87	0
205	2	3	57	10	0	792.72	0
205	2	3	58	8	1	1375.6	0
205	2	3	59	10	1	660.2	0
205	2	3	60	12	1	604.61	0
205	2	3	61	10	0	693.31	0
205	2	3	62	10	1	583.2	0
205	2	3	63	12	1	740.25	0
205	2	3	64	6	0	665.79	0
205	2	3	65	2	1	559.67	0
205	2	3	66	12	0	618.45	0
205	2	3	67	6	1	453.88	0
205	2	3	68	12	1	870.04	0
205	2	3	69	10	1	622.52	0
205	2	3	70	4	0	675.28	0
205	2	3	71	10	0	518.64	0
205	2	3	72	4	1	601.08	0
205	2	3	73	12	1	538.11	0
205	2	3	74	10	0	650.65	0
205	2	3	75	12	1	555.46	0
205	2	3	76	4	1	654.09	0
205	2	3	77	6	1	675.23	0
205	2	3	78	8	0	721.37	0
205	2	3	79	4	1	436.14	0
205	2	3	80	4	1	839.48	0
205	2	3	81	2	1	736.22	0
205	2	3	82	10	0	738.84	0
205	2	3	83	10	1	782.73	0
205	2	3	84	2	1	1410.3	0
205	2	3	85	8	1	786.45	0
205	2	3	86	8	1	650.61	0
205	2	3	87	4	1	479.31	0
205	2	3	88	6	0	656.66	0
205	2	3	89	4	0	553.35	0
205	2	3	90	6	1	738.42	0
205	2	3	91	12	1	675.5	0
205	2	3	92	6	1	946.76	0
205	2	3	93	6	1	393.8	0
205	2	3	94	8	0	580.36	0
205	2	3	95	2	1	762.09	0
205	2	3	96	2	1	481.89	0
205	2	3	97	10	0	552.92	0
205	2	3	98	8	1	657.53	0
205	2	3	99	6	1	577.61	0
205	2	3	100	6	1	549.51	0
205	2	3	101	12	0	702.8	0
205	2	3	102	10	0	1267	0
205	2	3	103	12	1	620.73	0
205	2	3	104	4	1	1290	0
205	2	3	105	8	1	807.86	0
205	2	3	106	12	0	823.82	0
205	2	3	107	12	1	659.52	0
205	2	3	108	2	1	635.19	0
205	2	3	109	6	1	568.44	0
205	2	3	110	4	1	933.23	0
205	2	3	111	4	1	682.97	0
205	2	3	112	2	1	584.29	0
205	2	3	113	10	1	568.05	0
205	2	3	114	8	1	575.84	0
205	2	3	115	10	1	864.33	0
205	2	3	116	4	1	725.03	0
205	2	3	117	8	0	595.1	0
205	2	3	118	2	1	429.99	0
205	2	3	119	2	1	976.48	0
205	2	3	120	12	1	519.09	0
205	1	3	1	3	0	614.83	0
205	1	3	2	11	1	582.74	0
205	1	3	3	11	1	713.65	0
205	1	3	4	1	1	1445.2	0
205	1	3	5	3	1	582.55	0
205	1	3	6	5	1	1122	0
205	1	3	7	1	0	893.57	0
205	1	3	8	7	1	1055.3	0
205	1	3	9	5	1	803.05	0
205	1	3	10	7	0	512.76	0
205	1	3	11	1	0	644.88	0
205	1	3	12	11	1	602.04	0
205	1	3	13	9	1	579.61	0
205	1	3	14	7	0	879.44	0
205	1	3	15	5	0	728.91	0
205	1	3	16	3	1	616.48	0
205	1	3	17	5	0	675.32	0
205	1	3	18	5	1	631.15	0
205	1	3	19	11	0	649.07	0
205	1	3	20	7	1	443.34	0
205	1	3	21	11	1	847.58	0
205	1	3	22	9	1	591.14	0
205	1	3	23	11	1	559.88	0
205	1	3	24	7	1	655.11	0
205	1	3	25	7	1	544.24	0
205	1	3	26	11	1	455.27	0
205	1	3	27	9	0	444.04	0
205	1	3	28	5	1	650.5	0
205	1	3	29	11	1	477.58	0
205	1	3	30	3	0	526.55	0
205	1	3	31	9	0	764.04	0
205	1	3	32	9	0	497.93	0
205	1	3	33	7	0	705.33	0
205	1	3	34	3	0	592.86	0
205	1	3	35	9	1	851.74	0
205	1	3	36	9	0	595.37	0
205	1	3	37	7	0	619.03	0
205	1	3	38	3	1	465.61	0
205	1	3	39	3	1	384.01	0
205	1	3	40	5	0	670.59	0
205	1	3	41	5	1	599.53	0
205	1	3	42	1	0	1356.1	0
205	1	3	43	5	0	692.29	0
205	1	3	44	9	0	857.99	0
205	1	3	45	7	0	873.9	0
205	1	3	46	11	1	426.84	0
205	1	3	47	5	0	831.72	0
205	1	3	48	9	0	590.96	0
205	1	3	49	5	1	794.3	0
205	1	3	50	11	0	691.9	0
205	1	3	51	1	0	905.56	0
205	1	3	52	1	1	760.57	0
205	1	3	53	7	1	725.57	0
205	1	3	54	1	0	560.98	0
205	1	3	55	3	1	883.71	0
205	1	3	56	11	1	512.18	0
205	1	3	57	3	0	595.3	0
205	1	3	58	11	1	800.56	0
205	1	3	59	9	1	934.08	0
205	1	3	60	3	1	790.09	0
205	1	3	61	7	1	502.04	0
205	1	3	62	11	1	537.58	0
205	1	3	63	11	1	744.85	0
205	1	3	64	5	1	759.3	0
205	1	3	65	7	1	587.55	0
205	1	3	66	9	1	570.88	0
205	1	3	67	5	1	1462.6	0
205	1	3	68	9	1	631.38	0
205	1	3	69	1	1	489.02	0
205	1	3	70	5	0	1035.5	0
205	1	3	71	3	1	536.79	0
205	1	3	72	1	1	554.52	0
205	1	3	73	1	1	569.32	0
205	1	3	74	1	1	569.47	0
205	1	3	75	11	1	665.15	0
205	1	3	76	7	1	729.96	0
205	1	3	77	7	1	772.55	0
205	1	3	78	3	1	770.36	0
205	1	3	79	9	0	891.69	0
205	1	3	80	1	1	771.09	0
205	1	3	81	1	1	357.78	0
205	1	3	82	5	1	553.95	0
205	1	3	83	3	0	913.35	0
205	1	3	84	3	1	607.83	0
205	1	3	85	7	1	526.58	0
205	1	3	86	9	1	498.09	0
205	1	3	87	3	1	1115.2	0
205	1	3	88	3	1	505.75	0
205	1	3	89	7	0	496.85	0
205	1	3	90	1	1	1111.5	0
205	1	3	91	1	1	442.06	0
205	1	3	92	7	1	613.66	0
205	1	3	93	3	1	521.14	0
205	1	3	94	5	0	631	0
205	1	3	95	7	0	543.76	0
205	1	3	96	5	1	679.63	0
205	1	3	97	5	1	876.83	0
205	1	3	98	9	1	618.91	0
205	1	3	99	1	1	532.54	0
205	1	3	100	9	1	595.59	0
205	1	3	101	3	0	1260.7	0
205	1	3	102	1	1	1052.2	0
205	1	3	103	5	0	507.72	0
205	1	3	104	11	1	713.05	0
205	1	3	105	9	1	498.46	0
205	1	3	106	5	1	706.29	0
205	1	3	107	9	0	523.67	0
205	1	3	108	11	0	1024	0
205	1	3	109	9	1	485.3	0
205	1	3	110	1	0	496.2	0
205	1	3	111	7	1	465.29	0
205	1	3	112	11	1	664.58	0
205	1	3	113	1	1	676.73	0
205	1	3	114	7	0	995.17	0
205	1	3	115	1	1	705.1	0
205	1	3	116	9	1	1180	0
205	1	3	117	3	1	689.53	0
205	1	3	118	3	1	706.69	0
205	1	3	119	11	1	779.57	0
205	1	3	120	11	1	719.75	0
205	5	3	1	9	0	628.89	0
205	5	3	2	10	0	744.69	0
205	5	3	3	12	1	569.85	0
205	5	3	4	9	1	801.77	0
205	5	3	5	8	0	1248.6	0
205	5	3	6	5	1	826.92	0
205	5	3	7	7	1	577.58	0
205	5	3	8	11	0	626.57	0
205	5	3	9	7	1	880.53	0
205	5	3	10	6	0	647.85	0
205	5	3	11	12	1	587.58	0
205	5	3	12	7	0	745.54	0
205	5	3	13	5	1	618.67	0
205	5	3	14	12	1	488.36	0
205	5	3	15	7	0	543.49	0
205	5	3	16	5	0	649.47	0
205	5	3	17	3	1	698.78	0
205	5	3	18	7	1	852.06	0
205	5	3	19	2	1	718.96	0
205	5	3	20	4	0	851.77	0
205	5	3	21	10	1	505.94	0
205	5	3	22	8	1	533.92	0
205	5	3	23	3	1	680.79	0
205	5	3	24	2	1	806.21	0
205	5	3	25	10	0	476.89	0
205	5	3	26	4	1	626.18	0
205	5	3	27	4	1	701.86	0
205	5	3	28	6	0	438.93	0
205	5	3	29	12	1	459.17	0
205	5	3	30	1	1	492.6	0
205	5	3	31	5	1	793.53	0
205	5	3	32	6	0	914.61	0
205	5	3	33	11	1	876.19	0
205	5	3	34	9	1	687.79	0
205	5	3	35	8	0	638.31	0
205	5	3	36	12	0	892.92	0
205	5	3	37	4	0	701.37	0
205	5	3	38	2	0	616.84	0
205	5	3	39	4	1	831.7	0
205	5	3	40	4	1	523.19	0
205	5	3	41	3	0	412.99	0
205	5	3	42	5	0	620.75	0
205	5	3	43	10	1	564.09	0
205	5	3	44	10	0	548.56	0
205	5	3	45	12	0	623.88	0
205	5	3	46	9	1	488.08	0
205	5	3	47	6	1	1628.2	0
205	5	3	48	2	0	595.26	0
205	5	3	49	6	0	462.49	0
205	5	3	50	5	0	598.47	0
205	5	3	51	10	0	475.72	0
205	5	3	52	10	1	433.77	0
205	5	3	53	6	1	555.96	0
205	5	3	54	2	1	1056.1	0
205	5	3	55	10	0	658.16	0
205	5	3	56	11	0	389	0
205	5	3	57	3	1	464.6	0
205	5	3	58	12	1	772.3	0
205	5	3	59	8	0	708.12	0
205	5	3	60	9	1	614.17	0
205	5	3	61	4	1	836.64	0
205	5	3	62	3	0	705.82	0
205	5	3	63	12	1	593.83	0
205	5	3	64	2	1	537.2	0
205	5	3	65	5	1	607.94	0
205	5	3	66	3	0	928.32	0
205	5	3	67	10	1	611.71	0
205	5	3	68	8	1	550.93	0
205	5	3	69	1	1	564.31	0
205	5	3	70	9	1	771.25	0
205	5	3	71	2	1	564.89	0
205	5	3	72	1	1	637.41	0
205	5	3	73	8	1	515.52	0
205	5	3	74	9	0	679.17	0
205	5	3	75	10	1	1091.5	0
205	5	3	76	9	1	390.23	0
205	5	3	77	3	0	957.6	0
205	5	3	78	6	1	993.01	0
205	5	3	79	2	0	947.97	0
205	5	3	80	11	1	633.17	0
205	5	3	81	3	0	554.25	0
205	5	3	82	4	1	503.12	0
205	5	3	83	1	1	749.37	0
205	5	3	84	12	1	691.05	0
205	5	3	85	8	1	781.64	0
205	5	3	86	12	0	756.34	0
205	5	3	87	9	1	690.54	0
205	5	3	88	3	1	570.2	0
205	5	3	89	11	0	738.54	0
205	5	3	90	5	1	692.85	0
205	5	3	91	1	1	731.58	0
205	5	3	92	11	1	530.32	0
205	5	3	93	11	1	762.06	0
205	5	3	94	2	0	740.94	0
205	5	3	95	9	1	584.24	0
205	5	3	96	11	0	748.04	0
205	5	3	97	8	0	584.06	0
205	5	3	98	1	1	540.18	0
205	5	3	99	6	0	780.83	0
205	5	3	100	1	1	520.92	0
205	5	3	101	7	0	566.84	0
205	5	3	102	7	1	410.75	0
205	5	3	103	2	1	720.17	0
205	5	3	104	7	0	554.97	0
205	5	3	105	1	1	966.44	0
205	5	3	106	6	0	932.19	0
205	5	3	107	8	0	470.16	0
205	5	3	108	11	0	1353.6	0
205	5	3	109	5	1	1059.2	0
205	5	3	110	1	1	692.42	0
205	5	3	111	4	0	1170.3	0
205	5	3	112	4	0	697.62	0
205	5	3	113	3	1	810.67	0
205	5	3	114	8	0	508.69	0
205	5	3	115	5	0	662.39	0
205	5	3	116	7	1	430.9	0
205	5	3	117	1	0	713.54	0
205	5	3	118	11	1	1083.8	0
205	5	3	119	7	0	894.77	0
205	5	3	120	6	1	752.23	0
205	5	3	1	4	1	792.41	0
205	5	3	2	6	0	890.06	0
205	5	3	3	8	0	529.62	0
205	5	3	4	9	0	705.62	0
205	5	3	5	3	1	797.25	0
205	5	3	6	10	1	445.04	0
205	5	3	7	11	1	702.74	0
205	5	3	8	7	0	922.09	0
205	5	3	9	5	1	485.04	0
205	5	3	10	12	1	558.31	0
205	5	3	11	8	1	1231.3	0
205	5	3	12	10	0	777.16	0
205	5	3	13	6	1	668.39	0
205	5	3	14	5	0	618.82	0
205	5	3	15	7	0	1231.9	0
205	5	3	16	3	1	658.11	0
205	5	3	17	2	0	907.19	0
205	5	3	18	7	1	524.17	0
205	5	3	19	1	1	495.57	0
205	5	3	20	12	0	839.56	0
205	5	3	21	6	1	579.3	0
205	5	3	22	7	1	459.82	0
205	5	3	23	4	0	557.8	0
205	5	3	24	8	1	712.4	0
205	5	3	25	6	1	430.17	0
205	5	3	26	8	1	652.41	0
205	5	3	27	2	1	526.23	0
205	5	3	28	8	1	432.8	0
205	5	3	29	2	0	1118	0
205	5	3	30	2	1	1002.6	0
205	5	3	31	8	1	561.29	0
205	5	3	32	10	1	554.94	0
205	5	3	33	12	0	593.83	0
205	5	3	34	10	1	692.11	0
205	5	3	35	11	0	750.12	0
205	5	3	36	5	0	1029.6	0
205	5	3	37	2	0	625.22	0
205	5	3	38	11	1	651.81	0
205	5	3	39	3	0	491.39	0
205	5	3	40	6	0	535.6	0
205	5	3	41	4	1	720.58	0
205	5	3	42	1	1	822.98	0
205	5	3	43	12	1	508.44	0
205	5	3	44	9	0	817.3	0
205	5	3	45	2	1	638.57	0
205	5	3	46	5	0	412.11	0
205	5	3	47	10	1	458	0
205	5	3	48	6	1	562.37	0
205	5	3	49	9	0	726.4	0
205	5	3	50	9	0	572.93	0
205	5	3	51	11	0	1025.2	0
205	5	3	52	4	1	535.84	0
205	5	3	53	5	0	867.14	0
205	5	3	54	9	0	582.25	0
205	5	3	55	1	1	458.42	0
205	5	3	56	4	0	503.7	0
205	5	3	57	7	1	859.45	0
205	5	3	58	12	0	549.01	0
205	5	3	59	11	1	625.44	0
205	5	3	60	12	1	850.8	0
205	5	3	61	8	0	437.73	0
205	5	3	62	9	1	614.29	0
205	5	3	63	4	0	401.28	0
205	5	3	64	1	1	599.34	0
205	5	3	65	3	0	1003.7	0
205	5	3	66	7	1	869.84	0
205	5	3	67	5	1	839.28	0
205	5	3	68	12	1	525.32	0
205	5	3	69	6	1	408.07	0
205	5	3	70	10	1	754.2	0
205	5	3	71	3	1	702.25	0
205	5	3	72	1	1	534.96	0
205	5	3	73	1	1	717.4	0
205	5	3	74	1	1	561.56	0
205	5	3	75	2	1	582.81	0
205	5	3	76	1	0	431.39	0
205	5	3	77	10	1	625.5	0
205	5	3	78	11	0	550.01	0
205	5	3	79	11	1	501.2	0
205	5	3	80	3	0	710.35	0
205	5	3	81	1	1	1050.6	0
205	5	3	82	2	0	450.91	0
205	5	3	83	6	0	548.12	0
205	5	3	84	3	1	604.62	0
205	5	3	85	3	1	480.01	0
205	5	3	86	5	0	1224.3	0
205	5	3	87	3	1	525.61	0
205	5	3	88	5	1	435.7	0
205	5	3	89	10	0	744.21	0
205	5	3	90	10	0	902.79	0
205	5	3	91	4	1	668.22	0
205	5	3	92	4	1	633.01	0
205	5	3	93	1	0	518.23	0
205	5	3	94	8	1	791.4	0
205	5	3	95	8	1	514.65	0
205	5	3	96	11	0	602.16	0
205	5	3	97	7	0	654.08	0
205	5	3	98	4	1	534.06	0
205	5	3	99	11	1	555.08	0
205	5	3	100	2	1	394.85	0
205	5	3	101	12	1	494.49	0
205	5	3	102	3	1	585.03	0
205	5	3	103	9	1	405.27	0
205	5	3	104	11	0	636.35	0
205	5	3	105	6	1	560.01	0
205	5	3	106	4	1	566.54	0
205	5	3	107	7	1	666.11	0
205	5	3	108	7	1	567.3	0
205	5	3	109	12	1	764.58	0
205	5	3	110	10	0	628.52	0
205	5	3	111	2	1	861.34	0
205	5	3	112	12	1	491.82	0
205	5	3	113	9	1	652.06	0
205	5	3	114	5	0	609.41	0
205	5	3	115	9	0	493.75	0
205	5	3	116	5	0	944.19	0
205	5	3	117	7	0	816.42	0
205	5	3	118	6	1	740.29	0
205	5	3	119	9	1	608.38	0
205	5	3	120	8	0	484.64	0
205	3	3	1	10	1	713.62	0
205	3	3	2	3	0	831.99	0
205	3	3	3	10	1	640.87	0
205	3	3	4	1	0	734.98	0
205	3	3	5	1	1	809.37	0
205	3	3	6	8	1	485.25	0
205	3	3	7	10	0	719.08	0
205	3	3	8	3	0	677.22	0
205	3	3	9	5	1	512.12	0
205	3	3	10	5	1	471.64	0
205	3	3	11	12	1	609.51	0
205	3	3	12	8	1	1023.4	0
205	3	3	13	8	1	932.15	0
205	3	3	14	1	1	754.3	0
205	3	3	15	5	0	502.1	0
205	3	3	16	10	0	981.28	0
205	3	3	17	5	1	594.78	0
205	3	3	18	12	1	546.73	0
205	3	3	19	8	0	762.58	0
205	3	3	20	10	0	660.84	0
205	3	3	21	3	1	663.96	0
205	3	3	22	12	1	809.72	0
205	3	3	23	8	0	633.13	0
205	3	3	24	1	1	447.59	0
205	3	3	25	8	1	614.34	0
205	3	3	26	3	1	718.98	0
205	3	3	27	8	1	662.23	0
205	3	3	28	10	1	728.86	0
205	3	3	29	3	1	708.07	0
205	3	3	30	5	0	795.62	0
205	3	3	31	8	1	783.71	0
205	3	3	32	8	1	648.45	0
205	3	3	33	3	0	986.41	0
205	3	3	34	8	1	493.46	0
205	3	3	35	1	1	520.12	0
205	3	3	36	5	1	580.4	0
205	3	3	37	10	0	465.35	0
205	3	3	38	5	0	2521.2	0
205	3	3	39	5	1	418.05	0
205	3	3	40	12	0	852.8	0
205	3	3	41	5	1	1073.7	0
205	3	3	42	1	1	991.59	0
205	3	3	43	1	1	633.38	0
205	3	3	44	3	0	917.09	0
205	3	3	45	12	0	606.38	0
205	3	3	46	10	0	449.62	0
205	3	3	47	1	1	730.59	0
205	3	3	48	12	0	699.19	0
205	3	3	49	10	1	809.51	0
205	3	3	50	5	1	488.41	0
205	3	3	51	1	0	529.57	0
205	3	3	52	5	1	680.78	0
205	3	3	53	12	1	706.73	0
205	3	3	54	10	1	674.13	0
205	3	3	55	8	1	769.77	0
205	3	3	56	12	0	866.93	0
205	3	3	57	5	1	766.85	0
205	3	3	58	12	1	503.27	0
205	3	3	59	8	1	713.7	0
205	3	3	60	12	1	952.05	0
205	3	3	61	8	0	804.1	0
205	3	3	62	10	1	781.68	0
205	3	3	63	8	0	698.93	0
205	3	3	64	10	0	530.78	0
205	3	3	65	10	1	465.5	0
205	3	3	66	1	1	567.3	0
205	3	3	67	3	1	906.88	0
205	3	3	68	8	1	989.15	0
205	3	3	69	3	0	1115.7	0
205	3	3	70	3	1	677.54	0
205	3	3	71	3	1	390.09	0
205	3	3	72	1	1	705.85	0
205	3	3	73	12	1	600.26	0
205	3	3	74	12	1	495.95	0
205	3	3	75	5	1	583.07	0
205	3	3	76	5	1	541.72	0
205	3	3	77	10	1	1038.9	0
205	3	3	78	3	0	986.07	0
205	3	3	79	3	1	486.14	0
205	3	3	80	8	0	595.25	0
205	3	3	81	12	1	451.81	0
205	3	3	82	12	1	643.85	0
205	3	3	83	5	1	493.61	0
205	3	3	84	8	0	1254.4	0
205	3	3	85	12	1	640.36	0
205	3	3	86	3	0	555.68	0
205	3	3	87	12	1	622.63	0
205	3	3	88	5	1	745.14	0
205	3	3	89	10	0	844.66	0
205	3	3	90	12	1	692.77	0
205	3	3	91	3	0	975.49	0
205	3	3	92	5	0	594.91	0
205	3	3	93	5	1	596.88	0
205	3	3	94	12	1	684.26	0
205	3	3	95	1	1	613.81	0
205	3	3	96	3	1	798.22	0
205	3	3	97	3	1	619.03	0
205	3	3	98	3	1	505.66	0
205	3	3	99	10	1	657.66	0
205	3	3	100	8	1	498.46	0
205	3	3	101	3	0	503.37	0
205	3	3	102	12	0	401.33	0
205	3	3	103	1	1	1007.8	0
205	3	3	104	3	1	631.08	0
205	3	3	105	5	1	801.07	0
205	3	3	106	5	1	455.34	0
205	3	3	107	1	1	754.28	0
205	3	3	108	12	1	538.42	0
205	3	3	109	10	1	692.83	0
205	3	3	110	1	1	596.17	0
205	3	3	111	8	1	805.61	0
205	3	3	112	8	1	1057.2	0
205	3	3	113	1	1	456.09	0
205	3	3	114	10	1	475.87	0
205	3	3	115	1	1	592.6	0
205	3	3	116	1	1	569.11	0
205	3	3	117	1	0	837.66	0
205	3	3	118	1	1	601.31	0
205	3	3	119	10	0	932.94	0
205	3	3	120	10	1	525.13	0
205	4	3	1	4	1	709.57	0
205	4	3	2	9	1	609.26	0
205	4	3	3	4	1	588.35	0
205	4	3	4	11	1	624.05	0
205	4	3	5	6	0	750.79	0
205	4	3	6	11	0	918.71	0
205	4	3	7	6	1	1494.8	0
205	4	3	8	9	1	728.35	0
205	4	3	9	7	0	562.8	0
205	4	3	10	9	1	468.24	0
205	4	3	11	11	0	1111.1	0
205	4	3	12	6	1	672.02	0
205	4	3	13	6	1	700.53	0
205	4	3	14	11	0	705.61	0
205	4	3	15	2	1	623.09	0
205	4	3	16	7	0	701.47	0
205	4	3	17	9	1	744.5	0
205	4	3	18	11	1	485.16	0
205	4	3	19	7	1	591.03	0
205	4	3	20	11	0	594.78	0
205	4	3	21	11	1	380.27	0
205	4	3	22	6	0	748.11	0
205	4	3	23	4	0	587.13	0
205	4	3	24	7	1	462.6	0
205	4	3	25	7	1	479.09	0
205	4	3	26	9	1	864.99	0
205	4	3	27	6	0	832.32	0
205	4	3	28	7	1	768.23	0
205	4	3	29	11	1	408.2	0
205	4	3	30	2	1	650.82	0
205	4	3	31	6	1	621.84	0
205	4	3	32	9	1	880.03	0
205	4	3	33	4	0	806.46	0
205	4	3	34	7	1	552.82	0
205	4	3	35	4	1	635.6	0
205	4	3	36	9	0	619.32	0
205	4	3	37	11	0	699.65	0
205	4	3	38	9	0	616.65	0
205	4	3	39	2	1	740.58	0
205	4	3	40	7	1	724.23	0
205	4	3	41	7	1	566.42	0
205	4	3	42	2	1	683.96	0
205	4	3	43	7	1	691.73	0
205	4	3	44	6	1	556.94	0
205	4	3	45	9	1	591.23	0
205	4	3	46	9	1	731.92	0
205	4	3	47	6	0	1097.2	0
205	4	3	48	11	1	674.21	0
205	4	3	49	7	1	860.19	0
205	4	3	50	2	0	1132.7	0
205	4	3	51	2	1	543.16	0
205	4	3	52	2	1	574.19	0
205	4	3	53	6	0	679.55	0
205	4	3	54	11	1	1075.6	0
205	4	3	55	4	1	545.76	0
205	4	3	56	2	1	868.37	0
205	4	3	57	6	0	900.66	0
205	4	3	58	4	1	494.6	0
205	4	3	59	2	1	495.32	0
205	4	3	60	11	1	715.13	0
205	4	3	61	9	1	731.03	0
205	4	3	62	7	0	675.19	0
205	4	3	63	4	1	641.59	0
205	4	3	64	7	0	787.92	0
205	4	3	65	4	0	601.43	0
205	4	3	66	7	1	736.45	0
205	4	3	67	7	0	676.82	0
205	4	3	68	9	1	604.24	0
205	4	3	69	2	0	551.42	0
205	4	3	70	6	1	1051	0
205	4	3	71	11	0	827.17	0
205	4	3	72	11	0	778.86	0
205	4	3	73	2	1	659.07	0
205	4	3	74	4	0	633.58	0
205	4	3	75	11	0	752.45	0
205	4	3	76	4	1	1077.9	0
205	4	3	77	7	0	426.84	0
205	4	3	78	9	1	550.3	0
205	4	3	79	2	1	633.39	0
205	4	3	80	2	1	786.29	0
205	4	3	81	4	1	529.19	0
205	4	3	82	4	1	862.23	0
205	4	3	83	2	1	564.77	0
205	4	3	84	6	0	749.85	0
205	4	3	85	6	1	922.93	0
205	4	3	86	9	1	926.47	0
205	4	3	87	2	1	890.26	0
205	4	3	88	7	0	1314	0
205	4	3	89	11	1	728.37	0
205	4	3	90	9	1	604.64	0
205	4	3	91	9	1	433.99	0
205	4	3	92	11	1	685.65	0
205	4	3	93	6	1	816.83	0
205	4	3	94	4	1	628.03	0
205	4	3	95	4	1	538.26	0
205	4	3	96	9	0	421.94	0
205	4	3	97	2	1	523.18	0
205	4	3	98	6	1	775.77	0
205	4	3	99	6	1	586.39	0
205	4	3	100	6	1	769.9	0
205	4	3	101	2	0	710.96	0
205	4	3	102	9	1	480.58	0
205	4	3	103	4	1	537.96	0
205	4	3	104	2	0	1043	0
205	4	3	105	9	0	897.32	0
205	4	3	106	2	1	659.38	0
205	4	3	107	6	1	842.24	0
205	4	3	108	11	1	496.59	0
205	4	3	109	7	0	602.93	0
205	4	3	110	11	1	598.37	0
205	4	3	111	11	1	682.74	0
205	4	3	112	7	1	616.05	0
205	4	3	113	4	0	458.01	0
205	4	3	114	2	1	823.36	0
205	4	3	115	4	1	372.79	0
205	4	3	116	6	1	746.17	0
205	4	3	117	9	1	891.44	0
205	4	3	118	4	0	723.65	0
205	4	3	119	4	1	578.45	0
205	4	3	120	7	1	417.61	0
205	2	4	1	12	1	476.76	0
205	2	4	2	4	0	728.33	0
205	2	4	3	8	0	427.35	0
205	2	4	4	6	1	2024.5	0
205	2	4	5	6	1	507.63	0
205	2	4	6	12	1	726.96	0
205	2	4	7	6	1	1297.1	0
205	2	4	8	10	0	550.22	0
205	2	4	9	8	0	527.16	0
205	2	4	10	4	1	528.9	0
205	2	4	11	12	0	793.35	0
205	2	4	12	12	1	666.87	0
205	2	4	13	8	0	749.36	0
205	2	4	14	8	0	856.38	0
205	2	4	15	10	0	733.95	0
205	2	4	16	2	0	506.6	0
205	2	4	17	6	0	641.35	0
205	2	4	18	10	0	1236.6	0
205	2	4	19	2	1	628.82	0
205	2	4	20	10	1	558.65	0
205	2	4	21	6	0	622.84	0
205	2	4	22	2	0	1551	0
205	2	4	23	12	1	929.94	0
205	2	4	24	4	0	626.64	0
205	2	4	25	2	0	917.54	0
205	2	4	26	8	1	625.54	0
205	2	4	27	12	0	772.74	0
205	2	4	28	12	0	1671.6	0
205	2	4	29	4	0	642.74	0
205	2	4	30	6	1	843.43	0
205	2	4	31	8	0	448.68	0
205	2	4	32	10	1	560.78	0
205	2	4	33	12	0	993.68	0
205	2	4	34	6	1	786.65	0
205	2	4	35	4	0	731.98	0
205	2	4	36	12	1	454.08	0
205	2	4	37	12	1	522.01	0
205	2	4	38	4	0	649.68	0
205	2	4	39	10	0	815.54	0
205	2	4	40	4	0	627.58	0
205	2	4	41	10	1	651.82	0
205	2	4	42	10	0	879.09	0
205	2	4	43	8	1	457.19	0
205	2	4	44	4	1	505.99	0
205	2	4	45	12	1	991.3	0
205	2	4	46	6	0	824.39	0
205	2	4	47	8	1	731.63	0
205	2	4	48	6	0	1423.3	0
205	2	4	49	10	1	546.22	0
205	2	4	50	10	1	1009.1	0
205	2	4	51	2	1	500.65	0
205	2	4	52	2	1	505.57	0
205	2	4	53	8	1	1212.2	0
205	2	4	54	12	1	564.03	0
205	2	4	55	2	1	780.18	0
205	2	4	56	4	0	714	0
205	2	4	57	8	1	502.26	0
205	2	4	58	2	0	1096.4	0
205	2	4	59	4	1	568.59	0
205	2	4	60	8	0	508.76	0
205	2	4	61	6	1	615.77	0
205	2	4	62	10	0	686.91	0
205	2	4	63	12	1	616.2	0
205	2	4	64	8	1	798.49	0
205	2	4	65	10	1	1625.9	0
205	2	4	66	4	0	639.54	0
205	2	4	67	10	1	606.12	0
205	2	4	68	6	0	503.55	0
205	2	4	69	4	1	480.16	0
205	2	4	70	10	1	731.55	0
205	2	4	71	12	1	817.31	0
205	2	4	72	2	1	585.27	0
205	2	4	73	2	1	1171	0
205	2	4	74	2	0	805.97	0
205	2	4	75	8	1	896.38	0
205	2	4	76	8	1	652.26	0
205	2	4	77	8	1	479.84	0
205	2	4	78	2	1	773.12	0
205	2	4	79	4	0	1048.2	0
205	2	4	80	10	1	499.17	0
205	2	4	81	2	0	579.17	0
205	2	4	82	12	0	506.08	0
205	2	4	83	10	0	666.7	0
205	2	4	84	6	1	509.4	0
205	2	4	85	10	0	656.82	0
205	2	4	86	4	0	660.73	0
205	2	4	87	12	0	466.49	0
205	2	4	88	4	1	1612	0
205	2	4	89	4	1	752.05	0
205	2	4	90	8	1	673.77	0
205	2	4	91	8	1	645.76	0
205	2	4	92	6	1	513.24	0
205	2	4	93	2	1	770.97	0
205	2	4	94	6	1	527.85	0
205	2	4	95	12	1	1247.2	0
205	2	4	96	2	0	1256.6	0
205	2	4	97	2	1	422.76	0
205	2	4	98	2	1	579.89	0
205	2	4	99	4	1	633.24	0
205	2	4	100	6	1	522.58	0
205	2	4	101	6	0	740.31	0
205	2	4	102	6	1	713.35	0
205	2	4	103	8	1	629.67	0
205	2	4	104	2	1	834.37	0
205	2	4	105	10	0	657.57	0
205	2	4	106	10	1	455.13	0
205	2	4	107	6	1	507.94	0
205	2	4	108	12	1	415.29	0
205	2	4	109	6	1	457.25	0
205	2	4	110	8	0	617.84	0
205	2	4	111	2	1	633.68	0
205	2	4	112	2	1	1318.5	0
205	2	4	113	12	0	647.96	0
205	2	4	114	4	1	597.27	0
205	2	4	115	4	1	684.31	0
205	2	4	116	12	1	1338.4	0
205	2	4	117	4	1	931.05	0
205	2	4	118	8	0	2472.4	0
205	2	4	119	10	1	640.61	0
205	2	4	120	6	1	691.73	0
205	1	4	1	5	0	950.62	0
205	1	4	2	5	1	569.04	0
205	1	4	3	7	1	852.94	0
205	1	4	4	7	1	586.15	0
205	1	4	5	3	1	502.61	0
205	1	4	6	3	1	565.57	0
205	1	4	7	7	1	672.94	0
205	1	4	8	3	0	987.46	0
205	1	4	9	7	0	688.22	0
205	1	4	10	1	1	881.77	0
205	1	4	11	1	1	834.92	0
205	1	4	12	7	0	667.28	0
205	1	4	13	5	1	704.11	0
205	1	4	14	7	0	635.98	0
205	1	4	15	7	1	555.03	0
205	1	4	16	11	1	529.08	0
205	1	4	17	11	1	424.48	0
205	1	4	18	7	0	836.36	0
205	1	4	19	3	1	539.72	0
205	1	4	20	11	1	610.16	0
205	1	4	21	11	0	835.74	0
205	1	4	22	9	0	917.5	0
205	1	4	23	1	0	572.11	0
205	1	4	24	1	1	611.67	0
205	1	4	25	5	1	623.95	0
205	1	4	26	1	1	569.92	0
205	1	4	27	5	1	721.37	0
205	1	4	28	1	0	903.1	0
205	1	4	29	5	0	624.13	0
205	1	4	30	3	0	731.62	0
205	1	4	31	1	1	496.05	0
205	1	4	32	9	1	706.94	0
205	1	4	33	11	1	459.88	0
205	1	4	34	11	1	473.84	0
205	1	4	35	3	1	430.49	0
205	1	4	36	7	1	470.85	0
205	1	4	37	9	0	609.82	0
205	1	4	38	3	1	815.3	0
205	1	4	39	7	1	674.12	0
205	1	4	40	7	1	553.81	0
205	1	4	41	9	0	682.35	0
205	1	4	42	1	0	765.72	0
205	1	4	43	7	1	632.55	0
205	1	4	44	3	0	511.7	0
205	1	4	45	11	1	536	0
205	1	4	46	11	1	558.2	0
205	1	4	47	9	1	627.55	0
205	1	4	48	3	0	585.33	0
205	1	4	49	7	1	684.15	0
205	1	4	50	9	0	813.1	0
205	1	4	51	9	1	528.01	0
205	1	4	52	5	1	760.72	0
205	1	4	53	11	1	691.75	0
205	1	4	54	1	1	659.65	0
205	1	4	55	5	1	556.83	0
205	1	4	56	11	0	568.92	0
205	1	4	57	3	1	615.42	0
205	1	4	58	5	1	623.21	0
205	1	4	59	9	1	636.8	0
205	1	4	60	3	1	875.01	0
205	1	4	61	7	1	657.29	0
205	1	4	62	9	1	737.78	0
205	1	4	63	3	0	527.39	0
205	1	4	64	9	1	617.83	0
205	1	4	65	9	1	554.7	0
205	1	4	66	3	1	685.79	0
205	1	4	67	1	0	915.99	0
205	1	4	68	11	1	624.83	0
205	1	4	69	5	0	603.11	0
205	1	4	70	5	1	571.34	0
205	1	4	71	3	1	762.45	0
205	1	4	72	3	1	549.95	0
205	1	4	73	7	0	688	0
205	1	4	74	1	1	400.01	0
205	1	4	75	1	1	544.39	0
205	1	4	76	1	1	605.37	0
205	1	4	77	11	1	664.54	0
205	1	4	78	5	0	621.5	0
205	1	4	79	11	1	976.47	0
205	1	4	80	5	1	646.86	0
205	1	4	81	7	1	431.08	0
205	1	4	82	9	1	639.85	0
205	1	4	83	1	1	1171.7	0
205	1	4	84	5	1	521.06	0
205	1	4	85	9	1	844.92	0
205	1	4	86	11	1	578.48	0
205	1	4	87	7	1	700.12	0
205	1	4	88	1	0	1739.6	0
205	1	4	89	7	1	754.76	0
205	1	4	90	9	0	989.7	0
205	1	4	91	7	1	678.46	0
205	1	4	92	11	1	945.88	0
205	1	4	93	11	1	599.12	0
205	1	4	94	3	1	551.07	0
205	1	4	95	1	1	667.78	0
205	1	4	96	5	0	829.93	0
205	1	4	97	1	1	584.7	0
205	1	4	98	11	0	633.31	0
205	1	4	99	3	0	1052.6	0
205	1	4	100	11	0	603.58	0
205	1	4	101	7	1	581.71	0
205	1	4	102	1	1	811.78	0
205	1	4	103	11	1	634.35	0
205	1	4	104	9	1	617.26	0
205	1	4	105	9	1	513.51	0
205	1	4	106	5	0	1050.7	0
205	1	4	107	5	1	477.1	0
205	1	4	108	3	1	753.59	0
205	1	4	109	3	1	858.95	0
205	1	4	110	9	1	423.33	0
205	1	4	111	9	1	571.88	0
205	1	4	112	9	1	648.42	0
205	1	4	113	9	1	792.5	0
205	1	4	114	11	1	549.58	0
205	1	4	115	3	1	857.01	0
205	1	4	116	5	1	472.82	0
205	1	4	117	1	0	709.51	0
205	1	4	118	1	1	643.24	0
205	1	4	119	5	0	438.58	0
205	1	4	120	5	1	538.49	0
205	5	4	1	4	1	650.34	0
205	5	4	2	8	1	569.21	0
205	5	4	3	8	0	620.52	0
205	5	4	4	2	1	726.93	0
205	5	4	5	5	1	831.88	0
205	5	4	6	2	1	453.57	0
205	5	4	7	11	1	469.13	0
205	5	4	8	3	1	987.8	0
205	5	4	9	5	1	581.75	0
205	5	4	10	11	1	516.22	0
205	5	4	11	12	0	569.29	0
205	5	4	12	3	0	502.29	0
205	5	4	13	2	0	681.68	0
205	5	4	14	6	1	826.99	0
205	5	4	15	9	1	671.74	0
205	5	4	16	11	0	522.67	0
205	5	4	17	4	1	581.66	0
205	5	4	18	9	0	1386.7	0
205	5	4	19	2	1	493.03	0
205	5	4	20	12	1	811.43	0
205	5	4	21	9	1	802.81	0
205	5	4	22	3	1	775.76	0
205	5	4	23	2	1	904.13	0
205	5	4	24	7	1	945.98	0
205	5	4	25	8	0	631.1	0
205	5	4	26	7	1	595.25	0
205	5	4	27	8	0	995.48	0
205	5	4	28	2	1	493.85	0
205	5	4	29	1	0	966.12	0
205	5	4	30	10	1	933.49	0
205	5	4	31	5	1	542.17	0
205	5	4	32	5	1	528.05	0
205	5	4	33	7	1	530.97	0
205	5	4	34	1	0	534.34	0
205	5	4	35	8	1	702.18	0
205	5	4	36	8	0	572.43	0
205	5	4	37	7	0	491.71	0
205	5	4	38	7	1	513.72	0
205	5	4	39	11	1	1036.9	0
205	5	4	40	6	1	812.12	0
205	5	4	41	7	0	549.18	0
205	5	4	42	12	1	600.15	0
205	5	4	43	1	1	644.46	0
205	5	4	44	1	1	467.73	0
205	5	4	45	7	1	470.05	0
205	5	4	46	10	0	463.24	0
205	5	4	47	8	1	756.76	0
205	5	4	48	10	0	515.75	0
205	5	4	49	6	1	793.37	0
205	5	4	50	1	0	707.36	0
205	5	4	51	3	1	487.76	0
205	5	4	52	7	1	2357.7	0
205	5	4	53	2	0	1740.1	0
205	5	4	54	7	1	568.89	0
205	5	4	55	3	1	614.71	0
205	5	4	56	6	0	511.15	0
205	5	4	57	8	1	735.23	0
205	5	4	58	6	0	644.77	0
205	5	4	59	11	1	591.25	0
205	5	4	60	3	0	838.08	0
205	5	4	61	9	0	791.35	0
205	5	4	62	11	0	568.88	0
205	5	4	63	4	1	510.35	0
205	5	4	64	10	1	627.45	0
205	5	4	65	5	0	704.22	0
205	5	4	66	12	1	949.86	0
205	5	4	67	4	1	625.18	0
205	5	4	68	9	1	435.64	0
205	5	4	69	3	1	743.82	0
205	5	4	70	10	1	656.6	0
205	5	4	71	9	0	444.53	0
205	5	4	72	2	1	635.69	0
205	5	4	73	12	1	511.84	0
205	5	4	74	1	1	1082.7	0
205	5	4	75	10	0	990.34	0
205	5	4	76	11	0	711.77	0
205	5	4	77	6	0	673.52	0
205	5	4	78	3	1	677.5	0
205	5	4	79	9	1	828.61	0
205	5	4	80	2	0	730.05	0
205	5	4	81	1	0	569.77	0
205	5	4	82	3	0	512.41	0
205	5	4	83	9	0	947.78	0
205	5	4	84	11	1	753.18	0
205	5	4	85	1	0	755.17	0
205	5	4	86	10	0	586.04	0
205	5	4	87	5	0	546.61	0
205	5	4	88	12	1	635.53	0
205	5	4	89	8	1	653.67	0
205	5	4	90	2	0	682.58	0
205	5	4	91	11	1	493.67	0
205	5	4	92	5	1	444.54	0
205	5	4	93	10	1	586.86	0
205	5	4	94	5	1	519.51	0
205	5	4	95	1	1	418.9	0
205	5	4	96	6	0	547.57	0
205	5	4	97	5	1	1216.5	0
205	5	4	98	6	0	613.27	0
205	5	4	99	4	1	654.98	0
205	5	4	100	9	1	696.46	0
205	5	4	101	12	1	670.28	0
205	5	4	102	4	1	664.46	0
205	5	4	103	4	1	767.77	0
205	5	4	104	4	1	934.29	0
205	5	4	105	8	1	539.05	0
205	5	4	106	9	0	547.65	0
205	5	4	107	11	0	542.05	0
205	5	4	108	1	0	595.86	0
205	5	4	109	10	0	914.46	0
205	5	4	110	4	1	744.19	0
205	5	4	111	12	1	789.96	0
205	5	4	112	10	0	606.67	0
205	5	4	113	4	1	970.56	0
205	5	4	114	6	0	651.9	0
205	5	4	115	3	0	645	0
205	5	4	116	5	1	477.95	0
205	5	4	117	12	1	659.4	0
205	5	4	118	12	0	825.24	0
205	5	4	119	6	0	782.92	0
205	5	4	120	7	1	677.99	0
205	5	4	1	5	0	639.85	0
205	5	4	2	6	1	678.54	0
205	5	4	3	10	0	614.11	0
205	5	4	4	9	0	520.47	0
205	5	4	5	6	0	602.17	0
205	5	4	6	11	1	534.18	0
205	5	4	7	6	1	797.8	0
205	5	4	8	3	1	1233.6	0
205	5	4	9	11	1	762.57	0
205	5	4	10	1	1	651.99	0
205	5	4	11	6	1	496.94	0
205	5	4	12	1	0	580.01	0
205	5	4	13	5	0	654.32	0
205	5	4	14	1	0	483.99	0
205	5	4	15	5	0	763.65	0
205	5	4	16	1	1	625.47	0
205	5	4	17	11	1	577.99	0
205	5	4	18	10	1	738.77	0
205	5	4	19	12	0	1100.9	0
205	5	4	20	2	0	466.03	0
205	5	4	21	9	1	378.85	0
205	5	4	22	3	0	630.99	0
205	5	4	23	2	1	586.51	0
205	5	4	24	3	0	494.5	0
205	5	4	25	6	0	475.31	0
205	5	4	26	12	1	528.34	0
205	5	4	27	12	1	804.37	0
205	5	4	28	1	0	589.54	0
205	5	4	29	7	0	539.53	0
205	5	4	30	5	1	696.32	0
205	5	4	31	8	1	468.87	0
205	5	4	32	8	1	918.14	0
205	5	4	33	10	0	478.84	0
205	5	4	34	8	1	437.89	0
205	5	4	35	12	1	544.37	0
205	5	4	36	10	1	745.47	0
205	5	4	37	5	1	651.67	0
205	5	4	38	7	0	969.71	0
205	5	4	39	10	0	663.56	0
205	5	4	40	4	1	881.42	0
205	5	4	41	12	0	520.62	0
205	5	4	42	6	1	481.33	0
205	5	4	43	3	0	669.34	0
205	5	4	44	11	0	513.55	0
205	5	4	45	12	0	599.12	0
205	5	4	46	8	0	806.11	0
205	5	4	47	1	1	995.02	0
205	5	4	48	9	1	506.88	0
205	5	4	49	8	0	586.74	0
205	5	4	50	10	0	581.86	0
205	5	4	51	11	1	814.68	0
205	5	4	52	7	1	573.35	0
205	5	4	53	4	1	606.3	0
205	5	4	54	5	0	621.85	0
205	5	4	55	6	0	583.49	0
205	5	4	56	11	1	645.2	0
205	5	4	57	3	1	593.44	0
205	5	4	58	10	1	1223.9	0
205	5	4	59	8	0	753.52	0
205	5	4	60	3	1	866.66	0
205	5	4	61	4	0	680.19	0
205	5	4	62	4	1	684.5	0
205	5	4	63	11	0	793.99	0
205	5	4	64	10	1	743.56	0
205	5	4	65	2	1	583.42	0
205	5	4	66	2	1	486.19	0
205	5	4	67	7	1	834.13	0
205	5	4	68	7	1	592.28	0
205	5	4	69	12	1	466.66	0
205	5	4	70	2	1	449.49	0
205	5	4	71	4	0	642.41	0
205	5	4	72	7	0	695.05	0
205	5	4	73	2	1	475.61	0
205	5	4	74	8	1	528.07	0
205	5	4	75	11	0	652.33	0
205	5	4	76	4	1	485.31	0
205	5	4	77	8	1	741.57	0
205	5	4	78	5	1	627.02	0
205	5	4	79	6	1	613.62	0
205	5	4	80	12	1	681.23	0
205	5	4	81	5	0	618.84	0
205	5	4	82	1	1	447.19	0
205	5	4	83	9	1	637.36	0
205	5	4	84	2	0	448.47	0
205	5	4	85	11	1	477.37	0
205	5	4	86	7	0	980.67	0
205	5	4	87	8	0	443.1	0
205	5	4	88	7	1	961.29	0
205	5	4	89	5	0	512.32	0
205	5	4	90	2	1	865.84	0
205	5	4	91	1	1	638.48	0
205	5	4	92	3	0	742.11	0
205	5	4	93	1	1	469.41	0
205	5	4	94	12	1	615.25	0
205	5	4	95	7	1	986.5	0
205	5	4	96	9	0	635.95	0
205	5	4	97	11	1	468.38	0
205	5	4	98	9	0	450.42	0
205	5	4	99	6	1	697.08	0
205	5	4	100	8	1	479.71	0
205	5	4	101	9	1	1000.1	0
205	5	4	102	6	1	825.22	0
205	5	4	103	9	1	472.82	0
205	5	4	104	2	1	655.74	0
205	5	4	105	4	0	682.41	0
205	5	4	106	2	1	1043.5	0
205	5	4	107	9	1	555.66	0
205	5	4	108	10	1	781.46	0
205	5	4	109	3	1	460.35	0
205	5	4	110	1	0	544.53	0
205	5	4	111	4	0	693.04	0
205	5	4	112	3	1	1645.6	0
205	5	4	113	9	1	1114.6	0
205	5	4	114	3	1	541.66	0
205	5	4	115	12	1	679.44	0
205	5	4	116	7	1	665.5	0
205	5	4	117	4	1	596.59	0
205	5	4	118	4	1	1507	0
205	5	4	119	10	1	841.94	0
205	5	4	120	5	1	758.85	0
205	4	4	1	4	0	734.74	0
205	4	4	2	9	0	565.1	0
205	4	4	3	9	1	512.55	0
205	4	4	4	11	1	449.09	0
205	4	4	5	9	0	950.8	0
205	4	4	6	11	1	773.78	0
205	4	4	7	6	0	773.81	0
205	4	4	8	6	1	491.99	0
205	4	4	9	2	1	552.28	0
205	4	4	10	2	1	744.45	0
205	4	4	11	11	1	613.51	0
205	4	4	12	2	1	406.94	0
205	4	4	13	11	1	429.27	0
205	4	4	14	4	1	825.34	0
205	4	4	15	6	1	522.05	0
205	4	4	16	6	1	760.54	0
205	4	4	17	11	0	417.11	0
205	4	4	18	6	1	416.76	0
205	4	4	19	6	1	525.92	0
205	4	4	20	11	1	729.23	0
205	4	4	21	11	0	642.78	0
205	4	4	22	2	1	474.7	0
205	4	4	23	9	1	573.21	0
205	4	4	24	9	1	522.2	0
205	4	4	25	4	1	793.25	0
205	4	4	26	9	0	947.79	0
205	4	4	27	11	0	535.19	0
205	4	4	28	2	1	887.18	0
205	4	4	29	7	0	493.44	0
205	4	4	30	6	0	717	0
205	4	4	31	6	1	428.94	0
205	4	4	32	9	0	546.22	0
205	4	4	33	2	1	430.97	0
205	4	4	34	4	0	993.69	0
205	4	4	35	11	1	557.63	0
205	4	4	36	7	1	516.19	0
205	4	4	37	4	1	732.87	0
205	4	4	38	4	1	363.9	0
205	4	4	39	4	1	615.77	0
205	4	4	40	2	0	584.65	0
205	4	4	41	7	1	654.7	0
205	4	4	42	2	0	614.12	0
205	4	4	43	11	0	823.1	0
205	4	4	44	9	0	463.54	0
205	4	4	45	9	1	506.77	0
205	4	4	46	6	1	474.56	0
205	4	4	47	11	1	656.01	0
205	4	4	48	2	1	482.11	0
205	4	4	49	7	1	495.73	0
205	4	4	50	11	0	807.88	0
205	4	4	51	9	1	852.23	0
205	4	4	52	4	0	1523.9	0
205	4	4	53	7	0	670.98	0
205	4	4	54	4	1	530.11	0
205	4	4	55	4	1	408.09	0
205	4	4	56	9	0	904.44	0
205	4	4	57	7	0	533.59	0
205	4	4	58	9	1	641.33	0
205	4	4	59	9	1	637.23	0
205	4	4	60	4	1	852.26	0
205	4	4	61	2	1	1194.3	0
205	4	4	62	9	0	845.81	0
205	4	4	63	11	1	596.08	0
205	4	4	64	6	1	558.96	0
205	4	4	65	2	1	621.28	0
205	4	4	66	7	0	767.91	0
205	4	4	67	6	1	786.37	0
205	4	4	68	9	1	571.81	0
205	4	4	69	11	1	570.68	0
205	4	4	70	9	1	441.05	0
205	4	4	71	4	0	658.79	0
205	4	4	72	2	1	696.85	0
205	4	4	73	6	1	677.1	0
205	4	4	74	4	0	536.49	0
205	4	4	75	2	1	528.55	0
205	4	4	76	6	1	563.71	0
205	4	4	77	7	1	591.59	0
205	4	4	78	7	1	1392.2	0
205	4	4	79	11	1	808.12	0
205	4	4	80	11	1	615.05	0
205	4	4	81	9	1	525.67	0
205	4	4	82	6	0	688.2	0
205	4	4	83	9	0	554.01	0
205	4	4	84	11	1	568.15	0
205	4	4	85	7	1	484.16	0
205	4	4	86	7	1	716.93	0
205	4	4	87	4	1	428.44	0
205	4	4	88	7	0	586.09	0
205	4	4	89	4	0	1056.8	0
205	4	4	90	4	1	932.11	0
205	4	4	91	7	1	739.91	0
205	4	4	92	7	0	756.45	0
205	4	4	93	4	0	996.49	0
205	4	4	94	6	0	747.91	0
205	4	4	95	7	1	749.38	0
205	4	4	96	4	1	614.67	0
205	4	4	97	7	1	652.65	0
205	4	4	98	2	1	518.3	0
205	4	4	99	6	0	910.2	0
205	4	4	100	2	0	728.34	0
205	4	4	101	9	0	580.53	0
205	4	4	102	6	1	512.17	0
205	4	4	103	11	1	479.22	0
205	4	4	104	2	1	578.25	0
205	4	4	105	11	0	519.58	0
205	4	4	106	2	1	429.43	0
205	4	4	107	6	1	628.31	0
205	4	4	108	4	1	577.16	0
205	4	4	109	6	1	617.11	0
205	4	4	110	7	0	712.49	0
205	4	4	111	4	1	530.94	0
205	4	4	112	7	0	574.9	0
205	4	4	113	2	0	716.18	0
205	4	4	114	6	1	1294.6	0
205	4	4	115	9	0	920.39	0
205	4	4	116	2	0	619.67	0
205	4	4	117	7	1	739.34	0
205	4	4	118	2	1	728.52	0
205	4	4	119	7	0	431.37	0
205	4	4	120	11	1	523.43	0
205	3	4	1	12	1	520.42	0
205	3	4	2	10	0	647.55	0
205	3	4	3	10	0	835.3	0
205	3	4	4	1	1	459.11	0
205	3	4	5	5	1	451.91	0
205	3	4	6	10	0	576.15	0
205	3	4	7	3	0	717.29	0
205	3	4	8	1	1	931.79	0
205	3	4	9	12	1	579.87	0
205	3	4	10	8	1	912.31	0
205	3	4	11	3	0	534.92	0
205	3	4	12	3	1	520.48	0
205	3	4	13	10	1	711.94	0
205	3	4	14	8	0	677.96	0
205	3	4	15	12	0	441.49	0
205	3	4	16	8	1	397.86	0
205	3	4	17	5	0	496.9	0
205	3	4	18	8	1	615.27	0
205	3	4	19	1	1	492.38	0
205	3	4	20	12	1	540.74	0
205	3	4	21	1	1	712.57	0
205	3	4	22	10	1	649.98	0
205	3	4	23	5	1	874.36	0
205	3	4	24	12	0	577.75	0
205	3	4	25	12	1	870.3	0
205	3	4	26	5	0	652.15	0
205	3	4	27	1	1	441.33	0
205	3	4	28	1	1	584.8	0
205	3	4	29	5	1	462.49	0
205	3	4	30	10	1	571.64	0
205	3	4	31	3	1	847.31	0
205	3	4	32	10	1	501.87	0
205	3	4	33	10	1	483.46	0
205	3	4	34	5	0	584.85	0
205	3	4	35	3	1	728.46	0
205	3	4	36	12	1	706.22	0
205	3	4	37	3	1	657.06	0
205	3	4	38	1	1	746.68	0
205	3	4	39	12	1	523.98	0
205	3	4	40	12	1	539.4	0
205	3	4	41	8	1	568.41	0
205	3	4	42	3	1	682.81	0
205	3	4	43	5	0	468.08	0
205	3	4	44	1	1	649.02	0
205	3	4	45	1	1	533.11	0
205	3	4	46	8	1	732.97	0
205	3	4	47	5	1	766.34	0
205	3	4	48	1	1	962.89	0
205	3	4	49	5	0	688.43	0
205	3	4	50	1	1	586.31	0
205	3	4	51	3	1	669	0
205	3	4	52	8	0	562.47	0
205	3	4	53	3	0	795.77	0
205	3	4	54	1	0	554.28	0
205	3	4	55	8	1	577.34	0
205	3	4	56	1	1	567.57	0
205	3	4	57	5	1	591.47	0
205	3	4	58	8	0	697.42	0
205	3	4	59	8	1	449.63	0
205	3	4	60	12	1	850.81	0
205	3	4	61	12	1	722.27	0
205	3	4	62	12	1	548.93	0
205	3	4	63	12	1	416.75	0
205	3	4	64	8	1	1207.7	0
205	3	4	65	3	0	795.49	0
205	3	4	66	5	1	591.71	0
205	3	4	67	3	1	576.29	0
205	3	4	68	10	1	715.34	0
205	3	4	69	12	0	992.82	0
205	3	4	70	3	1	625.68	0
205	3	4	71	8	1	580.91	0
205	3	4	72	10	1	771.75	0
205	3	4	73	5	0	488.07	0
205	3	4	74	1	1	670.72	0
205	3	4	75	12	1	751.56	0
205	3	4	76	8	0	842.19	0
205	3	4	77	10	1	640.23	0
205	3	4	78	3	1	603.83	0
205	3	4	79	8	0	454.15	0
205	3	4	80	10	1	721.46	0
205	3	4	81	8	1	583.1	0
205	3	4	82	1	0	669.44	0
205	3	4	83	5	1	539.3	0
205	3	4	84	10	1	576.9	0
205	3	4	85	3	1	893.8	0
205	3	4	86	12	1	1294.3	0
205	3	4	87	5	0	561.15	0
205	3	4	88	10	0	709.98	0
205	3	4	89	1	1	719.66	0
205	3	4	90	5	1	963.42	0
205	3	4	91	3	0	564.65	0
205	3	4	92	10	0	628.21	0
205	3	4	93	5	0	765.72	0
205	3	4	94	5	1	961.94	0
205	3	4	95	12	1	851.49	0
205	3	4	96	3	0	681.3	0
205	3	4	97	12	1	1265.7	0
205	3	4	98	1	1	702.74	0
205	3	4	99	10	0	501.73	0
205	3	4	100	8	0	539.67	0
205	3	4	101	10	1	587.18	0
205	3	4	102	5	0	486.5	0
205	3	4	103	3	1	624.8	0
205	3	4	104	10	0	559.34	0
205	3	4	105	8	1	446.23	0
205	3	4	106	5	1	534.18	0
205	3	4	107	8	1	493.29	0
205	3	4	108	10	0	439.24	0
205	3	4	109	3	1	515.22	0
205	3	4	110	5	0	426.13	0
205	3	4	111	8	1	621.67	0
205	3	4	112	12	1	532.77	0
205	3	4	113	12	1	729.83	0
205	3	4	114	3	1	488.92	0
205	3	4	115	1	1	436.59	0
205	3	4	116	1	1	414.56	0
205	3	4	117	10	0	641.39	0
205	3	4	118	3	1	925.12	0
205	3	4	119	8	1	646.29	0
205	3	4	120	1	1	683.52	0
205	4	5	1	11	1	588.66	0
205	4	5	2	11	1	773.72	0
205	4	5	3	2	0	938.38	0
205	4	5	4	6	1	1177.6	0
205	4	5	5	7	1	730.59	0
205	4	5	6	9	0	613.18	0
205	4	5	7	9	1	501.99	0
205	4	5	8	6	1	707.94	0
205	4	5	9	2	0	1069	0
205	4	5	10	9	1	995.02	0
205	4	5	11	4	1	1388.9	0
205	4	5	12	9	1	549.67	0
205	4	5	13	7	1	590.51	0
205	4	5	14	11	0	787.53	0
205	4	5	15	6	1	698.08	0
205	4	5	16	4	1	633.26	0
205	4	5	17	11	1	930.58	0
205	4	5	18	6	0	547	0
205	4	5	19	11	0	784.95	0
205	4	5	20	2	1	507.72	0
205	4	5	21	11	1	604.59	0
205	4	5	22	2	0	1008.6	0
205	4	5	23	4	1	852.29	0
205	4	5	24	7	1	1043	0
205	4	5	25	9	1	524.45	0
205	4	5	26	6	1	689.27	0
205	4	5	27	2	1	585.24	0
205	4	5	28	6	1	792.26	0
205	4	5	29	9	0	543.38	0
205	4	5	30	9	1	578.73	0
205	4	5	31	4	1	587.17	0
205	4	5	32	11	1	665.65	0
205	4	5	33	7	1	1070.9	0
205	4	5	34	6	1	875.92	0
205	4	5	35	6	1	789.04	0
205	4	5	36	6	1	978.94	0
205	4	5	37	6	0	861.53	0
205	4	5	38	9	1	489.75	0
205	4	5	39	7	1	649.99	0
205	4	5	40	6	1	490.8	0
205	4	5	41	11	1	523.03	0
205	4	5	42	11	1	501.18	0
205	4	5	43	9	1	696.93	0
205	4	5	44	2	1	661.75	0
205	4	5	45	4	1	575.4	0
205	4	5	46	9	1	1148.5	0
205	4	5	47	2	1	649.66	0
205	4	5	48	6	1	530.17	0
205	4	5	49	7	0	533.19	0
205	4	5	50	6	0	549.72	0
205	4	5	51	2	1	601.44	0
205	4	5	52	11	0	669.85	0
205	4	5	53	4	1	495.59	0
205	4	5	54	4	1	571.36	0
205	4	5	55	11	0	577.13	0
205	4	5	56	4	1	382.09	0
205	4	5	57	2	1	474.32	0
205	4	5	58	4	0	544.38	0
205	4	5	59	11	1	516.82	0
205	4	5	60	2	1	1051.1	0
205	4	5	61	6	1	950.54	0
205	4	5	62	9	1	660.34	0
205	4	5	63	9	1	659.17	0
205	4	5	64	7	1	827.88	0
205	4	5	65	2	1	569.39	0
205	4	5	66	9	1	593.74	0
205	4	5	67	4	1	578.51	0
205	4	5	68	2	1	460.16	0
205	4	5	69	7	1	470.86	0
205	4	5	70	7	0	693.75	0
205	4	5	71	7	1	586.53	0
205	4	5	72	11	0	604.43	0
205	4	5	73	11	1	659.71	0
205	4	5	74	7	0	468.16	0
205	4	5	75	11	1	614.21	0
205	4	5	76	2	1	765.68	0
205	4	5	77	9	1	607.76	0
205	4	5	78	6	0	419.14	0
205	4	5	79	9	1	783.22	0
205	4	5	80	7	0	726.01	0
205	4	5	81	4	1	617.57	0
205	4	5	82	7	1	799.06	0
205	4	5	83	11	1	859.57	0
205	4	5	84	4	1	701.96	0
205	4	5	85	7	0	451.54	0
205	4	5	86	4	0	760.34	0
205	4	5	87	11	0	904.28	0
205	4	5	88	6	1	544.16	0
205	4	5	89	2	1	586.63	0
205	4	5	90	4	1	647.11	0
205	4	5	91	7	0	628	0
205	4	5	92	4	1	762.54	0
205	4	5	93	9	0	854.99	0
205	4	5	94	4	1	735.76	0
205	4	5	95	4	1	552.68	0
205	4	5	96	7	1	708.66	0
205	4	5	97	9	1	729.13	0
205	4	5	98	9	1	525	0
205	4	5	99	11	1	527.16	0
205	4	5	100	11	1	583.09	0
205	4	5	101	6	1	571.28	0
205	4	5	102	2	1	677.57	0
205	4	5	103	9	1	932.35	0
205	4	5	104	4	1	666.77	0
205	4	5	105	7	1	615.73	0
205	4	5	106	2	1	641.63	0
205	4	5	107	2	1	605.67	0
205	4	5	108	11	1	840.82	0
205	4	5	109	2	0	535.52	0
205	4	5	110	7	1	530.9	0
205	4	5	111	7	1	475.02	0
205	4	5	112	6	0	952.12	0
205	4	5	113	6	1	687.5	0
205	4	5	114	2	1	668.63	0
205	4	5	115	4	0	495.89	0
205	4	5	116	2	1	715.42	0
205	4	5	117	4	1	640.35	0
205	4	5	118	9	0	761.24	0
205	4	5	119	7	0	578.8	0
205	4	5	120	6	0	980.22	0
205	3	5	1	12	0	656.35	0
205	3	5	2	10	1	875.92	0
205	3	5	3	8	1	674.02	0
205	3	5	4	5	1	646.07	0
205	3	5	5	10	1	700.32	0
205	3	5	6	3	1	494.34	0
205	3	5	7	8	0	537.39	0
205	3	5	8	8	1	540.44	0
205	3	5	9	1	1	833.92	0
205	3	5	10	3	1	907.71	0
205	3	5	11	1	1	490.53	0
205	3	5	12	12	1	829.68	0
205	3	5	13	3	1	779.56	0
205	3	5	14	8	1	834.48	0
205	3	5	15	12	1	902.69	0
205	3	5	16	10	1	491.01	0
205	3	5	17	12	0	782.28	0
205	3	5	18	3	1	841.96	0
205	3	5	19	10	0	582.08	0
205	3	5	20	5	1	468.64	0
205	3	5	21	1	1	721.27	0
205	3	5	22	3	1	788.11	0
205	3	5	23	1	0	674.21	0
205	3	5	24	1	0	928.5	0
205	3	5	25	1	1	446.28	0
205	3	5	26	8	1	788.35	0
205	3	5	27	10	0	632.04	0
205	3	5	28	1	1	767.47	0
205	3	5	29	8	1	655.87	0
205	3	5	30	12	1	563.53	0
205	3	5	31	12	1	676.38	0
205	3	5	32	12	1	556.2	0
205	3	5	33	1	1	732.52	0
205	3	5	34	3	1	360.77	0
205	3	5	35	10	1	482.35	0
205	3	5	36	10	1	663.33	0
205	3	5	37	3	1	472.94	0
205	3	5	38	5	1	593.2	0
205	3	5	39	1	1	447.22	0
205	3	5	40	3	1	507.55	0
205	3	5	41	8	0	589.88	0
205	3	5	42	12	1	761.42	0
205	3	5	43	1	0	590.09	0
205	3	5	44	5	1	431.73	0
205	3	5	45	5	1	682.64	0
205	3	5	46	8	1	708.81	0
205	3	5	47	3	1	430.26	0
205	3	5	48	5	1	602.08	0
205	3	5	49	10	0	630.48	0
205	3	5	50	3	1	516.85	0
205	3	5	51	1	1	441.2	0
205	3	5	52	1	1	787.98	0
205	3	5	53	1	1	606.92	0
205	3	5	54	10	1	578.9	0
205	3	5	55	12	1	664.95	0
205	3	5	56	5	1	1266.3	0
205	3	5	57	5	1	527.9	0
205	3	5	58	1	1	840.64	0
205	3	5	59	1	1	594.99	0
205	3	5	60	5	1	745.24	0
205	3	5	61	10	0	851.28	0
205	3	5	62	12	0	647.98	0
205	3	5	63	8	0	732.51	0
205	3	5	64	1	1	721.77	0
205	3	5	65	10	1	1655.3	0
205	3	5	66	12	0	938.09	0
205	3	5	67	10	1	916.16	0
205	3	5	68	8	0	623.76	0
205	3	5	69	5	0	935.71	0
205	3	5	70	5	0	671.48	0
205	3	5	71	12	1	896.2	0
205	3	5	72	8	1	785.3	0
205	3	5	73	8	1	665.5	0
205	3	5	74	12	1	485.76	0
205	3	5	75	3	1	449.43	0
205	3	5	76	12	1	597.45	0
205	3	5	77	5	0	772.45	0
205	3	5	78	10	0	513.33	0
205	3	5	79	3	0	763.55	0
205	3	5	80	5	0	693.44	0
205	3	5	81	10	0	820.83	0
205	3	5	82	8	1	856.52	0
205	3	5	83	3	0	395.32	0
205	3	5	84	5	1	660.55	0
205	3	5	85	3	1	744.96	0
205	3	5	86	1	1	554.14	0
205	3	5	87	12	0	616.34	0
205	3	5	88	10	1	781.41	0
205	3	5	89	8	0	722.33	0
205	3	5	90	3	1	1662.3	0
205	3	5	91	5	1	535.56	0
205	3	5	92	5	1	830.79	0
205	3	5	93	3	0	593.02	0
205	3	5	94	10	1	540.57	0
205	3	5	95	8	1	932.57	0
205	3	5	96	8	1	739.62	0
205	3	5	97	1	1	462.1	0
205	3	5	98	8	0	764.33	0
205	3	5	99	8	1	537.13	0
205	3	5	100	5	1	566.51	0
205	3	5	101	12	0	637.42	0
205	3	5	102	1	1	630.77	0
205	3	5	103	10	1	786.18	0
205	3	5	104	5	1	676.61	0
205	3	5	105	5	1	728.68	0
205	3	5	106	8	1	535.33	0
205	3	5	107	12	0	568.06	0
205	3	5	108	3	1	540.74	0
205	3	5	109	3	1	910.99	0
205	3	5	110	8	1	487.6	0
205	3	5	111	12	0	584.63	0
205	3	5	112	10	0	790.21	0
205	3	5	113	10	1	623.31	0
205	3	5	114	12	1	565.17	0
205	3	5	115	3	1	533.13	0
205	3	5	116	1	1	432.96	0
205	3	5	117	3	0	1062.7	0
205	3	5	118	5	1	702.59	0
205	3	5	119	12	1	917.85	0
205	3	5	120	10	1	521.02	0
205	2	5	1	2	0	556.26	0
205	2	5	2	6	0	741.09	0
205	2	5	3	4	1	1001.6	0
205	2	5	4	2	1	561.06	0
205	2	5	5	4	0	440.79	0
205	2	5	6	12	1	709.51	0
205	2	5	7	12	0	578.72	0
205	2	5	8	6	1	545.93	0
205	2	5	9	10	1	1028.8	0
205	2	5	10	2	1	744.73	0
205	2	5	11	2	1	721.04	0
205	2	5	12	6	1	791.91	0
205	2	5	13	8	1	583.55	0
205	2	5	14	12	1	1003.2	0
205	2	5	15	10	1	757.94	0
205	2	5	16	12	0	682.2	0
205	2	5	17	10	0	457.55	0
205	2	5	18	10	1	773.57	0
205	2	5	19	6	0	925.59	0
205	2	5	20	10	1	540.63	0
205	2	5	21	6	1	796.39	0
205	2	5	22	10	0	543.16	0
205	2	5	23	12	1	773.46	0
205	2	5	24	4	1	502.7	0
205	2	5	25	4	0	570.39	0
205	2	5	26	8	1	416.84	0
205	2	5	27	6	0	500.03	0
205	2	5	28	4	1	704.89	0
205	2	5	29	6	0	935.64	0
205	2	5	30	12	0	480.25	0
205	2	5	31	4	1	666.13	0
205	2	5	32	6	1	1352.2	0
205	2	5	33	8	1	472.18	0
205	2	5	34	10	0	968.61	0
205	2	5	35	4	1	435.54	0
205	2	5	36	6	1	738.24	0
205	2	5	37	6	1	408.12	0
205	2	5	38	10	1	619.94	0
205	2	5	39	2	0	659.34	0
205	2	5	40	10	0	843.63	0
205	2	5	41	12	1	853.57	0
205	2	5	42	10	1	508.12	0
205	2	5	43	6	1	1023.4	0
205	2	5	44	2	1	630.77	0
205	2	5	45	12	0	911.34	0
205	2	5	46	8	0	527.23	0
205	2	5	47	4	1	843.43	0
205	2	5	48	8	0	535.35	0
205	2	5	49	12	0	754.18	0
205	2	5	50	12	1	1062.8	0
205	2	5	51	10	1	620.6	0
205	2	5	52	8	1	752.43	0
205	2	5	53	6	0	493.89	0
205	2	5	54	2	1	607.79	0
205	2	5	55	2	1	638.39	0
205	2	5	56	12	1	649.33	0
205	2	5	57	12	1	458.69	0
205	2	5	58	8	0	601.53	0
205	2	5	59	12	0	1212.4	0
205	2	5	60	2	1	847.81	0
205	2	5	61	8	1	885.55	0
205	2	5	62	4	1	682.61	0
205	2	5	63	10	1	578.31	0
205	2	5	64	6	1	861.03	0
205	2	5	65	2	1	542.44	0
205	2	5	66	10	1	537.54	0
205	2	5	67	8	0	781.44	0
205	2	5	68	4	1	603.91	0
205	2	5	69	6	1	608.42	0
205	2	5	70	4	1	736.41	0
205	2	5	71	12	0	473.87	0
205	2	5	72	4	1	472.48	0
205	2	5	73	8	0	630.79	0
205	2	5	74	2	1	629.12	0
205	2	5	75	2	0	1086.2	0
205	2	5	76	4	0	977.42	0
205	2	5	77	10	0	521.85	0
205	2	5	78	10	1	561.75	0
205	2	5	79	2	0	737.25	0
205	2	5	80	6	1	681.31	0
205	2	5	81	8	0	554.27	0
205	2	5	82	4	1	585.76	0
205	2	5	83	2	1	626.68	0
205	2	5	84	6	1	534.4	0
205	2	5	85	8	1	802.82	0
205	2	5	86	6	0	685.17	0
205	2	5	87	10	0	924.05	0
205	2	5	88	2	1	568.06	0
205	2	5	89	2	1	612.4	0
205	2	5	90	8	1	553.62	0
205	2	5	91	8	1	627.75	0
205	2	5	92	6	1	500.34	0
205	2	5	93	6	1	681.69	0
205	2	5	94	8	0	503.73	0
205	2	5	95	2	0	783.71	0
205	2	5	96	8	1	647.64	0
205	2	5	97	4	1	504.26	0
205	2	5	98	10	1	406.24	0
205	2	5	99	8	0	607.93	0
205	2	5	100	8	1	675.64	0
205	2	5	101	10	0	415.89	0
205	2	5	102	2	1	761.79	0
205	2	5	103	8	0	709.58	0
205	2	5	104	12	1	591.22	0
205	2	5	105	12	1	633.85	0
205	2	5	106	10	0	484.18	0
205	2	5	107	2	1	551.68	0
205	2	5	108	12	1	689.44	0
205	2	5	109	4	1	531.85	0
205	2	5	110	12	1	934.29	0
205	2	5	111	10	1	553.5	0
205	2	5	112	12	1	737.57	0
205	2	5	113	6	0	790.63	0
205	2	5	114	4	1	1086.6	0
205	2	5	115	4	1	768.61	0
205	2	5	116	4	1	485.03	0
205	2	5	117	2	1	611.09	0
205	2	5	118	8	1	619.31	0
205	2	5	119	12	1	441.35	0
205	2	5	120	4	1	531.66	0
205	1	5	1	11	1	760.5	0
205	1	5	2	7	1	1755.4	0
205	1	5	3	5	1	631.69	0
205	1	5	4	7	0	811.87	0
205	1	5	5	3	1	510.86	0
205	1	5	6	3	1	559.02	0
205	1	5	7	7	1	710.74	0
205	1	5	8	7	1	555.88	0
205	1	5	9	5	1	751.93	0
205	1	5	10	1	1	527.89	0
205	1	5	11	11	1	526.02	0
205	1	5	12	5	1	704.85	0
205	1	5	13	11	1	785.17	0
205	1	5	14	7	0	1020.3	0
205	1	5	15	5	0	585.61	0
205	1	5	16	1	0	616.1	0
205	1	5	17	7	0	611.65	0
205	1	5	18	3	1	568.04	0
205	1	5	19	1	1	864.11	0
205	1	5	20	3	0	466.57	0
205	1	5	21	5	1	517.72	0
205	1	5	22	3	0	810.29	0
205	1	5	23	11	0	745.91	0
205	1	5	24	5	0	522.68	0
205	1	5	25	7	0	746.62	0
205	1	5	26	1	0	715.55	0
205	1	5	27	9	1	782.68	0
205	1	5	28	3	1	577.76	0
205	1	5	29	3	1	490.16	0
205	1	5	30	11	0	701.6	0
205	1	5	31	9	1	565.67	0
205	1	5	32	7	0	467.8	0
205	1	5	33	1	0	518.3	0
205	1	5	34	9	1	476.5	0
205	1	5	35	1	0	1056.2	0
205	1	5	36	11	0	1029.9	0
205	1	5	37	9	0	721.3	0
205	1	5	38	9	1	663.68	0
205	1	5	39	9	0	731.88	0
205	1	5	40	3	0	697.4	0
205	1	5	41	1	0	398.57	0
205	1	5	42	5	0	688.94	0
205	1	5	43	1	1	846.48	0
205	1	5	44	1	1	504.58	0
205	1	5	45	11	0	712.42	0
205	1	5	46	11	1	442.34	0
205	1	5	47	3	1	556.75	0
205	1	5	48	11	0	651.18	0
205	1	5	49	1	0	1593.5	0
205	1	5	50	9	1	518.32	0
205	1	5	51	7	1	524.35	0
205	1	5	52	11	0	1023.1	0
205	1	5	53	11	1	461.39	0
205	1	5	54	1	1	890.14	0
205	1	5	55	1	1	879.05	0
205	1	5	56	11	1	600.82	0
205	1	5	57	11	0	540.11	0
205	1	5	58	3	1	678.9	0
205	1	5	59	11	1	798.59	0
205	1	5	60	1	0	903.95	0
205	1	5	61	7	1	504.18	0
205	1	5	62	3	1	931.4	0
205	1	5	63	11	1	526.62	0
205	1	5	64	3	1	419.55	0
205	1	5	65	3	1	447.62	0
205	1	5	66	7	1	485.39	0
205	1	5	67	3	0	669.24	0
205	1	5	68	5	1	710.45	0
205	1	5	69	9	0	634.07	0
205	1	5	70	1	1	729.76	0
205	1	5	71	1	1	504.25	0
205	1	5	72	5	1	950.13	0
205	1	5	73	5	1	542.33	0
205	1	5	74	3	1	617.94	0
205	1	5	75	7	0	608.09	0
205	1	5	76	7	1	474.8	0
205	1	5	77	3	1	453.23	0
205	1	5	78	7	0	501.75	0
205	1	5	79	9	1	872.26	0
205	1	5	80	9	0	785.53	0
205	1	5	81	3	1	459.02	0
205	1	5	82	3	1	442.22	0
205	1	5	83	7	0	620.13	0
205	1	5	84	9	1	619.08	0
205	1	5	85	5	1	550.13	0
205	1	5	86	11	1	497.72	0
205	1	5	87	7	0	904.07	0
205	1	5	88	7	1	481.29	0
205	1	5	89	7	1	835.22	0
205	1	5	90	5	1	596.22	0
205	1	5	91	1	1	733.55	0
205	1	5	92	5	1	438.12	0
205	1	5	93	9	1	478.88	0
205	1	5	94	11	1	663.17	0
205	1	5	95	11	1	704.14	0
205	1	5	96	9	1	426.6	0
205	1	5	97	1	1	857.26	0
205	1	5	98	11	0	760.39	0
205	1	5	99	9	1	621.61	0
205	1	5	100	5	0	624.79	0
205	1	5	101	9	1	537.32	0
205	1	5	102	5	0	778.51	0
205	1	5	103	1	1	988.98	0
205	1	5	104	9	1	536.74	0
205	1	5	105	3	0	969.6	0
205	1	5	106	5	0	591.01	0
205	1	5	107	9	0	886.31	0
205	1	5	108	9	1	740.78	0
205	1	5	109	9	1	521.19	0
205	1	5	110	5	0	477.31	0
205	1	5	111	11	0	548.97	0
205	1	5	112	3	1	739.56	0
205	1	5	113	7	0	701.85	0
205	1	5	114	5	1	824.32	0
205	1	5	115	9	1	452.36	0
205	1	5	116	5	1	551.18	0
205	1	5	117	1	1	492.61	0
205	1	5	118	1	1	440.78	0
205	1	5	119	7	0	662.27	0
205	1	5	120	5	1	874.95	0
205	5	5	1	4	1	579.77	0
205	5	5	2	4	0	732.26	0
205	5	5	3	3	0	610.66	0
205	5	5	4	7	1	655.3	0
205	5	5	5	6	1	468.12	0
205	5	5	6	7	0	1205.9	0
205	5	5	7	2	1	730.34	0
205	5	5	8	6	0	668.84	0
205	5	5	9	3	0	727.16	0
205	5	5	10	11	1	726.82	0
205	5	5	11	5	1	736.29	0
205	5	5	12	2	1	709.3	0
205	5	5	13	5	1	683.77	0
205	5	5	14	11	1	623.62	0
205	5	5	15	9	1	609.54	0
205	5	5	16	4	1	602.28	0
205	5	5	17	1	0	841.66	0
205	5	5	18	9	1	373.81	0
205	5	5	19	10	1	832.3	0
205	5	5	20	5	1	577.76	0
205	5	5	21	11	0	796.07	0
205	5	5	22	2	1	762.6	0
205	5	5	23	2	1	639.82	0
205	5	5	24	1	0	601.11	0
205	5	5	25	8	1	399.95	0
205	5	5	26	1	1	481.32	0
205	5	5	27	6	0	518.45	0
205	5	5	28	6	1	739.69	0
205	5	5	29	7	1	996.18	0
205	5	5	30	8	0	915.45	0
205	5	5	31	3	0	729.28	0
205	5	5	32	12	1	891.31	0
205	5	5	33	5	0	492.2	0
205	5	5	34	6	0	638.79	0
205	5	5	35	5	1	725.14	0
205	5	5	36	9	0	790.17	0
205	5	5	37	9	1	716.73	0
205	5	5	38	1	0	706.7	0
205	5	5	39	1	0	1490.1	0
205	5	5	40	2	1	698.12	0
205	5	5	41	8	0	630.44	0
205	5	5	42	6	1	848.92	0
205	5	5	43	8	1	449.8	0
205	5	5	44	6	1	854.88	0
205	5	5	45	12	1	757.88	0
205	5	5	46	6	1	465.95	0
205	5	5	47	3	0	675.63	0
205	5	5	48	7	0	541.32	0
205	5	5	49	2	0	653.45	0
205	5	5	50	3	1	470.47	0
205	5	5	51	5	0	1089.7	0
205	5	5	52	5	1	493.42	0
205	5	5	53	12	1	852.97	0
205	5	5	54	2	1	718.78	0
205	5	5	55	1	1	584.63	0
205	5	5	56	5	1	542.58	0
205	5	5	57	7	1	1011.5	0
205	5	5	58	5	1	799.46	0
205	5	5	59	2	1	569.84	0
205	5	5	60	3	1	702.35	0
205	5	5	61	7	1	845.91	0
205	5	5	62	12	1	582.08	0
205	5	5	63	4	1	516.65	0
205	5	5	64	10	1	890.87	0
205	5	5	65	9	1	401.86	0
205	5	5	66	9	1	374.4	0
205	5	5	67	6	1	672.27	0
205	5	5	68	5	0	534.83	0
205	5	5	69	12	0	550.03	0
205	5	5	70	11	0	433.52	0
205	5	5	71	7	0	530.17	0
205	5	5	72	12	0	530.78	0
205	5	5	73	4	1	794.04	0
205	5	5	74	10	1	517.45	0
205	5	5	75	11	1	1472.4	0
205	5	5	76	2	1	846.71	0
205	5	5	77	4	0	496.04	0
205	5	5	78	9	1	508.77	0
205	5	5	79	10	0	469.46	0
205	5	5	80	10	1	577.99	0
205	5	5	81	12	0	1017.3	0
205	5	5	82	3	0	473.07	0
205	5	5	83	10	1	631.18	0
205	5	5	84	9	1	1190.5	0
205	5	5	85	3	1	597.79	0
205	5	5	86	9	1	617.57	0
205	5	5	87	11	1	556.59	0
205	5	5	88	7	0	785.77	0
205	5	5	89	1	0	624.47	0
205	5	5	90	12	0	565.29	0
205	5	5	91	1	1	796.89	0
205	5	5	92	4	0	520.55	0
205	5	5	93	8	1	891.29	0
205	5	5	94	1	0	922.02	0
205	5	5	95	1	0	949.05	0
205	5	5	96	11	1	539.54	0
205	5	5	97	2	0	554.69	0
205	5	5	98	11	1	1176.7	0
205	5	5	99	3	1	642.66	0
205	5	5	100	10	0	520.19	0
205	5	5	101	12	0	421.46	0
205	5	5	102	7	1	968.39	0
205	5	5	103	12	0	732.82	0
205	5	5	104	6	1	435.4	0
205	5	5	105	8	1	599.26	0
205	5	5	106	10	1	1168.6	0
205	5	5	107	4	0	582.85	0
205	5	5	108	11	1	520.73	0
205	5	5	109	8	0	795.34	0
205	5	5	110	9	1	546.14	0
205	5	5	111	8	1	774.3	0
205	5	5	112	4	1	695.59	0
205	5	5	113	10	1	701.82	0
205	5	5	114	10	0	799.31	0
205	5	5	115	7	0	824.1	0
205	5	5	116	4	0	983.96	0
205	5	5	117	3	0	789.13	0
205	5	5	118	11	1	986.8	0
205	5	5	119	8	1	1154.9	0
205	5	5	120	8	1	528.01	0
205	5	5	1	7	0	597.83	0
205	5	5	2	1	1	765.77	0
205	5	5	3	9	0	537.05	0
205	5	5	4	11	1	554.56	0
205	5	5	5	11	1	992.22	0
205	5	5	6	1	1	624.98	0
205	5	5	7	3	0	673.7	0
205	5	5	8	7	1	444.92	0
205	5	5	9	3	1	362.63	0
205	5	5	10	8	1	701.85	0
205	5	5	11	7	0	551.03	0
205	5	5	12	12	1	710.07	0
205	5	5	13	2	1	704.43	0
205	5	5	14	7	0	410.95	0
205	5	5	15	1	1	484.77	0
205	5	5	16	1	0	502.25	0
205	5	5	17	1	0	905.16	0
205	5	5	18	5	0	588.24	0
205	5	5	19	11	0	747.77	0
205	5	5	20	3	0	504.68	0
205	5	5	21	9	1	611.16	0
205	5	5	22	11	1	629.61	0
205	5	5	23	1	1	466.26	0
205	5	5	24	7	1	574.93	0
205	5	5	25	2	1	517.11	0
205	5	5	26	2	1	728.68	0
205	5	5	27	9	1	1100.3	0
205	5	5	28	5	0	1155.3	0
205	5	5	29	4	1	704.15	0
205	5	5	30	2	1	628.08	0
205	5	5	31	5	1	644.19	0
205	5	5	32	6	0	1091	0
205	5	5	33	4	1	804.08	0
205	5	5	34	5	0	668.24	0
205	5	5	35	4	0	730.35	0
205	5	5	36	9	0	720.81	0
205	5	5	37	8	0	470.21	0
205	5	5	38	10	0	1210.6	0
205	5	5	39	5	0	691.3	0
205	5	5	40	1	0	1034.7	0
205	5	5	41	6	0	723.8	0
205	5	5	42	2	0	438.3	0
205	5	5	43	3	0	603.48	0
205	5	5	44	9	0	750.67	0
205	5	5	45	5	1	559.87	0
205	5	5	46	8	0	1068.5	0
205	5	5	47	5	1	541.85	0
205	5	5	48	7	0	810.55	0
205	5	5	49	11	1	495.79	0
205	5	5	50	7	0	571.11	0
205	5	5	51	11	1	687.46	0
205	5	5	52	1	1	683.47	0
205	5	5	53	9	1	705.71	0
205	5	5	54	9	0	765.78	0
205	5	5	55	10	0	478.15	0
205	5	5	56	12	0	702.75	0
205	5	5	57	4	1	560.54	0
205	5	5	58	10	0	523.04	0
205	5	5	59	6	1	468.4	0
205	5	5	60	6	0	563.05	0
205	5	5	61	12	0	967.46	0
205	5	5	62	9	0	490.81	0
205	5	5	63	2	1	759.58	0
205	5	5	64	10	1	529.51	0
205	5	5	65	9	1	541.54	0
205	5	5	66	10	1	789.43	0
205	5	5	67	4	1	619.28	0
205	5	5	68	6	1	774.27	0
205	5	5	69	3	0	802.46	0
205	5	5	70	11	0	1549.6	0
205	5	5	71	12	0	1101.3	0
205	5	5	72	10	0	558.26	0
205	5	5	73	2	1	753.71	0
205	5	5	74	6	0	778.78	0
205	5	5	75	7	1	622.32	0
205	5	5	76	10	0	374.98	0
205	5	5	77	11	1	770.77	0
205	5	5	78	8	0	628.66	0
205	5	5	79	12	1	639.26	0
205	5	5	80	9	0	734.1	0
205	5	5	81	3	1	551.58	0
205	5	5	82	3	1	724.49	0
205	5	5	83	10	1	523.74	0
205	5	5	84	4	1	786.67	0
205	5	5	85	5	0	928.28	0
205	5	5	86	12	1	842.71	0
205	5	5	87	3	1	616.05	0
205	5	5	88	1	1	684.54	0
205	5	5	89	5	1	506.56	0
205	5	5	90	8	1	675.19	0
205	5	5	91	12	0	620.13	0
205	5	5	92	6	1	520.75	0
205	5	5	93	6	0	573.77	0
205	5	5	94	5	0	748.08	0
205	5	5	95	8	1	1041.7	0
205	5	5	96	11	0	754.83	0
205	5	5	97	2	0	746.32	0
205	5	5	98	3	0	626.29	0
205	5	5	99	12	1	672.81	0
205	5	5	100	4	1	566.94	0
205	5	5	101	1	1	877.8	0
205	5	5	102	10	0	604.61	0
205	5	5	103	12	0	656.57	0
205	5	5	104	2	1	675.17	0
205	5	5	105	8	1	680.89	0
205	5	5	106	7	1	397.23	0
205	5	5	107	3	0	568.48	0
205	5	5	108	2	1	403.21	0
205	5	5	109	7	0	538.88	0
205	5	5	110	4	1	886.91	0
205	5	5	111	8	1	608.61	0
205	5	5	112	4	1	653.1	0
205	5	5	113	4	0	638.6	0
205	5	5	114	8	0	809.43	0
205	5	5	115	6	1	1077	0
205	5	5	116	12	1	527.97	0
205	5	5	117	6	0	1662.5	0
205	5	5	118	11	1	659.32	0
205	5	5	119	8	0	784.74	0
205	5	5	120	10	0	924.38	0
205	4	6	1	6	0	736.81	0
205	4	6	2	2	1	661.27	0
205	4	6	3	4	1	758.24	0
205	4	6	4	9	1	628.62	0
205	4	6	5	9	1	496.01	0
205	4	6	6	7	1	1026.3	0
205	4	6	7	11	0	1639.4	0
205	4	6	8	11	1	488.57	0
205	4	6	9	7	0	443.91	0
205	4	6	10	6	1	1357.7	0
205	4	6	11	11	1	768.1	0
205	4	6	12	11	1	478.61	0
205	4	6	13	2	1	681.17	0
205	4	6	14	2	1	707.53	0
205	4	6	15	11	1	561.96	0
205	4	6	16	4	0	3056.2	1
205	4	6	17	4	0	600.55	0
205	4	6	18	6	1	648.39	0
205	4	6	19	11	1	951.68	0
205	4	6	20	7	0	611.95	0
205	4	6	21	6	1	689.89	0
205	4	6	22	7	0	556.02	0
205	4	6	23	6	0	940.26	0
205	4	6	24	4	1	686.31	0
205	4	6	25	7	1	805.47	0
205	4	6	26	7	0	909.19	0
205	4	6	27	9	0	638.74	0
205	4	6	28	2	1	837.52	0
205	4	6	29	11	1	836.59	0
205	4	6	30	7	1	486.9	0
205	4	6	31	2	0	825.98	0
205	4	6	32	4	1	708.69	0
205	4	6	33	9	0	618.01	0
205	4	6	34	6	1	563.78	0
205	4	6	35	4	1	460.57	0
205	4	6	36	7	0	717.81	0
205	4	6	37	11	1	880.85	0
205	4	6	38	4	1	469.38	0
205	4	6	39	6	1	706.91	0
205	4	6	40	2	1	572.6	0
205	4	6	41	6	0	437.17	0
205	4	6	42	2	1	1230.1	0
205	4	6	43	4	0	730.79	0
205	4	6	44	2	1	758.62	0
205	4	6	45	7	0	509.17	0
205	4	6	46	4	0	777.3	0
205	4	6	47	6	1	549.49	0
205	4	6	48	6	1	446.01	0
205	4	6	49	2	0	602.4	0
205	4	6	50	9	0	677.27	0
205	4	6	51	9	1	517.04	0
205	4	6	52	9	0	1195	0
205	4	6	53	9	1	563.14	0
205	4	6	54	4	1	494.36	0
205	4	6	55	2	1	947.75	0
205	4	6	56	11	1	542.61	0
205	4	6	57	4	1	697.5	0
205	4	6	58	11	1	840.65	0
205	4	6	59	4	1	574.61	0
205	4	6	60	11	1	605.54	0
205	4	6	61	9	0	614.4	0
205	4	6	62	4	1	575.07	0
205	4	6	63	7	1	463.21	0
205	4	6	64	11	0	1019.3	0
205	4	6	65	11	1	480.09	0
205	4	6	66	11	1	666.12	0
205	4	6	67	6	1	654.9	0
205	4	6	68	11	0	728.72	0
205	4	6	69	4	0	542.65	0
205	4	6	70	9	1	693.14	0
205	4	6	71	2	0	543.13	0
205	4	6	72	4	1	553.31	0
205	4	6	73	2	1	588.02	0
205	4	6	74	6	1	730.5	0
205	4	6	75	2	0	1171.5	0
205	4	6	76	9	1	604.31	0
205	4	6	77	6	1	754.22	0
205	4	6	78	4	1	1118.5	0
205	4	6	79	11	1	806.48	0
205	4	6	80	7	1	857.08	0
205	4	6	81	6	0	640.25	0
205	4	6	82	9	1	1922	0
205	4	6	83	7	1	592.4	0
205	4	6	84	9	1	748.68	0
205	4	6	85	7	0	810.25	0
205	4	6	86	7	0	844.35	0
205	4	6	87	7	1	548.55	0
205	4	6	88	2	1	737	0
205	4	6	89	11	1	559.69	0
205	4	6	90	7	1	519.84	0
205	4	6	91	9	1	625.47	0
205	4	6	92	2	1	687.22	0
205	4	6	93	9	0	721.55	0
205	4	6	94	6	1	576.18	0
205	4	6	95	2	1	535.49	0
205	4	6	96	9	0	533.21	0
205	4	6	97	7	0	779.58	0
205	4	6	98	4	1	798.47	0
205	4	6	99	2	1	583.91	0
205	4	6	100	9	1	799.11	0
205	4	6	101	11	0	1002.3	0
205	4	6	102	6	1	518.53	0
205	4	6	103	4	1	619.82	0
205	4	6	104	7	1	739.48	0
205	4	6	105	6	1	640.59	0
205	4	6	106	2	1	590.44	0
205	4	6	107	2	1	461.07	0
205	4	6	108	7	0	801.31	0
205	4	6	109	9	0	751.58	0
205	4	6	110	7	1	784.18	0
205	4	6	111	4	1	649	0
205	4	6	112	6	0	943.12	0
205	4	6	113	9	0	483.44	0
205	4	6	114	9	1	576.53	0
205	4	6	115	4	0	824.1	0
205	4	6	116	11	1	575.39	0
205	4	6	117	6	0	1099.5	0
205	4	6	118	2	1	483.97	0
205	4	6	119	6	1	595.23	0
205	4	6	120	11	1	574.62	0
205	3	6	1	12	1	627.46	0
205	3	6	2	3	0	607.65	0
205	3	6	3	5	0	623.18	0
205	3	6	4	12	1	392.91	0
205	3	6	5	5	0	560.35	0
205	3	6	6	12	1	534.22	0
205	3	6	7	3	1	1002.1	0
205	3	6	8	10	0	613.59	0
205	3	6	9	5	0	605.71	0
205	3	6	10	1	0	596.57	0
205	3	6	11	1	0	908.86	0
205	3	6	12	12	1	786.44	0
205	3	6	13	8	0	478	0
205	3	6	14	12	1	505.7	0
205	3	6	15	5	1	547.48	0
205	3	6	16	10	0	691.3	0
205	3	6	17	10	1	1199.8	0
205	3	6	18	5	1	606.82	0
205	3	6	19	5	1	798.15	0
205	3	6	20	1	0	547.13	0
205	3	6	21	5	1	637.54	0
205	3	6	22	12	0	636.9	0
205	3	6	23	8	1	895.61	0
205	3	6	24	8	1	471.64	0
205	3	6	25	8	1	688.39	0
205	3	6	26	5	1	481.75	0
205	3	6	27	1	1	737.12	0
205	3	6	28	1	1	503.79	0
205	3	6	29	3	1	483.51	0
205	3	6	30	1	1	510.04	0
205	3	6	31	3	1	551.82	0
205	3	6	32	8	0	638.22	0
205	3	6	33	12	1	778.65	0
205	3	6	34	12	1	413.1	0
205	3	6	35	3	1	528.78	0
205	3	6	36	5	1	837.74	0
205	3	6	37	1	0	570.99	0
205	3	6	38	12	1	675.23	0
205	3	6	39	12	1	693.18	0
205	3	6	40	10	0	838.33	0
205	3	6	41	3	1	577.92	0
205	3	6	42	3	1	545.63	0
205	3	6	43	5	1	729.63	0
205	3	6	44	8	1	566.8	0
205	3	6	45	3	1	510.74	0
205	3	6	46	8	0	899.58	0
205	3	6	47	12	1	498.91	0
205	3	6	48	8	1	648.29	0
205	3	6	49	10	1	734.51	0
205	3	6	50	5	1	671.52	0
205	3	6	51	3	1	757.87	0
205	3	6	52	12	1	494.87	0
205	3	6	53	5	1	478.54	0
205	3	6	54	10	0	615	0
205	3	6	55	8	0	429.14	0
205	3	6	56	10	1	609.1	0
205	3	6	57	10	0	403.75	0
205	3	6	58	5	1	570.97	0
205	3	6	59	3	0	486.09	0
205	3	6	60	3	1	519	0
205	3	6	61	8	1	581.46	0
205	3	6	62	1	0	538.73	0
205	3	6	63	1	0	783.71	0
205	3	6	64	1	1	684.46	0
205	3	6	65	8	1	523.27	0
205	3	6	66	10	1	643.73	0
205	3	6	67	1	1	438.05	0
205	3	6	68	8	0	888.98	0
205	3	6	69	1	1	553.18	0
205	3	6	70	10	0	759.56	0
205	3	6	71	1	0	937.29	0
205	3	6	72	10	1	444.1	0
205	3	6	73	1	0	718.89	0
205	3	6	74	10	0	515.04	0
205	3	6	75	12	1	702.05	0
205	3	6	76	3	1	532.07	0
205	3	6	77	3	1	623.63	0
205	3	6	78	5	0	603.68	0
205	3	6	79	12	1	579.57	0
205	3	6	80	10	1	452.84	0
205	3	6	81	10	1	487.42	0
205	3	6	82	5	1	681.52	0
205	3	6	83	8	1	649.63	0
205	3	6	84	3	0	810.06	0
205	3	6	85	10	1	800.01	0
205	3	6	86	10	1	599.85	0
205	3	6	87	12	1	481.19	0
205	3	6	88	5	0	1083.8	0
205	3	6	89	1	1	423.53	0
205	3	6	90	8	1	475.72	0
205	3	6	91	3	1	1052	0
205	3	6	92	1	0	790.91	0
205	3	6	93	3	0	604.46	0
205	3	6	94	3	1	586.79	0
205	3	6	95	12	0	762.07	0
205	3	6	96	5	0	766.76	0
205	3	6	97	8	0	590.6	0
205	3	6	98	10	0	599.36	0
205	3	6	99	5	1	840.97	0
205	3	6	100	10	1	890.19	0
205	3	6	101	8	0	846.14	0
205	3	6	102	3	1	663.4	0
205	3	6	103	10	1	459.64	0
205	3	6	104	8	1	759.6	0
205	3	6	105	5	0	574.38	0
205	3	6	106	10	0	722.69	0
205	3	6	107	1	1	563.78	0
205	3	6	108	5	1	671.07	0
205	3	6	109	3	1	599.84	0
205	3	6	110	3	1	771.08	0
205	3	6	111	8	0	442.46	0
205	3	6	112	12	1	516.62	0
205	3	6	113	1	1	558.6	0
205	3	6	114	1	1	758.12	0
205	3	6	115	8	1	1149.3	0
205	3	6	116	12	0	437.2	0
205	3	6	117	1	1	680.3	0
205	3	6	118	12	1	566.81	0
205	3	6	119	8	0	570.83	0
205	3	6	120	12	1	657.77	0
205	1	6	1	3	0	1253.1	0
205	1	6	2	11	0	667.41	0
205	1	6	3	11	1	516.31	0
205	1	6	4	3	1	794	0
205	1	6	5	1	0	633.02	0
205	1	6	6	7	1	493.5	0
205	1	6	7	11	1	808.9	0
205	1	6	8	9	1	602.59	0
205	1	6	9	7	1	671.28	0
205	1	6	10	5	0	571.85	0
205	1	6	11	11	0	585.13	0
205	1	6	12	11	1	532.97	0
205	1	6	13	3	0	571.29	0
205	1	6	14	1	1	697.97	0
205	1	6	15	9	1	531.98	0
205	1	6	16	1	0	625.5	0
205	1	6	17	9	1	664.44	0
205	1	6	18	5	1	602.3	0
205	1	6	19	1	0	719.1	0
205	1	6	20	3	1	805.26	0
205	1	6	21	5	0	566.6	0
205	1	6	22	5	1	846.72	0
205	1	6	23	11	1	444.54	0
205	1	6	24	3	1	546.18	0
205	1	6	25	3	1	612.69	0
205	1	6	26	5	1	696.83	0
205	1	6	27	11	1	868.26	0
205	1	6	28	11	1	662.93	0
205	1	6	29	9	0	670.1	0
205	1	6	30	3	0	719.4	0
205	1	6	31	9	1	627.54	0
205	1	6	32	11	1	619.46	0
205	1	6	33	9	0	692	0
205	1	6	34	3	1	896.08	0
205	1	6	35	5	0	525.33	0
205	1	6	36	1	1	506.13	0
205	1	6	37	7	1	944.95	0
205	1	6	38	3	0	608.33	0
205	1	6	39	3	1	678.22	0
205	1	6	40	9	1	618.36	0
205	1	6	41	5	0	450.72	0
205	1	6	42	3	1	1318.3	0
205	1	6	43	7	1	625.29	0
205	1	6	44	11	0	794.97	0
205	1	6	45	7	1	463.25	0
205	1	6	46	7	1	790.99	0
205	1	6	47	1	1	836.34	0
205	1	6	48	3	1	628.37	0
205	1	6	49	7	1	757.11	0
205	1	6	50	7	1	660.22	0
205	1	6	51	5	1	464.77	0
205	1	6	52	3	1	733.12	0
205	1	6	53	7	0	976.03	0
205	1	6	54	5	1	767.55	0
205	1	6	55	5	1	607.72	0
205	1	6	56	5	0	1297.2	0
205	1	6	57	11	0	539.33	0
205	1	6	58	9	1	752.56	0
205	1	6	59	1	1	1714.4	0
205	1	6	60	1	1	534.48	0
205	1	6	61	5	1	759	0
205	1	6	62	1	1	526.76	0
205	1	6	63	9	1	556.81	0
205	1	6	64	3	1	411.12	0
205	1	6	65	5	0	863.87	0
205	1	6	66	3	1	616.63	0
205	1	6	67	1	0	823.85	0
205	1	6	68	1	0	676.69	0
205	1	6	69	5	0	759.02	0
205	1	6	70	5	1	506.3	0
205	1	6	71	11	1	573.11	0
205	1	6	72	9	0	725.11	0
205	1	6	73	1	1	665.99	0
205	1	6	74	1	1	372.39	0
205	1	6	75	3	1	371.98	0
205	1	6	76	11	1	426.05	0
205	1	6	77	1	1	603.08	0
205	1	6	78	7	1	653.52	0
205	1	6	79	7	0	541.71	0
205	1	6	80	7	1	620.83	0
205	1	6	81	7	1	723.19	0
205	1	6	82	1	1	471.53	0
205	1	6	83	3	0	1025.4	0
205	1	6	84	1	0	1870.2	0
205	1	6	85	9	1	409.46	0
205	1	6	86	5	1	675.18	0
205	1	6	87	5	1	535.16	0
205	1	6	88	3	0	1036.1	0
205	1	6	89	1	0	856.56	0
205	1	6	90	9	0	778.8	0
205	1	6	91	9	1	381.98	0
205	1	6	92	7	0	659.34	0
205	1	6	93	7	0	508.19	0
205	1	6	94	11	1	1397.3	0
205	1	6	95	11	1	531.47	0
205	1	6	96	7	0	525.9	0
205	1	6	97	11	1	649.24	0
205	1	6	98	1	1	503.69	0
205	1	6	99	7	0	531.3	0
205	1	6	100	5	0	500.39	0
205	1	6	101	5	1	546.56	0
205	1	6	102	11	1	532.12	0
205	1	6	103	9	1	573.79	0
205	1	6	104	1	1	578.91	0
205	1	6	105	7	0	626.32	0
205	1	6	106	3	1	755.78	0
205	1	6	107	5	1	1364.1	0
205	1	6	108	11	0	596.68	0
205	1	6	109	9	0	570.81	0
205	1	6	110	9	1	679.77	0
205	1	6	111	7	0	328.37	0
205	1	6	112	7	1	531.84	0
205	1	6	113	9	1	654.81	0
205	1	6	114	11	0	834.43	0
205	1	6	115	9	1	752.78	0
205	1	6	116	9	1	659.14	0
205	1	6	117	11	0	721	0
205	1	6	118	3	1	844.72	0
205	1	6	119	9	1	613.68	0
205	1	6	120	1	1	439.42	0
205	2	6	1	2	1	556.38	0
205	2	6	2	8	1	978.12	0
205	2	6	3	2	1	460.27	0
205	2	6	4	8	0	738.65	0
205	2	6	5	8	0	780.66	0
205	2	6	6	4	1	543.85	0
205	2	6	7	4	1	618.48	0
205	2	6	8	10	0	532.6	0
205	2	6	9	6	0	636.36	0
205	2	6	10	10	0	466.09	0
205	2	6	11	2	1	650.84	0
205	2	6	12	2	1	481.06	0
205	2	6	13	10	1	891.46	0
205	2	6	14	12	1	711.03	0
205	2	6	15	2	1	696.46	0
205	2	6	16	10	1	613.93	0
205	2	6	17	6	1	442.45	0
205	2	6	18	4	0	603.19	0
205	2	6	19	4	1	400.19	0
205	2	6	20	6	1	708.84	0
205	2	6	21	2	0	584.93	0
205	2	6	22	10	0	664.92	0
205	2	6	23	12	1	715.88	0
205	2	6	24	8	0	516.13	0
205	2	6	25	10	1	521.09	0
205	2	6	26	12	1	452.31	0
205	2	6	27	8	0	613.24	0
205	2	6	28	4	0	472.83	0
205	2	6	29	4	1	489.55	0
205	2	6	30	6	1	542.33	0
205	2	6	31	8	0	531.6	0
205	2	6	32	10	0	708.62	0
205	2	6	33	6	1	726.37	0
205	2	6	34	12	1	838.84	0
205	2	6	35	10	1	466.45	0
205	2	6	36	10	0	860.15	0
205	2	6	37	8	0	566.11	0
205	2	6	38	10	1	594.77	0
205	2	6	39	4	1	483.24	0
205	2	6	40	4	1	568.37	0
205	2	6	41	4	1	518.62	0
205	2	6	42	8	1	467.21	0
205	2	6	43	12	1	1187.5	0
205	2	6	44	2	1	677.33	0
205	2	6	45	12	0	487.52	0
205	2	6	46	4	1	476.17	0
205	2	6	47	2	0	646.14	0
205	2	6	48	6	1	655.44	0
205	2	6	49	10	1	715.38	0
205	2	6	50	6	1	840.89	0
205	2	6	51	8	1	801.67	0
205	2	6	52	2	1	583.26	0
205	2	6	53	12	0	501.21	0
205	2	6	54	6	1	532.5	0
205	2	6	55	10	1	402.11	0
205	2	6	56	12	1	693.36	0
205	2	6	57	8	1	499.83	0
205	2	6	58	6	1	479.39	0
205	2	6	59	4	1	817.19	0
205	2	6	60	2	1	587.95	0
205	2	6	61	2	1	430.06	0
205	2	6	62	8	0	584.81	0
205	2	6	63	8	1	656.35	0
205	2	6	64	2	1	812.96	0
205	2	6	65	4	1	659.99	0
205	2	6	66	8	1	530.7	0
205	2	6	67	4	1	382.89	0
205	2	6	68	8	1	726.45	0
205	2	6	69	8	1	618.54	0
205	2	6	70	6	1	549.73	0
205	2	6	71	12	1	676.46	0
205	2	6	72	10	0	516.39	0
205	2	6	73	12	1	671.27	0
205	2	6	74	6	1	1000.4	0
205	2	6	75	12	1	508.05	0
205	2	6	76	2	0	514.12	0
205	2	6	77	8	0	598.07	0
205	2	6	78	12	0	626.94	0
205	2	6	79	6	1	425.06	0
205	2	6	80	4	1	655.44	0
205	2	6	81	6	1	473.64	0
205	2	6	82	6	0	892.82	0
205	2	6	83	8	1	528.42	0
205	2	6	84	4	1	484.24	0
205	2	6	85	10	1	794.88	0
205	2	6	86	4	1	761.73	0
205	2	6	87	10	1	501.13	0
205	2	6	88	2	0	942.91	0
205	2	6	89	2	1	416.35	0
205	2	6	90	8	1	561.04	0
205	2	6	91	12	1	610.02	0
205	2	6	92	10	1	563.53	0
205	2	6	93	6	1	533.21	0
205	2	6	94	2	1	663.69	0
205	2	6	95	4	0	650.98	0
205	2	6	96	12	0	432.99	0
205	2	6	97	10	1	632.7	0
205	2	6	98	12	1	728.46	0
205	2	6	99	12	1	758.87	0
205	2	6	100	6	1	952.18	0
205	2	6	101	2	1	807.37	0
205	2	6	102	6	1	407.45	0
205	2	6	103	2	1	557.7	0
205	2	6	104	2	1	486.15	0
205	2	6	105	10	1	668.57	0
205	2	6	106	6	1	537.43	0
205	2	6	107	8	1	965.75	0
205	2	6	108	4	0	838.81	0
205	2	6	109	10	1	1028.6	0
205	2	6	110	12	0	906.63	0
205	2	6	111	8	0	640.13	0
205	2	6	112	12	0	587.95	0
205	2	6	113	10	1	841.54	0
205	2	6	114	2	0	1428.3	0
205	2	6	115	4	1	697.04	0
205	2	6	116	6	0	482.5	0
205	2	6	117	12	1	469.24	0
205	2	6	118	6	1	478.78	0
205	2	6	119	12	0	690.43	0
205	2	6	120	4	1	728.4	0
205	5	6	1	6	1	519.98	0
205	5	6	2	3	1	503.22	0
205	5	6	3	4	0	525.14	0
205	5	6	4	3	1	879.3	0
205	5	6	5	1	0	610.72	0
205	5	6	6	2	1	611.52	0
205	5	6	7	6	0	1110.7	0
205	5	6	8	12	1	570.51	0
205	5	6	9	10	1	587.65	0
205	5	6	10	5	1	499.95	0
205	5	6	11	3	0	662.61	0
205	5	6	12	5	0	539.06	0
205	5	6	13	10	1	645.93	0
205	5	6	14	8	1	414.62	0
205	5	6	15	4	1	710.86	0
205	5	6	16	9	1	463.73	0
205	5	6	17	10	0	593.66	0
205	5	6	18	6	0	766.73	0
205	5	6	19	8	1	487.95	0
205	5	6	20	2	0	601.85	0
205	5	6	21	9	1	549.08	0
205	5	6	22	3	1	629.5	0
205	5	6	23	8	1	740.77	0
205	5	6	24	12	1	602.42	0
205	5	6	25	12	1	617.59	0
205	5	6	26	5	1	512.25	0
205	5	6	27	11	0	864.07	0
205	5	6	28	6	0	879.37	0
205	5	6	29	6	1	1032.7	0
205	5	6	30	9	1	686.51	0
205	5	6	31	12	1	519.99	0
205	5	6	32	11	0	692.2	0
205	5	6	33	9	0	586.68	0
205	5	6	34	11	1	854.88	0
205	5	6	35	7	0	463.88	0
205	5	6	36	1	1	1227.3	0
205	5	6	37	9	1	391.6	0
205	5	6	38	9	0	496.05	0
205	5	6	39	8	0	554.66	0
205	5	6	40	10	1	2659.5	0
205	5	6	41	7	1	1125.3	0
205	5	6	42	2	1	694.81	0
205	5	6	43	4	0	639.06	0
205	5	6	44	2	0	603.91	0
205	5	6	45	10	0	709.49	0
205	5	6	46	6	0	588.59	0
205	5	6	47	11	1	712.8	0
205	5	6	48	11	1	671.47	0
205	5	6	49	4	1	505.84	0
205	5	6	50	7	1	811.27	0
205	5	6	51	5	0	592.59	0
205	5	6	52	1	0	574.1	0
205	5	6	53	12	0	848.66	0
205	5	6	54	2	1	620.66	0
205	5	6	55	1	0	693.09	0
205	5	6	56	6	1	752.52	0
205	5	6	57	8	1	798.88	0
205	5	6	58	10	0	521.9	0
205	5	6	59	1	1	701.82	0
205	5	6	60	1	1	749.39	0
205	5	6	61	2	0	640.3	0
205	5	6	62	9	1	1212.4	0
205	5	6	63	4	0	492.35	0
205	5	6	64	12	1	912.55	0
205	5	6	65	10	1	701.62	0
205	5	6	66	3	1	888.75	0
205	5	6	67	3	0	810.27	0
205	5	6	68	6	0	666.14	0
205	5	6	69	3	1	488.29	0
205	5	6	70	1	0	895.57	0
205	5	6	71	5	1	879.2	0
205	5	6	72	11	1	561.19	0
205	5	6	73	1	1	871.86	0
205	5	6	74	10	1	494.64	0
205	5	6	75	3	0	463.68	0
205	5	6	76	5	0	542.24	0
205	5	6	77	1	0	765.09	0
205	5	6	78	4	1	560.78	0
205	5	6	79	12	1	810.73	0
205	5	6	80	4	1	563.48	0
205	5	6	81	2	1	982.96	0
205	5	6	82	4	1	526.73	0
205	5	6	83	7	1	427.46	0
205	5	6	84	6	0	742.22	0
205	5	6	85	7	1	879.74	0
205	5	6	86	1	1	804.49	0
205	5	6	87	10	1	502.69	0
205	5	6	88	4	1	824.8	0
205	5	6	89	11	1	613.24	0
205	5	6	90	2	1	578.36	0
205	5	6	91	12	0	618.24	0
205	5	6	92	5	1	546.29	0
205	5	6	93	7	1	1066.7	0
205	5	6	94	2	1	544.21	0
205	5	6	95	10	1	624.12	0
205	5	6	96	5	1	1082.3	0
205	5	6	97	7	1	551.89	0
205	5	6	98	12	1	644.49	0
205	5	6	99	2	0	449.15	0
205	5	6	100	12	1	503.1	0
205	5	6	101	5	1	846.01	0
205	5	6	102	8	0	667.84	0
205	5	6	103	7	0	863.66	0
205	5	6	104	8	1	541.7	0
205	5	6	105	8	0	635.83	0
205	5	6	106	3	0	423.68	0
205	5	6	107	3	1	733.72	0
205	5	6	108	11	0	592.53	0
205	5	6	109	7	1	724.34	0
205	5	6	110	11	0	644.98	0
205	5	6	111	9	0	1099.1	0
205	5	6	112	5	1	436.21	0
205	5	6	113	7	0	655.1	0
205	5	6	114	9	1	736.51	0
205	5	6	115	11	0	716	0
205	5	6	116	9	1	663.89	0
205	5	6	117	8	0	526.66	0
205	5	6	118	4	0	608.72	0
205	5	6	119	6	0	512.05	0
205	5	6	120	8	0	788.06	0
205	5	6	1	5	0	722.57	0
205	5	6	2	2	0	499.53	0
205	5	6	3	1	1	575.51	0
205	5	6	4	9	1	686.05	0
205	5	6	5	10	1	590.76	0
205	5	6	6	9	1	670.52	0
205	5	6	7	6	0	1414	0
205	5	6	8	5	0	507.82	0
205	5	6	9	8	1	822.79	0
205	5	6	10	3	0	845.93	0
205	5	6	11	7	0	644.07	0
205	5	6	12	12	0	803.77	0
205	5	6	13	9	0	799.24	0
205	5	6	14	1	1	619.86	0
205	5	6	15	2	1	569.24	0
205	5	6	16	4	0	757.49	0
205	5	6	17	1	1	637.9	0
205	5	6	18	10	0	669.28	0
205	5	6	19	7	0	869.76	0
205	5	6	20	1	1	739.63	0
205	5	6	21	11	1	669.84	0
205	5	6	22	11	1	752.69	0
205	5	6	23	2	1	608.5	0
205	5	6	24	2	0	1048.2	0
205	5	6	25	4	0	614.32	0
205	5	6	26	2	1	486.76	0
205	5	6	27	9	0	973.6	0
205	5	6	28	3	1	705.01	0
205	5	6	29	7	1	394.38	0
205	5	6	30	3	1	487.55	0
205	5	6	31	11	0	463.04	0
205	5	6	32	8	0	569.58	0
205	5	6	33	5	1	481.53	0
205	5	6	34	7	1	628.85	0
205	5	6	35	4	1	500.94	0
205	5	6	36	2	0	745.86	0
205	5	6	37	10	1	775.71	0
205	5	6	38	12	1	478.81	0
205	5	6	39	6	0	700.29	0
205	5	6	40	11	0	463.11	0
205	5	6	41	9	1	659	0
205	5	6	42	12	1	639.16	0
205	5	6	43	1	1	639.59	0
205	5	6	44	8	0	756.62	0
205	5	6	45	5	0	662.48	0
205	5	6	46	3	1	903.51	0
205	5	6	47	6	1	875.03	0
205	5	6	48	8	1	606.71	0
205	5	6	49	4	1	477.81	0
205	5	6	50	1	0	570.87	0
205	5	6	51	4	0	795.85	0
205	5	6	52	11	0	772.42	0
205	5	6	53	8	0	447.15	0
205	5	6	54	7	1	490.78	0
205	5	6	55	12	1	508.55	0
205	5	6	56	3	1	509.66	0
205	5	6	57	2	1	536.03	0
205	5	6	58	11	1	1049.1	0
205	5	6	59	2	1	488.75	0
205	5	6	60	5	0	588.83	0
205	5	6	61	6	0	766.8	0
205	5	6	62	3	0	682.4	0
205	5	6	63	1	0	790.19	0
205	5	6	64	3	0	572.07	0
205	5	6	65	4	1	885.58	0
205	5	6	66	4	1	430.11	0
205	5	6	67	6	1	683.99	0
205	5	6	68	5	0	530.79	0
205	5	6	69	12	0	1008.3	0
205	5	6	70	8	0	806.87	0
205	5	6	71	11	0	548.98	0
205	5	6	72	7	0	607.63	0
205	5	6	73	5	1	751	0
205	5	6	74	6	1	719.83	0
205	5	6	75	6	1	895.42	0
205	5	6	76	12	0	686.46	0
205	5	6	77	12	0	665.91	0
205	5	6	78	1	0	884.71	0
205	5	6	79	4	1	551.59	0
205	5	6	80	5	1	463.94	0
205	5	6	81	10	1	548.67	0
205	5	6	82	1	0	623.12	0
205	5	6	83	4	1	524.17	0
205	5	6	84	10	0	777.08	0
205	5	6	85	7	1	514.66	0
205	5	6	86	11	1	560.05	0
205	5	6	87	7	0	1290.1	0
205	5	6	88	7	0	570.77	0
205	5	6	89	8	0	528.4	0
205	5	6	90	6	1	502.57	0
205	5	6	91	5	1	707.72	0
205	5	6	92	11	0	754.08	0
205	5	6	93	8	0	576.44	0
205	5	6	94	3	1	765.69	0
205	5	6	95	10	1	680.46	0
205	5	6	96	10	1	408.38	0
205	5	6	97	12	1	744.91	0
205	5	6	98	8	1	698.84	0
205	5	6	99	12	0	670.59	0
205	5	6	100	6	1	477.43	0
205	5	6	101	5	0	711.13	0
205	5	6	102	4	0	479.15	0
205	5	6	103	12	1	670.12	0
205	5	6	104	9	1	439.62	0
205	5	6	105	6	0	1386.7	0
205	5	6	106	2	1	507.11	0
205	5	6	107	2	1	1170.7	0
205	5	6	108	10	1	557.55	0
205	5	6	109	9	0	1126.6	0
205	5	6	110	8	0	494.02	0
205	5	6	111	10	0	539.39	0
205	5	6	112	9	0	621.21	0
205	5	6	113	7	1	682.64	0
205	5	6	114	9	0	599.44	0
205	5	6	115	1	1	593.34	0
205	5	6	116	9	1	528.97	0
205	5	6	117	10	0	795.21	0
205	5	6	118	11	1	704.39	0
205	5	6	119	3	1	618.07	0
205	5	6	120	3	0	821.03	0
