3600
201	2	2	1	2	1	586.04	0
201	2	2	2	6	1	816.62	0
201	2	2	3	8	0	1912.8	0
201	2	2	4	10	0	783.51	0
201	2	2	5	6	1	615.57	0
201	2	2	6	6	1	822.63	0
201	2	2	7	12	1	812.61	0
201	2	2	8	8	1	778.68	0
201	2	2	9	8	0	871.48	0
201	2	2	10	8	0	1513.7	0
201	2	2	11	4	0	787.34	0
201	2	2	12	10	0	640.06	0
201	2	2	13	10	1	630.37	0
201	2	2	14	2	0	996.38	0
201	2	2	15	8	0	745.16	0
201	2	2	16	12	1	803.24	0
201	2	2	17	12	1	500.62	0
201	2	2	18	2	0	694	0
201	2	2	19	4	1	493.45	0
201	2	2	20	12	1	530.4	0
201	2	2	21	12	1	884.38	0
201	2	2	22	8	0	567.86	0
201	2	2	23	2	1	507.32	0
201	2	2	24	6	0	661.9	0
201	2	2	25	4	0	572.44	0
201	2	2	26	12	1	651.57	0
201	2	2	27	10	0	543.74	0
201	2	2	28	2	1	460.08	0
201	2	2	29	4	1	487.97	0
201	2	2	30	12	1	509.31	0
201	2	2	31	2	1	428.84	0
201	2	2	32	2	1	1099.1	0
201	2	2	33	8	1	846.24	0
201	2	2	34	2	0	862.78	0
201	2	2	35	8	0	717.57	0
201	2	2	36	10	1	718.1	0
201	2	2	37	10	1	640.87	0
201	2	2	38	6	1	839.38	0
201	2	2	39	10	0	945.57	0
201	2	2	40	10	1	646.39	0
201	2	2	41	4	1	577.93	0
201	2	2	42	12	1	857.37	0
201	2	2	43	6	1	1095.7	0
201	2	2	44	6	1	630.87	0
201	2	2	45	4	1	1884.6	0
201	2	2	46	2	1	895.27	0
201	2	2	47	4	1	369.67	0
201	2	2	48	6	0	998.73	0
201	2	2	49	4	1	789.73	0
201	2	2	50	4	1	878.13	0
201	2	2	51	12	0	620.52	0
201	2	2	52	4	1	670.84	0
201	2	2	53	4	1	859.19	0
201	2	2	54	8	1	740.64	0
201	2	2	55	4	1	909.5	0
201	2	2	56	4	1	502.47	0
201	2	2	57	2	1	732.35	0
201	2	2	58	2	1	582.65	0
201	2	2	59	2	1	773.18	0
201	2	2	60	10	1	656.48	0
201	2	2	61	2	1	601.68	0
201	2	2	62	4	0	494.78	0
201	2	2	63	4	1	818.02	0
201	2	2	64	6	1	645.09	0
201	2	2	65	6	1	1244.6	0
201	2	2	66	8	0	792.89	0
201	2	2	67	2	0	1204.8	0
201	2	2	68	2	1	481.55	0
201	2	2	69	8	0	577.29	0
201	2	2	70	10	1	490.54	0
201	2	2	71	10	1	556.59	0
201	2	2	72	8	1	504.57	0
201	2	2	73	12	1	1062.8	0
201	2	2	74	8	0	791.29	0
201	2	2	75	10	0	688.23	0
201	2	2	76	6	1	542.76	0
201	2	2	77	6	1	601.26	0
201	2	2	78	6	1	1250.7	0
201	2	2	79	2	1	507.17	0
201	2	2	80	10	1	573.72	0
201	2	2	81	8	1	536.75	0
201	2	2	82	6	1	1566.1	0
201	2	2	83	2	1	452.81	0
201	2	2	84	2	1	565.35	0
201	2	2	85	6	1	919.9	0
201	2	2	86	8	0	419.45	0
201	2	2	87	6	0	508.49	0
201	2	2	88	8	1	701.08	0
201	2	2	89	4	0	817.31	0
201	2	2	90	12	0	522.39	0
201	2	2	91	12	1	689.03	0
201	2	2	92	12	1	474.75	0
201	2	2	93	8	0	480.73	0
201	2	2	94	6	1	818.6	0
201	2	2	95	6	1	523.97	0
201	2	2	96	4	1	533.67	0
201	2	2	97	12	0	721.7	0
201	2	2	98	10	1	531.43	0
201	2	2	99	10	1	742.32	0
201	2	2	100	6	0	584.29	0
201	2	2	101	12	1	962.59	0
201	2	2	102	10	1	786.17	0
201	2	2	103	4	1	658.76	0
201	2	2	104	4	1	585.97	0
201	2	2	105	10	1	934.22	0
201	2	2	106	10	1	615.31	0
201	2	2	107	8	1	608.03	0
201	2	2	108	8	1	404.09	0
201	2	2	109	4	0	620.24	0
201	2	2	110	10	0	670.27	0
201	2	2	111	12	0	679.88	0
201	2	2	112	12	1	758.5	0
201	2	2	113	6	0	1153.9	0
201	2	2	114	2	1	1027.1	0
201	2	2	115	12	1	828.99	0
201	2	2	116	8	1	544.94	0
201	2	2	117	2	0	582.24	0
201	2	2	118	10	0	672.85	0
201	2	2	119	12	1	416.54	0
201	2	2	120	12	1	425.22	0
201	1	2	1	7	0	766.4	0
201	1	2	2	3	0	467.94	0
201	1	2	3	5	0	608.49	0
201	1	2	4	7	0	675.08	0
201	1	2	5	9	1	529.74	0
201	1	2	6	9	1	638.73	0
201	1	2	7	1	0	1124.9	0
201	1	2	8	7	1	590.19	0
201	1	2	9	3	1	792.75	0
201	1	2	10	7	1	1003.2	0
201	1	2	11	1	1	802.68	0
201	1	2	12	9	1	1160.4	0
201	1	2	13	11	1	663.95	0
201	1	2	14	1	1	538.98	0
201	1	2	15	9	1	702.29	0
201	1	2	16	11	0	716.31	0
201	1	2	17	9	0	579.92	0
201	1	2	18	5	1	538.4	0
201	1	2	19	3	1	1057.1	0
201	1	2	20	5	1	700.67	0
201	1	2	21	7	0	1249.8	0
201	1	2	22	11	1	591.04	0
201	1	2	23	5	1	620.13	0
201	1	2	24	9	1	562.45	0
201	1	2	25	11	0	704.31	0
201	1	2	26	11	1	621.37	0
201	1	2	27	1	1	640.16	0
201	1	2	28	9	0	717.35	0
201	1	2	29	7	1	470.31	0
201	1	2	30	1	1	496.96	0
201	1	2	31	9	1	906.36	0
201	1	2	32	7	1	698.62	0
201	1	2	33	11	0	896.32	0
201	1	2	34	11	1	479.65	0
201	1	2	35	9	1	719.93	0
201	1	2	36	1	1	568.27	0
201	1	2	37	5	1	693.13	0
201	1	2	38	9	1	681.93	0
201	1	2	39	3	1	531.19	0
201	1	2	40	11	0	723.88	0
201	1	2	41	1	0	576.52	0
201	1	2	42	7	1	575.02	0
201	1	2	43	3	1	620.52	0
201	1	2	44	7	1	818.78	0
201	1	2	45	1	1	768.24	0
201	1	2	46	1	1	617.94	0
201	1	2	47	3	1	539.54	0
201	1	2	48	1	0	974.94	0
201	1	2	49	5	1	671.01	0
201	1	2	50	11	1	622.33	0
201	1	2	51	3	1	662.65	0
201	1	2	52	11	1	863.88	0
201	1	2	53	3	1	398.56	0
201	1	2	54	3	1	446.87	0
201	1	2	55	11	1	733.55	0
201	1	2	56	7	0	1153.3	0
201	1	2	57	9	1	533.49	0
201	1	2	58	7	0	594.75	0
201	1	2	59	3	0	843.64	0
201	1	2	60	11	1	562.16	0
201	1	2	61	7	1	1020.7	0
201	1	2	62	5	0	668.87	0
201	1	2	63	11	0	891.78	0
201	1	2	64	7	1	1344.5	0
201	1	2	65	5	0	907.69	0
201	1	2	66	5	1	418.08	0
201	1	2	67	9	0	677.4	0
201	1	2	68	1	0	717.08	0
201	1	2	69	3	1	550.91	0
201	1	2	70	5	1	696.59	0
201	1	2	71	1	1	521.18	0
201	1	2	72	1	1	759.34	0
201	1	2	73	11	1	506.96	0
201	1	2	74	1	1	579.9	0
201	1	2	75	3	1	540.71	0
201	1	2	76	5	1	649.78	0
201	1	2	77	3	1	660.26	0
201	1	2	78	1	1	431.88	0
201	1	2	79	3	1	716.16	0
201	1	2	80	11	1	502.44	0
201	1	2	81	11	1	543.41	0
201	1	2	82	3	1	1097.3	0
201	1	2	83	1	0	820.85	0
201	1	2	84	9	1	578.42	0
201	1	2	85	9	1	566.53	0
201	1	2	86	5	1	532.69	0
201	1	2	87	9	0	761.91	0
201	1	2	88	7	0	528.7	0
201	1	2	89	1	1	504.48	0
201	1	2	90	7	1	950.05	0
201	1	2	91	3	0	731.24	0
201	1	2	92	5	1	432.18	0
201	1	2	93	7	0	569.05	0
201	1	2	94	9	0	793.61	0
201	1	2	95	5	0	706.51	0
201	1	2	96	5	0	1053.9	0
201	1	2	97	7	1	741.36	0
201	1	2	98	3	1	558.26	0
201	1	2	99	9	1	735.83	0
201	1	2	100	3	1	456.64	0
201	1	2	101	11	0	856.74	0
201	1	2	102	7	0	642.01	0
201	1	2	103	11	1	966.48	0
201	1	2	104	1	1	633.49	0
201	1	2	105	9	1	1047.5	0
201	1	2	106	5	1	628.79	0
201	1	2	107	1	0	504.95	0
201	1	2	108	9	0	614.66	0
201	1	2	109	11	0	594.16	0
201	1	2	110	3	0	1006.3	0
201	1	2	111	9	0	799.02	0
201	1	2	112	5	1	806.95	0
201	1	2	113	7	1	635.86	0
201	1	2	114	5	0	649.23	0
201	1	2	115	11	1	538.79	0
201	1	2	116	3	1	758.2	0
201	1	2	117	5	0	642.32	0
201	1	2	118	1	1	594.73	0
201	1	2	119	7	1	789.16	0
201	1	2	120	5	1	755.55	0
201	3	2	1	12	1	600.58	0
201	3	2	2	3	0	702.09	0
201	3	2	3	10	1	671.84	0
201	3	2	4	8	0	411.43	0
201	3	2	5	12	1	726.99	0
201	3	2	6	1	0	1158.8	0
201	3	2	7	5	1	699.54	0
201	3	2	8	12	1	790.83	0
201	3	2	9	3	1	558.81	0
201	3	2	10	12	0	975.19	0
201	3	2	11	1	1	723.34	0
201	3	2	12	5	1	738.86	0
201	3	2	13	3	1	733.17	0
201	3	2	14	5	1	1140.3	0
201	3	2	15	10	0	539.97	0
201	3	2	16	12	1	846.89	0
201	3	2	17	8	1	960.99	0
201	3	2	18	1	1	743.21	0
201	3	2	19	5	0	514.24	0
201	3	2	20	10	0	504.56	0
201	3	2	21	8	1	732.08	0
201	3	2	22	3	1	485.05	0
201	3	2	23	3	1	728.23	0
201	3	2	24	8	0	743.68	0
201	3	2	25	5	0	524.85	0
201	3	2	26	10	0	496.39	0
201	3	2	27	10	0	683.74	0
201	3	2	28	8	1	587.07	0
201	3	2	29	10	0	677.55	0
201	3	2	30	8	1	644.21	0
201	3	2	31	3	1	523.77	0
201	3	2	32	12	1	646.72	0
201	3	2	33	8	0	583.01	0
201	3	2	34	12	0	550.24	0
201	3	2	35	1	1	438.83	0
201	3	2	36	3	1	1040	0
201	3	2	37	5	0	905.47	0
201	3	2	38	5	1	509.77	0
201	3	2	39	10	0	446.75	0
201	3	2	40	1	1	580.23	0
201	3	2	41	1	1	446.51	0
201	3	2	42	5	1	495.98	0
201	3	2	43	10	1	854.18	0
201	3	2	44	12	1	539.69	0
201	3	2	45	3	0	1155.1	0
201	3	2	46	3	0	686.67	0
201	3	2	47	5	0	817.18	0
201	3	2	48	8	0	588.56	0
201	3	2	49	12	1	724.43	0
201	3	2	50	1	1	631.35	0
201	3	2	51	1	1	635.44	0
201	3	2	52	12	0	574.22	0
201	3	2	53	10	1	666.22	0
201	3	2	54	1	1	631.57	0
201	3	2	55	8	1	564.21	0
201	3	2	56	12	1	552.67	0
201	3	2	57	5	1	619.53	0
201	3	2	58	12	1	684.19	0
201	3	2	59	3	1	1315.2	0
201	3	2	60	12	0	662.23	0
201	3	2	61	1	1	548.58	0
201	3	2	62	10	0	823.05	0
201	3	2	63	5	1	775.52	0
201	3	2	64	1	0	788.75	0
201	3	2	65	10	0	839.72	0
201	3	2	66	3	0	631.85	0
201	3	2	67	3	1	1209.1	0
201	3	2	68	3	1	566.53	0
201	3	2	69	8	0	782.22	0
201	3	2	70	10	1	1038.1	0
201	3	2	71	3	1	580.52	0
201	3	2	72	1	1	613.91	0
201	3	2	73	3	1	610.47	0
201	3	2	74	3	1	722.06	0
201	3	2	75	5	0	753.92	0
201	3	2	76	5	1	399.91	0
201	3	2	77	5	1	558.55	0
201	3	2	78	3	1	648.43	0
201	3	2	79	10	1	560.02	0
201	3	2	80	8	0	1357.6	0
201	3	2	81	5	1	731.03	0
201	3	2	82	8	0	759.49	0
201	3	2	83	1	1	764.45	0
201	3	2	84	12	0	547.96	0
201	3	2	85	10	1	665.48	0
201	3	2	86	5	1	512.33	0
201	3	2	87	3	1	686.48	0
201	3	2	88	12	1	615.92	0
201	3	2	89	10	1	647.26	0
201	3	2	90	5	0	719.42	0
201	3	2	91	10	1	689.3	0
201	3	2	92	1	1	943.17	0
201	3	2	93	8	0	981.46	0
201	3	2	94	12	1	553.56	0
201	3	2	95	5	0	530.28	0
201	3	2	96	10	1	915.87	0
201	3	2	97	8	1	733.19	0
201	3	2	98	10	0	506.96	0
201	3	2	99	1	1	583.13	0
201	3	2	100	8	0	614.69	0
201	3	2	101	10	1	505.75	0
201	3	2	102	10	1	615.42	0
201	3	2	103	12	0	595.21	0
201	3	2	104	5	0	628.56	0
201	3	2	105	1	1	597.54	0
201	3	2	106	12	0	724.85	0
201	3	2	107	3	1	755.46	0
201	3	2	108	8	0	503.22	0
201	3	2	109	8	1	459.33	0
201	3	2	110	1	1	555.85	0
201	3	2	111	12	0	697.68	0
201	3	2	112	1	0	537.92	0
201	3	2	113	1	1	602.81	0
201	3	2	114	8	1	647.55	0
201	3	2	115	12	0	494.19	0
201	3	2	116	1	0	759.53	0
201	3	2	117	3	1	669.07	0
201	3	2	118	8	1	785.9	0
201	3	2	119	5	1	704.85	0
201	3	2	120	8	0	554.34	0
201	4	2	1	6	0	616.13	0
201	4	2	2	4	1	655.2	0
201	4	2	3	2	0	540.17	0
201	4	2	4	9	1	524.39	0
201	4	2	5	2	1	757.99	0
201	4	2	6	9	0	864.31	0
201	4	2	7	6	1	704.92	0
201	4	2	8	7	1	705.3	0
201	4	2	9	2	1	683.06	0
201	4	2	10	2	1	446.56	0
201	4	2	11	2	1	1254.6	0
201	4	2	12	2	1	770.39	0
201	4	2	13	11	1	819.03	0
201	4	2	14	9	0	488.64	0
201	4	2	15	11	0	634.75	0
201	4	2	16	4	1	588.13	0
201	4	2	17	6	1	441.67	0
201	4	2	18	11	1	604.98	0
201	4	2	19	4	0	559.04	0
201	4	2	20	11	1	483.18	0
201	4	2	21	2	1	798.02	0
201	4	2	22	11	1	452.37	0
201	4	2	23	4	1	839.91	0
201	4	2	24	4	1	539.59	0
201	4	2	25	11	0	466.63	0
201	4	2	26	9	1	506.22	0
201	4	2	27	4	1	696.3	0
201	4	2	28	4	1	868.12	0
201	4	2	29	9	1	499.82	0
201	4	2	30	11	1	531.72	0
201	4	2	31	6	0	673.75	0
201	4	2	32	2	1	607.26	0
201	4	2	33	9	1	559.35	0
201	4	2	34	9	1	801.9	0
201	4	2	35	4	1	834.79	0
201	4	2	36	7	1	859.91	0
201	4	2	37	9	1	591.2	0
201	4	2	38	4	0	1150.6	0
201	4	2	39	2	1	693.65	0
201	4	2	40	4	1	554.94	0
201	4	2	41	2	0	722.7	0
201	4	2	42	2	1	463.76	0
201	4	2	43	7	0	551.61	0
201	4	2	44	2	1	880.08	0
201	4	2	45	7	1	690.27	0
201	4	2	46	11	0	441.76	0
201	4	2	47	6	1	520.2	0
201	4	2	48	4	1	524.31	0
201	4	2	49	6	1	609.04	0
201	4	2	50	6	1	599.98	0
201	4	2	51	9	0	814.52	0
201	4	2	52	7	0	722.68	0
201	4	2	53	6	1	493.16	0
201	4	2	54	4	1	421.82	0
201	4	2	55	4	1	778.47	0
201	4	2	56	9	0	531.76	0
201	4	2	57	2	1	832.06	0
201	4	2	58	2	1	500.25	0
201	4	2	59	4	1	771.03	0
201	4	2	60	11	1	546.7	0
201	4	2	61	11	1	405.72	0
201	4	2	62	2	0	556.32	0
201	4	2	63	7	1	822.55	0
201	4	2	64	11	1	444.06	0
201	4	2	65	7	1	785.89	0
201	4	2	66	11	1	762.98	0
201	4	2	67	9	1	806.52	0
201	4	2	68	2	1	789.41	0
201	4	2	69	7	0	809.75	0
201	4	2	70	7	1	407.49	0
201	4	2	71	11	0	654.17	0
201	4	2	72	6	1	497.31	0
201	4	2	73	2	1	689.27	0
201	4	2	74	6	0	503.08	0
201	4	2	75	11	1	681.18	0
201	4	2	76	11	0	666.31	0
201	4	2	77	7	1	581.97	0
201	4	2	78	7	1	650.16	0
201	4	2	79	11	1	646.2	0
201	4	2	80	7	1	516.33	0
201	4	2	81	9	1	590.65	0
201	4	2	82	6	0	1163	0
201	4	2	83	6	1	556.45	0
201	4	2	84	4	1	642.11	0
201	4	2	85	4	1	1533.2	0
201	4	2	86	11	1	804.41	0
201	4	2	87	6	0	565.33	0
201	4	2	88	2	1	737.15	0
201	4	2	89	6	1	531.52	0
201	4	2	90	4	1	537.07	0
201	4	2	91	11	0	945.96	0
201	4	2	92	7	0	757.44	0
201	4	2	93	9	1	547.2	0
201	4	2	94	9	1	726.75	0
201	4	2	95	4	1	620.69	0
201	4	2	96	7	1	514.6	0
201	4	2	97	2	1	849.34	0
201	4	2	98	7	1	1269.6	0
201	4	2	99	7	1	445.48	0
201	4	2	100	7	1	435.59	0
201	4	2	101	9	1	457.75	0
201	4	2	102	7	1	523.81	0
201	4	2	103	9	1	639.13	0
201	4	2	104	7	0	656.5	0
201	4	2	105	7	1	349.73	0
201	4	2	106	9	1	600.5	0
201	4	2	107	6	1	746.68	0
201	4	2	108	9	1	458.38	0
201	4	2	109	6	0	587.96	0
201	4	2	110	6	0	589.66	0
201	4	2	111	11	1	879.79	0
201	4	2	112	9	1	539.73	0
201	4	2	113	11	1	518.98	0
201	4	2	114	6	1	892.45	0
201	4	2	115	9	1	577.95	0
201	4	2	116	2	0	540.1	0
201	4	2	117	6	1	1040.9	0
201	4	2	118	6	1	501.52	0
201	4	2	119	4	0	887.82	0
201	4	2	120	4	1	683.31	0
201	5	2	1	4	0	770.92	0
201	5	2	2	2	0	1124.5	0
201	5	2	3	10	1	515.72	0
201	5	2	4	11	1	860.81	0
201	5	2	5	1	0	669.28	0
201	5	2	6	9	1	403.34	0
201	5	2	7	12	0	710.17	0
201	5	2	8	12	1	735.61	0
201	5	2	9	7	0	632.03	0
201	5	2	10	6	1	696.68	0
201	5	2	11	6	1	471.4	0
201	5	2	12	3	1	787.19	0
201	5	2	13	10	0	419.94	0
201	5	2	14	2	0	966.61	0
201	5	2	15	9	1	693.75	0
201	5	2	16	5	1	471.63	0
201	5	2	17	7	0	892.96	0
201	5	2	18	11	1	912.9	0
201	5	2	19	5	1	657.32	0
201	5	2	20	10	1	772.41	0
201	5	2	21	12	0	598.69	0
201	5	2	22	12	1	448.39	0
201	5	2	23	8	0	649.46	0
201	5	2	24	6	1	692.98	0
201	5	2	25	9	1	727.97	0
201	5	2	26	8	0	456.21	0
201	5	2	27	1	1	585.41	0
201	5	2	28	3	1	802.87	0
201	5	2	29	3	1	444.43	0
201	5	2	30	1	1	896.22	0
201	5	2	31	9	1	728.69	0
201	5	2	32	4	1	623.62	0
201	5	2	33	11	1	659.27	0
201	5	2	34	7	1	806.06	0
201	5	2	35	5	1	738.46	0
201	5	2	36	3	1	976.98	0
201	5	2	37	2	0	606.34	0
201	5	2	38	6	0	528.85	0
201	5	2	39	11	1	909.89	0
201	5	2	40	9	0	520.98	0
201	5	2	41	7	0	611.07	0
201	5	2	42	4	0	526.21	0
201	5	2	43	2	1	654.39	0
201	5	2	44	6	0	678.05	0
201	5	2	45	11	1	608.59	0
201	5	2	46	12	1	480	0
201	5	2	47	10	0	595.24	0
201	5	2	48	4	1	1541.2	0
201	5	2	49	1	1	459.72	0
201	5	2	50	5	0	606.32	0
201	5	2	51	4	0	704.04	0
201	5	2	52	7	1	1262.4	0
201	5	2	53	3	1	529.55	0
201	5	2	54	11	1	750.26	0
201	5	2	55	1	0	780.44	0
201	5	2	56	2	1	448.93	0
201	5	2	57	11	1	409.8	0
201	5	2	58	7	1	486.97	0
201	5	2	59	8	0	959.99	0
201	5	2	60	7	0	597.06	0
201	5	2	61	2	1	543.04	0
201	5	2	62	5	0	568.22	0
201	5	2	63	5	1	626.07	0
201	5	2	64	8	1	507.4	0
201	5	2	65	8	0	626.53	0
201	5	2	66	7	1	540.59	0
201	5	2	67	9	0	579.81	0
201	5	2	68	8	1	497.18	0
201	5	2	69	5	1	893.89	0
201	5	2	70	1	0	619.37	0
201	5	2	71	4	0	807.61	0
201	5	2	72	3	0	849.04	0
201	5	2	73	7	1	656.76	0
201	5	2	74	4	1	1289.1	0
201	5	2	75	9	1	718.16	0
201	5	2	76	1	0	749.41	0
201	5	2	77	8	0	1069.5	0
201	5	2	78	12	0	518.57	0
201	5	2	79	6	1	745.74	0
201	5	2	80	11	0	667	0
201	5	2	81	6	1	483.97	0
201	5	2	82	4	1	491.19	0
201	5	2	83	5	1	714.8	0
201	5	2	84	12	1	551.13	0
201	5	2	85	3	1	935.6	0
201	5	2	86	4	0	917.55	0
201	5	2	87	3	0	529.95	0
201	5	2	88	10	0	889.96	0
201	5	2	89	10	1	580.33	0
201	5	2	90	12	1	503.96	0
201	5	2	91	8	1	541.79	0
201	5	2	92	12	1	726.61	0
201	5	2	93	12	0	1023.2	0
201	5	2	94	3	0	592.3	0
201	5	2	95	1	1	547.79	0
201	5	2	96	1	1	526.24	0
201	5	2	97	6	1	553.17	0
201	5	2	98	5	0	906.45	0
201	5	2	99	4	0	549.03	0
201	5	2	100	10	0	625.02	0
201	5	2	101	10	0	601.52	0
201	5	2	102	10	1	923.7	0
201	5	2	103	2	1	579.62	0
201	5	2	104	2	1	403.56	0
201	5	2	105	8	1	616.62	0
201	5	2	106	9	1	829.81	0
201	5	2	107	1	0	524.66	0
201	5	2	108	3	0	487.54	0
201	5	2	109	6	0	934.6	0
201	5	2	110	7	1	549.82	0
201	5	2	111	6	1	1143.2	0
201	5	2	112	2	0	593.42	0
201	5	2	113	2	0	597.77	0
201	5	2	114	11	1	662.89	0
201	5	2	115	11	0	1344.1	0
201	5	2	116	9	1	711.14	0
201	5	2	117	8	0	552.56	0
201	5	2	118	9	0	810.32	0
201	5	2	119	10	0	921.76	0
201	5	2	120	5	0	481.45	0
201	5	2	1	8	0	518.62	0
201	5	2	2	8	1	881.68	0
201	5	2	3	2	0	1002.7	0
201	5	2	4	1	1	422.53	0
201	5	2	5	12	1	547.75	0
201	5	2	6	12	1	399.58	0
201	5	2	7	4	1	691.75	0
201	5	2	8	3	1	1774.4	0
201	5	2	9	10	1	539.74	0
201	5	2	10	6	1	814.59	0
201	5	2	11	12	1	507.8	0
201	5	2	12	11	1	727.64	0
201	5	2	13	6	1	768.45	0
201	5	2	14	6	1	572.76	0
201	5	2	15	8	1	666.38	0
201	5	2	16	9	0	880.75	0
201	5	2	17	1	0	661.52	0
201	5	2	18	11	0	1020.3	0
201	5	2	19	8	1	546.42	0
201	5	2	20	11	0	883.79	0
201	5	2	21	1	1	884.42	0
201	5	2	22	10	1	517.77	0
201	5	2	23	7	0	639.79	0
201	5	2	24	1	1	442.67	0
201	5	2	25	2	1	1233	0
201	5	2	26	4	0	993.62	0
201	5	2	27	11	1	641.74	0
201	5	2	28	7	0	462.47	0
201	5	2	29	9	0	776.55	0
201	5	2	30	10	0	545.49	0
201	5	2	31	5	0	581.57	0
201	5	2	32	1	0	699.31	0
201	5	2	33	4	0	1045.4	0
201	5	2	34	6	1	654.79	0
201	5	2	35	1	1	801.72	0
201	5	2	36	4	0	469.59	0
201	5	2	37	3	1	579.48	0
201	5	2	38	12	1	504.88	0
201	5	2	39	4	1	627.04	0
201	5	2	40	6	0	1022.8	0
201	5	2	41	9	1	795.41	0
201	5	2	42	6	1	705.46	0
201	5	2	43	2	0	842.56	0
201	5	2	44	3	0	5508.3	1
201	5	2	45	4	0	703.12	0
201	5	2	46	5	0	550.88	0
201	5	2	47	9	0	659.23	0
201	5	2	48	9	1	847.89	0
201	5	2	49	2	1	772.15	0
201	5	2	50	5	0	703.82	0
201	5	2	51	8	1	707.73	0
201	5	2	52	12	0	634.92	0
201	5	2	53	7	0	1049	0
201	5	2	54	9	1	405.43	0
201	5	2	55	7	0	819.06	0
201	5	2	56	7	1	1172.5	0
201	5	2	57	2	1	1889.2	0
201	5	2	58	1	0	661.52	0
201	5	2	59	5	1	618.31	0
201	5	2	60	3	1	787.25	0
201	5	2	61	11	1	603.5	0
201	5	2	62	3	1	594.24	0
201	5	2	63	11	0	563.84	0
201	5	2	64	1	1	792.28	0
201	5	2	65	7	0	700.54	0
201	5	2	66	4	1	640.61	0
201	5	2	67	11	1	495	0
201	5	2	68	9	1	715.22	0
201	5	2	69	8	1	455.07	0
201	5	2	70	3	1	397.52	0
201	5	2	71	5	1	871.55	0
201	5	2	72	8	1	913.67	0
201	5	2	73	10	1	470.1	0
201	5	2	74	6	1	460.23	0
201	5	2	75	5	0	816.35	0
201	5	2	76	2	0	680.62	0
201	5	2	77	7	1	804.22	0
201	5	2	78	10	0	541.92	0
201	5	2	79	10	1	689.5	0
201	5	2	80	4	1	756.35	0
201	5	2	81	2	0	804.98	0
201	5	2	82	3	1	687.9	0
201	5	2	83	11	1	945.82	0
201	5	2	84	8	0	455.51	0
201	5	2	85	10	0	654.92	0
201	5	2	86	6	1	373.64	0
201	5	2	87	11	1	736.07	0
201	5	2	88	2	1	1741.3	0
201	5	2	89	5	1	592.89	0
201	5	2	90	12	1	811.2	0
201	5	2	91	8	0	655.79	0
201	5	2	92	12	1	663.69	0
201	5	2	93	8	0	611.72	0
201	5	2	94	4	1	518.33	0
201	5	2	95	7	0	868.25	0
201	5	2	96	12	1	635.21	0
201	5	2	97	11	0	701.98	0
201	5	2	98	4	1	661.41	0
201	5	2	99	10	1	830.33	0
201	5	2	100	2	1	505.72	0
201	5	2	101	9	1	577.92	0
201	5	2	102	10	0	617.67	0
201	5	2	103	3	1	625.18	0
201	5	2	104	3	0	1514.6	0
201	5	2	105	6	0	551.17	0
201	5	2	106	12	1	698.66	0
201	5	2	107	3	1	501.04	0
201	5	2	108	7	1	516.29	0
201	5	2	109	5	1	576.75	0
201	5	2	110	12	1	499.27	0
201	5	2	111	9	0	463.69	0
201	5	2	112	10	1	712.28	0
201	5	2	113	1	1	722.57	0
201	5	2	114	1	1	452.2	0
201	5	2	115	7	1	842.26	0
201	5	2	116	5	0	999.84	0
201	5	2	117	5	1	640.58	0
201	5	2	118	9	1	707.46	0
201	5	2	119	6	0	629.57	0
201	5	2	120	2	1	1446.8	0
201	2	3	1	8	1	749	0
201	2	3	2	12	1	1056	0
201	2	3	3	12	1	477.83	0
201	2	3	4	4	1	672.6	0
201	2	3	5	10	0	797.07	0
201	2	3	6	2	0	785.04	0
201	2	3	7	4	0	673.42	0
201	2	3	8	8	1	931.32	0
201	2	3	9	2	1	527.98	0
201	2	3	10	2	1	672.63	0
201	2	3	11	6	1	967.24	0
201	2	3	12	2	0	731.11	0
201	2	3	13	10	0	751.88	0
201	2	3	14	4	0	847.01	0
201	2	3	15	8	0	855.62	0
201	2	3	16	12	1	534.69	0
201	2	3	17	8	1	721.88	0
201	2	3	18	2	0	498.42	0
201	2	3	19	10	1	890.72	0
201	2	3	20	6	0	480.65	0
201	2	3	21	2	1	652.48	0
201	2	3	22	6	1	589.49	0
201	2	3	23	6	1	587.38	0
201	2	3	24	4	1	869.3	0
201	2	3	25	6	1	1721.9	0
201	2	3	26	6	0	767.36	0
201	2	3	27	8	0	679.02	0
201	2	3	28	10	0	506.76	0
201	2	3	29	8	1	878.14	0
201	2	3	30	12	1	494.25	0
201	2	3	31	2	1	492.75	0
201	2	3	32	6	1	586.23	0
201	2	3	33	2	1	678.49	0
201	2	3	34	10	1	808.46	0
201	2	3	35	2	1	407.52	0
201	2	3	36	4	0	765.92	0
201	2	3	37	2	1	1792.9	0
201	2	3	38	8	1	657.75	0
201	2	3	39	12	1	664.78	0
201	2	3	40	12	1	533.76	0
201	2	3	41	12	1	929.75	0
201	2	3	42	4	1	530.94	0
201	2	3	43	8	0	1373.8	0
201	2	3	44	8	1	1040	0
201	2	3	45	4	0	930.03	0
201	2	3	46	10	1	588.42	0
201	2	3	47	8	0	659.38	0
201	2	3	48	4	1	565.27	0
201	2	3	49	4	1	525.1	0
201	2	3	50	6	1	648.1	0
201	2	3	51	2	1	845.92	0
201	2	3	52	10	1	541.04	0
201	2	3	53	6	1	649.9	0
201	2	3	54	8	1	1057.2	0
201	2	3	55	6	1	707.15	0
201	2	3	56	12	1	481.86	0
201	2	3	57	10	0	473.77	0
201	2	3	58	8	1	518.67	0
201	2	3	59	10	1	489.54	0
201	2	3	60	12	0	565.22	0
201	2	3	61	10	0	714.06	0
201	2	3	62	10	1	528.9	0
201	2	3	63	12	1	655.44	0
201	2	3	64	6	1	723.22	0
201	2	3	65	2	1	1022.9	0
201	2	3	66	12	1	766.56	0
201	2	3	67	6	0	622.86	0
201	2	3	68	12	1	625.4	0
201	2	3	69	10	0	817.12	0
201	2	3	70	4	1	598.81	0
201	2	3	71	10	1	619.82	0
201	2	3	72	4	1	454.31	0
201	2	3	73	12	0	553.72	0
201	2	3	74	10	0	626.34	0
201	2	3	75	12	1	566.73	0
201	2	3	76	4	1	618.26	0
201	2	3	77	6	1	2363.7	0
201	2	3	78	8	0	444.58	0
201	2	3	79	4	1	483.84	0
201	2	3	80	4	1	517.73	0
201	2	3	81	2	0	714.16	0
201	2	3	82	10	1	432.77	0
201	2	3	83	10	0	548.91	0
201	2	3	84	2	1	1010.1	0
201	2	3	85	8	1	590.53	0
201	2	3	86	8	0	581.05	0
201	2	3	87	4	0	950.14	0
201	2	3	88	6	0	751.73	0
201	2	3	89	4	1	469.54	0
201	2	3	90	6	0	435.93	0
201	2	3	91	12	0	485.39	0
201	2	3	92	6	1	832.89	0
201	2	3	93	6	1	680.62	0
201	2	3	94	8	1	561.52	0
201	2	3	95	2	0	681.73	0
201	2	3	96	2	1	613.33	0
201	2	3	97	10	0	818.55	0
201	2	3	98	8	1	687.34	0
201	2	3	99	6	0	442.78	0
201	2	3	100	6	1	408.5	0
201	2	3	101	12	0	738.31	0
201	2	3	102	10	1	952.25	0
201	2	3	103	12	1	701.22	0
201	2	3	104	4	1	479.33	0
201	2	3	105	8	1	778.31	0
201	2	3	106	12	1	633.16	0
201	2	3	107	12	1	1416.8	0
201	2	3	108	2	1	747.46	0
201	2	3	109	6	1	825.25	0
201	2	3	110	4	1	551.39	0
201	2	3	111	4	1	784.4	0
201	2	3	112	2	1	801.9	0
201	2	3	113	10	1	670.79	0
201	2	3	114	8	1	833.79	0
201	2	3	115	10	1	551.85	0
201	2	3	116	4	1	781.45	0
201	2	3	117	8	1	769.64	0
201	2	3	118	2	1	557.92	0
201	2	3	119	2	1	462.52	0
201	2	3	120	12	1	699.74	0
201	1	3	1	3	1	706.32	0
201	1	3	2	11	1	493.51	0
201	1	3	3	11	1	611.67	0
201	1	3	4	1	1	750.94	0
201	1	3	5	3	1	751.58	0
201	1	3	6	5	1	561.67	0
201	1	3	7	1	1	494.31	0
201	1	3	8	7	1	565.05	0
201	1	3	9	5	0	562.12	0
201	1	3	10	7	1	666.86	0
201	1	3	11	1	1	492.2	0
201	1	3	12	11	0	534.67	0
201	1	3	13	9	0	849.56	0
201	1	3	14	7	1	597.71	0
201	1	3	15	5	0	558.79	0
201	1	3	16	3	1	563.43	0
201	1	3	17	5	1	625.26	0
201	1	3	18	5	0	521.28	0
201	1	3	19	11	1	866.54	0
201	1	3	20	7	0	565.62	0
201	1	3	21	11	1	467.99	0
201	1	3	22	9	1	799.76	0
201	1	3	23	11	1	646.21	0
201	1	3	24	7	0	714.38	0
201	1	3	25	7	1	635.12	0
201	1	3	26	11	1	888.81	0
201	1	3	27	9	1	585.01	0
201	1	3	28	5	0	593.36	0
201	1	3	29	11	1	736.63	0
201	1	3	30	3	1	655.43	0
201	1	3	31	9	0	779	0
201	1	3	32	9	1	564.33	0
201	1	3	33	7	1	1119.3	0
201	1	3	34	3	0	1610.2	0
201	1	3	35	9	0	697.81	0
201	1	3	36	9	1	490.34	0
201	1	3	37	7	1	669.68	0
201	1	3	38	3	0	557.49	0
201	1	3	39	3	1	532.61	0
201	1	3	40	5	1	657.3	0
201	1	3	41	5	0	710.76	0
201	1	3	42	1	0	640.17	0
201	1	3	43	5	1	786.75	0
201	1	3	44	9	0	938.24	0
201	1	3	45	7	1	664.18	0
201	1	3	46	11	1	465.26	0
201	1	3	47	5	1	606.82	0
201	1	3	48	9	1	1337.1	0
201	1	3	49	5	0	556.88	0
201	1	3	50	11	0	628.1	0
201	1	3	51	1	1	794.62	0
201	1	3	52	1	1	696.33	0
201	1	3	53	7	1	516.17	0
201	1	3	54	1	1	456.1	0
201	1	3	55	3	1	458.44	0
201	1	3	56	11	0	1297.2	0
201	1	3	57	3	1	833.23	0
201	1	3	58	11	0	1102.8	0
201	1	3	59	9	1	795.02	0
201	1	3	60	3	0	755.57	0
201	1	3	61	7	1	900.34	0
201	1	3	62	11	1	493.49	0
201	1	3	63	11	0	902.81	0
201	1	3	64	5	1	711.76	0
201	1	3	65	7	1	558.62	0
201	1	3	66	9	0	625.89	0
201	1	3	67	5	0	964.13	0
201	1	3	68	9	1	553.24	0
201	1	3	69	1	0	500.25	0
201	1	3	70	5	0	491.98	0
201	1	3	71	3	1	722.19	0
201	1	3	72	1	0	1319.1	0
201	1	3	73	1	1	559.56	0
201	1	3	74	1	1	912.71	0
201	1	3	75	11	0	591.29	0
201	1	3	76	7	0	552.22	0
201	1	3	77	7	1	936.72	0
201	1	3	78	3	1	598.77	0
201	1	3	79	9	1	525.45	0
201	1	3	80	1	1	549.74	0
201	1	3	81	1	1	429.53	0
201	1	3	82	5	0	1109.3	0
201	1	3	83	3	1	599.88	0
201	1	3	84	3	1	639.26	0
201	1	3	85	7	0	625.32	0
201	1	3	86	9	1	816.64	0
201	1	3	87	3	1	879.15	0
201	1	3	88	3	1	618.09	0
201	1	3	89	7	1	745.47	0
201	1	3	90	1	1	563.87	0
201	1	3	91	1	1	739.24	0
201	1	3	92	7	1	854.81	0
201	1	3	93	3	1	540.45	0
201	1	3	94	5	0	556.26	0
201	1	3	95	7	0	2283.5	0
201	1	3	96	5	0	895.67	0
201	1	3	97	5	1	493.38	0
201	1	3	98	9	1	658.89	0
201	1	3	99	1	1	419.26	0
201	1	3	100	9	1	541.57	0
201	1	3	101	3	1	515.35	0
201	1	3	102	1	0	930.09	0
201	1	3	103	5	0	2105.8	0
201	1	3	104	11	0	751.32	0
201	1	3	105	9	0	564.51	0
201	1	3	106	5	1	787.3	0
201	1	3	107	9	0	698.32	0
201	1	3	108	11	0	590.53	0
201	1	3	109	9	1	538.75	0
201	1	3	110	1	1	625.88	0
201	1	3	111	7	0	556.25	0
201	1	3	112	11	1	703.96	0
201	1	3	113	1	1	758.75	0
201	1	3	114	7	1	663.97	0
201	1	3	115	1	0	575.03	0
201	1	3	116	9	0	459.03	0
201	1	3	117	3	1	1127.2	0
201	1	3	118	3	1	760.18	0
201	1	3	119	11	1	828.91	0
201	1	3	120	11	1	673.28	0
201	5	3	1	9	1	535.06	0
201	5	3	2	10	1	521.14	0
201	5	3	3	12	1	834.14	0
201	5	3	4	9	1	635.5	0
201	5	3	5	8	1	497.16	0
201	5	3	6	5	0	748.75	0
201	5	3	7	7	1	754.36	0
201	5	3	8	11	1	695.19	0
201	5	3	9	7	0	544.53	0
201	5	3	10	6	0	832.16	0
201	5	3	11	12	0	1013.9	0
201	5	3	12	7	0	850.17	0
201	5	3	13	5	1	967.09	0
201	5	3	14	12	0	504.93	0
201	5	3	15	7	1	792.57	0
201	5	3	16	5	1	618.38	0
201	5	3	17	3	1	495.56	0
201	5	3	18	7	1	838.77	0
201	5	3	19	2	1	651.67	0
201	5	3	20	4	0	1068.9	0
201	5	3	21	10	1	783.36	0
201	5	3	22	8	1	523.86	0
201	5	3	23	3	0	484.42	0
201	5	3	24	2	1	486.96	0
201	5	3	25	10	1	1058.6	0
201	5	3	26	4	1	719.83	0
201	5	3	27	4	1	1149.2	0
201	5	3	28	6	0	489.42	0
201	5	3	29	12	1	580.38	0
201	5	3	30	1	1	837.07	0
201	5	3	31	5	0	1654.8	0
201	5	3	32	6	1	436.43	0
201	5	3	33	11	1	457.03	0
201	5	3	34	9	0	2004.5	0
201	5	3	35	8	1	669.84	0
201	5	3	36	12	1	663.82	0
201	5	3	37	4	0	597.59	0
201	5	3	38	2	0	728.02	0
201	5	3	39	4	0	518.08	0
201	5	3	40	4	1	586.43	0
201	5	3	41	3	0	747	0
201	5	3	42	5	0	824.29	0
201	5	3	43	10	1	526.62	0
201	5	3	44	10	1	546.85	0
201	5	3	45	12	1	551.91	0
201	5	3	46	9	1	697.51	0
201	5	3	47	6	1	720.35	0
201	5	3	48	2	1	563.71	0
201	5	3	49	6	0	501.23	0
201	5	3	50	5	1	766.09	0
201	5	3	51	10	1	680.87	0
201	5	3	52	10	0	850.07	0
201	5	3	53	6	1	561.55	0
201	5	3	54	2	1	464.84	0
201	5	3	55	10	1	432.54	0
201	5	3	56	11	1	733.37	0
201	5	3	57	3	1	633.75	0
201	5	3	58	12	1	573.23	0
201	5	3	59	8	1	757.21	0
201	5	3	60	9	1	660.03	0
201	5	3	61	4	1	778.03	0
201	5	3	62	3	1	1149.4	0
201	5	3	63	12	1	752.22	0
201	5	3	64	2	1	583.94	0
201	5	3	65	5	0	728.49	0
201	5	3	66	3	1	882.39	0
201	5	3	67	10	1	595.81	0
201	5	3	68	8	0	484.37	0
201	5	3	69	1	1	762.81	0
201	5	3	70	9	1	481.45	0
201	5	3	71	2	0	1012.9	0
201	5	3	72	1	0	602.96	0
201	5	3	73	8	1	537	0
201	5	3	74	9	1	551.82	0
201	5	3	75	10	0	667.71	0
201	5	3	76	9	0	702.11	0
201	5	3	77	3	0	950.52	0
201	5	3	78	6	1	671.41	0
201	5	3	79	2	0	581.31	0
201	5	3	80	11	1	566.02	0
201	5	3	81	3	1	738.63	0
201	5	3	82	4	1	568.78	0
201	5	3	83	1	1	728.89	0
201	5	3	84	12	1	755.41	0
201	5	3	85	8	0	682.67	0
201	5	3	86	12	1	853.52	0
201	5	3	87	9	0	649.1	0
201	5	3	88	3	1	392.75	0
201	5	3	89	11	1	391.38	0
201	5	3	90	5	1	513.74	0
201	5	3	91	1	1	838.98	0
201	5	3	92	11	1	832.19	0
201	5	3	93	11	0	635.62	0
201	5	3	94	2	1	621.08	0
201	5	3	95	9	1	636.04	0
201	5	3	96	11	1	595.36	0
201	5	3	97	8	0	665.84	0
201	5	3	98	1	1	883.4	0
201	5	3	99	6	1	819.4	0
201	5	3	100	1	0	790.66	0
201	5	3	101	7	0	665.69	0
201	5	3	102	7	1	560.31	0
201	5	3	103	2	1	778.59	0
201	5	3	104	7	1	446.31	0
201	5	3	105	1	1	690.13	0
201	5	3	106	6	1	831.86	0
201	5	3	107	8	1	454.88	0
201	5	3	108	11	1	457.01	0
201	5	3	109	5	1	677.37	0
201	5	3	110	1	0	910.47	0
201	5	3	111	4	0	515.3	0
201	5	3	112	4	1	515.32	0
201	5	3	113	3	1	564.63	0
201	5	3	114	8	1	446.69	0
201	5	3	115	5	0	455.08	0
201	5	3	116	7	1	711.86	0
201	5	3	117	1	1	445.87	0
201	5	3	118	11	1	474.5	0
201	5	3	119	7	0	525.45	0
201	5	3	120	6	1	661.71	0
201	5	3	1	4	1	587.55	0
201	5	3	2	6	0	651	0
201	5	3	3	8	0	746.66	0
201	5	3	4	9	0	644.87	0
201	5	3	5	3	0	437.59	0
201	5	3	6	10	0	455.32	0
201	5	3	7	11	1	924.1	0
201	5	3	8	7	0	524.29	0
201	5	3	9	5	1	706.96	0
201	5	3	10	12	1	915.1	0
201	5	3	11	8	0	642.73	0
201	5	3	12	10	0	886.81	0
201	5	3	13	6	0	526.24	0
201	5	3	14	5	1	621.81	0
201	5	3	15	7	1	838.02	0
201	5	3	16	3	1	426.04	0
201	5	3	17	2	0	524.15	0
201	5	3	18	7	0	614.64	0
201	5	3	19	1	1	475.47	0
201	5	3	20	12	1	552.68	0
201	5	3	21	6	1	593.11	0
201	5	3	22	7	0	601.18	0
201	5	3	23	4	1	624.1	0
201	5	3	24	8	0	651.13	0
201	5	3	25	6	0	718.86	0
201	5	3	26	8	1	558.41	0
201	5	3	27	2	0	638.76	0
201	5	3	28	8	1	579.29	0
201	5	3	29	2	1	666.09	0
201	5	3	30	2	1	535.79	0
201	5	3	31	8	1	2431.1	0
201	5	3	32	10	1	928.21	0
201	5	3	33	12	1	673.31	0
201	5	3	34	10	1	425.07	0
201	5	3	35	11	1	570.51	0
201	5	3	36	5	0	857.25	0
201	5	3	37	2	1	521.8	0
201	5	3	38	11	0	776.89	0
201	5	3	39	3	1	657.2	0
201	5	3	40	6	0	864.62	0
201	5	3	41	4	0	861.36	0
201	5	3	42	1	0	687.8	0
201	5	3	43	12	1	526.92	0
201	5	3	44	9	1	568.01	0
201	5	3	45	2	1	525.95	0
201	5	3	46	5	0	446.74	0
201	5	3	47	10	1	522.1	0
201	5	3	48	6	1	788.36	0
201	5	3	49	9	1	618.04	0
201	5	3	50	9	1	508.17	0
201	5	3	51	11	1	701.04	0
201	5	3	52	4	1	510.77	0
201	5	3	53	5	0	656.15	0
201	5	3	54	9	0	629.12	0
201	5	3	55	1	1	541.33	0
201	5	3	56	4	0	827.64	0
201	5	3	57	7	1	580.42	0
201	5	3	58	12	0	499.8	0
201	5	3	59	11	0	634.22	0
201	5	3	60	12	0	807.59	0
201	5	3	61	8	1	517.3	0
201	5	3	62	9	1	1583.7	0
201	5	3	63	4	1	648.27	0
201	5	3	64	1	1	617.45	0
201	5	3	65	3	1	586.1	0
201	5	3	66	7	1	503.14	0
201	5	3	67	5	1	556.89	0
201	5	3	68	12	1	731.77	0
201	5	3	69	6	0	520.06	0
201	5	3	70	10	0	992.07	0
201	5	3	71	3	1	515.2	0
201	5	3	72	1	0	622.49	0
201	5	3	73	1	1	638.86	0
201	5	3	74	1	1	802.66	0
201	5	3	75	2	1	755.2	0
201	5	3	76	1	0	657.73	0
201	5	3	77	10	1	381.33	0
201	5	3	78	11	1	1007.8	0
201	5	3	79	11	1	553.4	0
201	5	3	80	3	1	667.72	0
201	5	3	81	1	0	563.75	0
201	5	3	82	2	0	1284.4	0
201	5	3	83	6	0	673.18	0
201	5	3	84	3	0	473.97	0
201	5	3	85	3	1	682.88	0
201	5	3	86	5	0	534.34	0
201	5	3	87	3	1	605.41	0
201	5	3	88	5	1	646.74	0
201	5	3	89	10	1	728.54	0
201	5	3	90	10	1	896.26	0
201	5	3	91	4	1	655.55	0
201	5	3	92	4	0	890.06	0
201	5	3	93	1	1	815.91	0
201	5	3	94	8	1	929.58	0
201	5	3	95	8	1	1002.2	0
201	5	3	96	11	1	629.16	0
201	5	3	97	7	0	675.09	0
201	5	3	98	4	0	949.6	0
201	5	3	99	11	1	2918.9	0
201	5	3	100	2	1	781.35	0
201	5	3	101	12	0	583.46	0
201	5	3	102	3	1	563.54	0
201	5	3	103	9	1	493.75	0
201	5	3	104	11	0	824.81	0
201	5	3	105	6	0	674.12	0
201	5	3	106	4	1	759.4	0
201	5	3	107	7	1	892.81	0
201	5	3	108	7	1	672.29	0
201	5	3	109	12	1	562.9	0
201	5	3	110	10	0	703.26	0
201	5	3	111	2	1	504.49	0
201	5	3	112	12	1	566.21	0
201	5	3	113	9	1	832.23	0
201	5	3	114	5	1	528.78	0
201	5	3	115	9	0	644.86	0
201	5	3	116	5	1	776.59	0
201	5	3	117	7	0	984.14	0
201	5	3	118	6	1	584.12	0
201	5	3	119	9	0	625.6	0
201	5	3	120	8	1	473.59	0
201	3	3	1	10	1	515.99	0
201	3	3	2	3	0	615.41	0
201	3	3	3	10	1	436.59	0
201	3	3	4	1	1	530.18	0
201	3	3	5	1	1	920.17	0
201	3	3	6	8	1	750.69	0
201	3	3	7	10	1	416.84	0
201	3	3	8	3	1	637.74	0
201	3	3	9	5	0	794.08	0
201	3	3	10	5	1	487.77	0
201	3	3	11	12	1	729.8	0
201	3	3	12	8	1	552.11	0
201	3	3	13	8	1	656.16	0
201	3	3	14	1	1	819.29	0
201	3	3	15	5	0	682.06	0
201	3	3	16	10	0	652.83	0
201	3	3	17	5	1	774.89	0
201	3	3	18	12	1	873.23	0
201	3	3	19	8	1	455.49	0
201	3	3	20	10	1	733.77	0
201	3	3	21	3	1	734.07	0
201	3	3	22	12	1	615.62	0
201	3	3	23	8	1	1309.3	0
201	3	3	24	1	1	604.82	0
201	3	3	25	8	0	557.29	0
201	3	3	26	3	0	519.39	0
201	3	3	27	8	1	450.91	0
201	3	3	28	10	0	607.85	0
201	3	3	29	3	0	605.26	0
201	3	3	30	5	1	646.1	0
201	3	3	31	8	0	1035.1	0
201	3	3	32	8	1	748.65	0
201	3	3	33	3	1	481.13	0
201	3	3	34	8	0	564.54	0
201	3	3	35	1	0	660.44	0
201	3	3	36	5	0	761.09	0
201	3	3	37	10	0	534.66	0
201	3	3	38	5	1	508.78	0
201	3	3	39	5	1	551.47	0
201	3	3	40	12	0	555.85	0
201	3	3	41	5	1	625.13	0
201	3	3	42	1	1	568.37	0
201	3	3	43	1	1	469.75	0
201	3	3	44	3	1	539.77	0
201	3	3	45	12	0	946.33	0
201	3	3	46	10	1	425.04	0
201	3	3	47	1	1	565.48	0
201	3	3	48	12	1	792.27	0
201	3	3	49	10	1	410.37	0
201	3	3	50	5	0	521.28	0
201	3	3	51	1	1	1226.7	0
201	3	3	52	5	1	596.63	0
201	3	3	53	12	1	758.03	0
201	3	3	54	10	1	855.52	0
201	3	3	55	8	1	801.35	0
201	3	3	56	12	1	585.26	0
201	3	3	57	5	1	585.98	0
201	3	3	58	12	0	527.65	0
201	3	3	59	8	1	561.29	0
201	3	3	60	12	0	500.69	0
201	3	3	61	8	0	890.33	0
201	3	3	62	10	1	998.85	0
201	3	3	63	8	0	603.47	0
201	3	3	64	10	1	693.11	0
201	3	3	65	10	1	680.67	0
201	3	3	66	1	0	519.37	0
201	3	3	67	3	0	903.03	0
201	3	3	68	8	1	512.64	0
201	3	3	69	3	1	533.82	0
201	3	3	70	3	1	560.63	0
201	3	3	71	3	1	761.14	0
201	3	3	72	1	0	586.21	0
201	3	3	73	12	1	691.98	0
201	3	3	74	12	1	702.05	0
201	3	3	75	5	0	658.51	0
201	3	3	76	5	1	522.81	0
201	3	3	77	10	1	484.14	0
201	3	3	78	3	1	653.33	0
201	3	3	79	3	1	775.29	0
201	3	3	80	8	0	718.34	0
201	3	3	81	12	1	615.95	0
201	3	3	82	12	1	693.1	0
201	3	3	83	5	1	534.04	0
201	3	3	84	8	1	685.46	0
201	3	3	85	12	1	671.4	0
201	3	3	86	3	0	1009.5	0
201	3	3	87	12	1	889.26	0
201	3	3	88	5	1	482.03	0
201	3	3	89	10	1	628.63	0
201	3	3	90	12	1	716.73	0
201	3	3	91	3	0	628.89	0
201	3	3	92	5	0	439.41	0
201	3	3	93	5	1	956.64	0
201	3	3	94	12	0	972.91	0
201	3	3	95	1	0	628.32	0
201	3	3	96	3	0	564.13	0
201	3	3	97	3	1	594.77	0
201	3	3	98	3	1	976.16	0
201	3	3	99	10	1	578.5	0
201	3	3	100	8	1	736.76	0
201	3	3	101	3	1	716.74	0
201	3	3	102	12	0	575.73	0
201	3	3	103	1	0	583.94	0
201	3	3	104	3	1	583.81	0
201	3	3	105	5	1	846.95	0
201	3	3	106	5	1	562.67	0
201	3	3	107	1	0	452.6	0
201	3	3	108	12	1	1039.1	0
201	3	3	109	10	0	532.16	0
201	3	3	110	1	1	510.63	0
201	3	3	111	8	0	904.46	0
201	3	3	112	8	1	481.38	0
201	3	3	113	1	1	712.69	0
201	3	3	114	10	1	608.68	0
201	3	3	115	1	1	1028.6	0
201	3	3	116	1	1	682.71	0
201	3	3	117	1	1	466.7	0
201	3	3	118	1	1	498.96	0
201	3	3	119	10	0	685.43	0
201	3	3	120	10	1	487.31	0
201	4	3	1	4	1	724.58	0
201	4	3	2	9	1	611.23	0
201	4	3	3	4	0	719.94	0
201	4	3	4	11	0	618.62	0
201	4	3	5	6	1	794.24	0
201	4	3	6	11	1	872.06	0
201	4	3	7	6	1	618.85	0
201	4	3	8	9	1	582.41	0
201	4	3	9	7	0	1327.5	0
201	4	3	10	9	1	488.72	0
201	4	3	11	11	1	760.2	0
201	4	3	12	6	1	549.5	0
201	4	3	13	6	0	598.55	0
201	4	3	14	11	1	1291.6	0
201	4	3	15	2	1	822.68	0
201	4	3	16	7	1	656.16	0
201	4	3	17	9	0	470.07	0
201	4	3	18	11	1	966.84	0
201	4	3	19	7	0	413.71	0
201	4	3	20	11	1	477.92	0
201	4	3	21	11	1	727.82	0
201	4	3	22	6	0	495.83	0
201	4	3	23	4	1	686.58	0
201	4	3	24	7	1	804.53	0
201	4	3	25	7	1	689.36	0
201	4	3	26	9	0	776.65	0
201	4	3	27	6	1	854.29	0
201	4	3	28	7	0	580.68	0
201	4	3	29	11	1	753.55	0
201	4	3	30	2	1	609.79	0
201	4	3	31	6	1	683.91	0
201	4	3	32	9	1	695.1	0
201	4	3	33	4	0	758.82	0
201	4	3	34	7	0	809.45	0
201	4	3	35	4	1	810.52	0
201	4	3	36	9	1	1146.6	0
201	4	3	37	11	1	556.69	0
201	4	3	38	9	1	652.61	0
201	4	3	39	2	1	527.61	0
201	4	3	40	7	1	522.87	0
201	4	3	41	7	1	506.47	0
201	4	3	42	2	1	541.98	0
201	4	3	43	7	0	784.02	0
201	4	3	44	6	1	485.68	0
201	4	3	45	9	1	722.6	0
201	4	3	46	9	1	568.99	0
201	4	3	47	6	1	537.6	0
201	4	3	48	11	0	677.1	0
201	4	3	49	7	1	535.19	0
201	4	3	50	2	1	1118.9	0
201	4	3	51	2	1	658.15	0
201	4	3	52	2	1	897.47	0
201	4	3	53	6	1	535.12	0
201	4	3	54	11	0	859.26	0
201	4	3	55	4	1	981.21	0
201	4	3	56	2	1	592.31	0
201	4	3	57	6	1	550.78	0
201	4	3	58	4	0	725.32	0
201	4	3	59	2	1	448.56	0
201	4	3	60	11	1	543.49	0
201	4	3	61	9	1	526.48	0
201	4	3	62	7	0	596.55	0
201	4	3	63	4	1	852.23	0
201	4	3	64	7	0	726.43	0
201	4	3	65	4	1	544.96	0
201	4	3	66	7	0	670.17	0
201	4	3	67	7	0	499.79	0
201	4	3	68	9	1	816.18	0
201	4	3	69	2	1	541.29	0
201	4	3	70	6	1	1122.4	0
201	4	3	71	11	1	596.42	0
201	4	3	72	11	1	431.36	0
201	4	3	73	2	0	573.18	0
201	4	3	74	4	0	597.23	0
201	4	3	75	11	1	483.31	0
201	4	3	76	4	0	744.86	0
201	4	3	77	7	1	596.27	0
201	4	3	78	9	1	426.02	0
201	4	3	79	2	1	636.01	0
201	4	3	80	2	1	648.62	0
201	4	3	81	4	1	919.78	0
201	4	3	82	4	1	461.94	0
201	4	3	83	2	1	880.17	0
201	4	3	84	6	0	789.57	0
201	4	3	85	6	0	649.14	0
201	4	3	86	9	1	558.42	0
201	4	3	87	2	0	683.98	0
201	4	3	88	7	1	635.77	0
201	4	3	89	11	1	442.26	0
201	4	3	90	9	1	830.1	0
201	4	3	91	9	1	564.06	0
201	4	3	92	11	0	678.64	0
201	4	3	93	6	1	621.58	0
201	4	3	94	4	0	625.31	0
201	4	3	95	4	1	419.19	0
201	4	3	96	9	1	848.75	0
201	4	3	97	2	1	628.1	0
201	4	3	98	6	0	962.03	0
201	4	3	99	6	1	1050.9	0
201	4	3	100	6	1	533.9	0
201	4	3	101	2	1	1120.2	0
201	4	3	102	9	1	850.05	0
201	4	3	103	4	0	552.42	0
201	4	3	104	2	1	680.5	0
201	4	3	105	9	0	540.81	0
201	4	3	106	2	1	852.56	0
201	4	3	107	6	1	630.58	0
201	4	3	108	11	1	505.26	0
201	4	3	109	7	0	465.63	0
201	4	3	110	11	0	970.03	0
201	4	3	111	11	1	481.96	0
201	4	3	112	7	1	895.84	0
201	4	3	113	4	1	776.54	0
201	4	3	114	2	1	728.81	0
201	4	3	115	4	1	884.45	0
201	4	3	116	6	1	650.85	0
201	4	3	117	9	0	592.29	0
201	4	3	118	4	1	920.84	0
201	4	3	119	4	1	647.71	0
201	4	3	120	7	0	603.38	0
201	2	4	1	12	0	420.7	0
201	2	4	2	4	1	684.74	0
201	2	4	3	8	0	525.71	0
201	2	4	4	6	0	483.45	0
201	2	4	5	6	1	579.08	0
201	2	4	6	12	0	831.34	0
201	2	4	7	6	1	526.69	0
201	2	4	8	10	1	707.48	0
201	2	4	9	8	1	1628	0
201	2	4	10	4	1	500.2	0
201	2	4	11	12	0	773.02	0
201	2	4	12	12	0	691.28	0
201	2	4	13	8	0	943.93	0
201	2	4	14	8	1	719.18	0
201	2	4	15	10	1	682	0
201	2	4	16	2	1	578.4	0
201	2	4	17	6	1	712.3	0
201	2	4	18	10	1	573.03	0
201	2	4	19	2	1	430.84	0
201	2	4	20	10	1	686.51	0
201	2	4	21	6	1	717.12	0
201	2	4	22	2	1	734.29	0
201	2	4	23	12	0	518.18	0
201	2	4	24	4	0	861.2	0
201	2	4	25	2	1	550.08	0
201	2	4	26	8	1	1228.2	0
201	2	4	27	12	1	831.52	0
201	2	4	28	12	1	412.64	0
201	2	4	29	4	1	1199.5	0
201	2	4	30	6	1	500.57	0
201	2	4	31	8	0	1546.5	0
201	2	4	32	10	1	659.46	0
201	2	4	33	12	1	753.53	0
201	2	4	34	6	0	1049.9	0
201	2	4	35	4	1	633.53	0
201	2	4	36	12	1	618.22	0
201	2	4	37	12	1	487.03	0
201	2	4	38	4	1	579.28	0
201	2	4	39	10	1	692.74	0
201	2	4	40	4	0	573.26	0
201	2	4	41	10	1	475.37	0
201	2	4	42	10	1	728.88	0
201	2	4	43	8	1	387.11	0
201	2	4	44	4	0	871.42	0
201	2	4	45	12	1	629.89	0
201	2	4	46	6	1	456.02	0
201	2	4	47	8	0	1084.2	0
201	2	4	48	6	0	646.87	0
201	2	4	49	10	1	583.33	0
201	2	4	50	10	1	429.52	0
201	2	4	51	2	1	568.82	0
201	2	4	52	2	1	387.99	0
201	2	4	53	8	0	875	0
201	2	4	54	12	1	697.83	0
201	2	4	55	2	1	792.35	0
201	2	4	56	4	0	656.76	0
201	2	4	57	8	0	510.82	0
201	2	4	58	2	1	835.86	0
201	2	4	59	4	0	535.17	0
201	2	4	60	8	1	679.55	0
201	2	4	61	6	0	746.76	0
201	2	4	62	10	1	494.9	0
201	2	4	63	12	1	565.42	0
201	2	4	64	8	0	632.99	0
201	2	4	65	10	1	1041.7	0
201	2	4	66	4	1	473.35	0
201	2	4	67	10	1	492.93	0
201	2	4	68	6	1	662.26	0
201	2	4	69	4	1	654.63	0
201	2	4	70	10	1	536.54	0
201	2	4	71	12	1	534.85	0
201	2	4	72	2	1	569.25	0
201	2	4	73	2	1	706.74	0
201	2	4	74	2	1	525.16	0
201	2	4	75	8	1	536.52	0
201	2	4	76	8	1	580.07	0
201	2	4	77	8	0	650.6	0
201	2	4	78	2	1	677.9	0
201	2	4	79	4	1	418.77	0
201	2	4	80	10	0	739.62	0
201	2	4	81	2	0	642.4	0
201	2	4	82	12	1	847.57	0
201	2	4	83	10	1	615.25	0
201	2	4	84	6	1	1062.2	0
201	2	4	85	10	0	406.87	0
201	2	4	86	4	0	488.58	0
201	2	4	87	12	1	958.36	0
201	2	4	88	4	0	1038.1	0
201	2	4	89	4	1	978.13	0
201	2	4	90	8	0	931.48	0
201	2	4	91	8	1	650.28	0
201	2	4	92	6	1	542.29	0
201	2	4	93	2	0	1132.1	0
201	2	4	94	6	0	554.2	0
201	2	4	95	12	1	728.41	0
201	2	4	96	2	1	661.19	0
201	2	4	97	2	1	401.68	0
201	2	4	98	2	1	461.12	0
201	2	4	99	4	1	634.42	0
201	2	4	100	6	0	692.87	0
201	2	4	101	6	0	820.5	0
201	2	4	102	6	1	565.1	0
201	2	4	103	8	0	756.72	0
201	2	4	104	2	1	687.14	0
201	2	4	105	10	1	577.1	0
201	2	4	106	10	1	599.83	0
201	2	4	107	6	0	894.09	0
201	2	4	108	12	1	639.01	0
201	2	4	109	6	0	699.12	0
201	2	4	110	8	1	654.16	0
201	2	4	111	2	1	557.96	0
201	2	4	112	2	1	694.9	0
201	2	4	113	12	0	686.47	0
201	2	4	114	4	1	646.74	0
201	2	4	115	4	1	632.23	0
201	2	4	116	12	0	644.25	0
201	2	4	117	4	0	745.63	0
201	2	4	118	8	1	860.72	0
201	2	4	119	10	1	792.87	0
201	2	4	120	6	1	595.51	0
201	1	4	1	5	0	1712.5	0
201	1	4	2	5	0	561.96	0
201	1	4	3	7	1	836.59	0
201	1	4	4	7	1	545.2	0
201	1	4	5	3	1	946.39	0
201	1	4	6	3	1	689.85	0
201	1	4	7	7	0	503.95	0
201	1	4	8	3	1	537.95	0
201	1	4	9	7	1	556.75	0
201	1	4	10	1	1	588.43	0
201	1	4	11	1	1	400.45	0
201	1	4	12	7	0	791.84	0
201	1	4	13	5	1	797.58	0
201	1	4	14	7	1	858.54	0
201	1	4	15	7	1	720.28	0
201	1	4	16	11	0	473.05	0
201	1	4	17	11	1	427.16	0
201	1	4	18	7	1	473.41	0
201	1	4	19	3	0	642.99	0
201	1	4	20	11	1	1128.5	0
201	1	4	21	11	1	512.66	0
201	1	4	22	9	0	588.25	0
201	1	4	23	1	1	935.01	0
201	1	4	24	1	1	568.12	0
201	1	4	25	5	1	1347.5	0
201	1	4	26	1	1	1523.7	0
201	1	4	27	5	1	559.03	0
201	1	4	28	1	1	1006.4	0
201	1	4	29	5	1	673.11	0
201	1	4	30	3	1	494.32	0
201	1	4	31	1	1	535.38	0
201	1	4	32	9	1	857.73	0
201	1	4	33	11	1	488.03	0
201	1	4	34	11	1	581.32	0
201	1	4	35	3	0	593.17	0
201	1	4	36	7	0	1011.9	0
201	1	4	37	9	1	711.75	0
201	1	4	38	3	1	523.26	0
201	1	4	39	7	0	774.07	0
201	1	4	40	7	0	847.16	0
201	1	4	41	9	0	648.18	0
201	1	4	42	1	1	633.22	0
201	1	4	43	7	1	655.71	0
201	1	4	44	3	1	697.14	0
201	1	4	45	11	1	588.55	0
201	1	4	46	11	1	538.68	0
201	1	4	47	9	1	514.45	0
201	1	4	48	3	0	537.2	0
201	1	4	49	7	1	834.48	0
201	1	4	50	9	1	644.16	0
201	1	4	51	9	0	724.02	0
201	1	4	52	5	0	735.97	0
201	1	4	53	11	1	1331.8	0
201	1	4	54	1	1	521.49	0
201	1	4	55	5	0	742.19	0
201	1	4	56	11	1	435.76	0
201	1	4	57	3	0	661.11	0
201	1	4	58	5	0	715.87	0
201	1	4	59	9	1	506.17	0
201	1	4	60	3	1	491.03	0
201	1	4	61	7	1	630.2	0
201	1	4	62	9	1	932.67	0
201	1	4	63	3	0	493.42	0
201	1	4	64	9	1	786.36	0
201	1	4	65	9	1	688.75	0
201	1	4	66	3	0	657.8	0
201	1	4	67	1	1	1059.6	0
201	1	4	68	11	1	1102.7	0
201	1	4	69	5	1	616.81	0
201	1	4	70	5	1	611.52	0
201	1	4	71	3	1	481.02	0
201	1	4	72	3	1	677.93	0
201	1	4	73	7	0	1034.9	0
201	1	4	74	1	1	709.79	0
201	1	4	75	1	1	412.62	0
201	1	4	76	1	0	1213.7	0
201	1	4	77	11	1	1008.7	0
201	1	4	78	5	0	798.34	0
201	1	4	79	11	0	565.36	0
201	1	4	80	5	1	527.33	0
201	1	4	81	7	0	654.81	0
201	1	4	82	9	1	636.95	0
201	1	4	83	1	1	931.86	0
201	1	4	84	5	1	451.07	0
201	1	4	85	9	0	531.19	0
201	1	4	86	11	0	738	0
201	1	4	87	7	0	656.57	0
201	1	4	88	1	0	2674.3	0
201	1	4	89	7	1	943.96	0
201	1	4	90	9	0	568.18	0
201	1	4	91	7	0	729.28	0
201	1	4	92	11	1	620.71	0
201	1	4	93	11	0	572.29	0
201	1	4	94	3	0	550.85	0
201	1	4	95	1	0	830.77	0
201	1	4	96	5	1	894.88	0
201	1	4	97	1	1	491.64	0
201	1	4	98	11	1	984.9	0
201	1	4	99	3	0	489.96	0
201	1	4	100	11	1	792.43	0
201	1	4	101	7	1	574.29	0
201	1	4	102	1	1	527.92	0
201	1	4	103	11	1	460.76	0
201	1	4	104	9	1	574.95	0
201	1	4	105	9	1	422.93	0
201	1	4	106	5	1	580.39	0
201	1	4	107	5	1	635.67	0
201	1	4	108	3	0	780.81	0
201	1	4	109	3	1	673.6	0
201	1	4	110	9	0	723.83	0
201	1	4	111	9	0	561.72	0
201	1	4	112	9	1	481.05	0
201	1	4	113	9	1	740.11	0
201	1	4	114	11	0	524.35	0
201	1	4	115	3	0	641.2	0
201	1	4	116	5	1	492.54	0
201	1	4	117	1	1	486.75	0
201	1	4	118	1	1	393.51	0
201	1	4	119	5	1	619.5	0
201	1	4	120	5	1	1278.3	0
201	5	4	1	4	0	572.31	0
201	5	4	2	8	1	571.48	0
201	5	4	3	8	1	516.59	0
201	5	4	4	2	0	676.1	0
201	5	4	5	5	0	653.93	0
201	5	4	6	2	0	1164.7	0
201	5	4	7	11	1	672.63	0
201	5	4	8	3	0	525.12	0
201	5	4	9	5	0	982.27	0
201	5	4	10	11	0	539.87	0
201	5	4	11	12	0	684.28	0
201	5	4	12	3	1	471.72	0
201	5	4	13	2	1	572.35	0
201	5	4	14	6	1	809.68	0
201	5	4	15	9	1	813.61	0
201	5	4	16	11	1	692.65	0
201	5	4	17	4	0	898.67	0
201	5	4	18	9	0	486.49	0
201	5	4	19	2	0	739.57	0
201	5	4	20	12	1	613.61	0
201	5	4	21	9	0	918.79	0
201	5	4	22	3	0	482.19	0
201	5	4	23	2	1	462.32	0
201	5	4	24	7	1	1017.2	0
201	5	4	25	8	1	969.34	0
201	5	4	26	7	1	831.49	0
201	5	4	27	8	1	805.24	0
201	5	4	28	2	0	567.37	0
201	5	4	29	1	0	748.67	0
201	5	4	30	10	0	722.57	0
201	5	4	31	5	0	521.14	0
201	5	4	32	5	0	1226.7	0
201	5	4	33	7	1	743.7	0
201	5	4	34	1	1	447.38	0
201	5	4	35	8	0	638.1	0
201	5	4	36	8	1	640	0
201	5	4	37	7	0	739.52	0
201	5	4	38	7	1	464.06	0
201	5	4	39	11	1	715.55	0
201	5	4	40	6	0	652.77	0
201	5	4	41	7	0	555.7	0
201	5	4	42	12	0	550.73	0
201	5	4	43	1	1	1111.4	0
201	5	4	44	1	1	759.9	0
201	5	4	45	7	0	1092.2	0
201	5	4	46	10	0	569.44	0
201	5	4	47	8	1	560.12	0
201	5	4	48	10	0	522.2	0
201	5	4	49	6	1	490.91	0
201	5	4	50	1	0	501.44	0
201	5	4	51	3	0	501.15	0
201	5	4	52	7	0	616.86	0
201	5	4	53	2	0	693.54	0
201	5	4	54	7	1	653.52	0
201	5	4	55	3	1	521.51	0
201	5	4	56	6	1	939.65	0
201	5	4	57	8	1	555.64	0
201	5	4	58	6	0	574.77	0
201	5	4	59	11	1	694.14	0
201	5	4	60	3	0	595.81	0
201	5	4	61	9	1	617.26	0
201	5	4	62	11	0	411.49	0
201	5	4	63	4	1	484.25	0
201	5	4	64	10	1	762.87	0
201	5	4	65	5	1	876.88	0
201	5	4	66	12	1	898.62	0
201	5	4	67	4	1	617.21	0
201	5	4	68	9	1	479.61	0
201	5	4	69	3	0	741.09	0
201	5	4	70	10	0	1161	0
201	5	4	71	9	1	565.08	0
201	5	4	72	2	1	591.13	0
201	5	4	73	12	1	623.93	0
201	5	4	74	1	1	705.17	0
201	5	4	75	10	1	776.31	0
201	5	4	76	11	1	437.99	0
201	5	4	77	6	0	667.13	0
201	5	4	78	3	0	573.43	0
201	5	4	79	9	1	778.67	0
201	5	4	80	2	1	537.61	0
201	5	4	81	1	0	704.38	0
201	5	4	82	3	0	624.83	0
201	5	4	83	9	1	757.88	0
201	5	4	84	11	0	669.12	0
201	5	4	85	1	1	679.28	0
201	5	4	86	10	0	994.01	0
201	5	4	87	5	0	550.39	0
201	5	4	88	12	1	811.62	0
201	5	4	89	8	0	485.33	0
201	5	4	90	2	1	589	0
201	5	4	91	11	1	608.72	0
201	5	4	92	5	1	626.53	0
201	5	4	93	10	0	828.16	0
201	5	4	94	5	1	636.37	0
201	5	4	95	1	0	533.71	0
201	5	4	96	6	1	777.66	0
201	5	4	97	5	1	676.06	0
201	5	4	98	6	1	439.22	0
201	5	4	99	4	1	601.79	0
201	5	4	100	9	0	895.5	0
201	5	4	101	12	1	633.15	0
201	5	4	102	4	0	546.6	0
201	5	4	103	4	1	798.88	0
201	5	4	104	4	0	608.73	0
201	5	4	105	8	0	714.05	0
201	5	4	106	9	0	957.09	0
201	5	4	107	11	1	964.53	0
201	5	4	108	1	1	665.3	0
201	5	4	109	10	1	609.55	0
201	5	4	110	4	1	791.43	0
201	5	4	111	12	1	435.47	0
201	5	4	112	10	1	516.02	0
201	5	4	113	4	1	443.2	0
201	5	4	114	6	0	508.58	0
201	5	4	115	3	0	623.88	0
201	5	4	116	5	1	508.82	0
201	5	4	117	12	0	501.09	0
201	5	4	118	12	1	497.78	0
201	5	4	119	6	0	1716.9	0
201	5	4	120	7	0	700.42	0
201	5	4	1	5	1	744.59	0
201	5	4	2	6	0	957.26	0
201	5	4	3	10	1	521.2	0
201	5	4	4	9	0	820.64	0
201	5	4	5	6	1	631.14	0
201	5	4	6	11	0	677.05	0
201	5	4	7	6	1	648.43	0
201	5	4	8	3	0	567.36	0
201	5	4	9	11	1	959.13	0
201	5	4	10	1	1	549.84	0
201	5	4	11	6	0	630	0
201	5	4	12	1	0	562.58	0
201	5	4	13	5	1	820.75	0
201	5	4	14	1	0	432.03	0
201	5	4	15	5	0	719.67	0
201	5	4	16	1	1	816.41	0
201	5	4	17	11	1	826.04	0
201	5	4	18	10	0	554.34	0
201	5	4	19	12	1	442.7	0
201	5	4	20	2	1	856.8	0
201	5	4	21	9	1	666.76	0
201	5	4	22	3	1	630.96	0
201	5	4	23	2	1	548.93	0
201	5	4	24	3	1	866.24	0
201	5	4	25	6	1	734.55	0
201	5	4	26	12	0	788.05	0
201	5	4	27	12	1	715.8	0
201	5	4	28	1	0	526.27	0
201	5	4	29	7	0	703.34	0
201	5	4	30	5	1	506.33	0
201	5	4	31	8	1	482.39	0
201	5	4	32	8	0	659.41	0
201	5	4	33	10	1	530.81	0
201	5	4	34	8	0	1065.9	0
201	5	4	35	12	1	488.7	0
201	5	4	36	10	1	787.97	0
201	5	4	37	5	1	608.74	0
201	5	4	38	7	1	588.79	0
201	5	4	39	10	1	571.3	0
201	5	4	40	4	1	785.44	0
201	5	4	41	12	1	596.45	0
201	5	4	42	6	0	1143.1	0
201	5	4	43	3	0	687.71	0
201	5	4	44	11	1	1327.4	0
201	5	4	45	12	0	575.36	0
201	5	4	46	8	0	494	0
201	5	4	47	1	1	781.21	0
201	5	4	48	9	1	785.84	0
201	5	4	49	8	1	679.43	0
201	5	4	50	10	1	558.18	0
201	5	4	51	11	0	681.6	0
201	5	4	52	7	1	682.57	0
201	5	4	53	4	1	694.93	0
201	5	4	54	5	0	1127	0
201	5	4	55	6	0	605.69	0
201	5	4	56	11	1	821.75	0
201	5	4	57	3	0	975.46	0
201	5	4	58	10	1	694.27	0
201	5	4	59	8	1	963.82	0
201	5	4	60	3	0	755.93	0
201	5	4	61	4	1	441.74	0
201	5	4	62	4	1	595.99	0
201	5	4	63	11	1	607.5	0
201	5	4	64	10	1	533.99	0
201	5	4	65	2	0	570.52	0
201	5	4	66	2	0	811.79	0
201	5	4	67	7	1	563.4	0
201	5	4	68	7	1	643.76	0
201	5	4	69	12	0	1583	0
201	5	4	70	2	0	565.59	0
201	5	4	71	4	0	579.42	0
201	5	4	72	7	1	813.07	0
201	5	4	73	2	0	634.92	0
201	5	4	74	8	0	606.63	0
201	5	4	75	11	0	610.19	0
201	5	4	76	4	1	436.07	0
201	5	4	77	8	1	553.5	0
201	5	4	78	5	0	455.57	0
201	5	4	79	6	0	1137.8	0
201	5	4	80	12	0	517.55	0
201	5	4	81	5	0	895.18	0
201	5	4	82	1	0	878.86	0
201	5	4	83	9	1	610.76	0
201	5	4	84	2	1	819.03	0
201	5	4	85	11	1	529.58	0
201	5	4	86	7	0	514.21	0
201	5	4	87	8	1	803	0
201	5	4	88	7	0	626.88	0
201	5	4	89	5	0	527.81	0
201	5	4	90	2	1	1997.2	0
201	5	4	91	1	1	876.59	0
201	5	4	92	3	1	802.52	0
201	5	4	93	1	0	593.75	0
201	5	4	94	12	1	739.35	0
201	5	4	95	7	1	435.74	0
201	5	4	96	9	1	536.8	0
201	5	4	97	11	0	651.05	0
201	5	4	98	9	1	560.14	0
201	5	4	99	6	1	856.94	0
201	5	4	100	8	1	705.43	0
201	5	4	101	9	1	587.84	0
201	5	4	102	6	0	653.52	0
201	5	4	103	9	0	579.22	0
201	5	4	104	2	0	633.03	0
201	5	4	105	4	0	868.35	0
201	5	4	106	2	0	771.39	0
201	5	4	107	9	1	629.21	0
201	5	4	108	10	1	694.68	0
201	5	4	109	3	0	645.92	0
201	5	4	110	1	0	1059.5	0
201	5	4	111	4	1	518.72	0
201	5	4	112	3	1	804.88	0
201	5	4	113	9	1	962.61	0
201	5	4	114	3	1	618.18	0
201	5	4	115	12	1	591.42	0
201	5	4	116	7	0	520.31	0
201	5	4	117	4	1	504.93	0
201	5	4	118	4	1	580.24	0
201	5	4	119	10	1	626.94	0
201	5	4	120	5	1	510.24	0
201	4	4	1	4	1	522.53	0
201	4	4	2	9	1	449.92	0
201	4	4	3	9	1	679.8	0
201	4	4	4	11	0	1088.6	0
201	4	4	5	9	0	469.93	0
201	4	4	6	11	1	603.93	0
201	4	4	7	6	1	520.01	0
201	4	4	8	6	1	567.39	0
201	4	4	9	2	1	613.2	0
201	4	4	10	2	1	650.42	0
201	4	4	11	11	1	429.22	0
201	4	4	12	2	1	550.79	0
201	4	4	13	11	0	579.6	0
201	4	4	14	4	1	602.12	0
201	4	4	15	6	0	577.2	0
201	4	4	16	6	1	461.45	0
201	4	4	17	11	1	779.28	0
201	4	4	18	6	0	464.08	0
201	4	4	19	6	1	639.16	0
201	4	4	20	11	1	550.64	0
201	4	4	21	11	1	716.04	0
201	4	4	22	2	1	636.59	0
201	4	4	23	9	1	490.61	0
201	4	4	24	9	0	636.53	0
201	4	4	25	4	0	678.52	0
201	4	4	26	9	1	728.88	0
201	4	4	27	11	1	584.22	0
201	4	4	28	2	1	492.52	0
201	4	4	29	7	0	954.77	0
201	4	4	30	6	1	682.47	0
201	4	4	31	6	1	585.87	0
201	4	4	32	9	0	637.84	0
201	4	4	33	2	0	559.69	0
201	4	4	34	4	0	490.47	0
201	4	4	35	11	0	547.78	0
201	4	4	36	7	0	1275.4	0
201	4	4	37	4	1	422.98	0
201	4	4	38	4	1	988.46	0
201	4	4	39	4	1	685.32	0
201	4	4	40	2	1	519.59	0
201	4	4	41	7	1	643.55	0
201	4	4	42	2	0	685.96	0
201	4	4	43	11	1	1080.5	0
201	4	4	44	9	0	1396.1	0
201	4	4	45	9	1	438.36	0
201	4	4	46	6	0	711.41	0
201	4	4	47	11	0	468.4	0
201	4	4	48	2	1	457.15	0
201	4	4	49	7	0	568.14	0
201	4	4	50	11	1	1096.9	0
201	4	4	51	9	1	988.98	0
201	4	4	52	4	0	705.08	0
201	4	4	53	7	1	506.17	0
201	4	4	54	4	0	576.6	0
201	4	4	55	4	1	579.76	0
201	4	4	56	9	0	577.24	0
201	4	4	57	7	0	639.19	0
201	4	4	58	9	1	816.16	0
201	4	4	59	9	1	683.46	0
201	4	4	60	4	0	2195.1	0
201	4	4	61	2	1	454.54	0
201	4	4	62	9	1	507.01	0
201	4	4	63	11	1	723.33	0
201	4	4	64	6	1	1060.8	0
201	4	4	65	2	1	562.88	0
201	4	4	66	7	0	710.18	0
201	4	4	67	6	1	493.49	0
201	4	4	68	9	1	808.33	0
201	4	4	69	11	1	507.81	0
201	4	4	70	9	1	741.1	0
201	4	4	71	4	1	535.66	0
201	4	4	72	2	0	606.75	0
201	4	4	73	6	0	598.17	0
201	4	4	74	4	1	485.63	0
201	4	4	75	2	0	997.57	0
201	4	4	76	6	0	1103.9	0
201	4	4	77	7	0	576.48	0
201	4	4	78	7	0	624.39	0
201	4	4	79	11	1	664.29	0
201	4	4	80	11	1	484.58	0
201	4	4	81	9	1	692.5	0
201	4	4	82	6	0	552.12	0
201	4	4	83	9	1	550.39	0
201	4	4	84	11	0	647	0
201	4	4	85	7	1	846.51	0
201	4	4	86	7	1	640.95	0
201	4	4	87	4	1	465.9	0
201	4	4	88	7	1	632.53	0
201	4	4	89	4	0	597.46	0
201	4	4	90	4	1	682.87	0
201	4	4	91	7	0	652.12	0
201	4	4	92	7	1	619.6	0
201	4	4	93	4	1	469.44	0
201	4	4	94	6	1	720.9	0
201	4	4	95	7	1	678.89	0
201	4	4	96	4	1	509.96	0
201	4	4	97	7	1	417.39	0
201	4	4	98	2	1	661.45	0
201	4	4	99	6	1	509.66	0
201	4	4	100	2	0	722.54	0
201	4	4	101	9	1	1227.8	0
201	4	4	102	6	0	735.58	0
201	4	4	103	11	1	497	0
201	4	4	104	2	0	895.02	0
201	4	4	105	11	1	771.7	0
201	4	4	106	2	0	609.94	0
201	4	4	107	6	1	476.65	0
201	4	4	108	4	1	578.8	0
201	4	4	109	6	0	600.92	0
201	4	4	110	7	0	718.62	0
201	4	4	111	4	1	704	0
201	4	4	112	7	1	763.87	0
201	4	4	113	2	0	625.8	0
201	4	4	114	6	1	2893.1	0
201	4	4	115	9	1	723.37	0
201	4	4	116	2	0	466.43	0
201	4	4	117	7	1	664.76	0
201	4	4	118	2	1	786.81	0
201	4	4	119	7	0	506.11	0
201	4	4	120	11	1	431.19	0
201	3	4	1	12	1	588.97	0
201	3	4	2	10	1	523.51	0
201	3	4	3	10	1	693.08	0
201	3	4	4	1	1	1096.7	0
201	3	4	5	5	1	607.46	0
201	3	4	6	10	1	836.72	0
201	3	4	7	3	1	813.99	0
201	3	4	8	1	0	484.66	0
201	3	4	9	12	1	781.07	0
201	3	4	10	8	0	718.02	0
201	3	4	11	3	1	706.93	0
201	3	4	12	3	0	766.37	0
201	3	4	13	10	1	1083.2	0
201	3	4	14	8	0	598.16	0
201	3	4	15	12	1	649.76	0
201	3	4	16	8	1	628.63	0
201	3	4	17	5	0	664.23	0
201	3	4	18	8	0	602.34	0
201	3	4	19	1	1	627.39	0
201	3	4	20	12	0	641.89	0
201	3	4	21	1	1	1039	0
201	3	4	22	10	1	468.59	0
201	3	4	23	5	0	982.01	0
201	3	4	24	12	1	452.66	0
201	3	4	25	12	1	559.95	0
201	3	4	26	5	0	964.07	0
201	3	4	27	1	1	620.91	0
201	3	4	28	1	1	524.46	0
201	3	4	29	5	1	511.44	0
201	3	4	30	10	1	527.03	0
201	3	4	31	3	0	827.77	0
201	3	4	32	10	1	435.74	0
201	3	4	33	10	1	464.08	0
201	3	4	34	5	1	649.14	0
201	3	4	35	3	1	1029.6	0
201	3	4	36	12	1	745.33	0
201	3	4	37	3	1	550.03	0
201	3	4	38	1	0	998.92	0
201	3	4	39	12	1	520.19	0
201	3	4	40	12	1	1226.3	0
201	3	4	41	8	0	654.08	0
201	3	4	42	3	1	403.5	0
201	3	4	43	5	1	929.03	0
201	3	4	44	1	0	1124.9	0
201	3	4	45	1	1	380.62	0
201	3	4	46	8	0	685	0
201	3	4	47	5	0	782.46	0
201	3	4	48	1	1	706.84	0
201	3	4	49	5	1	570.05	0
201	3	4	50	1	1	452.88	0
201	3	4	51	3	1	776.91	0
201	3	4	52	8	1	441.93	0
201	3	4	53	3	1	544.43	0
201	3	4	54	1	1	512.71	0
201	3	4	55	8	1	789.15	0
201	3	4	56	1	1	658.27	0
201	3	4	57	5	0	620.21	0
201	3	4	58	8	0	796.29	0
201	3	4	59	8	1	1015.7	0
201	3	4	60	12	1	778.72	0
201	3	4	61	12	1	717.47	0
201	3	4	62	12	1	513.69	0
201	3	4	63	12	1	462.27	0
201	3	4	64	8	1	822.9	0
201	3	4	65	3	1	1053	0
201	3	4	66	5	0	601.36	0
201	3	4	67	3	1	531.02	0
201	3	4	68	10	1	764.49	0
201	3	4	69	12	1	538.38	0
201	3	4	70	3	1	461.06	0
201	3	4	71	8	1	827.49	0
201	3	4	72	10	1	808.4	0
201	3	4	73	5	0	653.82	0
201	3	4	74	1	1	1183	0
201	3	4	75	12	1	548.34	0
201	3	4	76	8	1	608.45	0
201	3	4	77	10	1	537.49	0
201	3	4	78	3	1	468.09	0
201	3	4	79	8	0	769.51	0
201	3	4	80	10	1	520.57	0
201	3	4	81	8	1	949.44	0
201	3	4	82	1	1	530.19	0
201	3	4	83	5	1	1858.1	0
201	3	4	84	10	1	693.77	0
201	3	4	85	3	1	510	0
201	3	4	86	12	0	569.38	0
201	3	4	87	5	0	511.16	0
201	3	4	88	10	0	517.23	0
201	3	4	89	1	1	573.44	0
201	3	4	90	5	1	450.78	0
201	3	4	91	3	0	556.64	0
201	3	4	92	10	1	713.25	0
201	3	4	93	5	0	619.58	0
201	3	4	94	5	1	395.62	0
201	3	4	95	12	1	533.85	0
201	3	4	96	3	1	1055.1	0
201	3	4	97	12	0	927.25	0
201	3	4	98	1	1	510.12	0
201	3	4	99	10	1	1243.3	0
201	3	4	100	8	0	545.9	0
201	3	4	101	10	0	864.41	0
201	3	4	102	5	1	786.49	0
201	3	4	103	3	1	507.39	0
201	3	4	104	10	1	527.22	0
201	3	4	105	8	0	508.05	0
201	3	4	106	5	0	1167.1	0
201	3	4	107	8	0	677.66	0
201	3	4	108	10	1	676.85	0
201	3	4	109	3	1	555.45	0
201	3	4	110	5	0	684.85	0
201	3	4	111	8	1	518.89	0
201	3	4	112	12	1	698.23	0
201	3	4	113	12	1	620.22	0
201	3	4	114	3	0	435.03	0
201	3	4	115	1	1	555.57	0
201	3	4	116	1	1	581.21	0
201	3	4	117	10	1	813.85	0
201	3	4	118	3	1	837.49	0
201	3	4	119	8	1	599.35	0
201	3	4	120	1	1	620.56	0
201	4	5	1	11	1	536.65	0
201	4	5	2	11	1	617.62	0
201	4	5	3	2	0	641.21	0
201	4	5	4	6	1	716.42	0
201	4	5	5	7	0	576.01	0
201	4	5	6	9	1	962.15	0
201	4	5	7	9	1	470.46	0
201	4	5	8	6	0	623.53	0
201	4	5	9	2	0	729.52	0
201	4	5	10	9	1	512.17	0
201	4	5	11	4	1	607.74	0
201	4	5	12	9	1	588.73	0
201	4	5	13	7	0	593.3	0
201	4	5	14	11	1	509.49	0
201	4	5	15	6	1	876.81	0
201	4	5	16	4	1	692.6	0
201	4	5	17	11	1	540.49	0
201	4	5	18	6	0	513.88	0
201	4	5	19	11	0	813.03	0
201	4	5	20	2	1	445.5	0
201	4	5	21	11	1	766.31	0
201	4	5	22	2	0	503.45	0
201	4	5	23	4	1	954.24	0
201	4	5	24	7	1	605.77	0
201	4	5	25	9	1	628.59	0
201	4	5	26	6	0	1027.6	0
201	4	5	27	2	0	666.72	0
201	4	5	28	6	1	1468.7	0
201	4	5	29	9	1	575.94	0
201	4	5	30	9	1	957.99	0
201	4	5	31	4	0	723.69	0
201	4	5	32	11	1	519.17	0
201	4	5	33	7	0	438.73	0
201	4	5	34	6	1	587.6	0
201	4	5	35	6	1	650.2	0
201	4	5	36	6	0	534.96	0
201	4	5	37	6	1	510.08	0
201	4	5	38	9	0	565.43	0
201	4	5	39	7	1	521.15	0
201	4	5	40	6	1	690.24	0
201	4	5	41	11	0	711.05	0
201	4	5	42	11	1	776.02	0
201	4	5	43	9	1	578.88	0
201	4	5	44	2	1	733.23	0
201	4	5	45	4	0	526.75	0
201	4	5	46	9	1	499.49	0
201	4	5	47	2	1	588.14	0
201	4	5	48	6	0	723.8	0
201	4	5	49	7	1	814.61	0
201	4	5	50	6	1	682.23	0
201	4	5	51	2	0	751.76	0
201	4	5	52	11	1	630.96	0
201	4	5	53	4	1	541.66	0
201	4	5	54	4	1	503.88	0
201	4	5	55	11	1	604.38	0
201	4	5	56	4	0	690.13	0
201	4	5	57	2	0	782.77	0
201	4	5	58	4	1	1098.8	0
201	4	5	59	11	1	479.98	0
201	4	5	60	2	0	696.71	0
201	4	5	61	6	1	825.2	0
201	4	5	62	9	0	494.49	0
201	4	5	63	9	1	612.5	0
201	4	5	64	7	1	530.9	0
201	4	5	65	2	0	645.72	0
201	4	5	66	9	1	520.76	0
201	4	5	67	4	1	540.34	0
201	4	5	68	2	1	728.96	0
201	4	5	69	7	0	625.79	0
201	4	5	70	7	1	537.38	0
201	4	5	71	7	0	941.52	0
201	4	5	72	11	0	503.84	0
201	4	5	73	11	1	740.18	0
201	4	5	74	7	0	818.44	0
201	4	5	75	11	1	1163.3	0
201	4	5	76	2	1	413.32	0
201	4	5	77	9	1	846.59	0
201	4	5	78	6	1	659.82	0
201	4	5	79	9	1	491.44	0
201	4	5	80	7	1	681.88	0
201	4	5	81	4	1	657.77	0
201	4	5	82	7	1	703.39	0
201	4	5	83	11	1	1068	0
201	4	5	84	4	1	841.4	0
201	4	5	85	7	1	794.24	0
201	4	5	86	4	0	1095.9	0
201	4	5	87	11	1	561.89	0
201	4	5	88	6	0	633.38	0
201	4	5	89	2	0	516.36	0
201	4	5	90	4	0	585.11	0
201	4	5	91	7	0	744.49	0
201	4	5	92	4	1	521.5	0
201	4	5	93	9	0	1036.3	0
201	4	5	94	4	1	507.57	0
201	4	5	95	4	1	734.84	0
201	4	5	96	7	0	602.49	0
201	4	5	97	9	1	671.9	0
201	4	5	98	9	1	536	0
201	4	5	99	11	1	670.32	0
201	4	5	100	11	1	540.24	0
201	4	5	101	6	0	717.22	0
201	4	5	102	2	1	878.51	0
201	4	5	103	9	1	434.08	0
201	4	5	104	4	0	690.45	0
201	4	5	105	7	0	808.76	0
201	4	5	106	2	1	855.68	0
201	4	5	107	2	1	557.74	0
201	4	5	108	11	0	503.81	0
201	4	5	109	2	1	680.44	0
201	4	5	110	7	0	374.47	0
201	4	5	111	7	1	490.23	0
201	4	5	112	6	1	653.23	0
201	4	5	113	6	1	493.23	0
201	4	5	114	2	0	558.48	0
201	4	5	115	4	1	610.61	0
201	4	5	116	2	0	794.82	0
201	4	5	117	4	0	497.75	0
201	4	5	118	9	1	785.18	0
201	4	5	119	7	0	681.6	0
201	4	5	120	6	1	537.65	0
201	3	5	1	12	1	693.27	0
201	3	5	2	10	1	719.03	0
201	3	5	3	8	1	380.24	0
201	3	5	4	5	0	867.98	0
201	3	5	5	10	0	813.83	0
201	3	5	6	3	0	627.75	0
201	3	5	7	8	1	1029	0
201	3	5	8	8	1	576.82	0
201	3	5	9	1	1	732.86	0
201	3	5	10	3	1	605.24	0
201	3	5	11	1	1	454.03	0
201	3	5	12	12	1	987.67	0
201	3	5	13	3	1	570.37	0
201	3	5	14	8	0	473.76	0
201	3	5	15	12	1	415.66	0
201	3	5	16	10	0	949.91	0
201	3	5	17	12	1	645.9	0
201	3	5	18	3	1	596.53	0
201	3	5	19	10	0	972.15	0
201	3	5	20	5	1	570.91	0
201	3	5	21	1	0	578.78	0
201	3	5	22	3	0	905.38	0
201	3	5	23	1	0	557.78	0
201	3	5	24	1	1	495.25	0
201	3	5	25	1	0	827.32	0
201	3	5	26	8	1	494.91	0
201	3	5	27	10	1	1270.1	0
201	3	5	28	1	1	808.46	0
201	3	5	29	8	0	680.54	0
201	3	5	30	12	1	515.45	0
201	3	5	31	12	1	521.98	0
201	3	5	32	12	0	1159.2	0
201	3	5	33	1	1	549	0
201	3	5	34	3	1	572.29	0
201	3	5	35	10	1	763.23	0
201	3	5	36	10	1	642.66	0
201	3	5	37	3	1	579.1	0
201	3	5	38	5	1	1084.8	0
201	3	5	39	1	1	630.85	0
201	3	5	40	3	1	437.47	0
201	3	5	41	8	0	463.69	0
201	3	5	42	12	0	654.15	0
201	3	5	43	1	1	651.61	0
201	3	5	44	5	1	595.87	0
201	3	5	45	5	1	578.56	0
201	3	5	46	8	1	523.98	0
201	3	5	47	3	1	850.48	0
201	3	5	48	5	1	729.73	0
201	3	5	49	10	1	429.13	0
201	3	5	50	3	1	749.02	0
201	3	5	51	1	1	690.63	0
201	3	5	52	1	0	439.79	0
201	3	5	53	1	1	603.82	0
201	3	5	54	10	1	854.94	0
201	3	5	55	12	1	584.16	0
201	3	5	56	5	0	827.52	0
201	3	5	57	5	1	596.82	0
201	3	5	58	1	0	611.61	0
201	3	5	59	1	1	508.58	0
201	3	5	60	5	1	832.87	0
201	3	5	61	10	0	543.14	0
201	3	5	62	12	0	541.93	0
201	3	5	63	8	1	765.68	0
201	3	5	64	1	1	629.29	0
201	3	5	65	10	0	532.98	0
201	3	5	66	12	1	777.71	0
201	3	5	67	10	1	790.25	0
201	3	5	68	8	1	621.08	0
201	3	5	69	5	0	514.07	0
201	3	5	70	5	1	587.45	0
201	3	5	71	12	1	509.6	0
201	3	5	72	8	0	1429.3	0
201	3	5	73	8	1	459.67	0
201	3	5	74	12	1	762.39	0
201	3	5	75	3	1	629.85	0
201	3	5	76	12	0	958.04	0
201	3	5	77	5	1	361.44	0
201	3	5	78	10	0	806.39	0
201	3	5	79	3	0	575.23	0
201	3	5	80	5	1	484.89	0
201	3	5	81	10	1	567.11	0
201	3	5	82	8	0	916.29	0
201	3	5	83	3	1	499.73	0
201	3	5	84	5	1	593.6	0
201	3	5	85	3	1	678.96	0
201	3	5	86	1	1	569.36	0
201	3	5	87	12	1	800.92	0
201	3	5	88	10	1	578.94	0
201	3	5	89	8	1	938.46	0
201	3	5	90	3	1	849.21	0
201	3	5	91	5	1	524.68	0
201	3	5	92	5	1	442.3	0
201	3	5	93	3	0	772.88	0
201	3	5	94	10	0	662.76	0
201	3	5	95	8	1	812.5	0
201	3	5	96	8	1	686.68	0
201	3	5	97	1	0	877.92	0
201	3	5	98	8	1	547.66	0
201	3	5	99	8	1	537.37	0
201	3	5	100	5	1	685.99	0
201	3	5	101	12	0	407.37	0
201	3	5	102	1	1	749.16	0
201	3	5	103	10	1	1162.2	0
201	3	5	104	5	0	833.07	0
201	3	5	105	5	1	501.45	0
201	3	5	106	8	1	784.47	0
201	3	5	107	12	1	721.9	0
201	3	5	108	3	1	1188.7	0
201	3	5	109	3	1	547.61	0
201	3	5	110	8	1	829.58	0
201	3	5	111	12	1	672.74	0
201	3	5	112	10	1	576.43	0
201	3	5	113	10	1	631.97	0
201	3	5	114	12	1	769.25	0
201	3	5	115	3	1	723.72	0
201	3	5	116	1	0	552.24	0
201	3	5	117	3	1	586.51	0
201	3	5	118	5	0	654.8	0
201	3	5	119	12	1	886.38	0
201	3	5	120	10	0	622.51	0
201	2	5	1	2	1	535.21	0
201	2	5	2	6	1	481.49	0
201	2	5	3	4	1	640.14	0
201	2	5	4	2	0	688.58	0
201	2	5	5	4	1	650.16	0
201	2	5	6	12	1	605.49	0
201	2	5	7	12	0	1110.2	0
201	2	5	8	6	0	713.33	0
201	2	5	9	10	1	513.15	0
201	2	5	10	2	1	517.03	0
201	2	5	11	2	1	454.61	0
201	2	5	12	6	1	617.96	0
201	2	5	13	8	1	513.44	0
201	2	5	14	12	0	644.57	0
201	2	5	15	10	0	776.64	0
201	2	5	16	12	1	1173.1	0
201	2	5	17	10	1	526.69	0
201	2	5	18	10	1	445.52	0
201	2	5	19	6	0	738.89	0
201	2	5	20	10	1	379.33	0
201	2	5	21	6	1	513.03	0
201	2	5	22	10	1	736.14	0
201	2	5	23	12	1	421.77	0
201	2	5	24	4	1	615.01	0
201	2	5	25	4	0	582.5	0
201	2	5	26	8	1	984.11	0
201	2	5	27	6	1	694.3	0
201	2	5	28	4	0	843.96	0
201	2	5	29	6	1	458.16	0
201	2	5	30	12	0	678.21	0
201	2	5	31	4	1	504.87	0
201	2	5	32	6	1	865.13	0
201	2	5	33	8	1	923.7	0
201	2	5	34	10	1	1014.9	0
201	2	5	35	4	1	662.81	0
201	2	5	36	6	0	1004.2	0
201	2	5	37	6	1	843.01	0
201	2	5	38	10	1	599.57	0
201	2	5	39	2	0	687.09	0
201	2	5	40	10	0	694.18	0
201	2	5	41	12	1	657.74	0
201	2	5	42	10	1	682.5	0
201	2	5	43	6	1	615.75	0
201	2	5	44	2	1	533.61	0
201	2	5	45	12	1	677.78	0
201	2	5	46	8	1	604.1	0
201	2	5	47	4	1	476.97	0
201	2	5	48	8	1	772.58	0
201	2	5	49	12	0	683.77	0
201	2	5	50	12	1	501.99	0
201	2	5	51	10	1	882.38	0
201	2	5	52	8	1	580.32	0
201	2	5	53	6	1	556.61	0
201	2	5	54	2	1	541.66	0
201	2	5	55	2	1	593.02	0
201	2	5	56	12	0	729.09	0
201	2	5	57	12	1	624.73	0
201	2	5	58	8	0	575.22	0
201	2	5	59	12	1	1514.6	0
201	2	5	60	2	0	709.1	0
201	2	5	61	8	0	664.57	0
201	2	5	62	4	1	707.51	0
201	2	5	63	10	1	864.58	0
201	2	5	64	6	0	701.21	0
201	2	5	65	2	1	544.89	0
201	2	5	66	10	1	717.21	0
201	2	5	67	8	0	736.01	0
201	2	5	68	4	0	682.72	0
201	2	5	69	6	0	975.97	0
201	2	5	70	4	1	1019.1	0
201	2	5	71	12	0	782.12	0
201	2	5	72	4	1	452.35	0
201	2	5	73	8	1	1604.3	0
201	2	5	74	2	0	506.02	0
201	2	5	75	2	1	924.41	0
201	2	5	76	4	1	404.82	0
201	2	5	77	10	0	583.91	0
201	2	5	78	10	1	495.64	0
201	2	5	79	2	0	709.32	0
201	2	5	80	6	0	844.19	0
201	2	5	81	8	1	657.97	0
201	2	5	82	4	1	616.32	0
201	2	5	83	2	1	428.82	0
201	2	5	84	6	1	395.81	0
201	2	5	85	8	1	588.98	0
201	2	5	86	6	1	638.61	0
201	2	5	87	10	1	646.96	0
201	2	5	88	2	0	561.01	0
201	2	5	89	2	1	446.7	0
201	2	5	90	8	0	602.24	0
201	2	5	91	8	1	434	0
201	2	5	92	6	0	754.69	0
201	2	5	93	6	1	664.72	0
201	2	5	94	8	0	637.78	0
201	2	5	95	2	1	562.74	0
201	2	5	96	8	1	494.87	0
201	2	5	97	4	0	546.37	0
201	2	5	98	10	1	950.44	0
201	2	5	99	8	1	609.29	0
201	2	5	100	8	0	694.54	0
201	2	5	101	10	0	458.76	0
201	2	5	102	2	1	661.98	0
201	2	5	103	8	0	823.41	0
201	2	5	104	12	0	821.95	0
201	2	5	105	12	1	606.5	0
201	2	5	106	10	1	744.96	0
201	2	5	107	2	1	471.45	0
201	2	5	108	12	1	485.09	0
201	2	5	109	4	1	723.61	0
201	2	5	110	12	1	758.08	0
201	2	5	111	10	1	710.07	0
201	2	5	112	12	1	788.98	0
201	2	5	113	6	1	610.32	0
201	2	5	114	4	0	504.74	0
201	2	5	115	4	1	433.09	0
201	2	5	116	4	1	589.92	0
201	2	5	117	2	1	839.29	0
201	2	5	118	8	0	621.12	0
201	2	5	119	12	0	551.14	0
201	2	5	120	4	1	574.42	0
201	1	5	1	11	1	650.41	0
201	1	5	2	7	0	587.6	0
201	1	5	3	5	0	588.02	0
201	1	5	4	7	1	602.89	0
201	1	5	5	3	0	834.9	0
201	1	5	6	3	0	676.18	0
201	1	5	7	7	1	486.69	0
201	1	5	8	7	0	542.68	0
201	1	5	9	5	1	781.92	0
201	1	5	10	1	1	906.41	0
201	1	5	11	11	1	541.83	0
201	1	5	12	5	1	684.64	0
201	1	5	13	11	0	1150.2	0
201	1	5	14	7	1	618.47	0
201	1	5	15	5	1	513.57	0
201	1	5	16	1	1	987.77	0
201	1	5	17	7	0	714.4	0
201	1	5	18	3	1	688.04	0
201	1	5	19	1	0	566.54	0
201	1	5	20	3	0	843.44	0
201	1	5	21	5	0	795.48	0
201	1	5	22	3	1	669.54	0
201	1	5	23	11	1	579.32	0
201	1	5	24	5	1	520.86	0
201	1	5	25	7	1	832.65	0
201	1	5	26	1	1	570.26	0
201	1	5	27	9	1	643.86	0
201	1	5	28	3	0	603.51	0
201	1	5	29	3	1	651.22	0
201	1	5	30	11	0	599.39	0
201	1	5	31	9	1	664.49	0
201	1	5	32	7	1	513	0
201	1	5	33	1	1	503.79	0
201	1	5	34	9	0	1091.8	0
201	1	5	35	1	0	1002	0
201	1	5	36	11	0	607.78	0
201	1	5	37	9	1	579.51	0
201	1	5	38	9	1	409.21	0
201	1	5	39	9	1	1125.2	0
201	1	5	40	3	1	567.4	0
201	1	5	41	1	1	1161.8	0
201	1	5	42	5	0	945.8	0
201	1	5	43	1	1	550.82	0
201	1	5	44	1	1	694.83	0
201	1	5	45	11	1	511.39	0
201	1	5	46	11	1	634.94	0
201	1	5	47	3	1	625.5	0
201	1	5	48	11	1	490.48	0
201	1	5	49	1	1	506.51	0
201	1	5	50	9	1	505.75	0
201	1	5	51	7	1	538.23	0
201	1	5	52	11	1	2376.8	0
201	1	5	53	11	1	468.14	0
201	1	5	54	1	1	643.97	0
201	1	5	55	1	1	430.29	0
201	1	5	56	11	1	422.18	0
201	1	5	57	11	1	458.87	0
201	1	5	58	3	0	681.06	0
201	1	5	59	11	1	431.15	0
201	1	5	60	1	1	628.65	0
201	1	5	61	7	1	367.82	0
201	1	5	62	3	0	580.5	0
201	1	5	63	11	1	611.67	0
201	1	5	64	3	1	476.27	0
201	1	5	65	3	1	561.39	0
201	1	5	66	7	0	737.7	0
201	1	5	67	3	0	672.58	0
201	1	5	68	5	1	575.8	0
201	1	5	69	9	0	564.89	0
201	1	5	70	1	0	506.09	0
201	1	5	71	1	1	1193.4	0
201	1	5	72	5	1	450.3	0
201	1	5	73	5	1	609.23	0
201	1	5	74	3	1	900.03	0
201	1	5	75	7	1	690.7	0
201	1	5	76	7	1	674.14	0
201	1	5	77	3	1	719.88	0
201	1	5	78	7	1	696.91	0
201	1	5	79	9	0	439.19	0
201	1	5	80	9	0	668.77	0
201	1	5	81	3	1	464.81	0
201	1	5	82	3	1	573.11	0
201	1	5	83	7	1	664.32	0
201	1	5	84	9	1	631.93	0
201	1	5	85	5	0	551.63	0
201	1	5	86	11	0	539.23	0
201	1	5	87	7	1	1046.9	0
201	1	5	88	7	1	662.53	0
201	1	5	89	7	0	570.71	0
201	1	5	90	5	0	704.75	0
201	1	5	91	1	0	686.14	0
201	1	5	92	5	0	523.96	0
201	1	5	93	9	0	932.17	0
201	1	5	94	11	1	1039.9	0
201	1	5	95	11	0	563.95	0
201	1	5	96	9	1	771.38	0
201	1	5	97	1	0	1250	0
201	1	5	98	11	0	758.48	0
201	1	5	99	9	1	614.73	0
201	1	5	100	5	1	505.29	0
201	1	5	101	9	1	988.04	0
201	1	5	102	5	0	665.67	0
201	1	5	103	1	0	682.27	0
201	1	5	104	9	1	611.39	0
201	1	5	105	3	1	581.1	0
201	1	5	106	5	1	617.14	0
201	1	5	107	9	1	750.73	0
201	1	5	108	9	0	758.75	0
201	1	5	109	9	1	425.19	0
201	1	5	110	5	1	618.79	0
201	1	5	111	11	1	541.95	0
201	1	5	112	3	0	566.79	0
201	1	5	113	7	1	1602.8	0
201	1	5	114	5	1	588.83	0
201	1	5	115	9	1	547.9	0
201	1	5	116	5	1	703.18	0
201	1	5	117	1	1	600.21	0
201	1	5	118	1	1	507.2	0
201	1	5	119	7	1	594.42	0
201	1	5	120	5	1	677.2	0
201	5	5	1	4	1	517.35	0
201	5	5	2	4	1	838.64	0
201	5	5	3	3	0	715.72	0
201	5	5	4	7	1	479.99	0
201	5	5	5	6	1	432.99	0
201	5	5	6	7	1	787.21	0
201	5	5	7	2	0	592.85	0
201	5	5	8	6	1	812.67	0
201	5	5	9	3	1	735.21	0
201	5	5	10	11	1	1211.7	0
201	5	5	11	5	1	815.19	0
201	5	5	12	2	1	683.67	0
201	5	5	13	5	0	559.53	0
201	5	5	14	11	1	647.67	0
201	5	5	15	9	0	564.52	0
201	5	5	16	4	1	614.55	0
201	5	5	17	1	1	698.18	0
201	5	5	18	9	1	882.71	0
201	5	5	19	10	0	689.07	0
201	5	5	20	5	1	444.58	0
201	5	5	21	11	1	699.1	0
201	5	5	22	2	1	493.42	0
201	5	5	23	2	1	975.14	0
201	5	5	24	1	0	713.76	0
201	5	5	25	8	1	511.16	0
201	5	5	26	1	1	1403.6	0
201	5	5	27	6	1	668.46	0
201	5	5	28	6	1	692.9	0
201	5	5	29	7	1	866.21	0
201	5	5	30	8	0	729.19	0
201	5	5	31	3	1	597.18	0
201	5	5	32	12	0	672.62	0
201	5	5	33	5	0	416.2	0
201	5	5	34	6	0	1087	0
201	5	5	35	5	0	676.25	0
201	5	5	36	9	0	632.52	0
201	5	5	37	9	1	647.14	0
201	5	5	38	1	0	475.69	0
201	5	5	39	1	1	1162	0
201	5	5	40	2	0	870.76	0
201	5	5	41	8	1	512.9	0
201	5	5	42	6	1	1054.3	0
201	5	5	43	8	1	802.85	0
201	5	5	44	6	0	878.19	0
201	5	5	45	12	0	574.19	0
201	5	5	46	6	1	840.55	0
201	5	5	47	3	1	488.78	0
201	5	5	48	7	1	713.35	0
201	5	5	49	2	1	907.71	0
201	5	5	50	3	0	653.15	0
201	5	5	51	5	1	1019.4	0
201	5	5	52	5	1	492.47	0
201	5	5	53	12	0	583.99	0
201	5	5	54	2	0	682.13	0
201	5	5	55	1	1	1056.8	0
201	5	5	56	5	0	763.76	0
201	5	5	57	7	0	674.47	0
201	5	5	58	5	1	599.9	0
201	5	5	59	2	0	573.23	0
201	5	5	60	3	1	664.05	0
201	5	5	61	7	0	772.3	0
201	5	5	62	12	0	666.18	0
201	5	5	63	4	0	544.22	0
201	5	5	64	10	1	607.26	0
201	5	5	65	9	0	463.38	0
201	5	5	66	9	1	416.22	0
201	5	5	67	6	0	410.41	0
201	5	5	68	5	1	709.74	0
201	5	5	69	12	1	496.32	0
201	5	5	70	11	0	634.35	0
201	5	5	71	7	0	743.58	0
201	5	5	72	12	0	1590	0
201	5	5	73	4	1	489.06	0
201	5	5	74	10	1	814.26	0
201	5	5	75	11	1	612.3	0
201	5	5	76	2	1	582.79	0
201	5	5	77	4	1	643.35	0
201	5	5	78	9	1	883.79	0
201	5	5	79	10	0	1035.8	0
201	5	5	80	10	1	645.69	0
201	5	5	81	12	1	572.53	0
201	5	5	82	3	1	741.95	0
201	5	5	83	10	0	459.45	0
201	5	5	84	9	0	1116.6	0
201	5	5	85	3	1	1207.4	0
201	5	5	86	9	1	868.65	0
201	5	5	87	11	0	1320.1	0
201	5	5	88	7	1	494.69	0
201	5	5	89	1	1	516.02	0
201	5	5	90	12	1	635.49	0
201	5	5	91	1	1	530.51	0
201	5	5	92	4	1	577.18	0
201	5	5	93	8	0	870.69	0
201	5	5	94	1	1	476.63	0
201	5	5	95	1	1	415.79	0
201	5	5	96	11	1	507.65	0
201	5	5	97	2	1	870	0
201	5	5	98	11	1	532.99	0
201	5	5	99	3	1	550.8	0
201	5	5	100	10	1	557.51	0
201	5	5	101	12	0	798.03	0
201	5	5	102	7	0	596.07	0
201	5	5	103	12	1	680.24	0
201	5	5	104	6	1	867.01	0
201	5	5	105	8	1	602.32	0
201	5	5	106	10	1	561.32	0
201	5	5	107	4	1	876.86	0
201	5	5	108	11	0	804.54	0
201	5	5	109	8	1	498.28	0
201	5	5	110	9	1	969.09	0
201	5	5	111	8	0	692.91	0
201	5	5	112	4	0	547.93	0
201	5	5	113	10	1	454.74	0
201	5	5	114	10	1	854.5	0
201	5	5	115	7	0	526.26	0
201	5	5	116	4	1	673.32	0
201	5	5	117	3	0	754.61	0
201	5	5	118	11	1	559.74	0
201	5	5	119	8	0	560.47	0
201	5	5	120	8	1	675.3	0
201	5	5	1	7	1	832.77	0
201	5	5	2	1	1	724.35	0
201	5	5	3	9	0	814.78	0
201	5	5	4	11	0	606.54	0
201	5	5	5	11	1	964.55	0
201	5	5	6	1	1	555.64	0
201	5	5	7	3	0	514.08	0
201	5	5	8	7	0	983.92	0
201	5	5	9	3	0	605.95	0
201	5	5	10	8	1	888.73	0
201	5	5	11	7	1	688.06	0
201	5	5	12	12	1	711.76	0
201	5	5	13	2	1	891.74	0
201	5	5	14	7	0	553.17	0
201	5	5	15	1	1	498.3	0
201	5	5	16	1	1	737.92	0
201	5	5	17	1	1	449.57	0
201	5	5	18	5	0	525.88	0
201	5	5	19	11	1	484.83	0
201	5	5	20	3	1	594.67	0
201	5	5	21	9	0	669.28	0
201	5	5	22	11	1	593.04	0
201	5	5	23	1	1	627.81	0
201	5	5	24	7	0	669.65	0
201	5	5	25	2	1	470.67	0
201	5	5	26	2	1	503.45	0
201	5	5	27	9	0	516.45	0
201	5	5	28	5	0	634.1	0
201	5	5	29	4	0	726.34	0
201	5	5	30	2	0	573.53	0
201	5	5	31	5	0	1709.9	0
201	5	5	32	6	1	579.82	0
201	5	5	33	4	1	770.62	0
201	5	5	34	5	0	632.34	0
201	5	5	35	4	0	450.5	0
201	5	5	36	9	1	571.53	0
201	5	5	37	8	1	734.97	0
201	5	5	38	10	1	946.21	0
201	5	5	39	5	1	552.22	0
201	5	5	40	1	1	726.67	0
201	5	5	41	6	0	704.23	0
201	5	5	42	2	1	547.79	0
201	5	5	43	3	1	547.94	0
201	5	5	44	9	0	586.05	0
201	5	5	45	5	1	503.5	0
201	5	5	46	8	1	693.86	0
201	5	5	47	5	1	873.82	0
201	5	5	48	7	1	613.07	0
201	5	5	49	11	1	508.37	0
201	5	5	50	7	0	1110.1	0
201	5	5	51	11	0	964.9	0
201	5	5	52	1	1	706.87	0
201	5	5	53	9	0	687.9	0
201	5	5	54	9	1	537.34	0
201	5	5	55	10	1	837.11	0
201	5	5	56	12	0	626.6	0
201	5	5	57	4	1	895.48	0
201	5	5	58	10	0	507.21	0
201	5	5	59	6	0	631.36	0
201	5	5	60	6	0	1046.9	0
201	5	5	61	12	1	902.94	0
201	5	5	62	9	0	721.52	0
201	5	5	63	2	1	672.8	0
201	5	5	64	10	0	695.47	0
201	5	5	65	9	1	507.82	0
201	5	5	66	10	0	479.46	0
201	5	5	67	4	1	467.05	0
201	5	5	68	6	1	724.72	0
201	5	5	69	3	1	626.92	0
201	5	5	70	11	1	696.5	0
201	5	5	71	12	1	675.26	0
201	5	5	72	10	1	466.22	0
201	5	5	73	2	0	815.24	0
201	5	5	74	6	0	825.68	0
201	5	5	75	7	0	510.94	0
201	5	5	76	10	0	569.81	0
201	5	5	77	11	0	566.26	0
201	5	5	78	8	0	680.7	0
201	5	5	79	12	1	998.52	0
201	5	5	80	9	1	550.88	0
201	5	5	81	3	1	663.47	0
201	5	5	82	3	1	665.7	0
201	5	5	83	10	1	700.84	0
201	5	5	84	4	1	684.61	0
201	5	5	85	5	0	614.29	0
201	5	5	86	12	1	607.86	0
201	5	5	87	3	1	897.31	0
201	5	5	88	1	1	545.67	0
201	5	5	89	5	0	552.93	0
201	5	5	90	8	0	615.55	0
201	5	5	91	12	1	848.91	0
201	5	5	92	6	1	745.76	0
201	5	5	93	6	1	941.72	0
201	5	5	94	5	0	976.68	0
201	5	5	95	8	0	592.83	0
201	5	5	96	11	0	707.09	0
201	5	5	97	2	1	716.23	0
201	5	5	98	3	1	633.66	0
201	5	5	99	12	1	442.75	0
201	5	5	100	4	1	773.86	0
201	5	5	101	1	1	549.27	0
201	5	5	102	10	0	743.82	0
201	5	5	103	12	1	655.86	0
201	5	5	104	2	1	635.26	0
201	5	5	105	8	1	708.91	0
201	5	5	106	7	0	521.08	0
201	5	5	107	3	1	1607.8	0
201	5	5	108	2	0	798.68	0
201	5	5	109	7	1	907.41	0
201	5	5	110	4	0	678.33	0
201	5	5	111	8	0	566.14	0
201	5	5	112	4	1	1093	0
201	5	5	113	4	1	436.96	0
201	5	5	114	8	1	704.54	0
201	5	5	115	6	1	754.41	0
201	5	5	116	12	1	753.18	0
201	5	5	117	6	1	490.16	0
201	5	5	118	11	1	845.97	0
201	5	5	119	8	0	542.65	0
201	5	5	120	10	0	824.99	0
201	4	6	1	6	0	839.76	0
201	4	6	2	2	1	748.5	0
201	4	6	3	4	1	499.61	0
201	4	6	4	9	1	493.25	0
201	4	6	5	9	1	415.48	0
201	4	6	6	7	0	1034.7	0
201	4	6	7	11	0	686.38	0
201	4	6	8	11	1	831.95	0
201	4	6	9	7	1	711.28	0
201	4	6	10	6	0	657.52	0
201	4	6	11	11	1	399.52	0
201	4	6	12	11	1	508.58	0
201	4	6	13	2	1	837.48	0
201	4	6	14	2	1	497.49	0
201	4	6	15	11	0	639.96	0
201	4	6	16	4	1	468.17	0
201	4	6	17	4	1	473.5	0
201	4	6	18	6	1	913.86	0
201	4	6	19	11	1	532.62	0
201	4	6	20	7	1	719.41	0
201	4	6	21	6	1	572.65	0
201	4	6	22	7	1	618.8	0
201	4	6	23	6	1	603.87	0
201	4	6	24	4	0	693.12	0
201	4	6	25	7	0	1011.3	0
201	4	6	26	7	0	721.37	0
201	4	6	27	9	1	609.28	0
201	4	6	28	2	1	426.58	0
201	4	6	29	11	1	546.09	0
201	4	6	30	7	1	372.32	0
201	4	6	31	2	1	703.59	0
201	4	6	32	4	1	532.33	0
201	4	6	33	9	1	610.69	0
201	4	6	34	6	1	445.64	0
201	4	6	35	4	1	759.03	0
201	4	6	36	7	1	636.78	0
201	4	6	37	11	0	657.31	0
201	4	6	38	4	1	874.89	0
201	4	6	39	6	0	1139.9	0
201	4	6	40	2	1	638.45	0
201	4	6	41	6	1	687.04	0
201	4	6	42	2	0	583.4	0
201	4	6	43	4	1	559.77	0
201	4	6	44	2	1	789.76	0
201	4	6	45	7	1	529.41	0
201	4	6	46	4	1	407.1	0
201	4	6	47	6	1	567.89	0
201	4	6	48	6	1	608.22	0
201	4	6	49	2	1	671.7	0
201	4	6	50	9	1	606.24	0
201	4	6	51	9	1	490.62	0
201	4	6	52	9	1	608.13	0
201	4	6	53	9	1	631.22	0
201	4	6	54	4	1	595.18	0
201	4	6	55	2	1	693.3	0
201	4	6	56	11	1	472.77	0
201	4	6	57	4	1	506.6	0
201	4	6	58	11	1	882.17	0
201	4	6	59	4	1	775.59	0
201	4	6	60	11	0	402.79	0
201	4	6	61	9	0	575.95	0
201	4	6	62	4	1	623.45	0
201	4	6	63	7	1	695.27	0
201	4	6	64	11	0	871.6	0
201	4	6	65	11	1	948.96	0
201	4	6	66	11	1	374.31	0
201	4	6	67	6	0	560.18	0
201	4	6	68	11	1	759.13	0
201	4	6	69	4	1	577.13	0
201	4	6	70	9	1	591.64	0
201	4	6	71	2	1	473.79	0
201	4	6	72	4	1	567.04	0
201	4	6	73	2	0	802.66	0
201	4	6	74	6	0	482.87	0
201	4	6	75	2	1	521.36	0
201	4	6	76	9	1	707.39	0
201	4	6	77	6	1	607.14	0
201	4	6	78	4	1	457.52	0
201	4	6	79	11	0	445.2	0
201	4	6	80	7	1	488.15	0
201	4	6	81	6	1	556.9	0
201	4	6	82	9	1	702.7	0
201	4	6	83	7	0	491.25	0
201	4	6	84	9	0	647.42	0
201	4	6	85	7	0	704.41	0
201	4	6	86	7	1	500.64	0
201	4	6	87	7	1	657.73	0
201	4	6	88	2	1	457.26	0
201	4	6	89	11	1	532.22	0
201	4	6	90	7	1	472.5	0
201	4	6	91	9	0	716.16	0
201	4	6	92	2	1	385.57	0
201	4	6	93	9	1	744.35	0
201	4	6	94	6	1	1070.7	0
201	4	6	95	2	1	664.04	0
201	4	6	96	9	0	1116.9	0
201	4	6	97	7	0	917.11	0
201	4	6	98	4	0	993.87	0
201	4	6	99	2	1	512.69	0
201	4	6	100	9	1	746.99	0
201	4	6	101	11	1	408.83	0
201	4	6	102	6	1	552.7	0
201	4	6	103	4	1	811.69	0
201	4	6	104	7	1	818.86	0
201	4	6	105	6	1	793.26	0
201	4	6	106	2	1	648.99	0
201	4	6	107	2	1	624.06	0
201	4	6	108	7	1	601.96	0
201	4	6	109	9	0	507.5	0
201	4	6	110	7	0	718.85	0
201	4	6	111	4	1	733.85	0
201	4	6	112	6	1	527.06	0
201	4	6	113	9	0	442.12	0
201	4	6	114	9	1	754.88	0
201	4	6	115	4	1	626.51	0
201	4	6	116	11	1	591.36	0
201	4	6	117	6	0	975.79	0
201	4	6	118	2	0	511.81	0
201	4	6	119	6	1	849.22	0
201	4	6	120	11	1	472.74	0
201	3	6	1	12	1	710.14	0
201	3	6	2	3	0	893.35	0
201	3	6	3	5	1	490.84	0
201	3	6	4	12	0	551.2	0
201	3	6	5	5	0	552.31	0
201	3	6	6	12	1	1008.6	0
201	3	6	7	3	1	605.19	0
201	3	6	8	10	0	572.92	0
201	3	6	9	5	1	838.4	0
201	3	6	10	1	0	713.52	0
201	3	6	11	1	0	1257.9	0
201	3	6	12	12	1	908.35	0
201	3	6	13	8	1	591.03	0
201	3	6	14	12	0	632.94	0
201	3	6	15	5	0	1177.8	0
201	3	6	16	10	1	650.49	0
201	3	6	17	10	0	598.8	0
201	3	6	18	5	1	714.7	0
201	3	6	19	5	1	456.54	0
201	3	6	20	1	1	479.05	0
201	3	6	21	5	1	751.81	0
201	3	6	22	12	1	604.85	0
201	3	6	23	8	0	476.96	0
201	3	6	24	8	1	673.07	0
201	3	6	25	8	1	425.04	0
201	3	6	26	5	0	586.53	0
201	3	6	27	1	1	644.28	0
201	3	6	28	1	1	631.58	0
201	3	6	29	3	0	521.06	0
201	3	6	30	1	0	515.7	0
201	3	6	31	3	1	453.54	0
201	3	6	32	8	0	565.53	0
201	3	6	33	12	1	909.64	0
201	3	6	34	12	1	545.24	0
201	3	6	35	3	0	621	0
201	3	6	36	5	1	545.52	0
201	3	6	37	1	0	703.78	0
201	3	6	38	12	0	437.11	0
201	3	6	39	12	0	532.09	0
201	3	6	40	10	1	579.58	0
201	3	6	41	3	1	846	0
201	3	6	42	3	0	892.91	0
201	3	6	43	5	1	613.84	0
201	3	6	44	8	0	812.38	0
201	3	6	45	3	1	1098.7	0
201	3	6	46	8	1	771.69	0
201	3	6	47	12	1	730.39	0
201	3	6	48	8	0	803.56	0
201	3	6	49	10	1	661.97	0
201	3	6	50	5	1	634	0
201	3	6	51	3	0	831.99	0
201	3	6	52	12	1	552.97	0
201	3	6	53	5	0	741.26	0
201	3	6	54	10	1	693.96	0
201	3	6	55	8	1	526.37	0
201	3	6	56	10	1	641.21	0
201	3	6	57	10	1	651.28	0
201	3	6	58	5	0	841.6	0
201	3	6	59	3	0	736.77	0
201	3	6	60	3	1	617.95	0
201	3	6	61	8	0	761.44	0
201	3	6	62	1	1	609.15	0
201	3	6	63	1	1	876.75	0
201	3	6	64	1	1	540.27	0
201	3	6	65	8	0	617.49	0
201	3	6	66	10	0	705.51	0
201	3	6	67	1	0	942.89	0
201	3	6	68	8	1	591.75	0
201	3	6	69	1	0	673.51	0
201	3	6	70	10	1	783.31	0
201	3	6	71	1	1	479.66	0
201	3	6	72	10	1	706.61	0
201	3	6	73	1	0	612.26	0
201	3	6	74	10	0	391.37	0
201	3	6	75	12	0	911.01	0
201	3	6	76	3	1	716.17	0
201	3	6	77	3	1	570.47	0
201	3	6	78	5	1	1207.6	0
201	3	6	79	12	0	475.64	0
201	3	6	80	10	0	683.99	0
201	3	6	81	10	1	896.86	0
201	3	6	82	5	1	522.18	0
201	3	6	83	8	1	449.66	0
201	3	6	84	3	1	748.69	0
201	3	6	85	10	1	521.86	0
201	3	6	86	10	1	535.32	0
201	3	6	87	12	0	1283.3	0
201	3	6	88	5	1	547.77	0
201	3	6	89	1	1	739.23	0
201	3	6	90	8	1	529.53	0
201	3	6	91	3	1	854.62	0
201	3	6	92	1	1	625.87	0
201	3	6	93	3	1	598.42	0
201	3	6	94	3	1	464.67	0
201	3	6	95	12	1	736.09	0
201	3	6	96	5	1	518.47	0
201	3	6	97	8	1	1070.7	0
201	3	6	98	10	1	843.49	0
201	3	6	99	5	1	755.81	0
201	3	6	100	10	1	529.72	0
201	3	6	101	8	1	1152.7	0
201	3	6	102	3	0	815.73	0
201	3	6	103	10	1	553.29	0
201	3	6	104	8	1	715.61	0
201	3	6	105	5	1	795.37	0
201	3	6	106	10	1	441.2	0
201	3	6	107	1	0	560.23	0
201	3	6	108	5	0	963.04	0
201	3	6	109	3	1	678.88	0
201	3	6	110	3	1	554.51	0
201	3	6	111	8	0	724.35	0
201	3	6	112	12	0	592.32	0
201	3	6	113	1	1	471.21	0
201	3	6	114	1	0	564.95	0
201	3	6	115	8	1	388.81	0
201	3	6	116	12	1	963.98	0
201	3	6	117	1	0	677.86	0
201	3	6	118	12	0	983.46	0
201	3	6	119	8	1	580.99	0
201	3	6	120	12	1	802.94	0
201	1	6	1	3	0	948.65	0
201	1	6	2	11	0	819.61	0
201	1	6	3	11	1	748.92	0
201	1	6	4	3	1	554.67	0
201	1	6	5	1	0	537.09	0
201	1	6	6	7	1	736.39	0
201	1	6	7	11	0	494.92	0
201	1	6	8	9	1	583.8	0
201	1	6	9	7	1	490.72	0
201	1	6	10	5	0	575.77	0
201	1	6	11	11	0	493.14	0
201	1	6	12	11	1	515.39	0
201	1	6	13	3	0	1248.7	0
201	1	6	14	1	1	680.79	0
201	1	6	15	9	1	901.58	0
201	1	6	16	1	1	866	0
201	1	6	17	9	0	783.73	0
201	1	6	18	5	0	570.72	0
201	1	6	19	1	1	537.62	0
201	1	6	20	3	0	1002.4	0
201	1	6	21	5	1	610.64	0
201	1	6	22	5	0	1063.9	0
201	1	6	23	11	1	562.25	0
201	1	6	24	3	0	991.83	0
201	1	6	25	3	1	613.51	0
201	1	6	26	5	1	763.23	0
201	1	6	27	11	1	681.87	0
201	1	6	28	11	1	761.91	0
201	1	6	29	9	1	469.65	0
201	1	6	30	3	1	1383.6	0
201	1	6	31	9	1	662.53	0
201	1	6	32	11	1	574.75	0
201	1	6	33	9	1	508.02	0
201	1	6	34	3	0	445.65	0
201	1	6	35	5	1	578.25	0
201	1	6	36	1	0	611.09	0
201	1	6	37	7	1	764.99	0
201	1	6	38	3	1	407.85	0
201	1	6	39	3	1	486.43	0
201	1	6	40	9	0	656.48	0
201	1	6	41	5	0	1392.6	0
201	1	6	42	3	1	643.11	0
201	1	6	43	7	0	997.05	0
201	1	6	44	11	1	768.43	0
201	1	6	45	7	1	967.88	0
201	1	6	46	7	1	610.41	0
201	1	6	47	1	1	636.77	0
201	1	6	48	3	1	430.52	0
201	1	6	49	7	0	588.72	0
201	1	6	50	7	0	519.82	0
201	1	6	51	5	0	571.87	0
201	1	6	52	3	1	1077.3	0
201	1	6	53	7	1	451.74	0
201	1	6	54	5	0	643.38	0
201	1	6	55	5	1	710.88	0
201	1	6	56	5	1	824.24	0
201	1	6	57	11	0	554.21	0
201	1	6	58	9	1	729.49	0
201	1	6	59	1	0	554.85	0
201	1	6	60	1	1	461.6	0
201	1	6	61	5	1	620.8	0
201	1	6	62	1	1	531.82	0
201	1	6	63	9	1	801.09	0
201	1	6	64	3	0	847.01	0
201	1	6	65	5	1	559.98	0
201	1	6	66	3	1	642	0
201	1	6	67	1	1	550.92	0
201	1	6	68	1	1	563.06	0
201	1	6	69	5	0	542.96	0
201	1	6	70	5	1	729.64	0
201	1	6	71	11	0	744.31	0
201	1	6	72	9	0	562.08	0
201	1	6	73	1	0	1251	0
201	1	6	74	1	1	368.41	0
201	1	6	75	3	1	1068.9	0
201	1	6	76	11	0	640.13	0
201	1	6	77	1	1	453.58	0
201	1	6	78	7	0	510.62	0
201	1	6	79	7	1	521.6	0
201	1	6	80	7	1	588.17	0
201	1	6	81	7	1	563.57	0
201	1	6	82	1	0	615.94	0
201	1	6	83	3	1	456.98	0
201	1	6	84	1	0	932.52	0
201	1	6	85	9	1	548.62	0
201	1	6	86	5	1	661.68	0
201	1	6	87	5	1	586.21	0
201	1	6	88	3	1	706.76	0
201	1	6	89	1	1	663.7	0
201	1	6	90	9	1	399.81	0
201	1	6	91	9	1	519.5	0
201	1	6	92	7	1	670.94	0
201	1	6	93	7	1	588.25	0
201	1	6	94	11	0	736.26	0
201	1	6	95	11	1	478.3	0
201	1	6	96	7	1	712.73	0
201	1	6	97	11	0	695.1	0
201	1	6	98	1	1	1579.6	0
201	1	6	99	7	0	592.63	0
201	1	6	100	5	0	555.99	0
201	1	6	101	5	1	741.31	0
201	1	6	102	11	1	427.21	0
201	1	6	103	9	1	632.54	0
201	1	6	104	1	0	865.49	0
201	1	6	105	7	1	657.65	0
201	1	6	106	3	1	599.97	0
201	1	6	107	5	1	729.62	0
201	1	6	108	11	1	681.03	0
201	1	6	109	9	0	481.8	0
201	1	6	110	9	1	499.11	0
201	1	6	111	7	0	630.24	0
201	1	6	112	7	1	657.99	0
201	1	6	113	9	1	781.85	0
201	1	6	114	11	1	673.75	0
201	1	6	115	9	0	638.61	0
201	1	6	116	9	1	679.82	0
201	1	6	117	11	1	426.7	0
201	1	6	118	3	0	714.61	0
201	1	6	119	9	1	570.76	0
201	1	6	120	1	1	710.81	0
201	2	6	1	2	1	572.3	0
201	2	6	2	8	1	688.5	0
201	2	6	3	2	1	617.79	0
201	2	6	4	8	1	778.52	0
201	2	6	5	8	1	590.35	0
201	2	6	6	4	0	537.9	0
201	2	6	7	4	1	404.18	0
201	2	6	8	10	1	602.42	0
201	2	6	9	6	1	784.33	0
201	2	6	10	10	1	773.59	0
201	2	6	11	2	1	902.85	0
201	2	6	12	2	1	743.53	0
201	2	6	13	10	1	711.83	0
201	2	6	14	12	1	598.09	0
201	2	6	15	2	1	550.84	0
201	2	6	16	10	0	468.9	0
201	2	6	17	6	1	1601.7	0
201	2	6	18	4	0	552.3	0
201	2	6	19	4	1	523.98	0
201	2	6	20	6	1	761.68	0
201	2	6	21	2	0	663.01	0
201	2	6	22	10	0	591.22	0
201	2	6	23	12	1	1044.8	0
201	2	6	24	8	1	671.58	0
201	2	6	25	10	1	489.94	0
201	2	6	26	12	0	687.98	0
201	2	6	27	8	0	721.92	0
201	2	6	28	4	1	772.19	0
201	2	6	29	4	1	665.77	0
201	2	6	30	6	0	773.59	0
201	2	6	31	8	1	981.63	0
201	2	6	32	10	0	481.96	0
201	2	6	33	6	1	574.61	0
201	2	6	34	12	1	742.22	0
201	2	6	35	10	0	1296.1	0
201	2	6	36	10	1	602.01	0
201	2	6	37	8	0	847.65	0
201	2	6	38	10	1	415.05	0
201	2	6	39	4	0	672.29	0
201	2	6	40	4	1	996.97	0
201	2	6	41	4	1	650.23	0
201	2	6	42	8	0	637.71	0
201	2	6	43	12	0	766.42	0
201	2	6	44	2	1	942.13	0
201	2	6	45	12	1	1434.7	0
201	2	6	46	4	1	809.65	0
201	2	6	47	2	0	595.8	0
201	2	6	48	6	1	943.68	0
201	2	6	49	10	0	554.68	0
201	2	6	50	6	0	663.75	0
201	2	6	51	8	1	676.86	0
201	2	6	52	2	1	686.12	0
201	2	6	53	12	0	691.75	0
201	2	6	54	6	1	690.54	0
201	2	6	55	10	0	864.39	0
201	2	6	56	12	1	769.26	0
201	2	6	57	8	0	639.07	0
201	2	6	58	6	1	442.25	0
201	2	6	59	4	1	521.13	0
201	2	6	60	2	1	544.06	0
201	2	6	61	2	1	970.21	0
201	2	6	62	8	0	556.98	0
201	2	6	63	8	1	731.6	0
201	2	6	64	2	1	590.18	0
201	2	6	65	4	1	763.58	0
201	2	6	66	8	1	702.7	0
201	2	6	67	4	0	528.31	0
201	2	6	68	8	0	602.36	0
201	2	6	69	8	1	878.34	0
201	2	6	70	6	1	540.2	0
201	2	6	71	12	0	649.54	0
201	2	6	72	10	0	1097.3	0
201	2	6	73	12	1	720.06	0
201	2	6	74	6	0	801.9	0
201	2	6	75	12	0	514.32	0
201	2	6	76	2	1	637.24	0
201	2	6	77	8	1	947.44	0
201	2	6	78	12	1	734.7	0
201	2	6	79	6	1	764.14	0
201	2	6	80	4	1	521.69	0
201	2	6	81	6	1	525.69	0
201	2	6	82	6	0	931.95	0
201	2	6	83	8	1	592.55	0
201	2	6	84	4	0	623.26	0
201	2	6	85	10	1	504.07	0
201	2	6	86	4	1	1298.1	0
201	2	6	87	10	1	649.79	0
201	2	6	88	2	0	664.59	0
201	2	6	89	2	1	567.62	0
201	2	6	90	8	1	409.75	0
201	2	6	91	12	1	631.61	0
201	2	6	92	10	0	783.93	0
201	2	6	93	6	1	547.73	0
201	2	6	94	2	1	624.64	0
201	2	6	95	4	1	1349.3	0
201	2	6	96	12	1	598.08	0
201	2	6	97	10	0	712.31	0
201	2	6	98	12	1	555	0
201	2	6	99	12	1	596.64	0
201	2	6	100	6	0	663.08	0
201	2	6	101	2	1	616.48	0
201	2	6	102	6	1	621.15	0
201	2	6	103	2	1	478.79	0
201	2	6	104	2	1	774.49	0
201	2	6	105	10	0	718.82	0
201	2	6	106	6	0	713.62	0
201	2	6	107	8	1	811.25	0
201	2	6	108	4	1	637.48	0
201	2	6	109	10	1	789.89	0
201	2	6	110	12	1	626.09	0
201	2	6	111	8	1	475.64	0
201	2	6	112	12	1	476.16	0
201	2	6	113	10	1	562.85	0
201	2	6	114	2	1	573	0
201	2	6	115	4	1	574.41	0
201	2	6	116	6	1	698.87	0
201	2	6	117	12	1	675.18	0
201	2	6	118	6	0	768.5	0
201	2	6	119	12	1	823.79	0
201	2	6	120	4	0	692.69	0
201	5	6	1	6	1	952.16	0
201	5	6	2	3	1	397.03	0
201	5	6	3	4	0	611.6	0
201	5	6	4	3	1	483.18	0
201	5	6	5	1	1	525.28	0
201	5	6	6	2	0	563.77	0
201	5	6	7	6	0	800.25	0
201	5	6	8	12	1	436.93	0
201	5	6	9	10	1	729.02	0
201	5	6	10	5	1	768.36	0
201	5	6	11	3	1	801.21	0
201	5	6	12	5	1	862.02	0
201	5	6	13	10	1	733.27	0
201	5	6	14	8	0	743.82	0
201	5	6	15	4	0	773.91	0
201	5	6	16	9	1	863.33	0
201	5	6	17	10	1	623.48	0
201	5	6	18	6	0	745.57	0
201	5	6	19	8	1	822.98	0
201	5	6	20	2	1	743.08	0
201	5	6	21	9	1	421.87	0
201	5	6	22	3	1	545.82	0
201	5	6	23	8	1	776.42	0
201	5	6	24	12	0	679.13	0
201	5	6	25	12	1	762.96	0
201	5	6	26	5	1	635.62	0
201	5	6	27	11	1	608.87	0
201	5	6	28	6	1	775.85	0
201	5	6	29	6	1	532.63	0
201	5	6	30	9	1	637.45	0
201	5	6	31	12	0	737.62	0
201	5	6	32	11	0	819	0
201	5	6	33	9	0	541.37	0
201	5	6	34	11	0	1157.2	0
201	5	6	35	7	0	783.93	0
201	5	6	36	1	1	503.16	0
201	5	6	37	9	1	522.15	0
201	5	6	38	9	1	786.77	0
201	5	6	39	8	0	666.6	0
201	5	6	40	10	0	605.16	0
201	5	6	41	7	0	525.16	0
201	5	6	42	2	1	866.35	0
201	5	6	43	4	0	916.6	0
201	5	6	44	2	0	760.37	0
201	5	6	45	10	1	925.95	0
201	5	6	46	6	0	725.27	0
201	5	6	47	11	1	866.46	0
201	5	6	48	11	1	523.92	0
201	5	6	49	4	0	664.13	0
201	5	6	50	7	1	567.46	0
201	5	6	51	5	1	536.38	0
201	5	6	52	1	0	711.99	0
201	5	6	53	12	0	665.07	0
201	5	6	54	2	1	439.25	0
201	5	6	55	1	1	1062	0
201	5	6	56	6	1	916.13	0
201	5	6	57	8	1	826	0
201	5	6	58	10	0	432.55	0
201	5	6	59	1	1	712.68	0
201	5	6	60	1	0	653.32	0
201	5	6	61	2	1	474.16	0
201	5	6	62	9	1	885.77	0
201	5	6	63	4	1	533.19	0
201	5	6	64	12	0	588.89	0
201	5	6	65	10	1	1664.6	0
201	5	6	66	3	1	678.42	0
201	5	6	67	3	0	739.17	0
201	5	6	68	6	1	549.35	0
201	5	6	69	3	1	607.11	0
201	5	6	70	1	0	455.97	0
201	5	6	71	5	0	686.55	0
201	5	6	72	11	0	506.01	0
201	5	6	73	1	1	433.99	0
201	5	6	74	10	1	852.29	0
201	5	6	75	3	0	695.22	0
201	5	6	76	5	1	538.41	0
201	5	6	77	1	1	471.3	0
201	5	6	78	4	0	732.42	0
201	5	6	79	12	1	671.31	0
201	5	6	80	4	0	622.62	0
201	5	6	81	2	1	1163.6	0
201	5	6	82	4	1	900.34	0
201	5	6	83	7	0	491.26	0
201	5	6	84	6	0	838.51	0
201	5	6	85	7	0	651.02	0
201	5	6	86	1	1	559.21	0
201	5	6	87	10	0	729.07	0
201	5	6	88	4	1	701.95	0
201	5	6	89	11	1	634.78	0
201	5	6	90	2	1	637.47	0
201	5	6	91	12	0	491.18	0
201	5	6	92	5	1	565.57	0
201	5	6	93	7	1	520.63	0
201	5	6	94	2	1	1009.5	0
201	5	6	95	10	1	671.4	0
201	5	6	96	5	1	1140.1	0
201	5	6	97	7	1	1327.5	0
201	5	6	98	12	1	640.87	0
201	5	6	99	2	1	495.41	0
201	5	6	100	12	1	603.63	0
201	5	6	101	5	1	583.6	0
201	5	6	102	8	1	805.79	0
201	5	6	103	7	0	546.22	0
201	5	6	104	8	1	682.48	0
201	5	6	105	8	1	506.77	0
201	5	6	106	3	1	621.4	0
201	5	6	107	3	1	704.02	0
201	5	6	108	11	1	706.18	0
201	5	6	109	7	0	514.25	0
201	5	6	110	11	1	899.06	0
201	5	6	111	9	0	586.54	0
201	5	6	112	5	1	548.36	0
201	5	6	113	7	0	534.44	0
201	5	6	114	9	1	777.54	0
201	5	6	115	11	0	377.33	0
201	5	6	116	9	0	552.84	0
201	5	6	117	8	1	867.91	0
201	5	6	118	4	0	727.51	0
201	5	6	119	6	0	758.5	0
201	5	6	120	8	1	531.62	0
201	5	6	1	5	0	557.74	0
201	5	6	2	2	1	743.74	0
201	5	6	3	1	0	474.35	0
201	5	6	4	9	1	437.22	0
201	5	6	5	10	0	587.3	0
201	5	6	6	9	0	508.41	0
201	5	6	7	6	0	730.15	0
201	5	6	8	5	1	1202.1	0
201	5	6	9	8	1	665.59	0
201	5	6	10	3	0	1342.2	0
201	5	6	11	7	0	797.54	0
201	5	6	12	12	0	559.02	0
201	5	6	13	9	0	709.43	0
201	5	6	14	1	1	682.38	0
201	5	6	15	2	1	925.8	0
201	5	6	16	4	1	594.32	0
201	5	6	17	1	0	429.29	0
201	5	6	18	10	1	1222	0
201	5	6	19	7	1	601.11	0
201	5	6	20	1	0	781.54	0
201	5	6	21	11	0	852.61	0
201	5	6	22	11	0	549.54	0
201	5	6	23	2	1	654.24	0
201	5	6	24	2	1	596.37	0
201	5	6	25	4	1	587.3	0
201	5	6	26	2	1	500.38	0
201	5	6	27	9	1	764.74	0
201	5	6	28	3	1	625.72	0
201	5	6	29	7	1	775.25	0
201	5	6	30	3	1	549.96	0
201	5	6	31	11	1	640.13	0
201	5	6	32	8	0	889.74	0
201	5	6	33	5	1	819.44	0
201	5	6	34	7	0	1308.3	0
201	5	6	35	4	1	562.24	0
201	5	6	36	2	1	586.23	0
201	5	6	37	10	1	641.89	0
201	5	6	38	12	1	698.48	0
201	5	6	39	6	1	594.35	0
201	5	6	40	11	1	706.61	0
201	5	6	41	9	1	463.19	0
201	5	6	42	12	1	570.31	0
201	5	6	43	1	1	549.05	0
201	5	6	44	8	0	800.9	0
201	5	6	45	5	1	645.84	0
201	5	6	46	3	0	552.97	0
201	5	6	47	6	1	586.31	0
201	5	6	48	8	1	1292.2	0
201	5	6	49	4	0	400.42	0
201	5	6	50	1	1	629.78	0
201	5	6	51	4	1	670.62	0
201	5	6	52	11	1	591.31	0
201	5	6	53	8	1	581.18	0
201	5	6	54	7	1	865.63	0
201	5	6	55	12	0	769.39	0
201	5	6	56	3	1	503.88	0
201	5	6	57	2	1	538.6	0
201	5	6	58	11	1	721.07	0
201	5	6	59	2	1	1346	0
201	5	6	60	5	1	631.85	0
201	5	6	61	6	1	627.23	0
201	5	6	62	3	0	486.25	0
201	5	6	63	1	0	736.47	0
201	5	6	64	3	0	681.68	0
201	5	6	65	4	0	577.23	0
201	5	6	66	4	1	435.63	0
201	5	6	67	6	0	711.03	0
201	5	6	68	5	1	1180	0
201	5	6	69	12	1	571.12	0
201	5	6	70	8	1	414.64	0
201	5	6	71	11	1	700.2	0
201	5	6	72	7	0	543.32	0
201	5	6	73	5	1	491.81	0
201	5	6	74	6	0	567.68	0
201	5	6	75	6	0	427.49	0
201	5	6	76	12	1	591.64	0
201	5	6	77	12	1	438.47	0
201	5	6	78	1	1	686.88	0
201	5	6	79	4	0	594.01	0
201	5	6	80	5	1	780.13	0
201	5	6	81	10	1	530.8	0
201	5	6	82	1	1	479.94	0
201	5	6	83	4	1	958.08	0
201	5	6	84	10	1	532.62	0
201	5	6	85	7	1	495.48	0
201	5	6	86	11	0	492.43	0
201	5	6	87	7	1	786.26	0
201	5	6	88	7	1	904.97	0
201	5	6	89	8	1	798.64	0
201	5	6	90	6	1	637.94	0
201	5	6	91	5	1	673.54	0
201	5	6	92	11	1	532.56	0
201	5	6	93	8	0	883.33	0
201	5	6	94	3	1	812.75	0
201	5	6	95	10	1	692.72	0
201	5	6	96	10	1	511.25	0
201	5	6	97	12	1	536.75	0
201	5	6	98	8	1	863.26	0
201	5	6	99	12	1	681.5	0
201	5	6	100	6	0	672.68	0
201	5	6	101	5	0	511.79	0
201	5	6	102	4	1	768.4	0
201	5	6	103	12	1	413.29	0
201	5	6	104	9	1	569.2	0
201	5	6	105	6	1	593.23	0
201	5	6	106	2	1	553.25	0
201	5	6	107	2	1	500.39	0
201	5	6	108	10	0	484.41	0
201	5	6	109	9	1	560.43	0
201	5	6	110	8	0	490.57	0
201	5	6	111	10	1	769.85	0
201	5	6	112	9	1	442.42	0
201	5	6	113	7	0	656.36	0
201	5	6	114	9	1	467.41	0
201	5	6	115	1	1	609.25	0
201	5	6	116	9	1	1022.8	0
201	5	6	117	10	1	898.47	0
201	5	6	118	11	0	516.83	0
201	5	6	119	3	1	454.99	0
201	5	6	120	3	1	618.54	0
