3600
204	2	2	1	2	1	768.63	0
204	2	2	2	6	1	575.44	0
204	2	2	3	8	1	486.67	0
204	2	2	4	10	0	627.38	0
204	2	2	5	6	1	718.91	0
204	2	2	6	6	1	480.4	0
204	2	2	7	12	0	803	0
204	2	2	8	8	0	536.15	0
204	2	2	9	8	1	459.86	0
204	2	2	10	8	0	636.68	0
204	2	2	11	4	1	488.03	0
204	2	2	12	10	1	553.16	0
204	2	2	13	10	0	589.48	0
204	2	2	14	2	0	560.46	0
204	2	2	15	8	0	503.55	0
204	2	2	16	12	0	791.35	0
204	2	2	17	12	1	731.67	0
204	2	2	18	2	1	790.88	0
204	2	2	19	4	0	588.41	0
204	2	2	20	12	1	710.01	0
204	2	2	21	12	1	450.29	0
204	2	2	22	8	1	677.46	0
204	2	2	23	2	0	2066.6	0
204	2	2	24	6	0	807.41	0
204	2	2	25	4	0	837	0
204	2	2	26	12	1	635.72	0
204	2	2	27	10	1	513.41	0
204	2	2	28	2	0	802.17	0
204	2	2	29	4	0	740.37	0
204	2	2	30	12	0	839.51	0
204	2	2	31	2	0	502.06	0
204	2	2	32	2	1	671.37	0
204	2	2	33	8	0	613.55	0
204	2	2	34	2	1	558.72	0
204	2	2	35	8	0	522.38	0
204	2	2	36	10	0	538.74	0
204	2	2	37	10	0	897.69	0
204	2	2	38	6	0	762.25	0
204	2	2	39	10	0	2555.4	0
204	2	2	40	10	1	456.69	0
204	2	2	41	4	1	599.31	0
204	2	2	42	12	0	406.21	0
204	2	2	43	6	1	576.33	0
204	2	2	44	6	1	788.16	0
204	2	2	45	4	1	774.96	0
204	2	2	46	2	0	823.02	0
204	2	2	47	4	0	886.94	0
204	2	2	48	6	0	758.87	0
204	2	2	49	4	0	650.66	0
204	2	2	50	4	1	509.38	0
204	2	2	51	12	1	656.09	0
204	2	2	52	4	0	649.03	0
204	2	2	53	4	0	606.17	0
204	2	2	54	8	1	627.01	0
204	2	2	55	4	1	482.89	0
204	2	2	56	4	1	561.64	0
204	2	2	57	2	0	605.06	0
204	2	2	58	2	1	497.85	0
204	2	2	59	2	1	472.46	0
204	2	2	60	10	0	482.75	0
204	2	2	61	2	1	635.26	0
204	2	2	62	4	0	648.83	0
204	2	2	63	4	1	487.81	0
204	2	2	64	6	1	556.14	0
204	2	2	65	6	1	563.03	0
204	2	2	66	8	0	735.46	0
204	2	2	67	2	1	660.34	0
204	2	2	68	2	1	549.09	0
204	2	2	69	8	1	691.13	0
204	2	2	70	10	1	636.42	0
204	2	2	71	10	1	602.32	0
204	2	2	72	8	1	1178.1	0
204	2	2	73	12	0	688.37	0
204	2	2	74	8	1	566.75	0
204	2	2	75	10	1	864.08	0
204	2	2	76	6	0	728.95	0
204	2	2	77	6	1	631.93	0
204	2	2	78	6	0	982.46	0
204	2	2	79	2	1	723.27	0
204	2	2	80	10	1	784.4	0
204	2	2	81	8	1	500.5	0
204	2	2	82	6	1	421.75	0
204	2	2	83	2	1	557.44	0
204	2	2	84	2	1	503.1	0
204	2	2	85	6	0	608.36	0
204	2	2	86	8	1	799.23	0
204	2	2	87	6	1	539.58	0
204	2	2	88	8	1	783.18	0
204	2	2	89	4	0	415.39	0
204	2	2	90	12	0	424.32	0
204	2	2	91	12	1	765.03	0
204	2	2	92	12	1	878.25	0
204	2	2	93	8	1	589.23	0
204	2	2	94	6	1	430.13	0
204	2	2	95	6	1	485.13	0
204	2	2	96	4	1	723.83	0
204	2	2	97	12	0	601.87	0
204	2	2	98	10	1	599.36	0
204	2	2	99	10	1	811.15	0
204	2	2	100	6	1	796.25	0
204	2	2	101	12	0	547.78	0
204	2	2	102	10	0	986.24	0
204	2	2	103	4	1	833.47	0
204	2	2	104	4	1	594.83	0
204	2	2	105	10	1	1003	0
204	2	2	106	10	1	579.29	0
204	2	2	107	8	1	799.74	0
204	2	2	108	8	1	538.19	0
204	2	2	109	4	0	780.1	0
204	2	2	110	10	1	544.37	0
204	2	2	111	12	1	1003.2	0
204	2	2	112	12	1	620.94	0
204	2	2	113	6	1	658.47	0
204	2	2	114	2	1	564.22	0
204	2	2	115	12	1	611.49	0
204	2	2	116	8	1	634.49	0
204	2	2	117	2	1	775.84	0
204	2	2	118	10	1	707.31	0
204	2	2	119	12	0	734.19	0
204	2	2	120	12	0	757.48	0
204	1	2	1	7	0	990.42	0
204	1	2	2	3	0	698.45	0
204	1	2	3	5	1	1001.9	0
204	1	2	4	7	1	533.07	0
204	1	2	5	9	0	807.11	0
204	1	2	6	9	1	836.75	0
204	1	2	7	1	1	441.32	0
204	1	2	8	7	0	501.08	0
204	1	2	9	3	0	874.06	0
204	1	2	10	7	1	653.02	0
204	1	2	11	1	0	620.31	0
204	1	2	12	9	0	573.44	0
204	1	2	13	11	1	460.99	0
204	1	2	14	1	0	568.37	0
204	1	2	15	9	1	517.44	0
204	1	2	16	11	1	431.44	0
204	1	2	17	9	0	660.58	0
204	1	2	18	5	1	900.36	0
204	1	2	19	3	1	529.84	0
204	1	2	20	5	0	732.08	0
204	1	2	21	7	1	592.73	0
204	1	2	22	11	0	714.98	0
204	1	2	23	5	0	859.35	0
204	1	2	24	9	1	533.85	0
204	1	2	25	11	1	871.74	0
204	1	2	26	11	1	442.97	0
204	1	2	27	1	1	562.95	0
204	1	2	28	9	1	489.7	0
204	1	2	29	7	1	676.69	0
204	1	2	30	1	0	805.15	0
204	1	2	31	9	1	590.24	0
204	1	2	32	7	1	607.15	0
204	1	2	33	11	0	520.72	0
204	1	2	34	11	1	665.79	0
204	1	2	35	9	1	859.66	0
204	1	2	36	1	1	596.64	0
204	1	2	37	5	1	438.03	0
204	1	2	38	9	1	804.5	0
204	1	2	39	3	1	1213.9	0
204	1	2	40	11	1	545.81	0
204	1	2	41	1	0	488.2	0
204	1	2	42	7	1	691.7	0
204	1	2	43	3	1	523.36	0
204	1	2	44	7	1	520.72	0
204	1	2	45	1	1	638.18	0
204	1	2	46	1	1	411.52	0
204	1	2	47	3	1	1669.9	0
204	1	2	48	1	1	598.81	0
204	1	2	49	5	0	639.32	0
204	1	2	50	11	1	445.08	0
204	1	2	51	3	1	929.39	0
204	1	2	52	11	1	496.12	0
204	1	2	53	3	1	541.26	0
204	1	2	54	3	1	591.28	0
204	1	2	55	11	1	638.69	0
204	1	2	56	7	1	798.6	0
204	1	2	57	9	0	795.03	0
204	1	2	58	7	0	430.67	0
204	1	2	59	3	0	634.18	0
204	1	2	60	11	1	691.13	0
204	1	2	61	7	1	536.95	0
204	1	2	62	5	1	446.67	0
204	1	2	63	11	1	623.09	0
204	1	2	64	7	1	769.12	0
204	1	2	65	5	0	609.13	0
204	1	2	66	5	1	618.79	0
204	1	2	67	9	1	715.95	0
204	1	2	68	1	1	602.94	0
204	1	2	69	3	1	547.91	0
204	1	2	70	5	1	588.17	0
204	1	2	71	1	1	523.26	0
204	1	2	72	1	1	494.99	0
204	1	2	73	11	1	557.44	0
204	1	2	74	1	1	717.33	0
204	1	2	75	3	1	810.83	0
204	1	2	76	5	1	548.1	0
204	1	2	77	3	1	874.08	0
204	1	2	78	1	0	640.89	0
204	1	2	79	3	0	645.29	0
204	1	2	80	11	1	560.74	0
204	1	2	81	11	1	494.28	0
204	1	2	82	3	1	648.93	0
204	1	2	83	1	0	672.03	0
204	1	2	84	9	1	705.62	0
204	1	2	85	9	1	658.88	0
204	1	2	86	5	1	451.01	0
204	1	2	87	9	0	629.99	0
204	1	2	88	7	1	578.68	0
204	1	2	89	1	0	664.83	0
204	1	2	90	7	1	513.25	0
204	1	2	91	3	0	732.73	0
204	1	2	92	5	1	846.26	0
204	1	2	93	7	0	491.98	0
204	1	2	94	9	0	458.14	0
204	1	2	95	5	1	785.01	0
204	1	2	96	5	1	1448.9	0
204	1	2	97	7	1	896.42	0
204	1	2	98	3	1	587.08	0
204	1	2	99	9	0	566.53	0
204	1	2	100	3	1	595.48	0
204	1	2	101	11	1	826.03	0
204	1	2	102	7	0	1536.9	0
204	1	2	103	11	0	993.56	0
204	1	2	104	1	1	764.78	0
204	1	2	105	9	1	666.16	0
204	1	2	106	5	0	768.2	0
204	1	2	107	1	0	514.86	0
204	1	2	108	9	0	846.82	0
204	1	2	109	11	1	784.16	0
204	1	2	110	3	0	829.28	0
204	1	2	111	9	1	615.86	0
204	1	2	112	5	0	828.67	0
204	1	2	113	7	1	718.65	0
204	1	2	114	5	0	819.23	0
204	1	2	115	11	1	530.5	0
204	1	2	116	3	0	594.55	0
204	1	2	117	5	0	647.31	0
204	1	2	118	1	1	775.45	0
204	1	2	119	7	0	462.59	0
204	1	2	120	5	0	662.93	0
204	3	2	1	12	1	626.36	0
204	3	2	2	3	1	696.13	0
204	3	2	3	10	1	590.58	0
204	3	2	4	8	1	581.55	0
204	3	2	5	12	0	685.02	0
204	3	2	6	1	0	746.76	0
204	3	2	7	5	1	771.07	0
204	3	2	8	12	1	1075.1	0
204	3	2	9	3	1	719.66	0
204	3	2	10	12	1	726.14	0
204	3	2	11	1	0	704.86	0
204	3	2	12	5	0	489.63	0
204	3	2	13	3	1	726.82	0
204	3	2	14	5	1	724.46	0
204	3	2	15	10	0	626.95	0
204	3	2	16	12	1	972.85	0
204	3	2	17	8	1	689	0
204	3	2	18	1	0	528.78	0
204	3	2	19	5	0	856.73	0
204	3	2	20	10	0	737.99	0
204	3	2	21	8	1	706.78	0
204	3	2	22	3	1	622.91	0
204	3	2	23	3	1	729.42	0
204	3	2	24	8	0	547.84	0
204	3	2	25	5	1	511.82	0
204	3	2	26	10	1	442.35	0
204	3	2	27	10	1	586.99	0
204	3	2	28	8	1	614.23	0
204	3	2	29	10	0	618.08	0
204	3	2	30	8	1	560.14	0
204	3	2	31	3	1	536.48	0
204	3	2	32	12	1	543.26	0
204	3	2	33	8	1	970.8	0
204	3	2	34	12	1	564.07	0
204	3	2	35	1	1	764.75	0
204	3	2	36	3	1	976.54	0
204	3	2	37	5	0	1078.6	0
204	3	2	38	5	1	698.18	0
204	3	2	39	10	0	739.18	0
204	3	2	40	1	1	840.31	0
204	3	2	41	1	1	478.72	0
204	3	2	42	5	0	518.71	0
204	3	2	43	10	1	514.28	0
204	3	2	44	12	1	932.14	0
204	3	2	45	3	1	617.04	0
204	3	2	46	3	1	566.62	0
204	3	2	47	5	1	665.93	0
204	3	2	48	8	1	1061.6	0
204	3	2	49	12	1	612.99	0
204	3	2	50	1	0	847.69	0
204	3	2	51	1	1	638.2	0
204	3	2	52	12	1	442.53	0
204	3	2	53	10	0	587.1	0
204	3	2	54	1	0	652.01	0
204	3	2	55	8	0	519.73	0
204	3	2	56	12	0	778.09	0
204	3	2	57	5	1	575.63	0
204	3	2	58	12	1	480.29	0
204	3	2	59	3	1	565.66	0
204	3	2	60	12	1	1142.4	0
204	3	2	61	1	0	724.41	0
204	3	2	62	10	1	637.26	0
204	3	2	63	5	1	1633.5	0
204	3	2	64	1	0	631.22	0
204	3	2	65	10	0	610.84	0
204	3	2	66	3	1	597.01	0
204	3	2	67	3	0	1533.6	0
204	3	2	68	3	1	789.48	0
204	3	2	69	8	0	1202.4	0
204	3	2	70	10	1	492.83	0
204	3	2	71	3	1	610.92	0
204	3	2	72	1	1	1251.7	0
204	3	2	73	3	1	560.51	0
204	3	2	74	3	1	838.89	0
204	3	2	75	5	1	560.43	0
204	3	2	76	5	1	642.8	0
204	3	2	77	5	1	1040.4	0
204	3	2	78	3	0	698.44	0
204	3	2	79	10	1	442.26	0
204	3	2	80	8	0	625.04	0
204	3	2	81	5	1	958.73	0
204	3	2	82	8	0	887.22	0
204	3	2	83	1	1	1096.4	0
204	3	2	84	12	1	482.32	0
204	3	2	85	10	0	543.12	0
204	3	2	86	5	1	600.88	0
204	3	2	87	3	0	713.32	0
204	3	2	88	12	1	643.99	0
204	3	2	89	10	1	705.32	0
204	3	2	90	5	0	624.92	0
204	3	2	91	10	0	742.4	0
204	3	2	92	1	1	507.95	0
204	3	2	93	8	1	667.43	0
204	3	2	94	12	0	665.72	0
204	3	2	95	5	0	788.98	0
204	3	2	96	10	0	791.35	0
204	3	2	97	8	1	380.02	0
204	3	2	98	10	1	558.51	0
204	3	2	99	1	0	551.16	0
204	3	2	100	8	0	824.19	0
204	3	2	101	10	0	734.67	0
204	3	2	102	10	1	487.36	0
204	3	2	103	12	1	847.88	0
204	3	2	104	5	0	633.17	0
204	3	2	105	1	1	556.42	0
204	3	2	106	12	0	654.32	0
204	3	2	107	3	1	969.05	0
204	3	2	108	8	0	639.55	0
204	3	2	109	8	1	664.09	0
204	3	2	110	1	1	825.93	0
204	3	2	111	12	1	572.06	0
204	3	2	112	1	0	498.81	0
204	3	2	113	1	1	542.09	0
204	3	2	114	8	0	479.98	0
204	3	2	115	12	1	519.91	0
204	3	2	116	1	1	565.32	0
204	3	2	117	3	1	949.42	0
204	3	2	118	8	0	525.82	0
204	3	2	119	5	0	558.4	0
204	3	2	120	8	0	440.92	0
204	4	2	1	6	1	509.73	0
204	4	2	2	4	0	573.46	0
204	4	2	3	2	1	877.88	0
204	4	2	4	9	1	411.82	0
204	4	2	5	2	1	445.11	0
204	4	2	6	9	0	773.68	0
204	4	2	7	6	1	882.17	0
204	4	2	8	7	0	553.46	0
204	4	2	9	2	0	710.07	0
204	4	2	10	2	1	1302.9	0
204	4	2	11	2	1	380.09	0
204	4	2	12	2	1	798.81	0
204	4	2	13	11	1	493.32	0
204	4	2	14	9	0	482.79	0
204	4	2	15	11	1	606.49	0
204	4	2	16	4	1	573.92	0
204	4	2	17	6	1	501.02	0
204	4	2	18	11	1	565.51	0
204	4	2	19	4	1	1211.6	0
204	4	2	20	11	1	566.25	0
204	4	2	21	2	1	457.16	0
204	4	2	22	11	1	604.56	0
204	4	2	23	4	0	571.25	0
204	4	2	24	4	0	591.37	0
204	4	2	25	11	1	686.82	0
204	4	2	26	9	0	650.01	0
204	4	2	27	4	1	529.54	0
204	4	2	28	4	1	537.14	0
204	4	2	29	9	1	858.39	0
204	4	2	30	11	1	526.46	0
204	4	2	31	6	1	477.41	0
204	4	2	32	2	0	844.89	0
204	4	2	33	9	0	762.69	0
204	4	2	34	9	1	475.38	0
204	4	2	35	4	1	569.23	0
204	4	2	36	7	0	657.68	0
204	4	2	37	9	1	520.37	0
204	4	2	38	4	1	614.53	0
204	4	2	39	2	1	1357.4	0
204	4	2	40	4	0	730.08	0
204	4	2	41	2	1	690.12	0
204	4	2	42	2	1	687.45	0
204	4	2	43	7	0	546.86	0
204	4	2	44	2	0	690.56	0
204	4	2	45	7	1	653.4	0
204	4	2	46	11	1	771.32	0
204	4	2	47	6	1	872.53	0
204	4	2	48	4	1	591.22	0
204	4	2	49	6	1	722.27	0
204	4	2	50	6	1	568.31	0
204	4	2	51	9	1	700.52	0
204	4	2	52	7	0	595.47	0
204	4	2	53	6	1	634.6	0
204	4	2	54	4	0	437.18	0
204	4	2	55	4	1	630.3	0
204	4	2	56	9	0	639.35	0
204	4	2	57	2	0	633.39	0
204	4	2	58	2	1	657.33	0
204	4	2	59	4	1	796.8	0
204	4	2	60	11	1	431.58	0
204	4	2	61	11	1	673.78	0
204	4	2	62	2	1	1094.9	0
204	4	2	63	7	0	843.06	0
204	4	2	64	11	1	546.62	0
204	4	2	65	7	0	703.28	0
204	4	2	66	11	1	1392.5	0
204	4	2	67	9	1	590.07	0
204	4	2	68	2	1	716.84	0
204	4	2	69	7	0	1409.9	0
204	4	2	70	7	1	636.97	0
204	4	2	71	11	1	570.94	0
204	4	2	72	6	0	649.09	0
204	4	2	73	2	1	490.29	0
204	4	2	74	6	1	517.79	0
204	4	2	75	11	1	591.61	0
204	4	2	76	11	1	806.51	0
204	4	2	77	7	0	624.41	0
204	4	2	78	7	0	700.25	0
204	4	2	79	11	1	487.23	0
204	4	2	80	7	1	811.3	0
204	4	2	81	9	1	528.6	0
204	4	2	82	6	0	591.97	0
204	4	2	83	6	1	521.56	0
204	4	2	84	4	1	509.59	0
204	4	2	85	4	1	527.11	0
204	4	2	86	11	1	470.86	0
204	4	2	87	6	1	572.58	0
204	4	2	88	2	0	593.44	0
204	4	2	89	6	0	748.33	0
204	4	2	90	4	1	613.97	0
204	4	2	91	11	0	539.22	0
204	4	2	92	7	1	795.87	0
204	4	2	93	9	1	648.91	0
204	4	2	94	9	0	477.15	0
204	4	2	95	4	1	487.46	0
204	4	2	96	7	1	561.76	0
204	4	2	97	2	1	505.16	0
204	4	2	98	7	0	713.15	0
204	4	2	99	7	1	790.66	0
204	4	2	100	7	1	652.07	0
204	4	2	101	9	1	575.21	0
204	4	2	102	7	1	503.91	0
204	4	2	103	9	1	412.93	0
204	4	2	104	7	1	670.04	0
204	4	2	105	7	1	539.14	0
204	4	2	106	9	0	723.14	0
204	4	2	107	6	1	637.87	0
204	4	2	108	9	1	491.1	0
204	4	2	109	6	1	875.92	0
204	4	2	110	6	1	425.31	0
204	4	2	111	11	1	573.92	0
204	4	2	112	9	1	697.46	0
204	4	2	113	11	0	818.34	0
204	4	2	114	6	0	634.21	0
204	4	2	115	9	1	809.25	0
204	4	2	116	2	1	698.64	0
204	4	2	117	6	1	622.11	0
204	4	2	118	6	1	482.53	0
204	4	2	119	4	1	755.26	0
204	4	2	120	4	1	666.46	0
204	5	2	1	4	0	509.64	0
204	5	2	2	2	1	569.15	0
204	5	2	3	10	1	851.96	0
204	5	2	4	11	1	515.37	0
204	5	2	5	1	0	710.41	0
204	5	2	6	9	1	345.22	0
204	5	2	7	12	0	736.86	0
204	5	2	8	12	1	422.7	0
204	5	2	9	7	1	681.28	0
204	5	2	10	6	1	993.35	0
204	5	2	11	6	0	637.16	0
204	5	2	12	3	0	579.06	0
204	5	2	13	10	1	532.46	0
204	5	2	14	2	1	468.4	0
204	5	2	15	9	1	708.63	0
204	5	2	16	5	1	588.74	0
204	5	2	17	7	1	558.01	0
204	5	2	18	11	1	514.65	0
204	5	2	19	5	0	551.33	0
204	5	2	20	10	0	470.55	0
204	5	2	21	12	0	810.43	0
204	5	2	22	12	0	518.63	0
204	5	2	23	8	0	641.96	0
204	5	2	24	6	0	924.69	0
204	5	2	25	9	0	688.6	0
204	5	2	26	8	0	1083.1	0
204	5	2	27	1	1	638.93	0
204	5	2	28	3	0	733.26	0
204	5	2	29	3	1	440.03	0
204	5	2	30	1	0	822.97	0
204	5	2	31	9	1	493.65	0
204	5	2	32	4	1	1267.7	0
204	5	2	33	11	1	621.93	0
204	5	2	34	7	0	775.76	0
204	5	2	35	5	0	834.21	0
204	5	2	36	3	0	585.32	0
204	5	2	37	2	0	619.01	0
204	5	2	38	6	1	488.38	0
204	5	2	39	11	1	714.38	0
204	5	2	40	9	0	1091.6	0
204	5	2	41	7	1	438.07	0
204	5	2	42	4	0	1042.9	0
204	5	2	43	2	1	669.21	0
204	5	2	44	6	0	306.87	0
204	5	2	45	11	0	709.83	0
204	5	2	46	12	1	765.04	0
204	5	2	47	10	0	606.48	0
204	5	2	48	4	1	980.16	0
204	5	2	49	1	1	567.94	0
204	5	2	50	5	0	573.44	0
204	5	2	51	4	1	589.97	0
204	5	2	52	7	1	404.26	0
204	5	2	53	3	1	713.02	0
204	5	2	54	11	1	659.8	0
204	5	2	55	1	1	480.86	0
204	5	2	56	2	1	811.77	0
204	5	2	57	11	0	626.14	0
204	5	2	58	7	1	677.87	0
204	5	2	59	8	0	570.75	0
204	5	2	60	7	0	522.74	0
204	5	2	61	2	1	483.34	0
204	5	2	62	5	1	393.87	0
204	5	2	63	5	0	730.85	0
204	5	2	64	8	1	1284.8	0
204	5	2	65	8	0	731.54	0
204	5	2	66	7	1	750.18	0
204	5	2	67	9	1	429.57	0
204	5	2	68	8	0	600.85	0
204	5	2	69	5	0	922.51	0
204	5	2	70	1	0	944.98	0
204	5	2	71	4	0	1271.8	0
204	5	2	72	3	1	703.2	0
204	5	2	73	7	1	612.67	0
204	5	2	74	4	0	665.59	0
204	5	2	75	9	1	978.14	0
204	5	2	76	1	1	764.51	0
204	5	2	77	8	1	543.5	0
204	5	2	78	12	0	651.18	0
204	5	2	79	6	0	538.21	0
204	5	2	80	11	0	1404.7	0
204	5	2	81	6	0	812.96	0
204	5	2	82	4	0	1251.7	0
204	5	2	83	5	0	727.36	0
204	5	2	84	12	1	1060.3	0
204	5	2	85	3	0	537.7	0
204	5	2	86	4	1	593.99	0
204	5	2	87	3	0	618.18	0
204	5	2	88	10	1	911.16	0
204	5	2	89	10	0	630.36	0
204	5	2	90	12	1	727.34	0
204	5	2	91	8	1	723.23	0
204	5	2	92	12	0	544.55	0
204	5	2	93	12	1	730.02	0
204	5	2	94	3	1	850.83	0
204	5	2	95	1	0	865.44	0
204	5	2	96	1	1	527.58	0
204	5	2	97	6	0	482.4	0
204	5	2	98	5	0	632.63	0
204	5	2	99	4	0	618.17	0
204	5	2	100	10	0	649.06	0
204	5	2	101	10	1	676.44	0
204	5	2	102	10	1	883.58	0
204	5	2	103	2	1	600.81	0
204	5	2	104	2	1	765.74	0
204	5	2	105	8	0	773.63	0
204	5	2	106	9	0	831.61	0
204	5	2	107	1	1	509.11	0
204	5	2	108	3	0	445.41	0
204	5	2	109	6	1	580.61	0
204	5	2	110	7	0	514.4	0
204	5	2	111	6	0	691.21	0
204	5	2	112	2	0	1060.2	0
204	5	2	113	2	1	463.58	0
204	5	2	114	11	1	606.65	0
204	5	2	115	11	1	482.05	0
204	5	2	116	9	0	666.07	0
204	5	2	117	8	1	606.88	0
204	5	2	118	9	1	605.69	0
204	5	2	119	10	1	778.01	0
204	5	2	120	5	1	497.02	0
204	5	2	1	8	1	685.68	0
204	5	2	2	8	0	485.59	0
204	5	2	3	2	1	557.26	0
204	5	2	4	1	0	812.24	0
204	5	2	5	12	1	672.62	0
204	5	2	6	12	0	713.12	0
204	5	2	7	4	0	3170.2	1
204	5	2	8	3	0	448.79	0
204	5	2	9	10	0	777.73	0
204	5	2	10	6	1	435.43	0
204	5	2	11	12	0	583.21	0
204	5	2	12	11	0	607.13	0
204	5	2	13	6	1	686.18	0
204	5	2	14	6	1	646.86	0
204	5	2	15	8	0	798.81	0
204	5	2	16	9	0	862.93	0
204	5	2	17	1	0	806.9	0
204	5	2	18	11	1	934.33	0
204	5	2	19	8	0	816.41	0
204	5	2	20	11	0	445.63	0
204	5	2	21	1	1	502.81	0
204	5	2	22	10	0	573.61	0
204	5	2	23	7	0	599.24	0
204	5	2	24	1	1	460.76	0
204	5	2	25	2	0	766.88	0
204	5	2	26	4	1	826.89	0
204	5	2	27	11	1	600.03	0
204	5	2	28	7	1	717.45	0
204	5	2	29	9	1	936.69	0
204	5	2	30	10	1	792.61	0
204	5	2	31	5	0	551.46	0
204	5	2	32	1	0	718.94	0
204	5	2	33	4	1	760.95	0
204	5	2	34	6	0	718.99	0
204	5	2	35	1	1	771.34	0
204	5	2	36	4	1	818.93	0
204	5	2	37	3	0	640.39	0
204	5	2	38	12	1	467.09	0
204	5	2	39	4	1	675.07	0
204	5	2	40	6	0	536.58	0
204	5	2	41	9	1	491.54	0
204	5	2	42	6	1	1120.4	0
204	5	2	43	2	0	730.5	0
204	5	2	44	3	0	656.34	0
204	5	2	45	4	0	645.71	0
204	5	2	46	5	0	477.82	0
204	5	2	47	9	1	548.18	0
204	5	2	48	9	0	653.95	0
204	5	2	49	2	1	996.98	0
204	5	2	50	5	0	598.54	0
204	5	2	51	8	1	618.64	0
204	5	2	52	12	0	713.7	0
204	5	2	53	7	0	571.79	0
204	5	2	54	9	1	882.84	0
204	5	2	55	7	0	637.78	0
204	5	2	56	7	1	536.19	0
204	5	2	57	2	1	1032.9	0
204	5	2	58	1	1	752.58	0
204	5	2	59	5	1	698.58	0
204	5	2	60	3	1	555.71	0
204	5	2	61	11	1	694.25	0
204	5	2	62	3	1	531.06	0
204	5	2	63	11	1	456.35	0
204	5	2	64	1	1	839.25	0
204	5	2	65	7	0	504.92	0
204	5	2	66	4	1	897.65	0
204	5	2	67	11	1	544.94	0
204	5	2	68	9	1	472.04	0
204	5	2	69	8	0	702.84	0
204	5	2	70	3	1	632.3	0
204	5	2	71	5	1	521.78	0
204	5	2	72	8	1	526.98	0
204	5	2	73	10	0	733.21	0
204	5	2	74	6	1	490.48	0
204	5	2	75	5	0	983.14	0
204	5	2	76	2	0	476.02	0
204	5	2	77	7	1	479.94	0
204	5	2	78	10	1	880.77	0
204	5	2	79	10	1	715.7	0
204	5	2	80	4	0	688.12	0
204	5	2	81	2	1	826.18	0
204	5	2	82	3	0	903.44	0
204	5	2	83	11	0	424.81	0
204	5	2	84	8	1	578.94	0
204	5	2	85	10	0	614.36	0
204	5	2	86	6	1	609.34	0
204	5	2	87	11	1	543.16	0
204	5	2	88	2	1	1030.5	0
204	5	2	89	5	0	464.04	0
204	5	2	90	12	1	565.08	0
204	5	2	91	8	1	477.01	0
204	5	2	92	12	1	475.23	0
204	5	2	93	8	0	693.25	0
204	5	2	94	4	0	850.9	0
204	5	2	95	7	1	723.39	0
204	5	2	96	12	1	597.63	0
204	5	2	97	11	1	543.71	0
204	5	2	98	4	0	753.38	0
204	5	2	99	10	1	463.92	0
204	5	2	100	2	1	952.39	0
204	5	2	101	9	1	597.41	0
204	5	2	102	10	0	839.15	0
204	5	2	103	3	1	713.71	0
204	5	2	104	3	1	1439.6	0
204	5	2	105	6	1	679.71	0
204	5	2	106	12	1	867.09	0
204	5	2	107	3	0	681.97	0
204	5	2	108	7	1	656.42	0
204	5	2	109	5	1	514.81	0
204	5	2	110	12	1	612.49	0
204	5	2	111	9	0	676.64	0
204	5	2	112	10	0	483.75	0
204	5	2	113	1	1	446.17	0
204	5	2	114	1	1	805.14	0
204	5	2	115	7	1	566.62	0
204	5	2	116	5	1	994.9	0
204	5	2	117	5	1	623.79	0
204	5	2	118	9	0	847.94	0
204	5	2	119	6	1	677.64	0
204	5	2	120	2	0	638.6	0
204	2	3	1	8	0	766.15	0
204	2	3	2	12	0	582.36	0
204	2	3	3	12	1	684.15	0
204	2	3	4	4	1	511.91	0
204	2	3	5	10	1	837.34	0
204	2	3	6	2	0	659.92	0
204	2	3	7	4	0	1007.3	0
204	2	3	8	8	1	806.54	0
204	2	3	9	2	1	1224.6	0
204	2	3	10	2	1	580.76	0
204	2	3	11	6	0	684.81	0
204	2	3	12	2	1	415.53	0
204	2	3	13	10	1	843.84	0
204	2	3	14	4	1	498.02	0
204	2	3	15	8	1	813.66	0
204	2	3	16	12	1	592.22	0
204	2	3	17	8	0	539.25	0
204	2	3	18	2	1	642.29	0
204	2	3	19	10	1	627.85	0
204	2	3	20	6	1	476.96	0
204	2	3	21	2	0	584.13	0
204	2	3	22	6	0	426.58	0
204	2	3	23	6	1	620.28	0
204	2	3	24	4	1	519.58	0
204	2	3	25	6	0	404.67	0
204	2	3	26	6	1	479.2	0
204	2	3	27	8	0	679.85	0
204	2	3	28	10	1	526.83	0
204	2	3	29	8	0	711.11	0
204	2	3	30	12	1	697.34	0
204	2	3	31	2	1	625.79	0
204	2	3	32	6	1	477.1	0
204	2	3	33	2	1	619.9	0
204	2	3	34	10	1	562.09	0
204	2	3	35	2	0	670.3	0
204	2	3	36	4	1	543.66	0
204	2	3	37	2	0	810.08	0
204	2	3	38	8	1	978.75	0
204	2	3	39	12	1	840.89	0
204	2	3	40	12	0	553.38	0
204	2	3	41	12	1	596.93	0
204	2	3	42	4	0	745.19	0
204	2	3	43	8	0	484.97	0
204	2	3	44	8	1	576.55	0
204	2	3	45	4	1	703.83	0
204	2	3	46	10	0	621.43	0
204	2	3	47	8	0	477.35	0
204	2	3	48	4	1	715.29	0
204	2	3	49	4	1	757.84	0
204	2	3	50	6	1	631.12	0
204	2	3	51	2	1	486.8	0
204	2	3	52	10	0	555.43	0
204	2	3	53	6	0	572.28	0
204	2	3	54	8	0	776.06	0
204	2	3	55	6	0	773.16	0
204	2	3	56	12	1	508.1	0
204	2	3	57	10	1	588.91	0
204	2	3	58	8	1	662.83	0
204	2	3	59	10	1	487.45	0
204	2	3	60	12	1	713.67	0
204	2	3	61	10	0	813.52	0
204	2	3	62	10	0	571.7	0
204	2	3	63	12	1	607.13	0
204	2	3	64	6	0	760.59	0
204	2	3	65	2	0	679.33	0
204	2	3	66	12	0	677.89	0
204	2	3	67	6	1	532.66	0
204	2	3	68	12	1	708.08	0
204	2	3	69	10	1	598.6	0
204	2	3	70	4	1	799.81	0
204	2	3	71	10	0	799.71	0
204	2	3	72	4	1	499.44	0
204	2	3	73	12	0	807.61	0
204	2	3	74	10	1	450.39	0
204	2	3	75	12	0	647.19	0
204	2	3	76	4	1	848.9	0
204	2	3	77	6	0	542	0
204	2	3	78	8	1	531.6	0
204	2	3	79	4	1	403.11	0
204	2	3	80	4	1	733.91	0
204	2	3	81	2	1	549.18	0
204	2	3	82	10	0	752.76	0
204	2	3	83	10	1	370.16	0
204	2	3	84	2	0	604.8	0
204	2	3	85	8	0	714.8	0
204	2	3	86	8	1	602.99	0
204	2	3	87	4	1	757.4	0
204	2	3	88	6	1	503.16	0
204	2	3	89	4	1	761.68	0
204	2	3	90	6	0	736.06	0
204	2	3	91	12	0	642.05	0
204	2	3	92	6	0	1257.3	0
204	2	3	93	6	1	537.37	0
204	2	3	94	8	1	628.81	0
204	2	3	95	2	0	1376	0
204	2	3	96	2	1	478.62	0
204	2	3	97	10	0	860.38	0
204	2	3	98	8	0	669.74	0
204	2	3	99	6	1	574.35	0
204	2	3	100	6	0	598.82	0
204	2	3	101	12	1	654.7	0
204	2	3	102	10	1	786.69	0
204	2	3	103	12	1	530.7	0
204	2	3	104	4	1	570.78	0
204	2	3	105	8	0	535.22	0
204	2	3	106	12	1	419.45	0
204	2	3	107	12	1	915.79	0
204	2	3	108	2	0	616.79	0
204	2	3	109	6	1	488.38	0
204	2	3	110	4	1	556.67	0
204	2	3	111	4	1	433.24	0
204	2	3	112	2	1	916.45	0
204	2	3	113	10	1	1068.7	0
204	2	3	114	8	0	633.7	0
204	2	3	115	10	1	1078.3	0
204	2	3	116	4	1	522.38	0
204	2	3	117	8	1	788.61	0
204	2	3	118	2	0	1004.6	0
204	2	3	119	2	1	458.25	0
204	2	3	120	12	1	1486.4	0
204	1	3	1	3	1	646.22	0
204	1	3	2	11	1	807.69	0
204	1	3	3	11	1	490.97	0
204	1	3	4	1	0	607.36	0
204	1	3	5	3	1	716.33	0
204	1	3	6	5	0	842.55	0
204	1	3	7	1	0	593.01	0
204	1	3	8	7	0	678.33	0
204	1	3	9	5	1	689.95	0
204	1	3	10	7	0	633.46	0
204	1	3	11	1	0	808.68	0
204	1	3	12	11	1	655.57	0
204	1	3	13	9	1	717.26	0
204	1	3	14	7	1	498.15	0
204	1	3	15	5	0	576.66	0
204	1	3	16	3	1	502.53	0
204	1	3	17	5	1	692.01	0
204	1	3	18	5	1	591.44	0
204	1	3	19	11	1	604.82	0
204	1	3	20	7	0	482.05	0
204	1	3	21	11	1	540.52	0
204	1	3	22	9	1	484.29	0
204	1	3	23	11	1	699.52	0
204	1	3	24	7	1	566.59	0
204	1	3	25	7	1	492.19	0
204	1	3	26	11	1	386.17	0
204	1	3	27	9	0	822.25	0
204	1	3	28	5	0	819.58	0
204	1	3	29	11	1	477.08	0
204	1	3	30	3	0	964.53	0
204	1	3	31	9	1	567.02	0
204	1	3	32	9	1	476.62	0
204	1	3	33	7	1	601.09	0
204	1	3	34	3	1	664.69	0
204	1	3	35	9	1	416.05	0
204	1	3	36	9	1	407.39	0
204	1	3	37	7	0	664.79	0
204	1	3	38	3	1	446.81	0
204	1	3	39	3	1	752.08	0
204	1	3	40	5	1	1387	0
204	1	3	41	5	0	483.12	0
204	1	3	42	1	1	587.99	0
204	1	3	43	5	1	517.47	0
204	1	3	44	9	0	839.32	0
204	1	3	45	7	0	542.53	0
204	1	3	46	11	1	588.06	0
204	1	3	47	5	1	712.97	0
204	1	3	48	9	1	722.88	0
204	1	3	49	5	1	719.02	0
204	1	3	50	11	0	525.47	0
204	1	3	51	1	1	780.52	0
204	1	3	52	1	1	571.69	0
204	1	3	53	7	1	672.45	0
204	1	3	54	1	1	531.39	0
204	1	3	55	3	1	1083.7	0
204	1	3	56	11	1	531.39	0
204	1	3	57	3	1	507.79	0
204	1	3	58	11	1	794.46	0
204	1	3	59	9	0	444.84	0
204	1	3	60	3	0	628.92	0
204	1	3	61	7	0	859.6	0
204	1	3	62	11	1	704.61	0
204	1	3	63	11	1	448.79	0
204	1	3	64	5	0	633.36	0
204	1	3	65	7	1	531.36	0
204	1	3	66	9	1	668.84	0
204	1	3	67	5	0	693.04	0
204	1	3	68	9	1	1943.3	0
204	1	3	69	1	0	626.22	0
204	1	3	70	5	0	510.21	0
204	1	3	71	3	0	1061.5	0
204	1	3	72	1	1	735.15	0
204	1	3	73	1	1	743.58	0
204	1	3	74	1	1	570.14	0
204	1	3	75	11	1	838.52	0
204	1	3	76	7	1	791.26	0
204	1	3	77	7	1	635.71	0
204	1	3	78	3	1	986.97	0
204	1	3	79	9	1	696.46	0
204	1	3	80	1	1	670.84	0
204	1	3	81	1	1	573.02	0
204	1	3	82	5	1	643.15	0
204	1	3	83	3	1	883.01	0
204	1	3	84	3	1	572.77	0
204	1	3	85	7	1	1386	0
204	1	3	86	9	1	547.36	0
204	1	3	87	3	1	562.77	0
204	1	3	88	3	1	421.71	0
204	1	3	89	7	1	587.89	0
204	1	3	90	1	1	841.58	0
204	1	3	91	1	1	568.59	0
204	1	3	92	7	0	484.06	0
204	1	3	93	3	0	692.93	0
204	1	3	94	5	0	614.75	0
204	1	3	95	7	0	538.32	0
204	1	3	96	5	0	553.67	0
204	1	3	97	5	1	514.68	0
204	1	3	98	9	1	768.89	0
204	1	3	99	1	1	690.51	0
204	1	3	100	9	0	534.18	0
204	1	3	101	3	1	700.49	0
204	1	3	102	1	1	460.61	0
204	1	3	103	5	1	665.48	0
204	1	3	104	11	1	490.17	0
204	1	3	105	9	1	778.11	0
204	1	3	106	5	0	835.35	0
204	1	3	107	9	1	1278	0
204	1	3	108	11	1	628.65	0
204	1	3	109	9	0	796.73	0
204	1	3	110	1	1	751.87	0
204	1	3	111	7	1	628.77	0
204	1	3	112	11	1	669.98	0
204	1	3	113	1	1	549.07	0
204	1	3	114	7	1	893.3	0
204	1	3	115	1	1	1648	0
204	1	3	116	9	0	606.36	0
204	1	3	117	3	1	600.72	0
204	1	3	118	3	1	705.86	0
204	1	3	119	11	0	832.67	0
204	1	3	120	11	1	1306.7	0
204	5	3	1	9	0	520.36	0
204	5	3	2	10	0	751.56	0
204	5	3	3	12	0	640.02	0
204	5	3	4	9	0	620.68	0
204	5	3	5	8	0	547.18	0
204	5	3	6	5	1	522.46	0
204	5	3	7	7	1	406.18	0
204	5	3	8	11	0	471.77	0
204	5	3	9	7	0	1129.8	0
204	5	3	10	6	1	1207.6	0
204	5	3	11	12	0	1032.8	0
204	5	3	12	7	0	592.75	0
204	5	3	13	5	0	1001.5	0
204	5	3	14	12	1	876.41	0
204	5	3	15	7	1	1261.7	0
204	5	3	16	5	0	1079.1	0
204	5	3	17	3	1	705.89	0
204	5	3	18	7	1	724.02	0
204	5	3	19	2	1	447.37	0
204	5	3	20	4	0	713.8	0
204	5	3	21	10	1	611.2	0
204	5	3	22	8	0	677.46	0
204	5	3	23	3	1	673.68	0
204	5	3	24	2	0	715.87	0
204	5	3	25	10	1	662.15	0
204	5	3	26	4	0	506.14	0
204	5	3	27	4	0	765.09	0
204	5	3	28	6	1	1146.8	0
204	5	3	29	12	1	450.62	0
204	5	3	30	1	0	569.03	0
204	5	3	31	5	0	576.33	0
204	5	3	32	6	0	662.35	0
204	5	3	33	11	1	526.64	0
204	5	3	34	9	1	506.22	0
204	5	3	35	8	1	878.73	0
204	5	3	36	12	1	635.24	0
204	5	3	37	4	0	714.77	0
204	5	3	38	2	0	554.46	0
204	5	3	39	4	1	810.22	0
204	5	3	40	4	1	673.17	0
204	5	3	41	3	1	687.56	0
204	5	3	42	5	1	549.78	0
204	5	3	43	10	0	737.59	0
204	5	3	44	10	1	825.18	0
204	5	3	45	12	0	774.68	0
204	5	3	46	9	0	672.27	0
204	5	3	47	6	1	503.98	0
204	5	3	48	2	0	719.25	0
204	5	3	49	6	0	939.11	0
204	5	3	50	5	0	695.47	0
204	5	3	51	10	0	605.53	0
204	5	3	52	10	1	516.74	0
204	5	3	53	6	0	673.51	0
204	5	3	54	2	1	606.94	0
204	5	3	55	10	1	565.05	0
204	5	3	56	11	0	659.33	0
204	5	3	57	3	1	526.98	0
204	5	3	58	12	0	873.48	0
204	5	3	59	8	1	771.53	0
204	5	3	60	9	0	475.74	0
204	5	3	61	4	1	602.02	0
204	5	3	62	3	1	758.93	0
204	5	3	63	12	1	526.83	0
204	5	3	64	2	1	593.26	0
204	5	3	65	5	1	558.36	0
204	5	3	66	3	1	504.69	0
204	5	3	67	10	1	504.01	0
204	5	3	68	8	0	849.56	0
204	5	3	69	1	1	498.97	0
204	5	3	70	9	0	688.53	0
204	5	3	71	2	1	499.85	0
204	5	3	72	1	0	581.99	0
204	5	3	73	8	1	1042.5	0
204	5	3	74	9	0	757.87	0
204	5	3	75	10	0	607.29	0
204	5	3	76	9	0	812.56	0
204	5	3	77	3	1	830.99	0
204	5	3	78	6	1	874.95	0
204	5	3	79	2	0	583.77	0
204	5	3	80	11	1	561.54	0
204	5	3	81	3	1	896.81	0
204	5	3	82	4	0	704.79	0
204	5	3	83	1	0	827.48	0
204	5	3	84	12	1	510.62	0
204	5	3	85	8	0	707.16	0
204	5	3	86	12	0	715.82	0
204	5	3	87	9	1	710	0
204	5	3	88	3	1	846.48	0
204	5	3	89	11	0	572.36	0
204	5	3	90	5	0	582.93	0
204	5	3	91	1	0	560.65	0
204	5	3	92	11	1	539.88	0
204	5	3	93	11	1	494.5	0
204	5	3	94	2	1	959.8	0
204	5	3	95	9	1	685.19	0
204	5	3	96	11	1	489.75	0
204	5	3	97	8	0	541.82	0
204	5	3	98	1	1	663.04	0
204	5	3	99	6	1	544.65	0
204	5	3	100	1	1	427.56	0
204	5	3	101	7	0	707.68	0
204	5	3	102	7	1	451.59	0
204	5	3	103	2	0	1320.1	0
204	5	3	104	7	0	802.23	0
204	5	3	105	1	1	503.18	0
204	5	3	106	6	1	895.74	0
204	5	3	107	8	1	670.89	0
204	5	3	108	11	1	529.61	0
204	5	3	109	5	0	478.63	0
204	5	3	110	1	1	683.04	0
204	5	3	111	4	0	919.26	0
204	5	3	112	4	0	792.02	0
204	5	3	113	3	0	690.53	0
204	5	3	114	8	0	680.41	0
204	5	3	115	5	0	744.11	0
204	5	3	116	7	0	777.62	0
204	5	3	117	1	1	584.71	0
204	5	3	118	11	1	1096.1	0
204	5	3	119	7	0	597.17	0
204	5	3	120	6	0	782.2	0
204	5	3	1	4	1	530.97	0
204	5	3	2	6	0	575.8	0
204	5	3	3	8	1	576.33	0
204	5	3	4	9	0	825.89	0
204	5	3	5	3	1	652.46	0
204	5	3	6	10	1	821.64	0
204	5	3	7	11	0	771.24	0
204	5	3	8	7	0	1086.3	0
204	5	3	9	5	0	573.01	0
204	5	3	10	12	1	491.43	0
204	5	3	11	8	0	570.6	0
204	5	3	12	10	0	551.89	0
204	5	3	13	6	1	537.58	0
204	5	3	14	5	0	508.13	0
204	5	3	15	7	1	841.31	0
204	5	3	16	3	1	636.9	0
204	5	3	17	2	1	895.37	0
204	5	3	18	7	1	688.54	0
204	5	3	19	1	1	616.4	0
204	5	3	20	12	1	443.48	0
204	5	3	21	6	0	694.2	0
204	5	3	22	7	0	483.11	0
204	5	3	23	4	1	417.74	0
204	5	3	24	8	0	531.01	0
204	5	3	25	6	1	502.38	0
204	5	3	26	8	1	543.77	0
204	5	3	27	2	1	778.73	0
204	5	3	28	8	1	633.4	0
204	5	3	29	2	1	1040.8	0
204	5	3	30	2	0	919.79	0
204	5	3	31	8	0	573.96	0
204	5	3	32	10	1	514.96	0
204	5	3	33	12	1	677.56	0
204	5	3	34	10	1	667.21	0
204	5	3	35	11	1	2015.7	0
204	5	3	36	5	1	556.11	0
204	5	3	37	2	0	644.01	0
204	5	3	38	11	1	1015.7	0
204	5	3	39	3	1	526.99	0
204	5	3	40	6	0	513.23	0
204	5	3	41	4	1	1301.9	0
204	5	3	42	1	1	728.32	0
204	5	3	43	12	1	449.64	0
204	5	3	44	9	0	668.16	0
204	5	3	45	2	0	505.54	0
204	5	3	46	5	1	629.55	0
204	5	3	47	10	0	749.38	0
204	5	3	48	6	1	607.32	0
204	5	3	49	9	1	464.35	0
204	5	3	50	9	1	454.31	0
204	5	3	51	11	1	484.39	0
204	5	3	52	4	1	796.9	0
204	5	3	53	5	0	679.54	0
204	5	3	54	9	1	594.71	0
204	5	3	55	1	1	595.38	0
204	5	3	56	4	0	596.42	0
204	5	3	57	7	0	491.58	0
204	5	3	58	12	1	1132.6	0
204	5	3	59	11	1	545.4	0
204	5	3	60	12	1	1765.3	0
204	5	3	61	8	1	842.44	0
204	5	3	62	9	1	602.14	0
204	5	3	63	4	0	450.02	0
204	5	3	64	1	1	440.3	0
204	5	3	65	3	0	1132.8	0
204	5	3	66	7	1	505.55	0
204	5	3	67	5	0	1187.6	0
204	5	3	68	12	1	609.49	0
204	5	3	69	6	1	532.02	0
204	5	3	70	10	1	593.02	0
204	5	3	71	3	1	449.73	0
204	5	3	72	1	1	1038.2	0
204	5	3	73	1	1	593.14	0
204	5	3	74	1	1	954.9	0
204	5	3	75	2	1	606.58	0
204	5	3	76	1	0	656.48	0
204	5	3	77	10	1	896.79	0
204	5	3	78	11	0	536.91	0
204	5	3	79	11	1	681.85	0
204	5	3	80	3	1	838.56	0
204	5	3	81	1	0	873.95	0
204	5	3	82	2	1	519.77	0
204	5	3	83	6	1	660.49	0
204	5	3	84	3	1	474.19	0
204	5	3	85	3	1	585.24	0
204	5	3	86	5	1	1056.5	0
204	5	3	87	3	1	809.47	0
204	5	3	88	5	1	879.22	0
204	5	3	89	10	1	684.76	0
204	5	3	90	10	0	516.87	0
204	5	3	91	4	1	858.27	0
204	5	3	92	4	1	443.71	0
204	5	3	93	1	1	603.55	0
204	5	3	94	8	1	445.72	0
204	5	3	95	8	1	538.7	0
204	5	3	96	11	0	700.7	0
204	5	3	97	7	0	561.46	0
204	5	3	98	4	0	669.97	0
204	5	3	99	11	1	646.78	0
204	5	3	100	2	0	829.96	0
204	5	3	101	12	1	947.28	0
204	5	3	102	3	1	519.68	0
204	5	3	103	9	0	779.62	0
204	5	3	104	11	1	759.58	0
204	5	3	105	6	0	595.76	0
204	5	3	106	4	1	832.82	0
204	5	3	107	7	1	668.8	0
204	5	3	108	7	1	704.87	0
204	5	3	109	12	0	1311.9	0
204	5	3	110	10	0	850.08	0
204	5	3	111	2	0	922.66	0
204	5	3	112	12	1	578.35	0
204	5	3	113	9	1	606.09	0
204	5	3	114	5	1	742.42	0
204	5	3	115	9	1	508.4	0
204	5	3	116	5	1	760.02	0
204	5	3	117	7	0	539.88	0
204	5	3	118	6	0	1057.5	0
204	5	3	119	9	1	593.22	0
204	5	3	120	8	0	1073.1	0
204	3	3	1	10	1	461.48	0
204	3	3	2	3	1	724.78	0
204	3	3	3	10	0	703.55	0
204	3	3	4	1	1	593.52	0
204	3	3	5	1	1	587.34	0
204	3	3	6	8	0	593.86	0
204	3	3	7	10	1	738.47	0
204	3	3	8	3	0	748.69	0
204	3	3	9	5	1	479.75	0
204	3	3	10	5	1	852.77	0
204	3	3	11	12	1	580.78	0
204	3	3	12	8	0	647.15	0
204	3	3	13	8	1	841.08	0
204	3	3	14	1	0	759.72	0
204	3	3	15	5	0	775.9	0
204	3	3	16	10	1	531.18	0
204	3	3	17	5	1	580.93	0
204	3	3	18	12	0	697.11	0
204	3	3	19	8	1	526.43	0
204	3	3	20	10	1	646.63	0
204	3	3	21	3	1	576.58	0
204	3	3	22	12	1	750.17	0
204	3	3	23	8	1	671.36	0
204	3	3	24	1	0	511.51	0
204	3	3	25	8	1	572.26	0
204	3	3	26	3	1	539.03	0
204	3	3	27	8	1	753.84	0
204	3	3	28	10	1	665.02	0
204	3	3	29	3	1	973.33	0
204	3	3	30	5	0	590.08	0
204	3	3	31	8	1	808.96	0
204	3	3	32	8	1	590.32	0
204	3	3	33	3	1	602.51	0
204	3	3	34	8	1	649.16	0
204	3	3	35	1	1	514.59	0
204	3	3	36	5	1	537.45	0
204	3	3	37	10	0	746.74	0
204	3	3	38	5	1	1177.9	0
204	3	3	39	5	1	678.55	0
204	3	3	40	12	0	771.99	0
204	3	3	41	5	1	918.09	0
204	3	3	42	1	1	574.96	0
204	3	3	43	1	1	809.99	0
204	3	3	44	3	1	838.96	0
204	3	3	45	12	1	665.41	0
204	3	3	46	10	0	622.69	0
204	3	3	47	1	1	677.81	0
204	3	3	48	12	1	596.47	0
204	3	3	49	10	1	1511	0
204	3	3	50	5	0	479.88	0
204	3	3	51	1	0	477.88	0
204	3	3	52	5	0	882.02	0
204	3	3	53	12	0	597.83	0
204	3	3	54	10	1	705.72	0
204	3	3	55	8	0	649.8	0
204	3	3	56	12	1	1804.7	0
204	3	3	57	5	0	686.47	0
204	3	3	58	12	0	524.12	0
204	3	3	59	8	1	510.68	0
204	3	3	60	12	1	508.21	0
204	3	3	61	8	1	828.59	0
204	3	3	62	10	0	605.95	0
204	3	3	63	8	0	746.27	0
204	3	3	64	10	1	574.96	0
204	3	3	65	10	0	512.27	0
204	3	3	66	1	1	587.61	0
204	3	3	67	3	1	651.18	0
204	3	3	68	8	0	483.31	0
204	3	3	69	3	0	460.48	0
204	3	3	70	3	0	581.34	0
204	3	3	71	3	1	656.27	0
204	3	3	72	1	1	820.36	0
204	3	3	73	12	1	585.88	0
204	3	3	74	12	1	729.22	0
204	3	3	75	5	1	571.74	0
204	3	3	76	5	1	571.23	0
204	3	3	77	10	1	814.84	0
204	3	3	78	3	1	581.91	0
204	3	3	79	3	1	482.81	0
204	3	3	80	8	0	511.73	0
204	3	3	81	12	1	1073.5	0
204	3	3	82	12	1	635.85	0
204	3	3	83	5	1	540.82	0
204	3	3	84	8	1	721.52	0
204	3	3	85	12	1	614.27	0
204	3	3	86	3	1	649.33	0
204	3	3	87	12	0	834.04	0
204	3	3	88	5	1	696.89	0
204	3	3	89	10	1	569.52	0
204	3	3	90	12	0	924.74	0
204	3	3	91	3	1	771.93	0
204	3	3	92	5	0	643.84	0
204	3	3	93	5	1	674.95	0
204	3	3	94	12	1	422.98	0
204	3	3	95	1	0	626.35	0
204	3	3	96	3	1	889.15	0
204	3	3	97	3	1	459.09	0
204	3	3	98	3	1	578.26	0
204	3	3	99	10	1	789.94	0
204	3	3	100	8	0	560.11	0
204	3	3	101	3	0	500.94	0
204	3	3	102	12	1	620.07	0
204	3	3	103	1	0	1005.9	0
204	3	3	104	3	1	659.66	0
204	3	3	105	5	1	445.28	0
204	3	3	106	5	0	421.76	0
204	3	3	107	1	1	618.1	0
204	3	3	108	12	1	921.39	0
204	3	3	109	10	1	665.21	0
204	3	3	110	1	0	704.76	0
204	3	3	111	8	0	1632.4	0
204	3	3	112	8	1	492.32	0
204	3	3	113	1	1	875.4	0
204	3	3	114	10	0	525.71	0
204	3	3	115	1	0	924.32	0
204	3	3	116	1	1	534.69	0
204	3	3	117	1	1	470.95	0
204	3	3	118	1	0	682.28	0
204	3	3	119	10	1	751.23	0
204	3	3	120	10	1	725.8	0
204	4	3	1	4	0	746.02	0
204	4	3	2	9	0	713.44	0
204	4	3	3	4	1	909.8	0
204	4	3	4	11	1	439.29	0
204	4	3	5	6	0	629.85	0
204	4	3	6	11	0	1063.8	0
204	4	3	7	6	0	684.86	0
204	4	3	8	9	1	620.89	0
204	4	3	9	7	1	794.19	0
204	4	3	10	9	0	684.24	0
204	4	3	11	11	0	725.26	0
204	4	3	12	6	0	632.12	0
204	4	3	13	6	1	643.32	0
204	4	3	14	11	0	658.17	0
204	4	3	15	2	0	515.52	0
204	4	3	16	7	1	588.75	0
204	4	3	17	9	0	726.51	0
204	4	3	18	11	1	706.96	0
204	4	3	19	7	1	651.78	0
204	4	3	20	11	1	746.01	0
204	4	3	21	11	1	488.44	0
204	4	3	22	6	1	591.32	0
204	4	3	23	4	0	497.45	0
204	4	3	24	7	0	510.59	0
204	4	3	25	7	1	437.77	0
204	4	3	26	9	1	944.12	0
204	4	3	27	6	1	909.05	0
204	4	3	28	7	0	466.02	0
204	4	3	29	11	0	852.23	0
204	4	3	30	2	1	1116.8	0
204	4	3	31	6	1	675.63	0
204	4	3	32	9	1	642.6	0
204	4	3	33	4	1	475.82	0
204	4	3	34	7	0	644.1	0
204	4	3	35	4	0	659.86	0
204	4	3	36	9	1	975.05	0
204	4	3	37	11	1	608.38	0
204	4	3	38	9	0	1454.2	0
204	4	3	39	2	0	643.13	0
204	4	3	40	7	0	802.37	0
204	4	3	41	7	1	780.19	0
204	4	3	42	2	1	483	0
204	4	3	43	7	1	751.62	0
204	4	3	44	6	0	773.36	0
204	4	3	45	9	1	705.65	0
204	4	3	46	9	1	499.46	0
204	4	3	47	6	0	692.09	0
204	4	3	48	11	0	525.28	0
204	4	3	49	7	1	782.22	0
204	4	3	50	2	0	1043.6	0
204	4	3	51	2	1	494.97	0
204	4	3	52	2	1	679.8	0
204	4	3	53	6	0	612.69	0
204	4	3	54	11	1	709.07	0
204	4	3	55	4	1	559.93	0
204	4	3	56	2	1	519.59	0
204	4	3	57	6	0	659.51	0
204	4	3	58	4	1	483.87	0
204	4	3	59	2	1	821.5	0
204	4	3	60	11	0	835.92	0
204	4	3	61	9	0	640.19	0
204	4	3	62	7	0	759.19	0
204	4	3	63	4	1	723.43	0
204	4	3	64	7	1	476.15	0
204	4	3	65	4	0	787.74	0
204	4	3	66	7	0	783.63	0
204	4	3	67	7	1	433.84	0
204	4	3	68	9	1	669.32	0
204	4	3	69	2	1	573.32	0
204	4	3	70	6	0	423.45	0
204	4	3	71	11	1	769.54	0
204	4	3	72	11	1	694.48	0
204	4	3	73	2	1	704.84	0
204	4	3	74	4	1	594.03	0
204	4	3	75	11	1	409.7	0
204	4	3	76	4	1	720.34	0
204	4	3	77	7	1	661.37	0
204	4	3	78	9	0	739.09	0
204	4	3	79	2	1	596.87	0
204	4	3	80	2	1	548.92	0
204	4	3	81	4	1	844.41	0
204	4	3	82	4	1	661.29	0
204	4	3	83	2	1	519.22	0
204	4	3	84	6	1	1214.1	0
204	4	3	85	6	1	619.06	0
204	4	3	86	9	1	947.17	0
204	4	3	87	2	0	670.84	0
204	4	3	88	7	1	764.42	0
204	4	3	89	11	1	652.32	0
204	4	3	90	9	1	844.79	0
204	4	3	91	9	1	556.81	0
204	4	3	92	11	1	769.69	0
204	4	3	93	6	0	988.73	0
204	4	3	94	4	0	673.06	0
204	4	3	95	4	0	600.69	0
204	4	3	96	9	1	436.94	0
204	4	3	97	2	1	779.39	0
204	4	3	98	6	0	815.71	0
204	4	3	99	6	1	985.88	0
204	4	3	100	6	1	613.53	0
204	4	3	101	2	1	528.02	0
204	4	3	102	9	1	585.04	0
204	4	3	103	4	1	653.6	0
204	4	3	104	2	1	600.23	0
204	4	3	105	9	1	517.74	0
204	4	3	106	2	0	511.75	0
204	4	3	107	6	0	690.93	0
204	4	3	108	11	1	472.08	0
204	4	3	109	7	0	710.91	0
204	4	3	110	11	1	830.99	0
204	4	3	111	11	1	953.34	0
204	4	3	112	7	1	477.72	0
204	4	3	113	4	0	684.81	0
204	4	3	114	2	1	620.64	0
204	4	3	115	4	1	680.93	0
204	4	3	116	6	0	718.84	0
204	4	3	117	9	1	666.3	0
204	4	3	118	4	0	600.14	0
204	4	3	119	4	1	597.38	0
204	4	3	120	7	0	517.33	0
204	2	4	1	12	0	693.77	0
204	2	4	2	4	1	864.06	0
204	2	4	3	8	0	870.11	0
204	2	4	4	6	1	1028.3	0
204	2	4	5	6	1	543.91	0
204	2	4	6	12	0	1507.9	0
204	2	4	7	6	0	553.73	0
204	2	4	8	10	0	630.35	0
204	2	4	9	8	1	550.17	0
204	2	4	10	4	1	961.35	0
204	2	4	11	12	1	749.48	0
204	2	4	12	12	0	584.62	0
204	2	4	13	8	0	621.31	0
204	2	4	14	8	1	1968.3	0
204	2	4	15	10	1	854.7	0
204	2	4	16	2	1	646.62	0
204	2	4	17	6	1	720.13	0
204	2	4	18	10	1	789.93	0
204	2	4	19	2	0	695.77	0
204	2	4	20	10	0	685.33	0
204	2	4	21	6	1	514.25	0
204	2	4	22	2	1	604.21	0
204	2	4	23	12	1	655.79	0
204	2	4	24	4	0	576.33	0
204	2	4	25	2	1	439.57	0
204	2	4	26	8	1	459.8	0
204	2	4	27	12	1	396.47	0
204	2	4	28	12	1	620.59	0
204	2	4	29	4	1	661.75	0
204	2	4	30	6	1	592.67	0
204	2	4	31	8	1	962.09	0
204	2	4	32	10	0	754.96	0
204	2	4	33	12	1	592.15	0
204	2	4	34	6	1	710.43	0
204	2	4	35	4	1	642.83	0
204	2	4	36	12	1	950.73	0
204	2	4	37	12	0	566.56	0
204	2	4	38	4	1	947.01	0
204	2	4	39	10	1	665.19	0
204	2	4	40	4	1	429.32	0
204	2	4	41	10	1	630.34	0
204	2	4	42	10	1	746.51	0
204	2	4	43	8	0	676.37	0
204	2	4	44	4	1	509.71	0
204	2	4	45	12	1	592.77	0
204	2	4	46	6	0	758.26	0
204	2	4	47	8	1	1032.3	0
204	2	4	48	6	0	629.48	0
204	2	4	49	10	1	774.96	0
204	2	4	50	10	1	483.28	0
204	2	4	51	2	1	737.65	0
204	2	4	52	2	1	554.72	0
204	2	4	53	8	1	954.67	0
204	2	4	54	12	1	597.4	0
204	2	4	55	2	1	685.73	0
204	2	4	56	4	0	947.5	0
204	2	4	57	8	0	527.92	0
204	2	4	58	2	1	609.05	0
204	2	4	59	4	0	562.41	0
204	2	4	60	8	1	786.4	0
204	2	4	61	6	0	956.92	0
204	2	4	62	10	0	667.47	0
204	2	4	63	12	0	520.43	0
204	2	4	64	8	0	886.51	0
204	2	4	65	10	1	775.91	0
204	2	4	66	4	1	580.07	0
204	2	4	67	10	1	638.28	0
204	2	4	68	6	0	855.17	0
204	2	4	69	4	1	1273.5	0
204	2	4	70	10	1	368.28	0
204	2	4	71	12	1	633.78	0
204	2	4	72	2	0	805.79	0
204	2	4	73	2	1	551.31	0
204	2	4	74	2	1	592.85	0
204	2	4	75	8	1	726.39	0
204	2	4	76	8	1	527.11	0
204	2	4	77	8	0	622.4	0
204	2	4	78	2	1	429.67	0
204	2	4	79	4	0	591.37	0
204	2	4	80	10	1	574.32	0
204	2	4	81	2	1	804.86	0
204	2	4	82	12	0	459.1	0
204	2	4	83	10	1	644.77	0
204	2	4	84	6	1	649.87	0
204	2	4	85	10	1	542.81	0
204	2	4	86	4	1	780.06	0
204	2	4	87	12	0	782.83	0
204	2	4	88	4	0	971.67	0
204	2	4	89	4	1	565.1	0
204	2	4	90	8	1	481.2	0
204	2	4	91	8	1	628.18	0
204	2	4	92	6	0	804.46	0
204	2	4	93	2	1	484.25	0
204	2	4	94	6	0	819.81	0
204	2	4	95	12	0	522.59	0
204	2	4	96	2	0	503.9	0
204	2	4	97	2	1	607.93	0
204	2	4	98	2	0	627.86	0
204	2	4	99	4	1	663.71	0
204	2	4	100	6	0	608.88	0
204	2	4	101	6	1	680.27	0
204	2	4	102	6	1	471.75	0
204	2	4	103	8	1	682.76	0
204	2	4	104	2	1	623.73	0
204	2	4	105	10	1	961.78	0
204	2	4	106	10	1	456.45	0
204	2	4	107	6	1	616.61	0
204	2	4	108	12	0	535.99	0
204	2	4	109	6	0	610.9	0
204	2	4	110	8	1	694.55	0
204	2	4	111	2	1	679.15	0
204	2	4	112	2	1	772.02	0
204	2	4	113	12	1	607.23	0
204	2	4	114	4	0	655.55	0
204	2	4	115	4	1	511.15	0
204	2	4	116	12	1	674.61	0
204	2	4	117	4	0	1241.6	0
204	2	4	118	8	1	509.34	0
204	2	4	119	10	0	665.68	0
204	2	4	120	6	1	460.71	0
204	1	4	1	5	0	517.71	0
204	1	4	2	5	1	1063.9	0
204	1	4	3	7	1	903.1	0
204	1	4	4	7	1	548.19	0
204	1	4	5	3	1	517.52	0
204	1	4	6	3	1	991.57	0
204	1	4	7	7	1	797.9	0
204	1	4	8	3	1	455.87	0
204	1	4	9	7	1	712.34	0
204	1	4	10	1	1	482.33	0
204	1	4	11	1	1	634.61	0
204	1	4	12	7	1	561.97	0
204	1	4	13	5	1	855.85	0
204	1	4	14	7	1	761.98	0
204	1	4	15	7	1	557.06	0
204	1	4	16	11	0	593.68	0
204	1	4	17	11	1	653.04	0
204	1	4	18	7	1	726.56	0
204	1	4	19	3	0	582.78	0
204	1	4	20	11	1	636.09	0
204	1	4	21	11	0	807.37	0
204	1	4	22	9	1	666.42	0
204	1	4	23	1	1	514.49	0
204	1	4	24	1	1	1042.4	0
204	1	4	25	5	0	713.67	0
204	1	4	26	1	1	479.7	0
204	1	4	27	5	1	587.05	0
204	1	4	28	1	1	664.45	0
204	1	4	29	5	1	1150.3	0
204	1	4	30	3	1	454.81	0
204	1	4	31	1	1	587.28	0
204	1	4	32	9	1	426.99	0
204	1	4	33	11	1	647.52	0
204	1	4	34	11	1	367.44	0
204	1	4	35	3	1	524.72	0
204	1	4	36	7	1	710.17	0
204	1	4	37	9	0	690.77	0
204	1	4	38	3	1	543.53	0
204	1	4	39	7	0	900.59	0
204	1	4	40	7	1	749.2	0
204	1	4	41	9	1	734.44	0
204	1	4	42	1	0	1044.9	0
204	1	4	43	7	1	452.77	0
204	1	4	44	3	1	696.25	0
204	1	4	45	11	0	551.5	0
204	1	4	46	11	1	655.11	0
204	1	4	47	9	0	614.31	0
204	1	4	48	3	1	701.07	0
204	1	4	49	7	1	530.55	0
204	1	4	50	9	1	815.04	0
204	1	4	51	9	1	549.61	0
204	1	4	52	5	1	595.64	0
204	1	4	53	11	0	673.5	0
204	1	4	54	1	1	771.05	0
204	1	4	55	5	1	560.6	0
204	1	4	56	11	0	711.61	0
204	1	4	57	3	0	812	0
204	1	4	58	5	1	477.29	0
204	1	4	59	9	0	810.63	0
204	1	4	60	3	1	482.55	0
204	1	4	61	7	0	456.91	0
204	1	4	62	9	1	1008.5	0
204	1	4	63	3	1	607.72	0
204	1	4	64	9	0	544.97	0
204	1	4	65	9	0	562.41	0
204	1	4	66	3	0	470.83	0
204	1	4	67	1	1	539	0
204	1	4	68	11	0	855.23	0
204	1	4	69	5	0	599.46	0
204	1	4	70	5	1	766.35	0
204	1	4	71	3	1	477.37	0
204	1	4	72	3	1	472.09	0
204	1	4	73	7	1	447.32	0
204	1	4	74	1	1	831.29	0
204	1	4	75	1	0	764.5	0
204	1	4	76	1	1	600.37	0
204	1	4	77	11	1	710.63	0
204	1	4	78	5	0	462.36	0
204	1	4	79	11	1	490.56	0
204	1	4	80	5	1	1253	0
204	1	4	81	7	0	764.09	0
204	1	4	82	9	0	678.88	0
204	1	4	83	1	1	569.8	0
204	1	4	84	5	0	760.03	0
204	1	4	85	9	1	794.66	0
204	1	4	86	11	1	800.02	0
204	1	4	87	7	0	594.68	0
204	1	4	88	1	0	723.2	0
204	1	4	89	7	1	456.3	0
204	1	4	90	9	1	803.33	0
204	1	4	91	7	1	423.05	0
204	1	4	92	11	0	1176.3	0
204	1	4	93	11	1	762.98	0
204	1	4	94	3	1	538.37	0
204	1	4	95	1	0	658.71	0
204	1	4	96	5	0	656.64	0
204	1	4	97	1	1	761.65	0
204	1	4	98	11	0	1135.9	0
204	1	4	99	3	0	909.52	0
204	1	4	100	11	1	546.19	0
204	1	4	101	7	0	575.41	0
204	1	4	102	1	1	987.37	0
204	1	4	103	11	1	693.85	0
204	1	4	104	9	0	478	0
204	1	4	105	9	1	440.09	0
204	1	4	106	5	1	720.51	0
204	1	4	107	5	1	492.63	0
204	1	4	108	3	0	861.82	0
204	1	4	109	3	0	593.72	0
204	1	4	110	9	1	606.95	0
204	1	4	111	9	1	533.61	0
204	1	4	112	9	1	741.58	0
204	1	4	113	9	1	550.93	0
204	1	4	114	11	0	751.59	0
204	1	4	115	3	1	453.89	0
204	1	4	116	5	0	679.19	0
204	1	4	117	1	0	566.51	0
204	1	4	118	1	1	449.08	0
204	1	4	119	5	1	537.37	0
204	1	4	120	5	1	580.77	0
204	5	4	1	4	0	623.81	0
204	5	4	2	8	1	905.06	0
204	5	4	3	8	0	536.43	0
204	5	4	4	2	1	799.83	0
204	5	4	5	5	0	961.36	0
204	5	4	6	2	0	421.52	0
204	5	4	7	11	0	1023	0
204	5	4	8	3	1	792.98	0
204	5	4	9	5	1	937.81	0
204	5	4	10	11	0	588.92	0
204	5	4	11	12	0	923.2	0
204	5	4	12	3	0	522.39	0
204	5	4	13	2	1	1153.1	0
204	5	4	14	6	0	845.01	0
204	5	4	15	9	1	692.18	0
204	5	4	16	11	1	472.43	0
204	5	4	17	4	1	500.5	0
204	5	4	18	9	0	941.59	0
204	5	4	19	2	1	693.89	0
204	5	4	20	12	0	665.32	0
204	5	4	21	9	1	706.1	0
204	5	4	22	3	0	668.39	0
204	5	4	23	2	1	821.99	0
204	5	4	24	7	1	621.68	0
204	5	4	25	8	0	586.1	0
204	5	4	26	7	1	667.39	0
204	5	4	27	8	0	556.19	0
204	5	4	28	2	1	701.36	0
204	5	4	29	1	1	719.57	0
204	5	4	30	10	1	620.73	0
204	5	4	31	5	0	652.91	0
204	5	4	32	5	1	557.49	0
204	5	4	33	7	1	723.59	0
204	5	4	34	1	1	579.92	0
204	5	4	35	8	1	713.27	0
204	5	4	36	8	1	458.3	0
204	5	4	37	7	0	602.24	0
204	5	4	38	7	0	917.21	0
204	5	4	39	11	0	541.25	0
204	5	4	40	6	1	563.84	0
204	5	4	41	7	1	613.52	0
204	5	4	42	12	1	458.6	0
204	5	4	43	1	0	764.55	0
204	5	4	44	1	1	466.81	0
204	5	4	45	7	1	723.19	0
204	5	4	46	10	1	576.53	0
204	5	4	47	8	1	590.01	0
204	5	4	48	10	0	588.31	0
204	5	4	49	6	1	661.01	0
204	5	4	50	1	1	930.06	0
204	5	4	51	3	1	604.67	0
204	5	4	52	7	1	766.4	0
204	5	4	53	2	1	613.35	0
204	5	4	54	7	1	625.39	0
204	5	4	55	3	0	1101.7	0
204	5	4	56	6	1	740.98	0
204	5	4	57	8	1	578.32	0
204	5	4	58	6	1	562.71	0
204	5	4	59	11	1	707.64	0
204	5	4	60	3	0	759.53	0
204	5	4	61	9	0	876.26	0
204	5	4	62	11	0	692.19	0
204	5	4	63	4	1	423.45	0
204	5	4	64	10	0	591.03	0
204	5	4	65	5	1	525.48	0
204	5	4	66	12	0	1047.7	0
204	5	4	67	4	0	678.64	0
204	5	4	68	9	1	659.89	0
204	5	4	69	3	0	539.72	0
204	5	4	70	10	0	1190.5	0
204	5	4	71	9	1	1090.2	0
204	5	4	72	2	0	633.46	0
204	5	4	73	12	1	672.75	0
204	5	4	74	1	1	596.09	0
204	5	4	75	10	1	594.93	0
204	5	4	76	11	1	476.15	0
204	5	4	77	6	0	533.82	0
204	5	4	78	3	0	621.98	0
204	5	4	79	9	1	475.36	0
204	5	4	80	2	1	741.6	0
204	5	4	81	1	1	860.63	0
204	5	4	82	3	1	500.21	0
204	5	4	83	9	0	696.45	0
204	5	4	84	11	1	428.52	0
204	5	4	85	1	1	639.51	0
204	5	4	86	10	1	690.92	0
204	5	4	87	5	0	628.45	0
204	5	4	88	12	1	448.9	0
204	5	4	89	8	1	599.59	0
204	5	4	90	2	1	702.92	0
204	5	4	91	11	1	720.83	0
204	5	4	92	5	1	665.45	0
204	5	4	93	10	1	747.62	0
204	5	4	94	5	0	786.36	0
204	5	4	95	1	1	507.34	0
204	5	4	96	6	1	802.82	0
204	5	4	97	5	0	622.05	0
204	5	4	98	6	1	620.25	0
204	5	4	99	4	0	553.6	0
204	5	4	100	9	1	651.39	0
204	5	4	101	12	0	680.21	0
204	5	4	102	4	1	766.43	0
204	5	4	103	4	1	584.04	0
204	5	4	104	4	0	483.33	0
204	5	4	105	8	1	979.63	0
204	5	4	106	9	1	504.26	0
204	5	4	107	11	1	448.28	0
204	5	4	108	1	1	575.88	0
204	5	4	109	10	0	821.29	0
204	5	4	110	4	0	942.28	0
204	5	4	111	12	1	528.28	0
204	5	4	112	10	1	407.26	0
204	5	4	113	4	1	723.26	0
204	5	4	114	6	1	934.07	0
204	5	4	115	3	1	607.4	0
204	5	4	116	5	0	553.89	0
204	5	4	117	12	1	743.96	0
204	5	4	118	12	1	557.01	0
204	5	4	119	6	1	507.24	0
204	5	4	120	7	1	482.51	0
204	5	4	1	5	0	690.53	0
204	5	4	2	6	1	536.62	0
204	5	4	3	10	1	619.54	0
204	5	4	4	9	0	791.38	0
204	5	4	5	6	1	656.1	0
204	5	4	6	11	0	1260.6	0
204	5	4	7	6	0	568.82	0
204	5	4	8	3	0	675.41	0
204	5	4	9	11	1	690.1	0
204	5	4	10	1	1	460.74	0
204	5	4	11	6	1	665.75	0
204	5	4	12	1	0	483.66	0
204	5	4	13	5	0	720.28	0
204	5	4	14	1	1	701.44	0
204	5	4	15	5	0	540.04	0
204	5	4	16	1	0	673.01	0
204	5	4	17	11	1	382.01	0
204	5	4	18	10	1	757.44	0
204	5	4	19	12	0	606.92	0
204	5	4	20	2	1	552.43	0
204	5	4	21	9	1	699.74	0
204	5	4	22	3	1	933.85	0
204	5	4	23	2	0	746.97	0
204	5	4	24	3	1	669.32	0
204	5	4	25	6	0	1118.8	0
204	5	4	26	12	1	578	0
204	5	4	27	12	1	661.24	0
204	5	4	28	1	1	462.22	0
204	5	4	29	7	1	869.67	0
204	5	4	30	5	1	595.32	0
204	5	4	31	8	0	1058.4	0
204	5	4	32	8	0	620.76	0
204	5	4	33	10	0	536.21	0
204	5	4	34	8	1	734.34	0
204	5	4	35	12	1	674.65	0
204	5	4	36	10	1	1009.9	0
204	5	4	37	5	0	892.8	0
204	5	4	38	7	1	621.32	0
204	5	4	39	10	1	606.63	0
204	5	4	40	4	0	776.4	0
204	5	4	41	12	1	664.06	0
204	5	4	42	6	0	590.25	0
204	5	4	43	3	0	423.02	0
204	5	4	44	11	0	596.06	0
204	5	4	45	12	0	937.9	0
204	5	4	46	8	1	513.38	0
204	5	4	47	1	1	403.35	0
204	5	4	48	9	0	606.17	0
204	5	4	49	8	0	462.64	0
204	5	4	50	10	1	529.11	0
204	5	4	51	11	1	415.39	0
204	5	4	52	7	0	593.68	0
204	5	4	53	4	1	606.66	0
204	5	4	54	5	0	524.18	0
204	5	4	55	6	1	661.35	0
204	5	4	56	11	1	581.81	0
204	5	4	57	3	0	783.66	0
204	5	4	58	10	0	731.24	0
204	5	4	59	8	1	622.74	0
204	5	4	60	3	1	675.12	0
204	5	4	61	4	0	752.75	0
204	5	4	62	4	1	896.43	0
204	5	4	63	11	0	762.05	0
204	5	4	64	10	1	995	0
204	5	4	65	2	1	514.16	0
204	5	4	66	2	1	587.48	0
204	5	4	67	7	1	588.62	0
204	5	4	68	7	1	687.98	0
204	5	4	69	12	1	1007.1	0
204	5	4	70	2	1	514.01	0
204	5	4	71	4	0	829.93	0
204	5	4	72	7	0	597.07	0
204	5	4	73	2	1	417.71	0
204	5	4	74	8	0	3156	1
204	5	4	75	11	0	905.54	0
204	5	4	76	4	1	773.57	0
204	5	4	77	8	1	842.46	0
204	5	4	78	5	0	531.79	0
204	5	4	79	6	0	676.08	0
204	5	4	80	12	0	669.42	0
204	5	4	81	5	1	693.49	0
204	5	4	82	1	1	558.23	0
204	5	4	83	9	0	599.94	0
204	5	4	84	2	1	531.39	0
204	5	4	85	11	1	632.84	0
204	5	4	86	7	1	609.57	0
204	5	4	87	8	1	980.78	0
204	5	4	88	7	0	395.73	0
204	5	4	89	5	1	914.88	0
204	5	4	90	2	0	689.67	0
204	5	4	91	1	1	787.19	0
204	5	4	92	3	0	1175.2	0
204	5	4	93	1	1	634.47	0
204	5	4	94	12	0	561.9	0
204	5	4	95	7	1	1196.1	0
204	5	4	96	9	1	899.26	0
204	5	4	97	11	1	491.47	0
204	5	4	98	9	1	743.34	0
204	5	4	99	6	1	786.63	0
204	5	4	100	8	1	559.76	0
204	5	4	101	9	0	715.76	0
204	5	4	102	6	1	658.78	0
204	5	4	103	9	1	511.69	0
204	5	4	104	2	0	707.16	0
204	5	4	105	4	1	975.47	0
204	5	4	106	2	0	676.48	0
204	5	4	107	9	1	851.74	0
204	5	4	108	10	1	673.6	0
204	5	4	109	3	1	611.91	0
204	5	4	110	1	0	434.66	0
204	5	4	111	4	1	903.34	0
204	5	4	112	3	1	702.23	0
204	5	4	113	9	1	817.58	0
204	5	4	114	3	1	413.58	0
204	5	4	115	12	1	595.63	0
204	5	4	116	7	0	533.29	0
204	5	4	117	4	1	584.91	0
204	5	4	118	4	1	756.46	0
204	5	4	119	10	0	1142.7	0
204	5	4	120	5	1	603.75	0
204	4	4	1	4	0	636.48	0
204	4	4	2	9	1	806.39	0
204	4	4	3	9	1	566.54	0
204	4	4	4	11	1	886.65	0
204	4	4	5	9	0	1372.5	0
204	4	4	6	11	0	541.12	0
204	4	4	7	6	1	641.66	0
204	4	4	8	6	1	457.8	0
204	4	4	9	2	1	482.47	0
204	4	4	10	2	1	443.08	0
204	4	4	11	11	1	437.59	0
204	4	4	12	2	1	767.66	0
204	4	4	13	11	0	1439.3	0
204	4	4	14	4	0	762.64	0
204	4	4	15	6	0	567.96	0
204	4	4	16	6	1	401.39	0
204	4	4	17	11	1	497.28	0
204	4	4	18	6	0	1538.9	0
204	4	4	19	6	1	313.96	0
204	4	4	20	11	0	559.39	0
204	4	4	21	11	0	596.91	0
204	4	4	22	2	1	631.32	0
204	4	4	23	9	1	659.87	0
204	4	4	24	9	1	684.35	0
204	4	4	25	4	0	619.96	0
204	4	4	26	9	1	701.73	0
204	4	4	27	11	1	535.16	0
204	4	4	28	2	0	839.51	0
204	4	4	29	7	1	874.33	0
204	4	4	30	6	1	475.44	0
204	4	4	31	6	1	630.46	0
204	4	4	32	9	0	531.38	0
204	4	4	33	2	0	573.24	0
204	4	4	34	4	0	713.89	0
204	4	4	35	11	0	699.43	0
204	4	4	36	7	0	639.12	0
204	4	4	37	4	0	793.26	0
204	4	4	38	4	1	1814.5	0
204	4	4	39	4	1	533.13	0
204	4	4	40	2	0	891.59	0
204	4	4	41	7	1	646.16	0
204	4	4	42	2	0	416.46	0
204	4	4	43	11	1	523.94	0
204	4	4	44	9	1	715.52	0
204	4	4	45	9	1	561.49	0
204	4	4	46	6	1	488.06	0
204	4	4	47	11	0	664.09	0
204	4	4	48	2	0	536.39	0
204	4	4	49	7	0	804.79	0
204	4	4	50	11	0	656.09	0
204	4	4	51	9	0	800.79	0
204	4	4	52	4	0	511.46	0
204	4	4	53	7	0	684.51	0
204	4	4	54	4	1	604.59	0
204	4	4	55	4	1	765.65	0
204	4	4	56	9	1	568.93	0
204	4	4	57	7	0	550.85	0
204	4	4	58	9	1	560.9	0
204	4	4	59	9	1	778.13	0
204	4	4	60	4	1	1075.6	0
204	4	4	61	2	0	591.64	0
204	4	4	62	9	1	577.09	0
204	4	4	63	11	1	652.59	0
204	4	4	64	6	1	469.44	0
204	4	4	65	2	1	645.34	0
204	4	4	66	7	1	553.63	0
204	4	4	67	6	1	928.3	0
204	4	4	68	9	1	646.55	0
204	4	4	69	11	1	730.08	0
204	4	4	70	9	1	670.17	0
204	4	4	71	4	1	731.3	0
204	4	4	72	2	1	533.91	0
204	4	4	73	6	1	732.02	0
204	4	4	74	4	1	996.06	0
204	4	4	75	2	0	543.38	0
204	4	4	76	6	1	1561.7	0
204	4	4	77	7	0	1190.2	0
204	4	4	78	7	1	566.34	0
204	4	4	79	11	1	620.43	0
204	4	4	80	11	1	698.05	0
204	4	4	81	9	1	825.64	0
204	4	4	82	6	0	539.71	0
204	4	4	83	9	1	525.9	0
204	4	4	84	11	1	806.63	0
204	4	4	85	7	0	600.65	0
204	4	4	86	7	1	417.35	0
204	4	4	87	4	1	390.29	0
204	4	4	88	7	0	420.21	0
204	4	4	89	4	0	564.02	0
204	4	4	90	4	1	1192.1	0
204	4	4	91	7	0	522.86	0
204	4	4	92	7	1	621.32	0
204	4	4	93	4	1	634.41	0
204	4	4	94	6	1	472.91	0
204	4	4	95	7	1	727.58	0
204	4	4	96	4	1	702.22	0
204	4	4	97	7	1	804.54	0
204	4	4	98	2	1	598.14	0
204	4	4	99	6	0	546.37	0
204	4	4	100	2	1	651.78	0
204	4	4	101	9	0	536.35	0
204	4	4	102	6	1	622.63	0
204	4	4	103	11	0	632.98	0
204	4	4	104	2	1	632.59	0
204	4	4	105	11	1	700.62	0
204	4	4	106	2	1	627.65	0
204	4	4	107	6	1	733.61	0
204	4	4	108	4	0	864.98	0
204	4	4	109	6	1	654.86	0
204	4	4	110	7	1	487.47	0
204	4	4	111	4	1	513.02	0
204	4	4	112	7	0	792.28	0
204	4	4	113	2	1	555.26	0
204	4	4	114	6	1	569.1	0
204	4	4	115	9	0	491.25	0
204	4	4	116	2	1	678.27	0
204	4	4	117	7	1	645.79	0
204	4	4	118	2	1	543.84	0
204	4	4	119	7	1	926.21	0
204	4	4	120	11	0	780.27	0
204	3	4	1	12	0	529.09	0
204	3	4	2	10	1	868.05	0
204	3	4	3	10	0	464.4	0
204	3	4	4	1	1	558.18	0
204	3	4	5	5	0	785.82	0
204	3	4	6	10	1	459.66	0
204	3	4	7	3	1	831.9	0
204	3	4	8	1	0	924.25	0
204	3	4	9	12	1	425.75	0
204	3	4	10	8	1	527.98	0
204	3	4	11	3	0	960.48	0
204	3	4	12	3	1	357.57	0
204	3	4	13	10	0	645.91	0
204	3	4	14	8	1	787.67	0
204	3	4	15	12	1	772.73	0
204	3	4	16	8	1	522.51	0
204	3	4	17	5	0	561.57	0
204	3	4	18	8	1	470.86	0
204	3	4	19	1	0	924.79	0
204	3	4	20	12	1	666.08	0
204	3	4	21	1	1	1024.6	0
204	3	4	22	10	1	715.97	0
204	3	4	23	5	1	757.55	0
204	3	4	24	12	0	466.36	0
204	3	4	25	12	1	460.62	0
204	3	4	26	5	1	595.2	0
204	3	4	27	1	0	886.73	0
204	3	4	28	1	1	842.84	0
204	3	4	29	5	1	751.94	0
204	3	4	30	10	1	568.26	0
204	3	4	31	3	1	1190.4	0
204	3	4	32	10	1	471.48	0
204	3	4	33	10	0	665.17	0
204	3	4	34	5	1	751.12	0
204	3	4	35	3	1	753.21	0
204	3	4	36	12	1	922.49	0
204	3	4	37	3	1	706.23	0
204	3	4	38	1	1	712.69	0
204	3	4	39	12	1	701.92	0
204	3	4	40	12	1	633.88	0
204	3	4	41	8	0	713.39	0
204	3	4	42	3	0	749.98	0
204	3	4	43	5	1	972.53	0
204	3	4	44	1	0	532.09	0
204	3	4	45	1	1	345.29	0
204	3	4	46	8	1	588.79	0
204	3	4	47	5	0	745.97	0
204	3	4	48	1	1	1571	0
204	3	4	49	5	1	457.07	0
204	3	4	50	1	1	531.98	0
204	3	4	51	3	0	771.09	0
204	3	4	52	8	0	897.63	0
204	3	4	53	3	1	673.76	0
204	3	4	54	1	0	577.41	0
204	3	4	55	8	1	561.71	0
204	3	4	56	1	1	478.47	0
204	3	4	57	5	0	670.86	0
204	3	4	58	8	1	2314	0
204	3	4	59	8	1	636.76	0
204	3	4	60	12	1	452.68	0
204	3	4	61	12	1	560.62	0
204	3	4	62	12	1	585.36	0
204	3	4	63	12	1	424.2	0
204	3	4	64	8	1	534.3	0
204	3	4	65	3	1	932.83	0
204	3	4	66	5	0	474.27	0
204	3	4	67	3	1	417.57	0
204	3	4	68	10	0	910.11	0
204	3	4	69	12	1	462.02	0
204	3	4	70	3	0	702.26	0
204	3	4	71	8	0	682.08	0
204	3	4	72	10	1	492.89	0
204	3	4	73	5	1	792.55	0
204	3	4	74	1	1	722.52	0
204	3	4	75	12	1	643.29	0
204	3	4	76	8	0	981.17	0
204	3	4	77	10	1	619.77	0
204	3	4	78	3	1	513.25	0
204	3	4	79	8	1	825.37	0
204	3	4	80	10	1	924.5	0
204	3	4	81	8	1	1010.9	0
204	3	4	82	1	0	573.55	0
204	3	4	83	5	1	440.04	0
204	3	4	84	10	0	843.62	0
204	3	4	85	3	1	447.05	0
204	3	4	86	12	1	578.3	0
204	3	4	87	5	1	631.93	0
204	3	4	88	10	0	743.24	0
204	3	4	89	1	1	559.56	0
204	3	4	90	5	0	628.52	0
204	3	4	91	3	0	549.82	0
204	3	4	92	10	0	451.34	0
204	3	4	93	5	0	427.85	0
204	3	4	94	5	1	580.26	0
204	3	4	95	12	0	1281.3	0
204	3	4	96	3	1	402.34	0
204	3	4	97	12	0	735.18	0
204	3	4	98	1	1	842.98	0
204	3	4	99	10	1	596.88	0
204	3	4	100	8	1	736.09	0
204	3	4	101	10	1	553.28	0
204	3	4	102	5	1	576.71	0
204	3	4	103	3	1	460.14	0
204	3	4	104	10	0	665.33	0
204	3	4	105	8	1	505.78	0
204	3	4	106	5	1	492.45	0
204	3	4	107	8	1	518.97	0
204	3	4	108	10	0	624.24	0
204	3	4	109	3	1	530.22	0
204	3	4	110	5	1	906.5	0
204	3	4	111	8	1	725.45	0
204	3	4	112	12	0	716.33	0
204	3	4	113	12	1	1265.2	0
204	3	4	114	3	0	530.72	0
204	3	4	115	1	1	924.32	0
204	3	4	116	1	0	577.04	0
204	3	4	117	10	1	612.98	0
204	3	4	118	3	1	732.87	0
204	3	4	119	8	0	581.6	0
204	3	4	120	1	1	571.39	0
204	4	5	1	11	0	824.52	0
204	4	5	2	11	0	785.88	0
204	4	5	3	2	1	1067.7	0
204	4	5	4	6	0	599.89	0
204	4	5	5	7	1	698.78	0
204	4	5	6	9	1	603.5	0
204	4	5	7	9	1	739.58	0
204	4	5	8	6	1	482.73	0
204	4	5	9	2	1	648.65	0
204	4	5	10	9	0	479.49	0
204	4	5	11	4	0	943.26	0
204	4	5	12	9	0	863	0
204	4	5	13	7	1	839.32	0
204	4	5	14	11	1	529.33	0
204	4	5	15	6	0	897.15	0
204	4	5	16	4	1	386	0
204	4	5	17	11	0	451.75	0
204	4	5	18	6	1	677.25	0
204	4	5	19	11	1	592.04	0
204	4	5	20	2	1	508.51	0
204	4	5	21	11	1	625.26	0
204	4	5	22	2	0	1200	0
204	4	5	23	4	0	704.16	0
204	4	5	24	7	1	691.48	0
204	4	5	25	9	1	655.78	0
204	4	5	26	6	1	601.12	0
204	4	5	27	2	1	823.37	0
204	4	5	28	6	1	1035	0
204	4	5	29	9	0	1197.9	0
204	4	5	30	9	0	558.91	0
204	4	5	31	4	0	654.92	0
204	4	5	32	11	1	826.91	0
204	4	5	33	7	1	455.39	0
204	4	5	34	6	0	737.57	0
204	4	5	35	6	1	518.44	0
204	4	5	36	6	1	544.15	0
204	4	5	37	6	1	462.51	0
204	4	5	38	9	0	824.78	0
204	4	5	39	7	1	687.1	0
204	4	5	40	6	1	632.32	0
204	4	5	41	11	1	533.25	0
204	4	5	42	11	1	995.94	0
204	4	5	43	9	1	465.21	0
204	4	5	44	2	1	518.92	0
204	4	5	45	4	1	529.79	0
204	4	5	46	9	0	995.04	0
204	4	5	47	2	0	545	0
204	4	5	48	6	0	767.34	0
204	4	5	49	7	0	514.1	0
204	4	5	50	6	1	563.97	0
204	4	5	51	2	1	1518.2	0
204	4	5	52	11	1	761.76	0
204	4	5	53	4	1	621.8	0
204	4	5	54	4	1	456.06	0
204	4	5	55	11	1	723.21	0
204	4	5	56	4	1	717.98	0
204	4	5	57	2	1	719.13	0
204	4	5	58	4	0	539.73	0
204	4	5	59	11	1	645.33	0
204	4	5	60	2	1	808.73	0
204	4	5	61	6	1	384.57	0
204	4	5	62	9	1	638.1	0
204	4	5	63	9	1	707.6	0
204	4	5	64	7	0	408.56	0
204	4	5	65	2	1	611.33	0
204	4	5	66	9	1	639.88	0
204	4	5	67	4	1	532.02	0
204	4	5	68	2	0	573.58	0
204	4	5	69	7	0	679.1	0
204	4	5	70	7	1	877.72	0
204	4	5	71	7	1	1086	0
204	4	5	72	11	1	443.73	0
204	4	5	73	11	1	879.67	0
204	4	5	74	7	1	858.22	0
204	4	5	75	11	1	588.9	0
204	4	5	76	2	0	1584	0
204	4	5	77	9	1	604.98	0
204	4	5	78	6	0	709.4	0
204	4	5	79	9	1	608.11	0
204	4	5	80	7	1	675.95	0
204	4	5	81	4	1	618.99	0
204	4	5	82	7	0	627.1	0
204	4	5	83	11	1	691.92	0
204	4	5	84	4	1	505.04	0
204	4	5	85	7	1	945.13	0
204	4	5	86	4	1	740.78	0
204	4	5	87	11	1	556.42	0
204	4	5	88	6	0	1190.2	0
204	4	5	89	2	1	592.82	0
204	4	5	90	4	1	496	0
204	4	5	91	7	1	984.24	0
204	4	5	92	4	1	482.06	0
204	4	5	93	9	0	706.97	0
204	4	5	94	4	1	672.74	0
204	4	5	95	4	1	946.99	0
204	4	5	96	7	1	493.01	0
204	4	5	97	9	1	907.54	0
204	4	5	98	9	1	360.82	0
204	4	5	99	11	1	573.62	0
204	4	5	100	11	1	533.8	0
204	4	5	101	6	1	643.3	0
204	4	5	102	2	1	597	0
204	4	5	103	9	1	644.49	0
204	4	5	104	4	0	626.92	0
204	4	5	105	7	1	816.24	0
204	4	5	106	2	1	730.63	0
204	4	5	107	2	1	661.47	0
204	4	5	108	11	0	733.98	0
204	4	5	109	2	1	808.68	0
204	4	5	110	7	1	614.97	0
204	4	5	111	7	1	640.93	0
204	4	5	112	6	0	867.27	0
204	4	5	113	6	1	1104.8	0
204	4	5	114	2	1	588.29	0
204	4	5	115	4	0	848.45	0
204	4	5	116	2	1	566.89	0
204	4	5	117	4	0	659.22	0
204	4	5	118	9	1	593.44	0
204	4	5	119	7	1	799.46	0
204	4	5	120	6	0	543.39	0
204	3	5	1	12	1	728.78	0
204	3	5	2	10	1	556.16	0
204	3	5	3	8	0	857.17	0
204	3	5	4	5	1	539.54	0
204	3	5	5	10	1	478.41	0
204	3	5	6	3	0	745.18	0
204	3	5	7	8	1	634.79	0
204	3	5	8	8	1	470.7	0
204	3	5	9	1	1	510.38	0
204	3	5	10	3	0	822.58	0
204	3	5	11	1	1	681.26	0
204	3	5	12	12	0	784.01	0
204	3	5	13	3	1	565.54	0
204	3	5	14	8	1	542.14	0
204	3	5	15	12	1	406.04	0
204	3	5	16	10	1	687.46	0
204	3	5	17	12	1	679.11	0
204	3	5	18	3	0	767.33	0
204	3	5	19	10	1	615.63	0
204	3	5	20	5	1	621.84	0
204	3	5	21	1	1	710.35	0
204	3	5	22	3	0	686.81	0
204	3	5	23	1	1	1113.4	0
204	3	5	24	1	0	722.2	0
204	3	5	25	1	1	485.68	0
204	3	5	26	8	1	977.94	0
204	3	5	27	10	0	756.91	0
204	3	5	28	1	0	654.03	0
204	3	5	29	8	1	691.17	0
204	3	5	30	12	0	602.55	0
204	3	5	31	12	1	524.92	0
204	3	5	32	12	0	611.74	0
204	3	5	33	1	1	821.32	0
204	3	5	34	3	0	401.84	0
204	3	5	35	10	1	773.2	0
204	3	5	36	10	0	842.62	0
204	3	5	37	3	1	687.58	0
204	3	5	38	5	1	789.07	0
204	3	5	39	1	0	575.61	0
204	3	5	40	3	0	555.08	0
204	3	5	41	8	1	670.8	0
204	3	5	42	12	1	561.5	0
204	3	5	43	1	1	608.51	0
204	3	5	44	5	1	483.91	0
204	3	5	45	5	1	687.46	0
204	3	5	46	8	1	618.99	0
204	3	5	47	3	0	547.64	0
204	3	5	48	5	0	824.18	0
204	3	5	49	10	0	1279.4	0
204	3	5	50	3	1	660.42	0
204	3	5	51	1	0	620.02	0
204	3	5	52	1	1	816.73	0
204	3	5	53	1	1	658.15	0
204	3	5	54	10	1	788.78	0
204	3	5	55	12	1	487.55	0
204	3	5	56	5	1	613.46	0
204	3	5	57	5	1	478.8	0
204	3	5	58	1	1	459.2	0
204	3	5	59	1	0	660.53	0
204	3	5	60	5	0	1077.2	0
204	3	5	61	10	0	583.08	0
204	3	5	62	12	1	535.76	0
204	3	5	63	8	0	542.05	0
204	3	5	64	1	1	605.62	0
204	3	5	65	10	0	492.6	0
204	3	5	66	12	0	791.06	0
204	3	5	67	10	1	523.23	0
204	3	5	68	8	0	535.2	0
204	3	5	69	5	1	963.11	0
204	3	5	70	5	1	491.37	0
204	3	5	71	12	1	541.42	0
204	3	5	72	8	1	715.42	0
204	3	5	73	8	1	557.18	0
204	3	5	74	12	1	792.69	0
204	3	5	75	3	1	659.31	0
204	3	5	76	12	1	683.67	0
204	3	5	77	5	1	625.52	0
204	3	5	78	10	1	466.07	0
204	3	5	79	3	0	600.99	0
204	3	5	80	5	1	624.8	0
204	3	5	81	10	1	758.28	0
204	3	5	82	8	1	518.99	0
204	3	5	83	3	0	616.65	0
204	3	5	84	5	0	1019.2	0
204	3	5	85	3	1	496.47	0
204	3	5	86	1	0	643.37	0
204	3	5	87	12	0	638.03	0
204	3	5	88	10	1	695.66	0
204	3	5	89	8	1	434.9	0
204	3	5	90	3	0	755.68	0
204	3	5	91	5	1	541.35	0
204	3	5	92	5	1	856.4	0
204	3	5	93	3	1	639.53	0
204	3	5	94	10	0	542.58	0
204	3	5	95	8	1	963.13	0
204	3	5	96	8	1	676.43	0
204	3	5	97	1	1	635.85	0
204	3	5	98	8	0	639.3	0
204	3	5	99	8	0	623.52	0
204	3	5	100	5	0	742.64	0
204	3	5	101	12	1	460.3	0
204	3	5	102	1	1	610.9	0
204	3	5	103	10	0	865.27	0
204	3	5	104	5	0	658.66	0
204	3	5	105	5	1	662.66	0
204	3	5	106	8	0	594.13	0
204	3	5	107	12	1	573.14	0
204	3	5	108	3	1	519.66	0
204	3	5	109	3	1	571.33	0
204	3	5	110	8	0	625.16	0
204	3	5	111	12	1	647.27	0
204	3	5	112	10	1	482.33	0
204	3	5	113	10	1	430.65	0
204	3	5	114	12	1	790.15	0
204	3	5	115	3	1	620.8	0
204	3	5	116	1	1	1161.9	0
204	3	5	117	3	1	682.83	0
204	3	5	118	5	1	644.34	0
204	3	5	119	12	1	536.4	0
204	3	5	120	10	0	860.02	0
204	2	5	1	2	0	606.55	0
204	2	5	2	6	1	604.04	0
204	2	5	3	4	1	650.17	0
204	2	5	4	2	1	437.8	0
204	2	5	5	4	1	634.44	0
204	2	5	6	12	1	580.32	0
204	2	5	7	12	0	867.88	0
204	2	5	8	6	1	652.94	0
204	2	5	9	10	0	608.51	0
204	2	5	10	2	0	788.6	0
204	2	5	11	2	1	462.78	0
204	2	5	12	6	1	646.5	0
204	2	5	13	8	1	728.43	0
204	2	5	14	12	1	559.02	0
204	2	5	15	10	0	558.11	0
204	2	5	16	12	0	994.35	0
204	2	5	17	10	0	1039	0
204	2	5	18	10	1	476.55	0
204	2	5	19	6	1	579.28	0
204	2	5	20	10	0	783.65	0
204	2	5	21	6	0	484.43	0
204	2	5	22	10	1	599.85	0
204	2	5	23	12	0	601.14	0
204	2	5	24	4	0	682.64	0
204	2	5	25	4	1	502.91	0
204	2	5	26	8	1	678.29	0
204	2	5	27	6	1	718.38	0
204	2	5	28	4	0	683.65	0
204	2	5	29	6	0	818.2	0
204	2	5	30	12	0	508.17	0
204	2	5	31	4	0	588.67	0
204	2	5	32	6	0	582.73	0
204	2	5	33	8	1	454.54	0
204	2	5	34	10	0	560.05	0
204	2	5	35	4	1	808.9	0
204	2	5	36	6	0	561.26	0
204	2	5	37	6	1	641.57	0
204	2	5	38	10	0	1091.6	0
204	2	5	39	2	0	510.42	0
204	2	5	40	10	1	505.1	0
204	2	5	41	12	0	979.4	0
204	2	5	42	10	1	589.79	0
204	2	5	43	6	1	423.3	0
204	2	5	44	2	1	652.07	0
204	2	5	45	12	0	922.83	0
204	2	5	46	8	0	804.2	0
204	2	5	47	4	0	558.24	0
204	2	5	48	8	1	454.25	0
204	2	5	49	12	1	477.39	0
204	2	5	50	12	1	435.16	0
204	2	5	51	10	1	737.32	0
204	2	5	52	8	1	653.84	0
204	2	5	53	6	0	557.9	0
204	2	5	54	2	1	770.76	0
204	2	5	55	2	1	612.55	0
204	2	5	56	12	0	721.62	0
204	2	5	57	12	1	611.51	0
204	2	5	58	8	0	1089.1	0
204	2	5	59	12	0	926.08	0
204	2	5	60	2	1	663.09	0
204	2	5	61	8	0	675.63	0
204	2	5	62	4	1	464.27	0
204	2	5	63	10	1	632.27	0
204	2	5	64	6	1	714.08	0
204	2	5	65	2	0	612.53	0
204	2	5	66	10	1	1100.7	0
204	2	5	67	8	0	606.67	0
204	2	5	68	4	1	637.67	0
204	2	5	69	6	1	602.88	0
204	2	5	70	4	1	970.45	0
204	2	5	71	12	0	648.9	0
204	2	5	72	4	1	664.09	0
204	2	5	73	8	0	599.04	0
204	2	5	74	2	0	748.83	0
204	2	5	75	2	1	536.98	0
204	2	5	76	4	0	713.11	0
204	2	5	77	10	1	494.74	0
204	2	5	78	10	1	610.76	0
204	2	5	79	2	1	451.89	0
204	2	5	80	6	1	567.68	0
204	2	5	81	8	1	655.54	0
204	2	5	82	4	1	516.47	0
204	2	5	83	2	1	670.88	0
204	2	5	84	6	0	821.26	0
204	2	5	85	8	1	1016.5	0
204	2	5	86	6	1	748.73	0
204	2	5	87	10	0	856.05	0
204	2	5	88	2	1	624.57	0
204	2	5	89	2	1	724.43	0
204	2	5	90	8	0	650.15	0
204	2	5	91	8	1	450.12	0
204	2	5	92	6	0	646.11	0
204	2	5	93	6	0	576.66	0
204	2	5	94	8	0	571.01	0
204	2	5	95	2	0	510.51	0
204	2	5	96	8	1	1387	0
204	2	5	97	4	0	622.59	0
204	2	5	98	10	1	521.68	0
204	2	5	99	8	0	676.03	0
204	2	5	100	8	1	613.24	0
204	2	5	101	10	0	690.67	0
204	2	5	102	2	0	619.5	0
204	2	5	103	8	1	596.23	0
204	2	5	104	12	1	1052	0
204	2	5	105	12	1	574.09	0
204	2	5	106	10	0	881.01	0
204	2	5	107	2	1	854.13	0
204	2	5	108	12	1	687.7	0
204	2	5	109	4	1	1276.8	0
204	2	5	110	12	1	808.32	0
204	2	5	111	10	0	507.24	0
204	2	5	112	12	0	631.65	0
204	2	5	113	6	1	662.72	0
204	2	5	114	4	1	632.16	0
204	2	5	115	4	1	669.94	0
204	2	5	116	4	1	731.9	0
204	2	5	117	2	1	560.52	0
204	2	5	118	8	1	781.09	0
204	2	5	119	12	1	724.3	0
204	2	5	120	4	0	549.13	0
204	1	5	1	11	1	774.88	0
204	1	5	2	7	1	493.14	0
204	1	5	3	5	0	546.26	0
204	1	5	4	7	0	606.02	0
204	1	5	5	3	1	588.26	0
204	1	5	6	3	1	498.16	0
204	1	5	7	7	0	514.14	0
204	1	5	8	7	1	619.15	0
204	1	5	9	5	1	632.04	0
204	1	5	10	1	1	603.29	0
204	1	5	11	11	1	510.79	0
204	1	5	12	5	0	604.2	0
204	1	5	13	11	1	623.21	0
204	1	5	14	7	1	592.04	0
204	1	5	15	5	1	934.36	0
204	1	5	16	1	0	724.12	0
204	1	5	17	7	1	688.29	0
204	1	5	18	3	0	610.56	0
204	1	5	19	1	1	739.62	0
204	1	5	20	3	1	784.39	0
204	1	5	21	5	0	664.54	0
204	1	5	22	3	1	509.34	0
204	1	5	23	11	1	557.04	0
204	1	5	24	5	1	803.29	0
204	1	5	25	7	0	828.47	0
204	1	5	26	1	1	729.29	0
204	1	5	27	9	1	682.74	0
204	1	5	28	3	0	1144.3	0
204	1	5	29	3	1	501.6	0
204	1	5	30	11	1	447.01	0
204	1	5	31	9	0	1110	0
204	1	5	32	7	1	707.43	0
204	1	5	33	1	1	439.92	0
204	1	5	34	9	1	588.38	0
204	1	5	35	1	1	562.94	0
204	1	5	36	11	1	463.23	0
204	1	5	37	9	0	610.8	0
204	1	5	38	9	1	586.61	0
204	1	5	39	9	1	695.47	0
204	1	5	40	3	1	871.8	0
204	1	5	41	1	0	657.7	0
204	1	5	42	5	1	686.11	0
204	1	5	43	1	1	547.61	0
204	1	5	44	1	1	406.69	0
204	1	5	45	11	1	448.04	0
204	1	5	46	11	1	499.48	0
204	1	5	47	3	0	973.75	0
204	1	5	48	11	0	549.42	0
204	1	5	49	1	1	534	0
204	1	5	50	9	1	498.01	0
204	1	5	51	7	1	1483.1	0
204	1	5	52	11	1	503.38	0
204	1	5	53	11	1	565.67	0
204	1	5	54	1	0	635.43	0
204	1	5	55	1	1	438.46	0
204	1	5	56	11	1	514.93	0
204	1	5	57	11	1	450.56	0
204	1	5	58	3	0	639.46	0
204	1	5	59	11	1	492.53	0
204	1	5	60	1	0	599.58	0
204	1	5	61	7	1	514.29	0
204	1	5	62	3	0	724.45	0
204	1	5	63	11	0	608.82	0
204	1	5	64	3	1	519.28	0
204	1	5	65	3	1	608.9	0
204	1	5	66	7	1	585.36	0
204	1	5	67	3	1	799.63	0
204	1	5	68	5	0	663.55	0
204	1	5	69	9	1	425.65	0
204	1	5	70	1	1	588.12	0
204	1	5	71	1	1	548.93	0
204	1	5	72	5	1	677	0
204	1	5	73	5	1	488.74	0
204	1	5	74	3	1	506.92	0
204	1	5	75	7	1	572.61	0
204	1	5	76	7	1	818.66	0
204	1	5	77	3	0	533.76	0
204	1	5	78	7	0	1548.5	0
204	1	5	79	9	0	486.76	0
204	1	5	80	9	1	661.35	0
204	1	5	81	3	0	660.15	0
204	1	5	82	3	1	493.76	0
204	1	5	83	7	0	768.99	0
204	1	5	84	9	1	903.82	0
204	1	5	85	5	0	737.22	0
204	1	5	86	11	0	624.66	0
204	1	5	87	7	0	589.46	0
204	1	5	88	7	1	640.06	0
204	1	5	89	7	1	554.86	0
204	1	5	90	5	1	521.13	0
204	1	5	91	1	0	505.74	0
204	1	5	92	5	1	466.05	0
204	1	5	93	9	1	639.34	0
204	1	5	94	11	0	722.45	0
204	1	5	95	11	1	716.83	0
204	1	5	96	9	0	730.5	0
204	1	5	97	1	1	608.69	0
204	1	5	98	11	0	483.54	0
204	1	5	99	9	1	518.31	0
204	1	5	100	5	1	732.29	0
204	1	5	101	9	0	926.69	0
204	1	5	102	5	1	781.87	0
204	1	5	103	1	1	561.98	0
204	1	5	104	9	1	460.51	0
204	1	5	105	3	1	868.74	0
204	1	5	106	5	0	513.72	0
204	1	5	107	9	1	905.4	0
204	1	5	108	9	1	612.69	0
204	1	5	109	9	0	850.07	0
204	1	5	110	5	1	1232.4	0
204	1	5	111	11	1	556.27	0
204	1	5	112	3	1	902.66	0
204	1	5	113	7	1	767.01	0
204	1	5	114	5	0	768.78	0
204	1	5	115	9	1	456.34	0
204	1	5	116	5	1	624.26	0
204	1	5	117	1	1	528.36	0
204	1	5	118	1	1	493.06	0
204	1	5	119	7	1	588.89	0
204	1	5	120	5	0	13192	1
204	5	5	1	4	1	754.8	0
204	5	5	2	4	0	579.4	0
204	5	5	3	3	1	665.55	0
204	5	5	4	7	0	527	0
204	5	5	5	6	1	575.78	0
204	5	5	6	7	1	662.17	0
204	5	5	7	2	1	761.47	0
204	5	5	8	6	1	771.98	0
204	5	5	9	3	0	862.96	0
204	5	5	10	11	1	707.31	0
204	5	5	11	5	1	1071.3	0
204	5	5	12	2	0	512.95	0
204	5	5	13	5	0	736.72	0
204	5	5	14	11	1	584.05	0
204	5	5	15	9	1	556.65	0
204	5	5	16	4	0	865.14	0
204	5	5	17	1	1	708.83	0
204	5	5	18	9	1	575.42	0
204	5	5	19	10	1	1037.7	0
204	5	5	20	5	0	480.9	0
204	5	5	21	11	1	517.87	0
204	5	5	22	2	0	1119.3	0
204	5	5	23	2	1	527.51	0
204	5	5	24	1	0	771.82	0
204	5	5	25	8	0	541.78	0
204	5	5	26	1	1	581.38	0
204	5	5	27	6	1	636.58	0
204	5	5	28	6	1	567.04	0
204	5	5	29	7	1	481.32	0
204	5	5	30	8	0	870.41	0
204	5	5	31	3	1	990.27	0
204	5	5	32	12	1	544.58	0
204	5	5	33	5	1	1047.5	0
204	5	5	34	6	1	460.45	0
204	5	5	35	5	1	835.66	0
204	5	5	36	9	1	915.27	0
204	5	5	37	9	0	710.41	0
204	5	5	38	1	1	612.82	0
204	5	5	39	1	1	596.31	0
204	5	5	40	2	0	894.87	0
204	5	5	41	8	0	864.51	0
204	5	5	42	6	1	496.16	0
204	5	5	43	8	1	785.94	0
204	5	5	44	6	0	736.88	0
204	5	5	45	12	1	515.8	0
204	5	5	46	6	1	749.78	0
204	5	5	47	3	1	594.31	0
204	5	5	48	7	1	667.22	0
204	5	5	49	2	0	478.71	0
204	5	5	50	3	1	1448.4	0
204	5	5	51	5	0	651.89	0
204	5	5	52	5	1	560.2	0
204	5	5	53	12	1	507.2	0
204	5	5	54	2	1	514.83	0
204	5	5	55	1	0	590.03	0
204	5	5	56	5	1	528.14	0
204	5	5	57	7	1	604.98	0
204	5	5	58	5	0	632.84	0
204	5	5	59	2	1	759.11	0
204	5	5	60	3	1	661.02	0
204	5	5	61	7	0	532.67	0
204	5	5	62	12	0	463.84	0
204	5	5	63	4	1	547.75	0
204	5	5	64	10	1	671.13	0
204	5	5	65	9	0	1003.7	0
204	5	5	66	9	1	497.57	0
204	5	5	67	6	0	518.01	0
204	5	5	68	5	1	522.08	0
204	5	5	69	12	0	740.96	0
204	5	5	70	11	0	854.46	0
204	5	5	71	7	1	571.57	0
204	5	5	72	12	0	461.28	0
204	5	5	73	4	1	542.51	0
204	5	5	74	10	0	710.94	0
204	5	5	75	11	1	659.89	0
204	5	5	76	2	0	672.85	0
204	5	5	77	4	0	825.63	0
204	5	5	78	9	1	541.96	0
204	5	5	79	10	0	636.57	0
204	5	5	80	10	1	486.31	0
204	5	5	81	12	0	734.05	0
204	5	5	82	3	1	564.84	0
204	5	5	83	10	0	649.13	0
204	5	5	84	9	0	535.93	0
204	5	5	85	3	1	656.07	0
204	5	5	86	9	1	424.54	0
204	5	5	87	11	0	755.36	0
204	5	5	88	7	1	639.15	0
204	5	5	89	1	1	554.4	0
204	5	5	90	12	1	441.04	0
204	5	5	91	1	1	816.19	0
204	5	5	92	4	0	629.72	0
204	5	5	93	8	0	735.57	0
204	5	5	94	1	1	550.6	0
204	5	5	95	1	1	516.29	0
204	5	5	96	11	1	890.54	0
204	5	5	97	2	0	1325.2	0
204	5	5	98	11	1	487.58	0
204	5	5	99	3	1	646.32	0
204	5	5	100	10	0	886.85	0
204	5	5	101	12	0	647.63	0
204	5	5	102	7	0	512.98	0
204	5	5	103	12	0	620.46	0
204	5	5	104	6	0	762.17	0
204	5	5	105	8	1	1078.9	0
204	5	5	106	10	0	549.35	0
204	5	5	107	4	0	436.48	0
204	5	5	108	11	1	558.52	0
204	5	5	109	8	0	729.13	0
204	5	5	110	9	0	521.02	0
204	5	5	111	8	1	547.55	0
204	5	5	112	4	1	441.02	0
204	5	5	113	10	1	600.15	0
204	5	5	114	10	1	498.24	0
204	5	5	115	7	1	732.75	0
204	5	5	116	4	1	623.5	0
204	5	5	117	3	0	712.35	0
204	5	5	118	11	1	680.35	0
204	5	5	119	8	0	719.22	0
204	5	5	120	8	1	1152.5	0
204	5	5	1	7	1	583.63	0
204	5	5	2	1	0	644.45	0
204	5	5	3	9	1	496.33	0
204	5	5	4	11	0	535.9	0
204	5	5	5	11	0	745.57	0
204	5	5	6	1	1	776.9	0
204	5	5	7	3	1	667.52	0
204	5	5	8	7	0	669.18	0
204	5	5	9	3	0	743.64	0
204	5	5	10	8	1	627.46	0
204	5	5	11	7	1	678.25	0
204	5	5	12	12	1	841.98	0
204	5	5	13	2	1	541.39	0
204	5	5	14	7	1	1371.1	0
204	5	5	15	1	0	832.63	0
204	5	5	16	1	0	573.06	0
204	5	5	17	1	1	541.53	0
204	5	5	18	5	1	625.38	0
204	5	5	19	11	0	659.15	0
204	5	5	20	3	1	509.98	0
204	5	5	21	9	0	644.77	0
204	5	5	22	11	0	917.95	0
204	5	5	23	1	1	571.65	0
204	5	5	24	7	1	1069.5	0
204	5	5	25	2	1	429.43	0
204	5	5	26	2	0	666.69	0
204	5	5	27	9	0	659.16	0
204	5	5	28	5	1	839.29	0
204	5	5	29	4	1	1186.6	0
204	5	5	30	2	0	1506.5	0
204	5	5	31	5	0	684.88	0
204	5	5	32	6	0	1365.7	0
204	5	5	33	4	0	741.02	0
204	5	5	34	5	0	574.34	0
204	5	5	35	4	1	901	0
204	5	5	36	9	1	710.02	0
204	5	5	37	8	1	486.05	0
204	5	5	38	10	0	770.7	0
204	5	5	39	5	1	481.83	0
204	5	5	40	1	0	765.81	0
204	5	5	41	6	1	678.25	0
204	5	5	42	2	0	668.01	0
204	5	5	43	3	1	825.59	0
204	5	5	44	9	1	749.96	0
204	5	5	45	5	0	729.49	0
204	5	5	46	8	1	595.13	0
204	5	5	47	5	1	456.49	0
204	5	5	48	7	1	539.95	0
204	5	5	49	11	1	425.08	0
204	5	5	50	7	1	761.04	0
204	5	5	51	11	1	581.09	0
204	5	5	52	1	1	645.47	0
204	5	5	53	9	1	609.02	0
204	5	5	54	9	1	594.9	0
204	5	5	55	10	1	582.37	0
204	5	5	56	12	1	473.59	0
204	5	5	57	4	1	774.37	0
204	5	5	58	10	1	619.32	0
204	5	5	59	6	1	475.09	0
204	5	5	60	6	0	806.59	0
204	5	5	61	12	0	480.78	0
204	5	5	62	9	0	463.6	0
204	5	5	63	2	0	866.92	0
204	5	5	64	10	1	539.98	0
204	5	5	65	9	1	612.85	0
204	5	5	66	10	0	1089.3	0
204	5	5	67	4	1	632.12	0
204	5	5	68	6	1	633.52	0
204	5	5	69	3	1	467.94	0
204	5	5	70	11	1	984.63	0
204	5	5	71	12	1	808.09	0
204	5	5	72	10	1	486.85	0
204	5	5	73	2	1	623.14	0
204	5	5	74	6	0	648.66	0
204	5	5	75	7	1	468.42	0
204	5	5	76	10	0	516.65	0
204	5	5	77	11	1	522.16	0
204	5	5	78	8	0	461.79	0
204	5	5	79	12	0	632.96	0
204	5	5	80	9	0	839.77	0
204	5	5	81	3	0	1005	0
204	5	5	82	3	1	557.44	0
204	5	5	83	10	1	532.37	0
204	5	5	84	4	0	792.84	0
204	5	5	85	5	0	515.14	0
204	5	5	86	12	0	462.67	0
204	5	5	87	3	0	727.81	0
204	5	5	88	1	0	618	0
204	5	5	89	5	0	796.82	0
204	5	5	90	8	0	673.33	0
204	5	5	91	12	0	945.24	0
204	5	5	92	6	1	624.08	0
204	5	5	93	6	1	740.38	0
204	5	5	94	5	1	512.98	0
204	5	5	95	8	1	727.29	0
204	5	5	96	11	0	601.95	0
204	5	5	97	2	0	1145.6	0
204	5	5	98	3	0	587.69	0
204	5	5	99	12	0	592.05	0
204	5	5	100	4	1	502.84	0
204	5	5	101	1	1	1242.2	0
204	5	5	102	10	0	631.33	0
204	5	5	103	12	0	554.25	0
204	5	5	104	2	0	1736.9	0
204	5	5	105	8	1	547.34	0
204	5	5	106	7	1	712.6	0
204	5	5	107	3	1	698.15	0
204	5	5	108	2	0	676.39	0
204	5	5	109	7	1	692.14	0
204	5	5	110	4	0	745.67	0
204	5	5	111	8	1	727.56	0
204	5	5	112	4	1	623.03	0
204	5	5	113	4	0	666.91	0
204	5	5	114	8	1	529.76	0
204	5	5	115	6	0	595.72	0
204	5	5	116	12	1	601.46	0
204	5	5	117	6	1	342.33	0
204	5	5	118	11	1	823.98	0
204	5	5	119	8	0	539.49	0
204	5	5	120	10	0	852.97	0
204	4	6	1	6	1	531.71	0
204	4	6	2	2	1	501.43	0
204	4	6	3	4	1	1010	0
204	4	6	4	9	1	1096.5	0
204	4	6	5	9	1	598.82	0
204	4	6	6	7	1	623.58	0
204	4	6	7	11	1	716.74	0
204	4	6	8	11	1	438.24	0
204	4	6	9	7	1	673.7	0
204	4	6	10	6	0	682.88	0
204	4	6	11	11	0	683.16	0
204	4	6	12	11	1	584.57	0
204	4	6	13	2	0	1318	0
204	4	6	14	2	1	672.22	0
204	4	6	15	11	1	791.29	0
204	4	6	16	4	1	699.31	0
204	4	6	17	4	1	587.33	0
204	4	6	18	6	0	549.43	0
204	4	6	19	11	1	516.13	0
204	4	6	20	7	1	596.92	0
204	4	6	21	6	0	577.6	0
204	4	6	22	7	0	694.68	0
204	4	6	23	6	1	487.74	0
204	4	6	24	4	0	748.5	0
204	4	6	25	7	0	1083.5	0
204	4	6	26	7	1	801.73	0
204	4	6	27	9	1	559.07	0
204	4	6	28	2	0	642.03	0
204	4	6	29	11	0	735.33	0
204	4	6	30	7	1	741.01	0
204	4	6	31	2	1	451.11	0
204	4	6	32	4	0	737.18	0
204	4	6	33	9	0	829.49	0
204	4	6	34	6	1	575.25	0
204	4	6	35	4	0	743.82	0
204	4	6	36	7	1	560.53	0
204	4	6	37	11	0	370.41	0
204	4	6	38	4	1	682.61	0
204	4	6	39	6	1	456.9	0
204	4	6	40	2	1	783.24	0
204	4	6	41	6	1	878.54	0
204	4	6	42	2	1	665.35	0
204	4	6	43	4	0	685.64	0
204	4	6	44	2	1	540.35	0
204	4	6	45	7	0	836.94	0
204	4	6	46	4	1	907.91	0
204	4	6	47	6	1	654.07	0
204	4	6	48	6	1	481.19	0
204	4	6	49	2	0	552.76	0
204	4	6	50	9	0	668.34	0
204	4	6	51	9	1	390.13	0
204	4	6	52	9	1	674.38	0
204	4	6	53	9	1	595.47	0
204	4	6	54	4	1	543.61	0
204	4	6	55	2	1	527.58	0
204	4	6	56	11	1	645.49	0
204	4	6	57	4	1	801.96	0
204	4	6	58	11	1	1027.5	0
204	4	6	59	4	1	712.44	0
204	4	6	60	11	1	1173.9	0
204	4	6	61	9	1	666.16	0
204	4	6	62	4	0	842.54	0
204	4	6	63	7	0	610.52	0
204	4	6	64	11	1	603.44	0
204	4	6	65	11	1	536.58	0
204	4	6	66	11	1	471.92	0
204	4	6	67	6	1	536.03	0
204	4	6	68	11	1	572.73	0
204	4	6	69	4	1	628.8	0
204	4	6	70	9	0	662.06	0
204	4	6	71	2	0	591.44	0
204	4	6	72	4	1	769.62	0
204	4	6	73	2	1	878.72	0
204	4	6	74	6	1	958.43	0
204	4	6	75	2	1	492.47	0
204	4	6	76	9	0	729.06	0
204	4	6	77	6	0	1146.9	0
204	4	6	78	4	0	1901.3	0
204	4	6	79	11	1	503.24	0
204	4	6	80	7	1	570.55	0
204	4	6	81	6	0	732.75	0
204	4	6	82	9	1	627.69	0
204	4	6	83	7	0	684.98	0
204	4	6	84	9	1	442.05	0
204	4	6	85	7	1	644.64	0
204	4	6	86	7	1	858.71	0
204	4	6	87	7	0	574.65	0
204	4	6	88	2	1	720.88	0
204	4	6	89	11	1	426.25	0
204	4	6	90	7	0	682.45	0
204	4	6	91	9	1	684.21	0
204	4	6	92	2	1	535.22	0
204	4	6	93	9	0	578.47	0
204	4	6	94	6	0	585.1	0
204	4	6	95	2	1	517.74	0
204	4	6	96	9	0	616.72	0
204	4	6	97	7	1	477.45	0
204	4	6	98	4	1	797.87	0
204	4	6	99	2	0	767.28	0
204	4	6	100	9	1	681.02	0
204	4	6	101	11	1	641.38	0
204	4	6	102	6	1	459.02	0
204	4	6	103	4	1	639.57	0
204	4	6	104	7	1	622.52	0
204	4	6	105	6	1	707.66	0
204	4	6	106	2	1	695.81	0
204	4	6	107	2	1	666.22	0
204	4	6	108	7	1	786.74	0
204	4	6	109	9	1	408.67	0
204	4	6	110	7	1	619.16	0
204	4	6	111	4	1	610.98	0
204	4	6	112	6	0	390.87	0
204	4	6	113	9	1	827.89	0
204	4	6	114	9	1	535.16	0
204	4	6	115	4	1	420.27	0
204	4	6	116	11	0	714.55	0
204	4	6	117	6	1	1025.1	0
204	4	6	118	2	0	681.68	0
204	4	6	119	6	1	729.25	0
204	4	6	120	11	0	523.65	0
204	3	6	1	12	1	672.31	0
204	3	6	2	3	1	1265	0
204	3	6	3	5	1	625.54	0
204	3	6	4	12	1	648.07	0
204	3	6	5	5	1	839.45	0
204	3	6	6	12	1	632.36	0
204	3	6	7	3	1	616.1	0
204	3	6	8	10	0	899.67	0
204	3	6	9	5	0	844.93	0
204	3	6	10	1	0	654.08	0
204	3	6	11	1	1	456.36	0
204	3	6	12	12	0	730.3	0
204	3	6	13	8	0	662.03	0
204	3	6	14	12	1	579.85	0
204	3	6	15	5	1	734.48	0
204	3	6	16	10	0	550.34	0
204	3	6	17	10	1	528.25	0
204	3	6	18	5	1	505.55	0
204	3	6	19	5	1	438.4	0
204	3	6	20	1	1	584.42	0
204	3	6	21	5	1	544.19	0
204	3	6	22	12	0	654.71	0
204	3	6	23	8	1	1012.6	0
204	3	6	24	8	1	499.94	0
204	3	6	25	8	0	1674.2	0
204	3	6	26	5	0	504.24	0
204	3	6	27	1	1	496.43	0
204	3	6	28	1	1	499.53	0
204	3	6	29	3	0	1428	0
204	3	6	30	1	1	410.03	0
204	3	6	31	3	1	583.6	0
204	3	6	32	8	1	501.02	0
204	3	6	33	12	1	960.88	0
204	3	6	34	12	1	631.72	0
204	3	6	35	3	1	777.61	0
204	3	6	36	5	0	531.22	0
204	3	6	37	1	1	404.29	0
204	3	6	38	12	1	503.81	0
204	3	6	39	12	1	544.84	0
204	3	6	40	10	1	1179.1	0
204	3	6	41	3	0	545.66	0
204	3	6	42	3	1	469.7	0
204	3	6	43	5	0	493.79	0
204	3	6	44	8	1	558.34	0
204	3	6	45	3	1	828.82	0
204	3	6	46	8	1	869.47	0
204	3	6	47	12	0	545.74	0
204	3	6	48	8	1	583.05	0
204	3	6	49	10	1	645.48	0
204	3	6	50	5	1	628.41	0
204	3	6	51	3	1	464.56	0
204	3	6	52	12	1	547.61	0
204	3	6	53	5	0	626.56	0
204	3	6	54	10	1	720.34	0
204	3	6	55	8	1	849.59	0
204	3	6	56	10	0	524.42	0
204	3	6	57	10	1	609.73	0
204	3	6	58	5	1	1002.3	0
204	3	6	59	3	1	633.12	0
204	3	6	60	3	1	1332.7	0
204	3	6	61	8	0	474.14	0
204	3	6	62	1	1	498.44	0
204	3	6	63	1	1	456.76	0
204	3	6	64	1	1	509.96	0
204	3	6	65	8	1	882.7	0
204	3	6	66	10	1	904.32	0
204	3	6	67	1	1	511.75	0
204	3	6	68	8	0	817.67	0
204	3	6	69	1	0	840.7	0
204	3	6	70	10	1	861.12	0
204	3	6	71	1	1	507.55	0
204	3	6	72	10	0	797.2	0
204	3	6	73	1	1	633.84	0
204	3	6	74	10	0	606.32	0
204	3	6	75	12	1	798.07	0
204	3	6	76	3	1	693.61	0
204	3	6	77	3	1	504.97	0
204	3	6	78	5	0	727.78	0
204	3	6	79	12	0	841.39	0
204	3	6	80	10	1	1221.6	0
204	3	6	81	10	1	509.56	0
204	3	6	82	5	0	608.24	0
204	3	6	83	8	1	452.55	0
204	3	6	84	3	0	441.9	0
204	3	6	85	10	0	662.87	0
204	3	6	86	10	1	481.2	0
204	3	6	87	12	1	813.55	0
204	3	6	88	5	0	636.74	0
204	3	6	89	1	1	703.17	0
204	3	6	90	8	1	644.88	0
204	3	6	91	3	0	842.32	0
204	3	6	92	1	0	732.64	0
204	3	6	93	3	1	771.92	0
204	3	6	94	3	1	764.4	0
204	3	6	95	12	1	945.3	0
204	3	6	96	5	0	1241	0
204	3	6	97	8	1	883.36	0
204	3	6	98	10	0	632.84	0
204	3	6	99	5	0	757.5	0
204	3	6	100	10	1	613.82	0
204	3	6	101	8	0	774.9	0
204	3	6	102	3	1	2517	0
204	3	6	103	10	1	756.87	0
204	3	6	104	8	1	512.19	0
204	3	6	105	5	1	1076.6	0
204	3	6	106	10	0	471.4	0
204	3	6	107	1	1	912.57	0
204	3	6	108	5	1	866.66	0
204	3	6	109	3	0	465.36	0
204	3	6	110	3	1	544.46	0
204	3	6	111	8	0	716.06	0
204	3	6	112	12	1	645.97	0
204	3	6	113	1	1	610.12	0
204	3	6	114	1	1	694.96	0
204	3	6	115	8	1	602.17	0
204	3	6	116	12	0	672.38	0
204	3	6	117	1	1	494.2	0
204	3	6	118	12	1	709.03	0
204	3	6	119	8	1	745.2	0
204	3	6	120	12	1	397.93	0
204	1	6	1	3	1	586.52	0
204	1	6	2	11	1	585.42	0
204	1	6	3	11	1	492.1	0
204	1	6	4	3	1	513.59	0
204	1	6	5	1	1	711.61	0
204	1	6	6	7	0	452.48	0
204	1	6	7	11	0	580.67	0
204	1	6	8	9	1	570.65	0
204	1	6	9	7	1	640.09	0
204	1	6	10	5	0	859.23	0
204	1	6	11	11	1	593.91	0
204	1	6	12	11	1	654.22	0
204	1	6	13	3	1	709.85	0
204	1	6	14	1	1	558.36	0
204	1	6	15	9	0	410.78	0
204	1	6	16	1	1	593.57	0
204	1	6	17	9	1	730.46	0
204	1	6	18	5	0	551.69	0
204	1	6	19	1	1	514.27	0
204	1	6	20	3	1	645.76	0
204	1	6	21	5	0	680.07	0
204	1	6	22	5	1	661.27	0
204	1	6	23	11	1	443.76	0
204	1	6	24	3	1	622.91	0
204	1	6	25	3	1	467.88	0
204	1	6	26	5	0	892.83	0
204	1	6	27	11	1	751.88	0
204	1	6	28	11	1	557.84	0
204	1	6	29	9	0	504.1	0
204	1	6	30	3	0	845.94	0
204	1	6	31	9	1	491.52	0
204	1	6	32	11	0	728.86	0
204	1	6	33	9	1	511.09	0
204	1	6	34	3	1	677.66	0
204	1	6	35	5	1	755.92	0
204	1	6	36	1	0	456.78	0
204	1	6	37	7	0	679.37	0
204	1	6	38	3	1	1001.3	0
204	1	6	39	3	1	719.68	0
204	1	6	40	9	0	772.56	0
204	1	6	41	5	1	647.9	0
204	1	6	42	3	0	560.65	0
204	1	6	43	7	1	476.74	0
204	1	6	44	11	1	468.23	0
204	1	6	45	7	0	637.44	0
204	1	6	46	7	1	628.04	0
204	1	6	47	1	1	455.83	0
204	1	6	48	3	1	552.18	0
204	1	6	49	7	1	500.7	0
204	1	6	50	7	1	525.39	0
204	1	6	51	5	1	393.36	0
204	1	6	52	3	0	491.11	0
204	1	6	53	7	1	716.96	0
204	1	6	54	5	1	556.67	0
204	1	6	55	5	1	1407.4	0
204	1	6	56	5	0	760.78	0
204	1	6	57	11	1	992.69	0
204	1	6	58	9	1	871.17	0
204	1	6	59	1	1	574.98	0
204	1	6	60	1	1	492.22	0
204	1	6	61	5	1	1711.2	0
204	1	6	62	1	0	656.1	0
204	1	6	63	9	1	603.91	0
204	1	6	64	3	0	475.62	0
204	1	6	65	5	1	387.05	0
204	1	6	66	3	1	491.97	0
204	1	6	67	1	1	668.08	0
204	1	6	68	1	1	607.43	0
204	1	6	69	5	1	466.11	0
204	1	6	70	5	1	500.3	0
204	1	6	71	11	1	520.45	0
204	1	6	72	9	1	579.94	0
204	1	6	73	1	1	730.82	0
204	1	6	74	1	1	380.63	0
204	1	6	75	3	1	461.23	0
204	1	6	76	11	1	434.39	0
204	1	6	77	1	1	517.53	0
204	1	6	78	7	1	673.4	0
204	1	6	79	7	1	600.33	0
204	1	6	80	7	1	448.65	0
204	1	6	81	7	1	987.63	0
204	1	6	82	1	1	645.05	0
204	1	6	83	3	1	506.18	0
204	1	6	84	1	0	946.5	0
204	1	6	85	9	1	701.45	0
204	1	6	86	5	0	631.66	0
204	1	6	87	5	0	751.89	0
204	1	6	88	3	0	679.51	0
204	1	6	89	1	1	429.5	0
204	1	6	90	9	1	495.5	0
204	1	6	91	9	1	763.61	0
204	1	6	92	7	1	624.58	0
204	1	6	93	7	1	479.04	0
204	1	6	94	11	1	511.49	0
204	1	6	95	11	1	453.31	0
204	1	6	96	7	0	662.9	0
204	1	6	97	11	0	1089.9	0
204	1	6	98	1	1	622.08	0
204	1	6	99	7	0	561.5	0
204	1	6	100	5	1	463.08	0
204	1	6	101	5	1	759.82	0
204	1	6	102	11	0	813.59	0
204	1	6	103	9	1	732.78	0
204	1	6	104	1	0	942.45	0
204	1	6	105	7	1	628.43	0
204	1	6	106	3	1	600.23	0
204	1	6	107	5	0	381.23	0
204	1	6	108	11	1	763.37	0
204	1	6	109	9	1	578.9	0
204	1	6	110	9	1	599.45	0
204	1	6	111	7	1	588.12	0
204	1	6	112	7	1	759.85	0
204	1	6	113	9	0	732.76	0
204	1	6	114	11	1	575.17	0
204	1	6	115	9	1	447.83	0
204	1	6	116	9	0	726.97	0
204	1	6	117	11	1	1320.4	0
204	1	6	118	3	0	786.3	0
204	1	6	119	9	1	709.06	0
204	1	6	120	1	1	748.9	0
204	2	6	1	2	0	699.04	0
204	2	6	2	8	0	482.15	0
204	2	6	3	2	1	771.13	0
204	2	6	4	8	0	540.18	0
204	2	6	5	8	0	583.75	0
204	2	6	6	4	0	831.87	0
204	2	6	7	4	0	537.82	0
204	2	6	8	10	1	1287.3	0
204	2	6	9	6	1	598.13	0
204	2	6	10	10	1	689.17	0
204	2	6	11	2	1	728.2	0
204	2	6	12	2	1	742.6	0
204	2	6	13	10	1	513.47	0
204	2	6	14	12	1	686.9	0
204	2	6	15	2	0	507.36	0
204	2	6	16	10	1	621.46	0
204	2	6	17	6	0	691.86	0
204	2	6	18	4	1	511.89	0
204	2	6	19	4	1	817.1	0
204	2	6	20	6	0	684.49	0
204	2	6	21	2	1	583.97	0
204	2	6	22	10	1	527.74	0
204	2	6	23	12	0	663.12	0
204	2	6	24	8	1	846.95	0
204	2	6	25	10	1	579.22	0
204	2	6	26	12	1	339.49	0
204	2	6	27	8	0	840.63	0
204	2	6	28	4	1	518.26	0
204	2	6	29	4	1	958.86	0
204	2	6	30	6	0	1247.6	0
204	2	6	31	8	0	708.05	0
204	2	6	32	10	1	659.98	0
204	2	6	33	6	0	538.82	0
204	2	6	34	12	1	841.86	0
204	2	6	35	10	1	427.85	0
204	2	6	36	10	1	449.73	0
204	2	6	37	8	0	709.93	0
204	2	6	38	10	0	719.8	0
204	2	6	39	4	0	682.66	0
204	2	6	40	4	1	915.35	0
204	2	6	41	4	1	650.18	0
204	2	6	42	8	0	742.03	0
204	2	6	43	12	1	396.58	0
204	2	6	44	2	1	487.95	0
204	2	6	45	12	1	938.99	0
204	2	6	46	4	1	611.24	0
204	2	6	47	2	1	534.97	0
204	2	6	48	6	1	532.14	0
204	2	6	49	10	0	939.97	0
204	2	6	50	6	0	904.68	0
204	2	6	51	8	0	622.79	0
204	2	6	52	2	0	1273.7	0
204	2	6	53	12	1	809.27	0
204	2	6	54	6	1	776.23	0
204	2	6	55	10	1	516.46	0
204	2	6	56	12	1	579.07	0
204	2	6	57	8	0	474.71	0
204	2	6	58	6	1	447.31	0
204	2	6	59	4	0	792.52	0
204	2	6	60	2	1	730.13	0
204	2	6	61	2	1	891.13	0
204	2	6	62	8	0	685.13	0
204	2	6	63	8	1	378.11	0
204	2	6	64	2	0	592.22	0
204	2	6	65	4	1	834.25	0
204	2	6	66	8	1	795.12	0
204	2	6	67	4	0	614.25	0
204	2	6	68	8	1	544.81	0
204	2	6	69	8	0	649.52	0
204	2	6	70	6	1	1191.3	0
204	2	6	71	12	0	531.91	0
204	2	6	72	10	1	787.03	0
204	2	6	73	12	1	653.08	0
204	2	6	74	6	0	1276.9	0
204	2	6	75	12	0	775.48	0
204	2	6	76	2	0	480.4	0
204	2	6	77	8	0	564.94	0
204	2	6	78	12	0	504.22	0
204	2	6	79	6	1	464.53	0
204	2	6	80	4	1	505.62	0
204	2	6	81	6	1	571.41	0
204	2	6	82	6	1	637.94	0
204	2	6	83	8	1	982.06	0
204	2	6	84	4	1	1058.3	0
204	2	6	85	10	1	520.4	0
204	2	6	86	4	0	820.09	0
204	2	6	87	10	0	673.78	0
204	2	6	88	2	1	1043.8	0
204	2	6	89	2	1	544.09	0
204	2	6	90	8	0	598.79	0
204	2	6	91	12	0	993.51	0
204	2	6	92	10	0	963.34	0
204	2	6	93	6	1	662.7	0
204	2	6	94	2	0	760.75	0
204	2	6	95	4	1	799	0
204	2	6	96	12	1	489.36	0
204	2	6	97	10	1	436.19	0
204	2	6	98	12	1	736.46	0
204	2	6	99	12	1	841.73	0
204	2	6	100	6	0	479.92	0
204	2	6	101	2	0	644.19	0
204	2	6	102	6	1	578.26	0
204	2	6	103	2	1	414.5	0
204	2	6	104	2	1	875.62	0
204	2	6	105	10	1	442.46	0
204	2	6	106	6	1	686.05	0
204	2	6	107	8	1	716.2	0
204	2	6	108	4	0	872.08	0
204	2	6	109	10	1	1066.5	0
204	2	6	110	12	1	599.34	0
204	2	6	111	8	1	1020.7	0
204	2	6	112	12	0	584.39	0
204	2	6	113	10	1	828.85	0
204	2	6	114	2	1	684.45	0
204	2	6	115	4	1	617.78	0
204	2	6	116	6	1	1048.4	0
204	2	6	117	12	1	1302.7	0
204	2	6	118	6	0	670.77	0
204	2	6	119	12	1	500.09	0
204	2	6	120	4	1	566.74	0
204	5	6	1	6	1	534.04	0
204	5	6	2	3	1	634.55	0
204	5	6	3	4	0	777.49	0
204	5	6	4	3	0	639.33	0
204	5	6	5	1	1	787.58	0
204	5	6	6	2	0	580.57	0
204	5	6	7	6	1	516.42	0
204	5	6	8	12	1	560.95	0
204	5	6	9	10	1	582.9	0
204	5	6	10	5	0	633.87	0
204	5	6	11	3	1	648.41	0
204	5	6	12	5	1	590.94	0
204	5	6	13	10	0	473.37	0
204	5	6	14	8	0	646.84	0
204	5	6	15	4	0	637.78	0
204	5	6	16	9	1	670.51	0
204	5	6	17	10	0	867.52	0
204	5	6	18	6	0	825.22	0
204	5	6	19	8	1	532.09	0
204	5	6	20	2	1	538.38	0
204	5	6	21	9	1	1335.7	0
204	5	6	22	3	1	1326.4	0
204	5	6	23	8	0	742.26	0
204	5	6	24	12	0	463.32	0
204	5	6	25	12	1	606.59	0
204	5	6	26	5	1	689.23	0
204	5	6	27	11	0	684.53	0
204	5	6	28	6	0	698.38	0
204	5	6	29	6	0	1387.7	0
204	5	6	30	9	1	527.28	0
204	5	6	31	12	0	1172.2	0
204	5	6	32	11	0	476.5	0
204	5	6	33	9	0	1048.7	0
204	5	6	34	11	0	579.3	0
204	5	6	35	7	0	488.19	0
204	5	6	36	1	1	691.04	0
204	5	6	37	9	1	558.03	0
204	5	6	38	9	1	645.55	0
204	5	6	39	8	0	1079.9	0
204	5	6	40	10	1	390.27	0
204	5	6	41	7	0	504.73	0
204	5	6	42	2	1	592.88	0
204	5	6	43	4	1	728.3	0
204	5	6	44	2	1	620.97	0
204	5	6	45	10	1	771.61	0
204	5	6	46	6	0	997.16	0
204	5	6	47	11	1	1344.1	0
204	5	6	48	11	1	677.75	0
204	5	6	49	4	1	812.91	0
204	5	6	50	7	0	561.33	0
204	5	6	51	5	1	631.03	0
204	5	6	52	1	0	635.04	0
204	5	6	53	12	1	692.59	0
204	5	6	54	2	1	789.06	0
204	5	6	55	1	1	663.82	0
204	5	6	56	6	0	563.54	0
204	5	6	57	8	1	494.36	0
204	5	6	58	10	1	446.7	0
204	5	6	59	1	1	617.68	0
204	5	6	60	1	0	595.04	0
204	5	6	61	2	0	485.08	0
204	5	6	62	9	1	496.98	0
204	5	6	63	4	1	440.19	0
204	5	6	64	12	1	790.02	0
204	5	6	65	10	0	555.67	0
204	5	6	66	3	0	644.87	0
204	5	6	67	3	1	549.78	0
204	5	6	68	6	0	531.29	0
204	5	6	69	3	1	1157.7	0
204	5	6	70	1	1	816.27	0
204	5	6	71	5	1	526.49	0
204	5	6	72	11	1	555.63	0
204	5	6	73	1	1	481.94	0
204	5	6	74	10	1	639.14	0
204	5	6	75	3	0	706.55	0
204	5	6	76	5	0	529.38	0
204	5	6	77	1	1	776.2	0
204	5	6	78	4	0	1389.7	0
204	5	6	79	12	0	702.35	0
204	5	6	80	4	1	482.87	0
204	5	6	81	2	1	915.34	0
204	5	6	82	4	0	618.42	0
204	5	6	83	7	0	623.03	0
204	5	6	84	6	1	507.21	0
204	5	6	85	7	1	925.82	0
204	5	6	86	1	0	610.07	0
204	5	6	87	10	0	835.73	0
204	5	6	88	4	1	536.23	0
204	5	6	89	11	1	689.69	0
204	5	6	90	2	0	515.53	0
204	5	6	91	12	1	744.89	0
204	5	6	92	5	1	394.31	0
204	5	6	93	7	1	843.32	0
204	5	6	94	2	1	590.48	0
204	5	6	95	10	0	495.39	0
204	5	6	96	5	1	700.78	0
204	5	6	97	7	0	834.77	0
204	5	6	98	12	1	967.85	0
204	5	6	99	2	1	569.28	0
204	5	6	100	12	1	474.7	0
204	5	6	101	5	0	1094.7	0
204	5	6	102	8	0	632.41	0
204	5	6	103	7	1	708.61	0
204	5	6	104	8	1	736.91	0
204	5	6	105	8	1	558.86	0
204	5	6	106	3	1	670.69	0
204	5	6	107	3	1	981.45	0
204	5	6	108	11	1	631.15	0
204	5	6	109	7	1	740.2	0
204	5	6	110	11	1	584.28	0
204	5	6	111	9	0	776.79	0
204	5	6	112	5	0	716.31	0
204	5	6	113	7	1	559.93	0
204	5	6	114	9	1	565.15	0
204	5	6	115	11	1	797.87	0
204	5	6	116	9	1	763.38	0
204	5	6	117	8	1	667.62	0
204	5	6	118	4	0	866.99	0
204	5	6	119	6	1	741.1	0
204	5	6	120	8	1	400.27	0
204	5	6	1	5	0	737.28	0
204	5	6	2	2	1	715.51	0
204	5	6	3	1	1	642.18	0
204	5	6	4	9	1	662.29	0
204	5	6	5	10	1	779.79	0
204	5	6	6	9	0	506.16	0
204	5	6	7	6	1	590.01	0
204	5	6	8	5	1	480.43	0
204	5	6	9	8	1	548.19	0
204	5	6	10	3	0	719.2	0
204	5	6	11	7	1	497.82	0
204	5	6	12	12	0	747.49	0
204	5	6	13	9	0	1089.5	0
204	5	6	14	1	0	789.05	0
204	5	6	15	2	1	605.96	0
204	5	6	16	4	0	691.98	0
204	5	6	17	1	1	600	0
204	5	6	18	10	0	607.22	0
204	5	6	19	7	0	567.14	0
204	5	6	20	1	1	505.28	0
204	5	6	21	11	0	634.7	0
204	5	6	22	11	1	1387.2	0
204	5	6	23	2	1	1312.4	0
204	5	6	24	2	1	619.12	0
204	5	6	25	4	1	791.11	0
204	5	6	26	2	1	494.19	0
204	5	6	27	9	0	753.84	0
204	5	6	28	3	0	677.46	0
204	5	6	29	7	0	665.7	0
204	5	6	30	3	1	1074.7	0
204	5	6	31	11	0	890.64	0
204	5	6	32	8	1	626.48	0
204	5	6	33	5	1	605.09	0
204	5	6	34	7	1	683.79	0
204	5	6	35	4	1	1015.9	0
204	5	6	36	2	1	1063.2	0
204	5	6	37	10	1	750.54	0
204	5	6	38	12	1	423.79	0
204	5	6	39	6	1	574.65	0
204	5	6	40	11	1	617.45	0
204	5	6	41	9	1	547.05	0
204	5	6	42	12	1	712	0
204	5	6	43	1	0	536.22	0
204	5	6	44	8	1	808.34	0
204	5	6	45	5	0	515.59	0
204	5	6	46	3	0	733.81	0
204	5	6	47	6	1	927.59	0
204	5	6	48	8	1	993.61	0
204	5	6	49	4	0	578.34	0
204	5	6	50	1	0	503.58	0
204	5	6	51	4	1	584.39	0
204	5	6	52	11	1	851.84	0
204	5	6	53	8	0	632.65	0
204	5	6	54	7	1	1208.2	0
204	5	6	55	12	1	616.93	0
204	5	6	56	3	0	481.75	0
204	5	6	57	2	1	1481.4	0
204	5	6	58	11	0	691.69	0
204	5	6	59	2	1	413.75	0
204	5	6	60	5	0	587.3	0
204	5	6	61	6	0	700.77	0
204	5	6	62	3	1	1073.8	0
204	5	6	63	1	1	489.2	0
204	5	6	64	3	0	787.98	0
204	5	6	65	4	1	494.73	0
204	5	6	66	4	1	447.09	0
204	5	6	67	6	0	772.51	0
204	5	6	68	5	1	756.14	0
204	5	6	69	12	1	788.08	0
204	5	6	70	8	1	537.67	0
204	5	6	71	11	1	450.37	0
204	5	6	72	7	0	624.55	0
204	5	6	73	5	1	637.06	0
204	5	6	74	6	0	611.77	0
204	5	6	75	6	0	517.94	0
204	5	6	76	12	1	480.99	0
204	5	6	77	12	1	1187.4	0
204	5	6	78	1	1	951.9	0
204	5	6	79	4	0	1028	0
204	5	6	80	5	0	599.53	0
204	5	6	81	10	1	902.23	0
204	5	6	82	1	0	630.57	0
204	5	6	83	4	1	984.41	0
204	5	6	84	10	1	735.68	0
204	5	6	85	7	1	661.99	0
204	5	6	86	11	1	531.04	0
204	5	6	87	7	0	458.28	0
204	5	6	88	7	0	874.7	0
204	5	6	89	8	0	499.33	0
204	5	6	90	6	1	598.94	0
204	5	6	91	5	1	1016.1	0
204	5	6	92	11	0	586.02	0
204	5	6	93	8	0	525.52	0
204	5	6	94	3	1	579.18	0
204	5	6	95	10	1	502.32	0
204	5	6	96	10	0	920.54	0
204	5	6	97	12	1	434.2	0
204	5	6	98	8	0	676.71	0
204	5	6	99	12	0	972.35	0
204	5	6	100	6	1	994.5	0
204	5	6	101	5	0	550.8	0
204	5	6	102	4	0	698.31	0
204	5	6	103	12	1	717.61	0
204	5	6	104	9	0	859.78	0
204	5	6	105	6	1	590.47	0
204	5	6	106	2	0	591.98	0
204	5	6	107	2	1	479.78	0
204	5	6	108	10	1	484.72	0
204	5	6	109	9	0	564.07	0
204	5	6	110	8	1	669.67	0
204	5	6	111	10	1	534.19	0
204	5	6	112	9	1	610.26	0
204	5	6	113	7	1	1002.1	0
204	5	6	114	9	1	813.7	0
204	5	6	115	1	1	499.24	0
204	5	6	116	9	0	588.21	0
204	5	6	117	10	1	732.94	0
204	5	6	118	11	0	570.85	0
204	5	6	119	3	1	960.78	0
204	5	6	120	3	0	628.13	0
