3600
102	3	2	1	1	1	548.93	0
102	3	2	2	12	1	827.01	0
102	3	2	3	1	1	624.47	0
102	3	2	4	5	1	414.47	0
102	3	2	5	8	1	1055.7	0
102	3	2	6	1	1	597.16	1
102	3	2	7	1	1	379.12	1
102	3	2	8	3	1	387.82	0
102	3	2	9	3	1	460.22	0
102	3	2	10	1	1	457.85	1
102	3	2	11	3	1	829.44	0
102	3	2	12	5	1	524.68	0
102	3	2	13	12	1	490.56	0
102	3	2	14	3	1	395.51	0
102	3	2	15	5	1	419.65	0
102	3	2	16	5	1	469.21	0
102	3	2	17	8	0	633.96	0
102	3	2	18	10	1	500.53	0
102	3	2	19	8	1	687.38	0
102	3	2	20	10	1	594.97	0
102	3	2	21	5	1	545.57	0
102	3	2	22	5	1	675.52	0
102	3	2	23	12	1	534.24	0
102	3	2	24	3	1	397.52	0
102	3	2	25	1	1	579.35	0
102	3	2	26	12	1	595.84	0
102	3	2	27	5	1	418.18	0
102	3	2	28	3	1	354.8	0
102	3	2	29	12	1	384.27	0
102	3	2	30	1	0	477.73	0
102	3	2	31	5	1	588.63	0
102	3	2	32	12	1	388.29	0
102	3	2	33	8	1	628.1	0
102	3	2	34	10	1	734.43	0
102	3	2	35	3	1	445.09	0
102	3	2	36	8	1	533.57	0
102	3	2	37	5	1	1037.7	0
102	3	2	38	3	1	763.03	0
102	3	2	39	5	0	496.19	0
102	3	2	40	10	1	599.84	0
102	3	2	41	12	1	479.91	0
102	3	2	42	1	1	619.7	0
102	3	2	43	3	1	471.7	0
102	3	2	44	8	1	381.23	0
102	3	2	45	8	1	342.12	0
102	3	2	46	10	1	423.43	0
102	3	2	47	8	1	744.73	0
102	3	2	48	10	1	522.71	0
102	3	2	49	8	1	456.77	0
102	3	2	50	10	1	506.98	0
102	3	2	51	5	1	429.33	0
102	3	2	52	8	1	380.86	0
102	3	2	53	1	1	379.1	0
102	3	2	54	8	1	707.19	0
102	3	2	55	10	1	403.06	0
102	3	2	56	12	1	554.67	0
102	3	2	57	1	1	412.16	0
102	3	2	58	10	1	482.57	0
102	3	2	59	1	1	566.87	0
102	3	2	60	5	1	848.02	0
102	3	2	61	1	1	493.1	0
102	3	2	62	5	1	615.7	0
102	3	2	63	5	1	411.24	0
102	3	2	64	5	1	459.98	0
102	3	2	65	1	1	350.1	0
102	3	2	66	12	1	493.8	0
102	3	2	67	8	1	479.99	0
102	3	2	68	12	1	847.57	0
102	3	2	69	10	1	443.81	0
102	3	2	70	12	1	455.56	0
102	3	2	71	1	1	359.42	0
102	3	2	72	8	1	536.56	0
102	3	2	73	3	1	581.56	0
102	3	2	74	8	1	568.56	0
102	3	2	75	12	1	447.99	0
102	3	2	76	12	1	565.82	0
102	3	2	77	10	1	478.69	0
102	3	2	78	12	1	758.41	0
102	3	2	79	3	1	667.62	0
102	3	2	80	12	1	488.78	0
102	3	2	81	10	1	488.65	0
102	3	2	82	5	1	765.37	0
102	3	2	83	5	1	684.22	0
102	3	2	84	8	1	391.67	0
102	3	2	85	12	1	738.87	0
102	3	2	86	10	1	900.31	0
102	3	2	87	1	1	395.25	0
102	3	2	88	10	1	324.26	0
102	3	2	89	3	1	468.07	0
102	3	2	90	10	1	440.59	0
102	3	2	91	3	1	572.49	0
102	3	2	92	10	1	432.88	0
102	3	2	93	3	1	437.05	0
102	3	2	94	1	1	583.35	0
102	3	2	95	8	1	498.15	0
102	3	2	96	5	1	1682.4	0
102	3	2	97	8	1	701.99	0
102	3	2	98	8	1	569.37	0
102	3	2	99	1	1	753.51	0
102	3	2	100	10	1	578.17	0
102	3	2	101	3	1	580.47	0
102	3	2	102	8	1	389.21	0
102	3	2	103	3	1	540.83	0
102	3	2	104	10	1	589.59	0
102	3	2	105	12	1	773.08	0
102	3	2	106	12	1	442.66	0
102	3	2	107	5	1	709.81	0
102	3	2	108	3	1	549.64	0
102	3	2	109	10	1	360.88	0
102	3	2	110	1	1	609.61	0
102	3	2	111	12	1	441.54	0
102	3	2	112	10	1	461.6	0
102	3	2	113	1	1	415.57	0
102	3	2	114	3	1	379.94	0
102	3	2	115	1	1	476.56	0
102	3	2	116	5	1	692.33	0
102	3	2	117	12	1	506.78	0
102	3	2	118	3	1	648.55	0
102	3	2	119	3	1	698.93	0
102	3	2	120	8	1	530.55	0
102	4	2	1	9	1	888.37	1
102	4	2	2	7	0	837.06	0
102	4	2	3	9	1	508.45	0
102	4	2	4	4	1	440.28	1
102	4	2	5	2	1	608.25	0
102	4	2	6	11	1	385.4	0
102	4	2	7	4	1	511.76	0
102	4	2	8	4	1	443.6	0
102	4	2	9	2	1	751.66	0
102	4	2	10	2	1	398.1	0
102	4	2	11	2	1	447.34	0
102	4	2	12	7	1	401.96	0
102	4	2	13	4	1	422.46	0
102	4	2	14	7	1	403.14	0
102	4	2	15	11	1	566.13	0
102	4	2	16	6	1	868.07	0
102	4	2	17	6	1	500.97	0
102	4	2	18	11	1	456.32	0
102	4	2	19	11	1	444.12	0
102	4	2	20	11	1	366.8	0
102	4	2	21	9	1	510.14	0
102	4	2	22	9	1	398.29	0
102	4	2	23	11	1	446.47	0
102	4	2	24	2	1	485.34	0
102	4	2	25	7	1	514.56	0
102	4	2	26	7	1	362.35	0
102	4	2	27	4	1	444.36	0
102	4	2	28	9	1	420.86	0
102	4	2	29	4	1	512.41	0
102	4	2	30	11	1	411.55	0
102	4	2	31	6	1	395.75	0
102	4	2	32	11	1	404.18	0
102	4	2	33	9	1	651.81	0
102	4	2	34	11	1	447.86	0
102	4	2	35	9	1	574	0
102	4	2	36	7	1	359.52	1
102	4	2	37	4	1	501.35	0
102	4	2	38	6	1	795.64	0
102	4	2	39	7	1	609.13	0
102	4	2	40	6	1	539.96	0
102	4	2	41	4	1	431.16	0
102	4	2	42	9	1	503.84	0
102	4	2	43	4	1	484.39	0
102	4	2	44	2	1	558.5	0
102	4	2	45	7	1	398.98	0
102	4	2	46	7	1	564.18	0
102	4	2	47	2	1	466.2	0
102	4	2	48	11	1	590.96	0
102	4	2	49	7	1	580.09	0
102	4	2	50	4	1	683.76	0
102	4	2	51	2	1	467.89	0
102	4	2	52	7	1	357.95	0
102	4	2	53	9	1	427.51	0
102	4	2	54	7	1	463.22	0
102	4	2	55	7	1	391.27	0
102	4	2	56	9	1	665.37	0
102	4	2	57	6	1	708.38	0
102	4	2	58	4	1	1352.3	0
102	4	2	59	2	1	470.38	0
102	4	2	60	2	1	351.58	0
102	4	2	61	4	0	569.63	0
102	4	2	62	7	1	494.37	0
102	4	2	63	4	1	534.86	0
102	4	2	64	4	1	461.53	0
102	4	2	65	7	1	417.69	0
102	4	2	66	6	1	548.74	0
102	4	2	67	11	1	349.74	0
102	4	2	68	9	1	830.42	0
102	4	2	69	6	1	831.77	0
102	4	2	70	2	1	597.11	0
102	4	2	71	2	1	609.54	0
102	4	2	72	11	1	481.92	0
102	4	2	73	2	1	1279	0
102	4	2	74	11	1	422.24	0
102	4	2	75	4	1	856.72	0
102	4	2	76	7	1	681.64	0
102	4	2	77	11	1	397.75	0
102	4	2	78	4	1	406.4	0
102	4	2	79	11	1	509.28	0
102	4	2	80	4	1	409.79	0
102	4	2	81	9	1	480.09	0
102	4	2	82	4	1	468.76	0
102	4	2	83	9	1	475.63	0
102	4	2	84	9	1	443.47	0
102	4	2	85	6	1	613.15	0
102	4	2	86	9	1	555.33	0
102	4	2	87	6	1	531.94	0
102	4	2	88	9	1	430.48	0
102	4	2	89	9	1	386.96	0
102	4	2	90	2	1	426.61	0
102	4	2	91	11	1	486.2	0
102	4	2	92	4	1	368.48	0
102	4	2	93	6	1	939.64	0
102	4	2	94	6	1	583.17	0
102	4	2	95	9	1	422.01	0
102	4	2	96	2	1	517.21	0
102	4	2	97	6	1	581.81	0
102	4	2	98	2	1	815.49	0
102	4	2	99	6	0	610.47	0
102	4	2	100	7	1	504.15	0
102	4	2	101	6	1	852.83	0
102	4	2	102	7	1	483.14	0
102	4	2	103	6	1	920.46	0
102	4	2	104	2	1	509.58	0
102	4	2	105	6	1	459.02	0
102	4	2	106	2	1	388.07	0
102	4	2	107	6	0	637.98	0
102	4	2	108	11	1	375.13	0
102	4	2	109	2	1	491.41	0
102	4	2	110	11	1	426.74	0
102	4	2	111	7	1	415.75	0
102	4	2	112	11	1	635.68	0
102	4	2	113	9	1	476.5	0
102	4	2	114	4	1	623.18	0
102	4	2	115	7	0	756	0
102	4	2	116	6	1	486.38	0
102	4	2	117	11	1	476.54	0
102	4	2	118	9	1	358.97	0
102	4	2	119	6	1	492.42	0
102	4	2	120	2	1	464.51	0
102	5	2	1	2	1	485.39	1
102	5	2	2	3	1	592.21	0
102	5	2	3	1	1	360.32	0
102	5	2	4	4	1	890.38	0
102	5	2	5	12	1	825.32	0
102	5	2	6	1	1	498.68	0
102	5	2	7	5	1	603.77	0
102	5	2	8	12	1	730.61	0
102	5	2	9	12	1	474.84	0
102	5	2	10	8	1	655.1	0
102	5	2	11	10	1	667.39	0
102	5	2	12	1	1	381.65	0
102	5	2	13	11	1	528.66	1
102	5	2	14	10	1	566.24	0
102	5	2	15	6	1	548.77	0
102	5	2	16	10	1	433.74	0
102	5	2	17	7	1	986.75	0
102	5	2	18	12	1	691.44	0
102	5	2	19	9	1	713.3	0
102	5	2	20	12	1	531.61	0
102	5	2	21	12	1	745.48	0
102	5	2	22	6	1	500.11	0
102	5	2	23	7	1	576.51	1
102	5	2	24	3	1	965.66	0
102	5	2	25	9	1	399.27	0
102	5	2	26	4	1	387.28	0
102	5	2	27	6	1	421.27	0
102	5	2	28	4	1	570.24	0
102	5	2	29	2	1	574.41	0
102	5	2	30	11	1	360.79	0
102	5	2	31	2	1	502.35	0
102	5	2	32	10	1	418.51	0
102	5	2	33	4	1	347.31	0
102	5	2	34	3	1	523.82	0
102	5	2	35	8	0	676.13	0
102	5	2	36	11	1	520.24	0
102	5	2	37	8	1	566.95	0
102	5	2	38	9	1	447.08	0
102	5	2	39	3	1	560.3	0
102	5	2	40	5	0	740.92	0
102	5	2	41	11	1	552.47	0
102	5	2	42	7	1	648.08	0
102	5	2	43	7	1	2197.2	0
102	5	2	44	8	1	519.74	0
102	5	2	45	5	1	543.36	0
102	5	2	46	3	1	462.71	0
102	5	2	47	7	1	1105.2	0
102	5	2	48	1	1	1629	0
102	5	2	49	9	1	420.26	0
102	5	2	50	8	0	682.01	0
102	5	2	51	12	0	539.11	0
102	5	2	52	10	1	643.75	0
102	5	2	53	12	1	378.96	0
102	5	2	54	6	0	2460.2	0
102	5	2	55	8	1	780.32	0
102	5	2	56	10	1	691.7	1
102	5	2	57	5	0	577.48	0
102	5	2	58	5	1	844.31	0
102	5	2	59	9	1	406.14	0
102	5	2	60	5	1	647.61	0
102	5	2	61	2	0	714.9	0
102	5	2	62	5	0	765.35	0
102	5	2	63	2	1	489.13	0
102	5	2	64	1	0	634.45	0
102	5	2	65	12	1	408.04	0
102	5	2	66	4	1	481.09	0
102	5	2	67	11	1	459.17	0
102	5	2	68	6	1	530.36	0
102	5	2	69	6	1	540.48	0
102	5	2	70	10	1	551.63	0
102	5	2	71	2	1	725.28	0
102	5	2	72	2	1	376.55	0
102	5	2	73	10	1	604.3	0
102	5	2	74	9	1	516.34	0
102	5	2	75	6	0	968.93	0
102	5	2	76	1	1	611.84	0
102	5	2	77	9	1	632.44	0
102	5	2	78	1	1	437.87	0
102	5	2	79	2	1	495.24	0
102	5	2	80	11	1	781.89	0
102	5	2	81	3	1	793.25	0
102	5	2	82	11	1	439.81	0
102	5	2	83	4	1	567	0
102	5	2	84	9	1	543.47	0
102	5	2	85	8	1	762.85	0
102	5	2	86	3	1	513.3	0
102	5	2	87	11	1	444.1	0
102	5	2	88	2	1	519.9	0
102	5	2	89	6	0	709.62	0
102	5	2	90	1	1	561.63	0
102	5	2	91	8	1	313.96	0
102	5	2	92	5	1	577.24	0
102	5	2	93	3	1	800.87	0
102	5	2	94	1	1	581.43	0
102	5	2	95	7	1	400.27	0
102	5	2	96	8	1	712.72	0
102	5	2	97	5	1	887.14	0
102	5	2	98	6	1	890.37	0
102	5	2	99	4	0	995.31	0
102	5	2	100	4	1	508.45	0
102	5	2	101	11	1	431.91	0
102	5	2	102	3	1	348.22	0
102	5	2	103	8	0	704.36	0
102	5	2	104	3	1	646.05	0
102	5	2	105	7	1	483.04	0
102	5	2	106	4	1	537.02	0
102	5	2	107	7	1	342.53	0
102	5	2	108	6	0	1245.7	0
102	5	2	109	7	1	499.49	0
102	5	2	110	7	1	433.28	0
102	5	2	111	10	1	620.51	0
102	5	2	112	2	1	485.62	0
102	5	2	113	11	1	435.95	0
102	5	2	114	10	1	632.09	0
102	5	2	115	5	1	537.15	0
102	5	2	116	9	1	499.2	0
102	5	2	117	4	1	431.69	0
102	5	2	118	1	1	552.38	0
102	5	2	119	9	1	474.3	0
102	5	2	120	12	1	339.78	1
102	5	2	1	1	1	455.86	0
102	5	2	2	3	1	699.78	0
102	5	2	3	4	1	542.04	0
102	5	2	4	3	1	659.13	0
102	5	2	5	1	1	719.5	0
102	5	2	6	7	1	492.88	0
102	5	2	7	5	0	718.34	0
102	5	2	8	6	0	541.16	0
102	5	2	9	10	1	681.26	0
102	5	2	10	3	1	566.45	0
102	5	2	11	6	1	369.33	0
102	5	2	12	8	1	489.01	0
102	5	2	13	8	1	479.35	0
102	5	2	14	4	1	597.42	0
102	5	2	15	4	1	480.69	0
102	5	2	16	12	1	627.1	0
102	5	2	17	6	1	446.44	0
102	5	2	18	3	0	487.08	0
102	5	2	19	11	1	480.67	0
102	5	2	20	6	1	867.67	0
102	5	2	21	9	1	343.41	0
102	5	2	22	9	1	603.25	0
102	5	2	23	1	1	613.59	0
102	5	2	24	4	1	524.92	0
102	5	2	25	12	1	445.74	0
102	5	2	26	8	1	659.02	0
102	5	2	27	3	1	618.45	0
102	5	2	28	5	1	456.86	0
102	5	2	29	7	1	602.35	0
102	5	2	30	6	0	600.09	0
102	5	2	31	8	1	602.02	0
102	5	2	32	11	1	683.42	0
102	5	2	33	10	1	593.67	0
102	5	2	34	9	1	538.74	1
102	5	2	35	2	1	598.59	0
102	5	2	36	2	1	540.01	0
102	5	2	37	11	1	626.33	0
102	5	2	38	1	1	529.12	0
102	5	2	39	7	0	1443.1	0
102	5	2	40	3	1	523.12	0
102	5	2	41	2	1	717.88	0
102	5	2	42	4	1	600.95	0
102	5	2	43	4	1	357.54	0
102	5	2	44	9	1	488.46	0
102	5	2	45	6	1	352.05	0
102	5	2	46	11	1	546.42	0
102	5	2	47	9	1	622.76	0
102	5	2	48	5	1	631.41	0
102	5	2	49	2	1	575.52	0
102	5	2	50	4	1	630.68	0
102	5	2	51	8	1	1192.5	0
102	5	2	52	1	1	526.21	0
102	5	2	53	12	1	530.86	0
102	5	2	54	11	1	503.89	0
102	5	2	55	5	1	595.57	0
102	5	2	56	5	0	637.61	0
102	5	2	57	11	1	539.32	0
102	5	2	58	8	0	459.35	0
102	5	2	59	5	1	871.54	0
102	5	2	60	1	1	731.87	0
102	5	2	61	4	1	640.37	0
102	5	2	62	12	1	552.64	1
102	5	2	63	11	1	550.57	0
102	5	2	64	12	1	401.78	0
102	5	2	65	12	1	422.22	0
102	5	2	66	4	1	337.7	0
102	5	2	67	12	1	387.4	0
102	5	2	68	2	1	439.45	0
102	5	2	69	3	0	537.06	0
102	5	2	70	11	1	416.08	0
102	5	2	71	12	1	355.19	0
102	5	2	72	7	1	901.29	0
102	5	2	73	10	1	776.28	0
102	5	2	74	1	1	454.54	0
102	5	2	75	5	0	608.64	0
102	5	2	76	12	1	402.56	0
102	5	2	77	5	0	738.23	0
102	5	2	78	6	1	656.63	0
102	5	2	79	11	1	395.52	0
102	5	2	80	8	0	694.98	0
102	5	2	81	9	1	484.31	0
102	5	2	82	11	1	439.63	0
102	5	2	83	2	1	509.04	0
102	5	2	84	2	1	561.08	0
102	5	2	85	10	1	593.75	0
102	5	2	86	8	0	720.18	0
102	5	2	87	9	1	429.29	0
102	5	2	88	6	1	504.03	0
102	5	2	89	9	1	402.77	0
102	5	2	90	7	0	541.92	0
102	5	2	91	1	1	421.39	0
102	5	2	92	7	1	973.95	0
102	5	2	93	9	1	429.43	0
102	5	2	94	7	0	833.96	0
102	5	2	95	10	0	551.06	0
102	5	2	96	2	1	648.78	0
102	5	2	97	7	1	450.87	0
102	5	2	98	2	1	654.96	0
102	5	2	99	2	1	883.07	0
102	5	2	100	6	1	762.63	0
102	5	2	101	1	1	442.84	0
102	5	2	102	3	1	555.08	0
102	5	2	103	7	1	400.04	0
102	5	2	104	7	0	666.48	0
102	5	2	105	6	1	391.29	0
102	5	2	106	5	1	748.36	0
102	5	2	107	5	1	976.75	0
102	5	2	108	10	1	485.24	0
102	5	2	109	4	1	398.87	0
102	5	2	110	3	1	516.08	0
102	5	2	111	10	1	482.04	0
102	5	2	112	8	0	687.1	0
102	5	2	113	9	1	760.47	0
102	5	2	114	12	1	328.16	0
102	5	2	115	8	1	528.38	0
102	5	2	116	10	0	724.67	0
102	5	2	117	10	1	541.77	0
102	5	2	118	10	0	598.06	0
102	5	2	119	1	1	547.85	0
102	5	2	120	3	1	627.53	0
102	1	2	1	9	1	605.69	0
102	1	2	2	1	1	299.18	0
102	1	2	3	11	1	353.1	0
102	1	2	4	9	1	526.37	1
102	1	2	5	3	1	338.28	0
102	1	2	6	9	1	668.46	0
102	1	2	7	7	0	543.13	0
102	1	2	8	11	1	376.54	0
102	1	2	9	3	1	424.19	0
102	1	2	10	1	1	607.38	0
102	1	2	11	1	1	284.74	0
102	1	2	12	9	1	383.22	0
102	1	2	13	3	1	433.15	0
102	1	2	14	1	1	355.99	0
102	1	2	15	3	1	705.96	0
102	1	2	16	3	1	366.99	0
102	1	2	17	3	1	414.93	0
102	1	2	18	1	1	359.66	0
102	1	2	19	11	1	422.48	0
102	1	2	20	7	0	363.27	0
102	1	2	21	7	1	606.46	0
102	1	2	22	11	1	460.89	0
102	1	2	23	7	0	514.54	0
102	1	2	24	11	1	603.55	0
102	1	2	25	7	1	532.91	0
102	1	2	26	5	1	505.38	0
102	1	2	27	7	1	628.48	0
102	1	2	28	9	1	777.85	0
102	1	2	29	5	1	1187.8	0
102	1	2	30	5	1	321.17	0
102	1	2	31	7	0	998.41	0
102	1	2	32	5	1	959.76	0
102	1	2	33	1	1	412.62	0
102	1	2	34	3	1	481.75	0
102	1	2	35	9	1	709.7	0
102	1	2	36	5	1	399.44	0
102	1	2	37	3	1	463.31	0
102	1	2	38	7	1	544.36	0
102	1	2	39	3	1	609	0
102	1	2	40	5	1	637.16	0
102	1	2	41	11	1	610.07	0
102	1	2	42	9	1	537.08	0
102	1	2	43	5	1	569.1	0
102	1	2	44	9	1	596.23	0
102	1	2	45	9	1	372.82	0
102	1	2	46	3	1	514.63	0
102	1	2	47	5	0	626.27	0
102	1	2	48	11	1	987.23	0
102	1	2	49	3	1	293.34	0
102	1	2	50	5	1	606.65	1
102	1	2	51	11	1	478.94	0
102	1	2	52	1	1	409.77	0
102	1	2	53	1	1	382.73	0
102	1	2	54	5	0	660.59	0
102	1	2	55	7	0	674.23	0
102	1	2	56	11	1	836.81	0
102	1	2	57	3	1	783.95	0
102	1	2	58	3	1	616.47	0
102	1	2	59	11	1	498.61	0
102	1	2	60	5	1	523.76	1
102	1	2	61	7	0	463.5	0
102	1	2	62	11	1	410.36	0
102	1	2	63	11	1	544.44	0
102	1	2	64	3	1	371.63	0
102	1	2	65	11	1	798.38	0
102	1	2	66	7	1	1050.3	0
102	1	2	67	7	1	485.66	0
102	1	2	68	11	1	425.15	0
102	1	2	69	11	1	486.03	0
102	1	2	70	1	1	385.24	0
102	1	2	71	5	1	513.66	0
102	1	2	72	7	0	912.94	0
102	1	2	73	5	1	378.98	0
102	1	2	74	9	1	689.64	0
102	1	2	75	1	1	496.47	0
102	1	2	76	1	1	359.96	1
102	1	2	77	5	1	741.68	0
102	1	2	78	11	1	431.3	0
102	1	2	79	9	1	582.96	0
102	1	2	80	11	1	486.37	0
102	1	2	81	9	1	626.1	0
102	1	2	82	9	1	483.97	0
102	1	2	83	9	1	449.67	0
102	1	2	84	7	0	658.9	0
102	1	2	85	5	1	596.37	0
102	1	2	86	11	1	416.89	0
102	1	2	87	1	1	524.75	0
102	1	2	88	1	1	894.53	0
102	1	2	89	5	1	711.37	0
102	1	2	90	9	1	504.16	0
102	1	2	91	9	1	733.56	0
102	1	2	92	7	0	934.33	0
102	1	2	93	7	1	803.11	0
102	1	2	94	1	1	430.06	0
102	1	2	95	11	1	477.95	0
102	1	2	96	9	1	438.72	0
102	1	2	97	7	0	1422.1	0
102	1	2	98	1	1	396.81	0
102	1	2	99	7	1	856.5	0
102	1	2	100	9	1	615.06	1
102	1	2	101	7	0	537.03	0
102	1	2	102	5	1	557.45	0
102	1	2	103	3	1	532.21	0
102	1	2	104	3	1	485.2	0
102	1	2	105	1	1	568.99	0
102	1	2	106	3	1	421.44	0
102	1	2	107	9	1	407.84	0
102	1	2	108	3	1	375.25	0
102	1	2	109	5	1	525.24	0
102	1	2	110	1	1	398.85	0
102	1	2	111	5	1	552.01	0
102	1	2	112	3	1	629.83	0
102	1	2	113	7	1	402.68	0
102	1	2	114	1	1	466.93	0
102	1	2	115	5	1	604.67	0
102	1	2	116	9	1	413.39	0
102	1	2	117	11	1	350.59	0
102	1	2	118	1	1	439.97	0
102	1	2	119	3	1	412.19	1
102	1	2	120	1	1	536.03	0
102	2	2	1	10	1	389.87	0
102	2	2	2	10	1	437.87	0
102	2	2	3	8	1	488.38	0
102	2	2	4	6	0	704.94	0
102	2	2	5	4	1	609.46	0
102	2	2	6	6	1	465.82	0
102	2	2	7	8	1	443	0
102	2	2	8	10	1	864.31	0
102	2	2	9	12	1	572.66	0
102	2	2	10	2	1	375.02	0
102	2	2	11	8	1	644.37	0
102	2	2	12	12	1	490.02	0
102	2	2	13	4	1	721.28	0
102	2	2	14	2	1	298.41	0
102	2	2	15	6	1	637.54	0
102	2	2	16	6	1	399.43	0
102	2	2	17	8	1	490.12	0
102	2	2	18	2	1	401.05	0
102	2	2	19	10	1	441.86	0
102	2	2	20	12	1	511.05	0
102	2	2	21	12	1	401.9	0
102	2	2	22	6	1	496.32	0
102	2	2	23	10	1	639.51	0
102	2	2	24	2	1	392.4	0
102	2	2	25	10	1	651.1	0
102	2	2	26	6	1	468.19	0
102	2	2	27	8	1	866.45	0
102	2	2	28	2	1	340.22	0
102	2	2	29	10	1	330.37	0
102	2	2	30	4	1	620.88	0
102	2	2	31	8	1	574.55	0
102	2	2	32	10	0	754.14	0
102	2	2	33	4	1	619.49	0
102	2	2	34	12	1	772.65	0
102	2	2	35	12	1	366.49	0
102	2	2	36	6	1	707	0
102	2	2	37	10	1	420.87	0
102	2	2	38	4	1	694.29	0
102	2	2	39	8	1	481.25	0
102	2	2	40	6	1	632.73	0
102	2	2	41	4	1	1012.7	0
102	2	2	42	2	1	492.64	0
102	2	2	43	10	1	564.06	1
102	2	2	44	8	1	617.94	0
102	2	2	45	4	0	865.37	0
102	2	2	46	2	1	550.12	0
102	2	2	47	12	1	384.82	0
102	2	2	48	4	1	599.4	0
102	2	2	49	4	1	612.86	0
102	2	2	50	2	1	410.38	0
102	2	2	51	8	1	449.5	0
102	2	2	52	10	1	420.72	0
102	2	2	53	6	1	877.8	0
102	2	2	54	8	1	867.4	0
102	2	2	55	4	1	329.88	0
102	2	2	56	12	1	421.19	0
102	2	2	57	8	0	597.23	0
102	2	2	58	12	1	564.47	0
102	2	2	59	2	1	483.86	0
102	2	2	60	12	1	421.1	0
102	2	2	61	6	1	555.51	0
102	2	2	62	2	1	535.22	0
102	2	2	63	12	1	430.78	0
102	2	2	64	8	1	652.2	0
102	2	2	65	2	1	405.12	0
102	2	2	66	2	1	471.97	0
102	2	2	67	2	1	319.13	0
102	2	2	68	2	1	417.77	0
102	2	2	69	6	0	1719.8	0
102	2	2	70	10	1	470.05	0
102	2	2	71	4	1	822.34	0
102	2	2	72	4	1	335.9	0
102	2	2	73	6	1	345.39	0
102	2	2	74	10	1	545.47	0
102	2	2	75	2	1	546.81	0
102	2	2	76	12	1	614.3	0
102	2	2	77	6	1	502.86	0
102	2	2	78	8	0	474.36	0
102	2	2	79	6	1	770.98	0
102	2	2	80	2	1	388.51	0
102	2	2	81	2	1	417.06	0
102	2	2	82	4	1	589.35	0
102	2	2	83	4	1	448.81	0
102	2	2	84	6	1	497.56	0
102	2	2	85	8	1	693.32	0
102	2	2	86	8	1	523.36	0
102	2	2	87	4	1	550.19	0
102	2	2	88	8	1	975.62	0
102	2	2	89	8	1	390.45	0
102	2	2	90	12	1	435.5	0
102	2	2	91	8	1	507.75	0
102	2	2	92	2	1	462.05	0
102	2	2	93	10	1	589.09	0
102	2	2	94	10	1	563.97	0
102	2	2	95	10	1	926.39	0
102	2	2	96	12	1	543.79	0
102	2	2	97	6	1	372.3	0
102	2	2	98	4	1	516.01	0
102	2	2	99	10	1	356.13	0
102	2	2	100	4	1	440.42	0
102	2	2	101	6	0	865.59	0
102	2	2	102	12	1	451.44	0
102	2	2	103	2	1	566.61	0
102	2	2	104	10	1	572.45	0
102	2	2	105	4	1	415.84	0
102	2	2	106	8	1	475.85	0
102	2	2	107	6	1	639.18	0
102	2	2	108	12	1	412.1	0
102	2	2	109	4	1	375.83	0
102	2	2	110	6	1	561.85	0
102	2	2	111	2	1	355	0
102	2	2	112	10	1	713.49	0
102	2	2	113	10	1	622.55	0
102	2	2	114	12	1	449.43	0
102	2	2	115	8	1	717.61	0
102	2	2	116	6	1	704.05	0
102	2	2	117	12	1	340.99	0
102	2	2	118	12	1	359.65	0
102	2	2	119	12	1	413.67	0
102	2	2	120	4	1	363.32	0
102	3	3	1	12	1	597.66	0
102	3	3	2	12	1	469.9	0
102	3	3	3	1	1	479.53	0
102	3	3	4	10	1	449.87	0
102	3	3	5	10	1	519.95	0
102	3	3	6	10	1	541.57	0
102	3	3	7	8	1	597.75	0
102	3	3	8	12	1	542.28	0
102	3	3	9	5	1	553.81	0
102	3	3	10	5	1	604.17	0
102	3	3	11	3	1	517.84	0
102	3	3	12	10	1	446.55	0
102	3	3	13	8	1	356.1	0
102	3	3	14	1	1	692.41	0
102	3	3	15	1	1	751.84	0
102	3	3	16	10	1	486.85	0
102	3	3	17	3	1	687.8	0
102	3	3	18	8	1	430.59	0
102	3	3	19	1	1	537.63	0
102	3	3	20	8	1	761.64	0
102	3	3	21	5	1	591.46	0
102	3	3	22	5	1	381.91	0
102	3	3	23	10	1	460.53	0
102	3	3	24	10	1	505.26	0
102	3	3	25	5	1	561.63	0
102	3	3	26	3	1	474.55	0
102	3	3	27	10	1	528.95	0
102	3	3	28	10	1	427.67	0
102	3	3	29	10	1	415.16	0
102	3	3	30	3	1	414.27	0
102	3	3	31	10	1	511.46	0
102	3	3	32	8	1	419.78	0
102	3	3	33	3	1	423.47	0
102	3	3	34	12	1	589.13	0
102	3	3	35	8	0	1097.7	0
102	3	3	36	1	1	467.07	0
102	3	3	37	5	1	691.34	0
102	3	3	38	8	0	859.81	0
102	3	3	39	5	1	779.53	0
102	3	3	40	5	0	602.81	0
102	3	3	41	12	1	484.36	0
102	3	3	42	8	0	860.24	0
102	3	3	43	8	1	517.03	0
102	3	3	44	10	1	589.28	0
102	3	3	45	1	1	423.74	0
102	3	3	46	12	1	645.65	0
102	3	3	47	12	1	424.24	0
102	3	3	48	5	1	613.42	0
102	3	3	49	12	1	490.88	0
102	3	3	50	3	1	547.87	0
102	3	3	51	10	1	578.92	0
102	3	3	52	12	1	446.07	0
102	3	3	53	3	1	476.73	0
102	3	3	54	12	1	656.71	0
102	3	3	55	8	1	594.65	0
102	3	3	56	3	1	603.91	0
102	3	3	57	10	1	613.42	0
102	3	3	58	10	1	401.98	0
102	3	3	59	10	1	350.05	0
102	3	3	60	1	1	377.21	0
102	3	3	61	1	1	302.35	0
102	3	3	62	3	1	413.86	0
102	3	3	63	10	1	515.54	0
102	3	3	64	5	1	373.58	0
102	3	3	65	5	1	687.52	0
102	3	3	66	1	1	539.28	0
102	3	3	67	1	1	839.24	0
102	3	3	68	3	1	622.5	0
102	3	3	69	1	1	604.01	0
102	3	3	70	5	1	480.9	0
102	3	3	71	1	1	314.19	0
102	3	3	72	8	1	388.52	0
102	3	3	73	5	1	483.83	0
102	3	3	74	3	1	494.33	0
102	3	3	75	12	1	341.41	0
102	3	3	76	3	1	323.75	0
102	3	3	77	1	1	1048.3	0
102	3	3	78	8	1	487.88	0
102	3	3	79	1	1	629.9	0
102	3	3	80	1	1	505.76	0
102	3	3	81	12	1	591.99	0
102	3	3	82	3	1	566.27	0
102	3	3	83	8	1	589.25	0
102	3	3	84	3	1	681.57	0
102	3	3	85	8	1	376.44	0
102	3	3	86	1	1	438.67	0
102	3	3	87	8	1	779.89	0
102	3	3	88	3	1	789.34	0
102	3	3	89	8	1	763.46	0
102	3	3	90	12	1	647.29	0
102	3	3	91	10	1	457.7	0
102	3	3	92	8	0	671.81	0
102	3	3	93	5	1	573.05	0
102	3	3	94	8	1	528.51	0
102	3	3	95	1	1	502.99	0
102	3	3	96	12	1	594.79	0
102	3	3	97	12	1	483.82	0
102	3	3	98	12	1	479.08	0
102	3	3	99	3	1	564.86	0
102	3	3	100	5	0	655.76	1
102	3	3	101	12	1	567.1	0
102	3	3	102	12	1	690.86	0
102	3	3	103	1	1	573.67	0
102	3	3	104	8	1	371.93	0
102	3	3	105	5	1	391.38	0
102	3	3	106	3	1	561.58	0
102	3	3	107	10	1	528.22	0
102	3	3	108	10	1	295.27	0
102	3	3	109	8	1	526.95	0
102	3	3	110	5	0	697.78	0
102	3	3	111	3	1	478.39	0
102	3	3	112	12	1	551.96	0
102	3	3	113	5	1	537.86	0
102	3	3	114	1	1	641.47	0
102	3	3	115	1	1	346.71	0
102	3	3	116	3	1	349.12	0
102	3	3	117	5	1	809.61	0
102	3	3	118	5	1	369.72	0
102	3	3	119	3	1	419.3	0
102	3	3	120	12	1	397.65	0
102	4	3	1	2	1	626.35	0
102	4	3	2	11	1	912.2	0
102	4	3	3	9	1	531.7	0
102	4	3	4	11	1	633.76	0
102	4	3	5	6	1	678.86	1
102	4	3	6	2	1	658.36	1
102	4	3	7	9	1	371.13	0
102	4	3	8	2	1	445.46	0
102	4	3	9	7	1	464.43	1
102	4	3	10	6	0	446.01	0
102	4	3	11	7	1	422.98	0
102	4	3	12	7	1	305.7	0
102	4	3	13	2	1	366.53	0
102	4	3	14	9	1	306.63	0
102	4	3	15	4	1	477.76	0
102	4	3	16	4	1	718.09	0
102	4	3	17	2	1	405.55	0
102	4	3	18	11	1	447.36	0
102	4	3	19	4	1	684.21	0
102	4	3	20	9	1	508.74	0
102	4	3	21	11	1	1147	0
102	4	3	22	7	1	423.47	0
102	4	3	23	4	1	366.4	0
102	4	3	24	9	1	481.57	0
102	4	3	25	4	0	719.38	0
102	4	3	26	7	1	383.94	0
102	4	3	27	7	1	668.41	0
102	4	3	28	2	1	515.27	0
102	4	3	29	2	1	502.04	0
102	4	3	30	11	1	442.58	0
102	4	3	31	11	1	380.29	0
102	4	3	32	9	1	377.51	0
102	4	3	33	11	1	515.4	0
102	4	3	34	6	1	472.95	0
102	4	3	35	11	1	393.18	0
102	4	3	36	6	1	588.75	0
102	4	3	37	7	1	383.71	0
102	4	3	38	7	1	594.02	0
102	4	3	39	11	1	689.95	0
102	4	3	40	6	0	634.29	0
102	4	3	41	4	1	466.76	0
102	4	3	42	4	1	418.99	0
102	4	3	43	6	1	424.13	0
102	4	3	44	4	1	507.85	0
102	4	3	45	9	1	508.99	0
102	4	3	46	4	1	475.97	0
102	4	3	47	6	1	732.38	0
102	4	3	48	2	1	434.93	0
102	4	3	49	2	1	498.85	0
102	4	3	50	6	0	573.76	0
102	4	3	51	2	1	591.08	0
102	4	3	52	7	1	383.89	0
102	4	3	53	2	1	304.03	0
102	4	3	54	9	1	896	0
102	4	3	55	6	1	564.22	0
102	4	3	56	7	1	333.79	0
102	4	3	57	6	1	545.99	0
102	4	3	58	6	1	561.4	0
102	4	3	59	7	1	462.56	0
102	4	3	60	6	1	454.37	0
102	4	3	61	11	1	477.72	0
102	4	3	62	9	1	499.33	0
102	4	3	63	9	1	328.36	0
102	4	3	64	2	1	597.15	0
102	4	3	65	4	1	677.01	0
102	4	3	66	6	1	589.33	0
102	4	3	67	2	1	401.61	0
102	4	3	68	6	1	581.92	0
102	4	3	69	9	1	530.44	0
102	4	3	70	4	1	573.11	0
102	4	3	71	11	1	1262.6	0
102	4	3	72	7	1	548.62	0
102	4	3	73	2	1	530.69	0
102	4	3	74	7	1	429.51	0
102	4	3	75	2	1	600.12	0
102	4	3	76	9	1	406.51	0
102	4	3	77	7	1	801.77	0
102	4	3	78	6	0	821.19	0
102	4	3	79	9	1	494.58	0
102	4	3	80	11	1	362.22	0
102	4	3	81	9	1	576.58	0
102	4	3	82	7	1	618.5	0
102	4	3	83	7	1	560.32	0
102	4	3	84	2	1	456.5	0
102	4	3	85	6	0	543.48	0
102	4	3	86	9	1	744.56	0
102	4	3	87	4	1	483.48	0
102	4	3	88	4	1	352.65	0
102	4	3	89	4	1	560.18	0
102	4	3	90	2	1	321.64	0
102	4	3	91	4	1	728.66	0
102	4	3	92	7	1	527.89	0
102	4	3	93	2	1	597.12	0
102	4	3	94	11	1	554.12	0
102	4	3	95	11	1	450.6	0
102	4	3	96	6	1	447.28	0
102	4	3	97	4	1	517.33	0
102	4	3	98	4	1	399.65	0
102	4	3	99	4	1	432.14	0
102	4	3	100	9	1	389.85	0
102	4	3	101	9	1	567.67	0
102	4	3	102	11	1	687.99	0
102	4	3	103	11	1	399.5	0
102	4	3	104	11	1	489.2	0
102	4	3	105	4	1	450.46	0
102	4	3	106	7	1	386.78	0
102	4	3	107	4	1	586.84	0
102	4	3	108	9	1	362.47	0
102	4	3	109	11	1	560.04	0
102	4	3	110	7	1	470.1	0
102	4	3	111	2	1	436.8	0
102	4	3	112	2	1	582.83	0
102	4	3	113	6	0	1256.6	0
102	4	3	114	6	1	802.92	0
102	4	3	115	11	1	873.07	0
102	4	3	116	6	1	442.22	0
102	4	3	117	7	1	496.4	0
102	4	3	118	11	1	388.51	1
102	4	3	119	9	1	614.29	0
102	4	3	120	9	1	387.33	1
102	1	3	1	9	1	570.41	0
102	1	3	2	1	1	423.56	0
102	1	3	3	9	1	486.34	0
102	1	3	4	7	0	632.26	0
102	1	3	5	11	1	441.22	0
102	1	3	6	7	0	964.29	0
102	1	3	7	5	1	501.63	0
102	1	3	8	1	1	504.74	0
102	1	3	9	7	1	489.74	0
102	1	3	10	5	1	523.6	0
102	1	3	11	7	1	855.33	0
102	1	3	12	11	1	571.15	0
102	1	3	13	5	1	455.9	0
102	1	3	14	5	1	537.7	0
102	1	3	15	3	1	482.53	0
102	1	3	16	3	1	428.64	0
102	1	3	17	1	1	410.58	0
102	1	3	18	9	1	546.23	0
102	1	3	19	3	1	383.19	0
102	1	3	20	11	1	550.51	0
102	1	3	21	11	1	372.28	0
102	1	3	22	5	0	568.48	0
102	1	3	23	11	1	392.35	0
102	1	3	24	7	1	725.67	0
102	1	3	25	9	1	657.47	0
102	1	3	26	9	1	544.6	0
102	1	3	27	7	1	665.73	0
102	1	3	28	3	0	632.07	0
102	1	3	29	1	1	522.01	0
102	1	3	30	1	1	453.86	0
102	1	3	31	1	1	564.74	0
102	1	3	32	11	1	443.2	0
102	1	3	33	3	1	503.23	0
102	1	3	34	9	1	434.05	0
102	1	3	35	1	1	480.03	0
102	1	3	36	7	1	683.81	0
102	1	3	37	9	1	490.26	0
102	1	3	38	1	1	406.77	0
102	1	3	39	3	1	328.53	0
102	1	3	40	1	1	821.55	0
102	1	3	41	11	1	358.96	0
102	1	3	42	1	1	489.59	0
102	1	3	43	7	1	723.19	0
102	1	3	44	1	1	482.5	0
102	1	3	45	9	1	662.85	0
102	1	3	46	11	1	388.96	0
102	1	3	47	5	1	620.63	0
102	1	3	48	9	1	302.95	0
102	1	3	49	9	1	372.05	0
102	1	3	50	7	1	675.43	0
102	1	3	51	3	1	388.36	0
102	1	3	52	7	1	1059.5	0
102	1	3	53	7	1	787.57	0
102	1	3	54	7	1	664.03	0
102	1	3	55	1	1	366.61	0
102	1	3	56	3	1	412.89	0
102	1	3	57	7	1	865.12	0
102	1	3	58	7	1	367.28	0
102	1	3	59	3	1	417.59	0
102	1	3	60	5	1	720.75	0
102	1	3	61	9	1	621.71	0
102	1	3	62	9	1	470.82	0
102	1	3	63	3	1	626.4	0
102	1	3	64	3	1	368.55	0
102	1	3	65	5	1	760.34	0
102	1	3	66	5	1	874.07	0
102	1	3	67	3	1	607.77	0
102	1	3	68	5	0	668.17	0
102	1	3	69	5	1	487.64	0
102	1	3	70	7	1	665.81	0
102	1	3	71	11	0	598.67	0
102	1	3	72	11	1	647.65	0
102	1	3	73	9	1	460.04	1
102	1	3	74	3	1	450.88	0
102	1	3	75	1	1	502.68	0
102	1	3	76	11	1	449.73	0
102	1	3	77	5	1	656.03	0
102	1	3	78	1	1	701.53	0
102	1	3	79	3	1	484.88	0
102	1	3	80	5	1	664.31	0
102	1	3	81	9	1	714.47	0
102	1	3	82	1	1	425.47	0
102	1	3	83	5	1	620.73	0
102	1	3	84	3	1	505.54	0
102	1	3	85	5	1	939.06	0
102	1	3	86	11	1	552.58	0
102	1	3	87	3	1	454.99	0
102	1	3	88	11	1	592.64	0
102	1	3	89	11	1	368.86	0
102	1	3	90	7	0	944.01	0
102	1	3	91	5	1	678.6	0
102	1	3	92	1	1	470.76	0
102	1	3	93	1	1	446.92	0
102	1	3	94	3	1	540.81	0
102	1	3	95	11	1	416.85	0
102	1	3	96	11	1	528.38	0
102	1	3	97	9	1	563.58	0
102	1	3	98	9	1	790.93	0
102	1	3	99	9	1	491.41	0
102	1	3	100	11	1	609.5	0
102	1	3	101	5	1	458.83	1
102	1	3	102	7	0	557.35	0
102	1	3	103	1	1	442.64	0
102	1	3	104	1	1	359.79	0
102	1	3	105	11	1	610.9	0
102	1	3	106	11	1	329.58	0
102	1	3	107	3	1	342.92	0
102	1	3	108	5	1	671.19	0
102	1	3	109	9	1	376.31	0
102	1	3	110	7	0	532.7	0
102	1	3	111	3	1	572.57	0
102	1	3	112	9	1	442.35	0
102	1	3	113	7	1	628.13	0
102	1	3	114	9	0	1726.7	0
102	1	3	115	11	1	593.87	0
102	1	3	116	5	1	454.92	0
102	1	3	117	7	1	518.61	0
102	1	3	118	1	1	456.12	0
102	1	3	119	3	1	456.18	0
102	1	3	120	5	1	546.58	0
102	2	3	1	12	1	571.09	0
102	2	3	2	2	1	453.07	0
102	2	3	3	12	1	431.75	0
102	2	3	4	10	0	589.01	0
102	2	3	5	4	1	355.97	0
102	2	3	6	2	1	506.66	0
102	2	3	7	8	1	398.29	0
102	2	3	8	12	1	346.17	0
102	2	3	9	4	1	581.97	0
102	2	3	10	8	0	780.53	0
102	2	3	11	12	1	489.55	0
102	2	3	12	8	1	490.03	1
102	2	3	13	6	1	417.6	0
102	2	3	14	2	1	617.73	0
102	2	3	15	2	1	465.87	0
102	2	3	16	12	1	443.61	0
102	2	3	17	2	1	478.84	0
102	2	3	18	2	1	793.36	0
102	2	3	19	12	1	385.02	0
102	2	3	20	10	1	456.27	1
102	2	3	21	10	1	373.54	0
102	2	3	22	6	1	786.65	0
102	2	3	23	8	1	544.8	0
102	2	3	24	4	1	419.02	0
102	2	3	25	10	1	461.31	0
102	2	3	26	4	1	558.08	0
102	2	3	27	10	1	449.93	0
102	2	3	28	10	1	275.18	0
102	2	3	29	4	1	444.76	0
102	2	3	30	6	0	649.73	0
102	2	3	31	10	1	520.09	0
102	2	3	32	12	1	425.41	0
102	2	3	33	10	1	387.78	0
102	2	3	34	12	1	600.56	0
102	2	3	35	12	0	514.06	0
102	2	3	36	8	0	777.04	0
102	2	3	37	8	1	717.17	0
102	2	3	38	2	1	474.34	0
102	2	3	39	6	0	691.66	0
102	2	3	40	8	1	605	1
102	2	3	41	12	1	559.92	0
102	2	3	42	6	1	456.15	0
102	2	3	43	2	1	378.83	0
102	2	3	44	8	1	448.37	0
102	2	3	45	10	1	587.99	0
102	2	3	46	6	1	553.18	0
102	2	3	47	8	1	462.45	0
102	2	3	48	2	1	364.59	0
102	2	3	49	10	1	689.77	0
102	2	3	50	6	1	584.29	0
102	2	3	51	8	1	840.11	0
102	2	3	52	2	1	343.83	0
102	2	3	53	4	1	571.49	0
102	2	3	54	2	1	386.39	0
102	2	3	55	4	1	826.86	0
102	2	3	56	6	1	371.67	0
102	2	3	57	6	1	769.46	0
102	2	3	58	6	1	942.51	0
102	2	3	59	4	1	466.95	0
102	2	3	60	12	1	501.28	0
102	2	3	61	4	1	430.21	0
102	2	3	62	2	1	438.61	0
102	2	3	63	8	1	522.26	0
102	2	3	64	2	1	303.43	0
102	2	3	65	4	1	769.44	1
102	2	3	66	10	1	421.73	0
102	2	3	67	6	1	769.03	0
102	2	3	68	10	1	366.62	0
102	2	3	69	6	1	493.88	0
102	2	3	70	2	1	435.11	0
102	2	3	71	8	1	411.13	0
102	2	3	72	2	1	498.33	0
102	2	3	73	12	1	466.46	0
102	2	3	74	10	1	559.55	0
102	2	3	75	4	1	641.55	0
102	2	3	76	8	1	625.61	0
102	2	3	77	4	1	673.55	0
102	2	3	78	6	1	775.56	0
102	2	3	79	8	1	919.81	0
102	2	3	80	12	1	504.37	0
102	2	3	81	10	1	549.2	0
102	2	3	82	10	1	579.55	0
102	2	3	83	12	1	361.28	0
102	2	3	84	8	1	851.55	0
102	2	3	85	2	1	324.85	0
102	2	3	86	2	1	522.78	0
102	2	3	87	8	1	541.02	0
102	2	3	88	4	1	577.7	0
102	2	3	89	10	1	670.25	0
102	2	3	90	12	1	591.8	0
102	2	3	91	4	1	441.37	0
102	2	3	92	10	1	471.13	0
102	2	3	93	2	1	420.74	0
102	2	3	94	12	1	743.1	0
102	2	3	95	4	1	455.84	0
102	2	3	96	2	1	636.8	0
102	2	3	97	6	1	518.78	1
102	2	3	98	6	1	432.52	0
102	2	3	99	6	1	332.92	0
102	2	3	100	4	1	454.61	0
102	2	3	101	6	1	512.93	0
102	2	3	102	12	1	458.23	0
102	2	3	103	8	1	864.34	0
102	2	3	104	8	1	584.23	0
102	2	3	105	4	1	341.96	0
102	2	3	106	12	1	439.26	0
102	2	3	107	12	1	490.65	1
102	2	3	108	10	1	379.32	1
102	2	3	109	8	1	620.24	0
102	2	3	110	10	1	485.4	0
102	2	3	111	6	1	714.43	0
102	2	3	112	4	1	397.09	1
102	2	3	113	10	1	479.54	0
102	2	3	114	4	1	575.18	0
102	2	3	115	4	1	438.39	0
102	2	3	116	12	1	474.81	0
102	2	3	117	6	1	447.66	0
102	2	3	118	6	1	467.24	0
102	2	3	119	2	1	496.23	0
102	2	3	120	8	1	474.57	0
102	5	3	1	12	1	630.3	0
102	5	3	2	10	1	650.66	0
102	5	3	3	9	1	603.79	0
102	5	3	4	10	1	377.67	0
102	5	3	5	6	1	678.18	0
102	5	3	6	11	1	469.59	0
102	5	3	7	6	1	704.44	0
102	5	3	8	8	1	1192.6	0
102	5	3	9	4	1	526.43	0
102	5	3	10	12	1	1017.9	0
102	5	3	11	2	1	386.57	0
102	5	3	12	6	1	570.3	0
102	5	3	13	11	1	450.14	0
102	5	3	14	6	0	645.78	0
102	5	3	15	7	1	389.77	0
102	5	3	16	10	1	886.2	0
102	5	3	17	4	1	394.84	0
102	5	3	18	7	1	376.67	0
102	5	3	19	1	1	400.11	0
102	5	3	20	12	1	691.08	0
102	5	3	21	11	1	525.55	0
102	5	3	22	5	1	514.97	0
102	5	3	23	7	1	664.82	0
102	5	3	24	3	1	820.88	0
102	5	3	25	1	0	814.65	0
102	5	3	26	4	1	639.77	0
102	5	3	27	3	1	611.43	0
102	5	3	28	12	1	584.48	0
102	5	3	29	8	1	558.33	0
102	5	3	30	2	0	497.64	0
102	5	3	31	11	1	383.39	0
102	5	3	32	1	1	687.83	0
102	5	3	33	5	0	1129.6	0
102	5	3	34	7	0	515.5	0
102	5	3	35	6	1	1163.2	0
102	5	3	36	4	1	719.71	0
102	5	3	37	9	1	460.79	1
102	5	3	38	2	1	619.74	0
102	5	3	39	11	1	563.13	0
102	5	3	40	1	1	443.25	0
102	5	3	41	4	1	624.03	0
102	5	3	42	11	1	519.08	0
102	5	3	43	12	1	448.23	0
102	5	3	44	5	1	1049.7	0
102	5	3	45	6	0	604.78	0
102	5	3	46	12	1	724.21	0
102	5	3	47	8	1	716.18	0
102	5	3	48	5	1	743.18	0
102	5	3	49	8	0	627	0
102	5	3	50	8	1	678.4	0
102	5	3	51	9	0	492.79	0
102	5	3	52	3	1	467.45	0
102	5	3	53	10	1	622.5	0
102	5	3	54	9	0	536.2	0
102	5	3	55	8	0	694.79	0
102	5	3	56	12	1	833.65	0
102	5	3	57	7	1	818.91	0
102	5	3	58	4	1	489.33	0
102	5	3	59	3	1	562.7	0
102	5	3	60	10	1	399.32	0
102	5	3	61	10	1	361.12	0
102	5	3	62	5	0	616.08	0
102	5	3	63	11	1	528.44	0
102	5	3	64	6	1	612.86	0
102	5	3	65	9	1	499.48	0
102	5	3	66	10	1	511.1	0
102	5	3	67	8	1	812.56	0
102	5	3	68	2	1	510.74	0
102	5	3	69	4	1	467.42	0
102	5	3	70	12	1	437.47	0
102	5	3	71	8	0	625.06	0
102	5	3	72	8	1	436.09	0
102	5	3	73	7	1	617.08	0
102	5	3	74	9	1	426.48	0
102	5	3	75	11	0	660.52	0
102	5	3	76	5	1	628.07	0
102	5	3	77	6	1	711.91	0
102	5	3	78	9	1	464.19	0
102	5	3	79	10	1	868.07	0
102	5	3	80	9	1	684.45	0
102	5	3	81	7	1	727.21	0
102	5	3	82	3	1	606.82	0
102	5	3	83	5	0	683.69	0
102	5	3	84	1	1	431.91	0
102	5	3	85	9	1	518.71	0
102	5	3	86	2	1	539.38	0
102	5	3	87	1	1	544.62	0
102	5	3	88	5	1	836.41	1
102	5	3	89	1	1	552.22	0
102	5	3	90	2	1	821.01	0
102	5	3	91	10	1	509.16	0
102	5	3	92	11	1	467.66	0
102	5	3	93	1	1	375.22	0
102	5	3	94	3	1	440.92	0
102	5	3	95	10	1	800.6	0
102	5	3	96	2	1	369.8	0
102	5	3	97	3	1	890.02	0
102	5	3	98	4	1	612.29	0
102	5	3	99	7	1	649.77	0
102	5	3	100	8	1	874.3	0
102	5	3	101	1	1	410.6	0
102	5	3	102	4	0	1037.2	0
102	5	3	103	11	1	363.33	0
102	5	3	104	3	1	480.47	0
102	5	3	105	12	1	560.54	0
102	5	3	106	5	1	483.19	0
102	5	3	107	1	1	586.21	0
102	5	3	108	4	1	358.64	0
102	5	3	109	9	1	488.01	0
102	5	3	110	2	1	609.08	0
102	5	3	111	7	1	429.28	0
102	5	3	112	2	1	557.27	0
102	5	3	113	6	1	615.19	0
102	5	3	114	7	1	588.23	0
102	5	3	115	12	1	1003.8	0
102	5	3	116	2	1	429.57	0
102	5	3	117	6	1	993.61	0
102	5	3	118	5	0	593.56	0
102	5	3	119	3	1	564.85	0
102	5	3	120	3	1	324.33	0
102	5	3	1	6	1	710.2	0
102	5	3	2	11	1	391.8	0
102	5	3	3	10	1	464.64	0
102	5	3	4	12	1	405.68	0
102	5	3	5	6	1	557.85	0
102	5	3	6	6	1	576.12	0
102	5	3	7	3	0	606.65	0
102	5	3	8	4	1	475.29	0
102	5	3	9	10	1	567.3	0
102	5	3	10	4	1	503.54	0
102	5	3	11	2	1	635	0
102	5	3	12	12	1	707.83	1
102	5	3	13	5	1	659.06	0
102	5	3	14	10	1	430.61	0
102	5	3	15	12	1	590.82	0
102	5	3	16	7	0	733.72	0
102	5	3	17	10	1	484.71	0
102	5	3	18	8	1	557.67	0
102	5	3	19	5	0	754.47	0
102	5	3	20	11	1	643.07	0
102	5	3	21	11	1	361.12	0
102	5	3	22	2	1	413.13	0
102	5	3	23	5	0	501.58	0
102	5	3	24	10	1	447.27	0
102	5	3	25	1	1	683.05	0
102	5	3	26	1	1	571.26	0
102	5	3	27	5	0	659.48	0
102	5	3	28	11	1	427.45	0
102	5	3	29	10	1	647.12	0
102	5	3	30	9	1	502.64	0
102	5	3	31	3	1	643.33	0
102	5	3	32	7	1	461.28	0
102	5	3	33	10	1	1051.6	0
102	5	3	34	3	1	387.66	0
102	5	3	35	7	1	397.14	0
102	5	3	36	8	1	465.6	0
102	5	3	37	8	1	721.77	0
102	5	3	38	2	1	485.47	0
102	5	3	39	7	1	570.58	0
102	5	3	40	2	1	683.29	0
102	5	3	41	4	1	861.33	0
102	5	3	42	1	1	372.53	1
102	5	3	43	5	0	532.3	0
102	5	3	44	2	1	717.91	0
102	5	3	45	3	1	477.35	0
102	5	3	46	9	1	775.44	0
102	5	3	47	8	0	587.91	0
102	5	3	48	5	1	694.16	0
102	5	3	49	1	1	546.79	0
102	5	3	50	12	1	418.54	0
102	5	3	51	10	1	771.36	0
102	5	3	52	11	1	725.07	0
102	5	3	53	12	1	491.51	0
102	5	3	54	8	1	672	0
102	5	3	55	3	1	952.73	0
102	5	3	56	6	0	504.11	0
102	5	3	57	3	1	445.13	0
102	5	3	58	3	1	865.63	0
102	5	3	59	2	1	461.17	0
102	5	3	60	12	1	563.16	0
102	5	3	61	5	1	410.65	0
102	5	3	62	9	1	413.43	0
102	5	3	63	7	0	665.34	0
102	5	3	64	4	1	470.35	0
102	5	3	65	6	0	540.72	0
102	5	3	66	10	1	445.36	0
102	5	3	67	7	1	619.1	0
102	5	3	68	6	1	557.13	0
102	5	3	69	9	1	507.98	0
102	5	3	70	11	1	801.68	0
102	5	3	71	12	1	543.88	1
102	5	3	72	11	1	1169.9	0
102	5	3	73	6	1	618.73	0
102	5	3	74	9	1	471.58	0
102	5	3	75	7	1	376.61	1
102	5	3	76	6	0	1054.7	0
102	5	3	77	6	0	977.23	0
102	5	3	78	6	1	619.37	0
102	5	3	79	4	1	407.76	0
102	5	3	80	9	1	477.41	0
102	5	3	81	8	0	485.47	0
102	5	3	82	2	1	567.65	0
102	5	3	83	5	0	505.1	0
102	5	3	84	4	0	793.51	0
102	5	3	85	3	1	785.59	1
102	5	3	86	1	1	580.06	0
102	5	3	87	1	1	934.2	0
102	5	3	88	1	1	600.37	0
102	5	3	89	1	1	646.7	0
102	5	3	90	10	1	528.18	0
102	5	3	91	1	1	503.44	0
102	5	3	92	12	1	449.94	0
102	5	3	93	2	1	343.08	0
102	5	3	94	7	1	791.23	0
102	5	3	95	3	1	535.57	0
102	5	3	96	5	0	429.51	0
102	5	3	97	11	1	412	0
102	5	3	98	4	1	1005.3	0
102	5	3	99	7	1	566.44	0
102	5	3	100	8	1	808.1	0
102	5	3	101	12	1	321.21	0
102	5	3	102	1	1	589.33	0
102	5	3	103	11	1	567.01	0
102	5	3	104	12	0	753.56	0
102	5	3	105	4	1	972.05	0
102	5	3	106	3	1	776.89	0
102	5	3	107	9	1	487.1	0
102	5	3	108	2	1	1108.5	0
102	5	3	109	9	0	652.67	0
102	5	3	110	4	1	428.99	0
102	5	3	111	5	0	636.44	0
102	5	3	112	8	1	578.62	0
102	5	3	113	7	0	854.19	0
102	5	3	114	9	1	414.54	0
102	5	3	115	8	0	1028.5	0
102	5	3	116	8	1	1073.4	0
102	5	3	117	9	1	670.43	0
102	5	3	118	11	1	571.09	0
102	5	3	119	4	1	354.29	0
102	5	3	120	2	1	612.48	0
102	1	4	1	3	1	441.69	0
102	1	4	2	5	1	971.91	0
102	1	4	3	1	1	865.81	0
102	1	4	4	1	1	669.85	0
102	1	4	5	1	1	315.36	0
102	1	4	6	11	1	470.56	0
102	1	4	7	5	1	446.59	0
102	1	4	8	1	1	565.38	0
102	1	4	9	9	1	716.25	0
102	1	4	10	7	0	720.72	0
102	1	4	11	11	1	523.34	0
102	1	4	12	5	1	457.71	0
102	1	4	13	11	1	736.46	0
102	1	4	14	9	0	571.51	0
102	1	4	15	1	1	692.62	0
102	1	4	16	1	1	425.44	0
102	1	4	17	11	1	1211.3	0
102	1	4	18	11	1	432.45	0
102	1	4	19	1	1	383.51	0
102	1	4	20	9	1	735.03	0
102	1	4	21	5	0	1170.1	0
102	1	4	22	7	0	852.09	0
102	1	4	23	7	1	735.38	0
102	1	4	24	5	1	381.82	0
102	1	4	25	3	1	469.72	0
102	1	4	26	11	1	530.75	0
102	1	4	27	1	1	476.26	0
102	1	4	28	5	1	1070.4	0
102	1	4	29	5	1	508.64	0
102	1	4	30	9	1	411.3	0
102	1	4	31	5	1	774.47	0
102	1	4	32	3	1	506.3	0
102	1	4	33	7	1	751.51	0
102	1	4	34	5	1	553.79	0
102	1	4	35	3	1	539.88	0
102	1	4	36	9	1	564.74	0
102	1	4	37	1	1	410.06	0
102	1	4	38	3	1	789.61	0
102	1	4	39	7	1	471.69	0
102	1	4	40	7	1	1007.8	0
102	1	4	41	9	1	689.28	0
102	1	4	42	11	1	433.85	0
102	1	4	43	11	1	466.34	0
102	1	4	44	1	1	504.24	0
102	1	4	45	11	1	534.46	0
102	1	4	46	9	1	656.52	0
102	1	4	47	1	1	475.75	0
102	1	4	48	9	1	448.19	0
102	1	4	49	3	1	986.35	0
102	1	4	50	7	1	405.84	0
102	1	4	51	7	1	401.74	0
102	1	4	52	9	1	689.59	0
102	1	4	53	7	1	566.86	0
102	1	4	54	5	1	650.94	0
102	1	4	55	7	1	442.42	0
102	1	4	56	11	0	506.29	0
102	1	4	57	1	1	517.57	0
102	1	4	58	1	1	367.77	0
102	1	4	59	1	1	369.25	0
102	1	4	60	7	0	815.18	0
102	1	4	61	9	1	696.88	0
102	1	4	62	7	0	464.21	0
102	1	4	63	11	1	427.57	0
102	1	4	64	5	1	604.86	0
102	1	4	65	3	1	580.45	0
102	1	4	66	11	1	477.89	0
102	1	4	67	7	1	563.81	0
102	1	4	68	9	1	432.29	0
102	1	4	69	3	1	392.36	0
102	1	4	70	5	1	399.09	0
102	1	4	71	11	1	384.24	0
102	1	4	72	11	1	428.43	0
102	1	4	73	9	1	890.84	0
102	1	4	74	7	0	553.7	0
102	1	4	75	11	1	474.98	0
102	1	4	76	9	1	498.82	0
102	1	4	77	1	1	408.26	0
102	1	4	78	5	1	753.6	0
102	1	4	79	3	1	456.41	0
102	1	4	80	3	1	351.14	0
102	1	4	81	3	1	599.71	0
102	1	4	82	5	1	638.75	0
102	1	4	83	7	1	660.97	0
102	1	4	84	11	1	438.3	0
102	1	4	85	3	1	369.99	0
102	1	4	86	7	1	785.42	0
102	1	4	87	5	1	708.74	0
102	1	4	88	9	1	433.54	0
102	1	4	89	7	0	516.98	0
102	1	4	90	11	1	455.05	0
102	1	4	91	7	1	638.02	0
102	1	4	92	3	1	1897.5	0
102	1	4	93	5	1	606.52	0
102	1	4	94	9	1	518.43	0
102	1	4	95	3	1	529.73	0
102	1	4	96	7	1	464.95	0
102	1	4	97	1	1	440.56	0
102	1	4	98	9	1	405.92	0
102	1	4	99	3	1	469.86	0
102	1	4	100	3	1	358.16	0
102	1	4	101	11	1	441.36	0
102	1	4	102	5	1	402.65	0
102	1	4	103	5	1	400.78	0
102	1	4	104	1	1	351.69	0
102	1	4	105	7	1	385.66	0
102	1	4	106	9	0	418.04	0
102	1	4	107	11	1	469.09	0
102	1	4	108	9	1	621.33	0
102	1	4	109	5	1	457.37	0
102	1	4	110	1	1	531.76	0
102	1	4	111	3	1	377.37	0
102	1	4	112	1	1	626.75	0
102	1	4	113	9	1	435.99	0
102	1	4	114	3	1	436.59	0
102	1	4	115	1	1	430.47	0
102	1	4	116	9	1	843.04	0
102	1	4	117	5	1	536.65	1
102	1	4	118	11	1	782.36	0
102	1	4	119	3	1	549.98	0
102	1	4	120	3	1	468.59	0
102	2	4	1	4	1	581.54	0
102	2	4	2	6	1	735.44	0
102	2	4	3	8	1	562.05	0
102	2	4	4	12	1	482.01	0
102	2	4	5	4	1	397.1	0
102	2	4	6	2	1	346.1	0
102	2	4	7	12	1	455.01	0
102	2	4	8	12	1	372.44	0
102	2	4	9	2	1	426.39	0
102	2	4	10	2	1	496.49	0
102	2	4	11	2	1	419.48	0
102	2	4	12	8	1	1121.4	0
102	2	4	13	2	1	426.47	0
102	2	4	14	2	1	578.64	0
102	2	4	15	4	1	805.87	0
102	2	4	16	6	1	640.62	0
102	2	4	17	8	1	715.72	0
102	2	4	18	4	1	510.7	0
102	2	4	19	4	1	512.22	0
102	2	4	20	12	1	580.97	0
102	2	4	21	2	1	413.76	0
102	2	4	22	8	1	830.54	0
102	2	4	23	12	1	567.16	0
102	2	4	24	4	1	517.98	0
102	2	4	25	12	1	434.42	0
102	2	4	26	10	0	675.02	0
102	2	4	27	10	1	479.42	0
102	2	4	28	4	1	389.81	0
102	2	4	29	10	1	513.48	1
102	2	4	30	4	1	518.92	0
102	2	4	31	8	1	441.23	0
102	2	4	32	8	1	793.45	0
102	2	4	33	2	1	1058.8	0
102	2	4	34	6	1	809.32	0
102	2	4	35	10	1	582.69	0
102	2	4	36	10	1	492.24	0
102	2	4	37	2	1	385.77	0
102	2	4	38	12	1	455.81	0
102	2	4	39	2	1	408.83	0
102	2	4	40	4	1	310.27	0
102	2	4	41	8	1	369.85	0
102	2	4	42	2	1	582.84	0
102	2	4	43	10	1	509.22	0
102	2	4	44	6	0	673.09	0
102	2	4	45	10	1	308.48	0
102	2	4	46	2	1	828.64	0
102	2	4	47	8	1	605.09	0
102	2	4	48	12	1	931.65	0
102	2	4	49	6	1	485.31	0
102	2	4	50	4	0	654.92	0
102	2	4	51	4	1	619.7	0
102	2	4	52	12	1	377.41	0
102	2	4	53	12	1	390.44	0
102	2	4	54	12	1	676.25	0
102	2	4	55	8	0	711.11	0
102	2	4	56	10	1	742.23	0
102	2	4	57	10	1	531.65	0
102	2	4	58	12	1	466.59	0
102	2	4	59	4	1	471.79	0
102	2	4	60	4	1	480.34	0
102	2	4	61	8	1	798.04	0
102	2	4	62	4	1	483.4	0
102	2	4	63	8	1	376.04	0
102	2	4	64	4	1	442.24	0
102	2	4	65	10	1	489.85	0
102	2	4	66	6	1	552.28	0
102	2	4	67	8	1	627.89	0
102	2	4	68	2	1	515.7	0
102	2	4	69	10	1	412.84	0
102	2	4	70	4	1	406.46	0
102	2	4	71	8	1	450.72	0
102	2	4	72	6	1	476.82	0
102	2	4	73	6	1	525.82	0
102	2	4	74	10	1	340.15	0
102	2	4	75	10	1	524.89	0
102	2	4	76	12	1	904.63	0
102	2	4	77	10	1	463.32	0
102	2	4	78	2	1	428.7	0
102	2	4	79	10	1	462.46	0
102	2	4	80	6	1	503.05	0
102	2	4	81	6	1	516	0
102	2	4	82	6	1	501.26	0
102	2	4	83	2	1	651.9	0
102	2	4	84	8	1	753.08	0
102	2	4	85	4	1	809.05	0
102	2	4	86	12	1	640.92	0
102	2	4	87	8	0	465.42	0
102	2	4	88	6	1	508.93	0
102	2	4	89	6	1	544.42	0
102	2	4	90	8	1	660.26	0
102	2	4	91	8	1	609.68	0
102	2	4	92	12	1	675.89	0
102	2	4	93	10	1	603.92	0
102	2	4	94	6	1	527.09	0
102	2	4	95	4	1	552.77	0
102	2	4	96	6	1	644.83	0
102	2	4	97	10	1	440.23	0
102	2	4	98	10	1	706.76	0
102	2	4	99	2	1	462.06	0
102	2	4	100	12	1	575.19	0
102	2	4	101	2	1	410.96	0
102	2	4	102	8	1	505.75	0
102	2	4	103	2	1	354.67	0
102	2	4	104	2	1	452.03	0
102	2	4	105	6	1	522.97	0
102	2	4	106	8	1	645.27	0
102	2	4	107	4	1	455.58	0
102	2	4	108	12	1	651.44	0
102	2	4	109	10	1	626.45	0
102	2	4	110	6	1	485.28	0
102	2	4	111	6	1	939.25	0
102	2	4	112	12	1	525.99	0
102	2	4	113	6	0	902.05	0
102	2	4	114	12	1	415.49	0
102	2	4	115	12	1	371.4	0
102	2	4	116	2	1	1017.4	0
102	2	4	117	6	1	746.91	0
102	2	4	118	10	1	534.37	0
102	2	4	119	8	0	688.44	0
102	2	4	120	4	1	619.46	0
102	5	4	1	9	1	945.09	0
102	5	4	2	8	0	637.43	0
102	5	4	3	11	1	535.28	0
102	5	4	4	9	1	647.99	0
102	5	4	5	5	1	636.44	0
102	5	4	6	11	1	447	0
102	5	4	7	5	1	462.23	0
102	5	4	8	3	1	518.7	0
102	5	4	9	6	1	435.3	0
102	5	4	10	11	1	480.47	0
102	5	4	11	10	1	692.53	0
102	5	4	12	5	1	660.24	0
102	5	4	13	12	1	544.07	0
102	5	4	14	11	1	374.98	0
102	5	4	15	10	1	952.71	0
102	5	4	16	7	1	805.47	0
102	5	4	17	5	1	751.39	0
102	5	4	18	9	1	358.4	0
102	5	4	19	6	1	488.31	0
102	5	4	20	3	1	567.03	0
102	5	4	21	7	1	443.44	0
102	5	4	22	9	0	1338.5	0
102	5	4	23	3	1	681.53	0
102	5	4	24	6	1	651.98	0
102	5	4	25	12	1	661.23	0
102	5	4	26	10	1	461.06	0
102	5	4	27	4	1	597.19	0
102	5	4	28	4	1	457.78	0
102	5	4	29	8	1	675	0
102	5	4	30	7	0	604.88	0
102	5	4	31	10	1	703.78	0
102	5	4	32	7	1	542.43	0
102	5	4	33	10	1	576.63	0
102	5	4	34	3	1	367.65	0
102	5	4	35	1	1	681.42	0
102	5	4	36	4	1	1111.4	0
102	5	4	37	6	1	512.59	0
102	5	4	38	1	1	488.19	0
102	5	4	39	9	1	420.9	0
102	5	4	40	3	0	590.62	0
102	5	4	41	8	0	569.65	0
102	5	4	42	8	1	554.99	0
102	5	4	43	4	1	454.94	0
102	5	4	44	2	1	523.48	0
102	5	4	45	9	1	372.61	0
102	5	4	46	11	1	546.48	0
102	5	4	47	8	0	840.56	0
102	5	4	48	3	1	477.38	0
102	5	4	49	9	1	442.46	0
102	5	4	50	3	1	679.09	0
102	5	4	51	4	1	565.54	0
102	5	4	52	9	1	785.14	0
102	5	4	53	3	1	466.48	0
102	5	4	54	6	0	888.39	0
102	5	4	55	12	1	396.66	0
102	5	4	56	12	1	545.57	0
102	5	4	57	10	1	486.03	0
102	5	4	58	4	1	565.81	0
102	5	4	59	2	1	996.51	0
102	5	4	60	2	1	565.7	0
102	5	4	61	1	1	576.68	0
102	5	4	62	12	1	756.45	0
102	5	4	63	1	1	464.88	0
102	5	4	64	12	1	559.32	0
102	5	4	65	5	1	453.3	0
102	5	4	66	2	1	536.73	0
102	5	4	67	8	1	385.37	1
102	5	4	68	10	1	516.06	0
102	5	4	69	9	1	470.97	0
102	5	4	70	6	1	734.87	0
102	5	4	71	5	0	396.91	0
102	5	4	72	11	1	411.19	0
102	5	4	73	1	1	506.43	0
102	5	4	74	10	1	455.97	0
102	5	4	75	8	1	485.89	0
102	5	4	76	1	1	403.47	0
102	5	4	77	5	1	644.45	0
102	5	4	78	7	1	779.15	0
102	5	4	79	7	1	549.93	0
102	5	4	80	7	1	454.8	0
102	5	4	81	1	1	396.96	0
102	5	4	82	6	0	763.42	0
102	5	4	83	3	1	463.06	0
102	5	4	84	7	1	589.58	0
102	5	4	85	1	1	474.01	0
102	5	4	86	8	1	459.34	0
102	5	4	87	1	1	420.75	0
102	5	4	88	11	1	394.19	0
102	5	4	89	10	0	521.79	0
102	5	4	90	4	0	576.96	1
102	5	4	91	5	0	526.02	0
102	5	4	92	8	1	882.53	0
102	5	4	93	3	1	500.73	0
102	5	4	94	6	0	735.16	0
102	5	4	95	5	0	612.64	0
102	5	4	96	10	1	663.38	0
102	5	4	97	2	1	393.26	0
102	5	4	98	12	1	516.33	0
102	5	4	99	6	0	590.46	0
102	5	4	100	12	1	919.67	0
102	5	4	101	9	1	580.97	0
102	5	4	102	11	1	629.23	0
102	5	4	103	7	0	643.84	0
102	5	4	104	4	1	632.75	0
102	5	4	105	5	0	652.08	0
102	5	4	106	2	1	571.89	0
102	5	4	107	2	1	374.71	0
102	5	4	108	1	1	450.8	0
102	5	4	109	12	1	559.72	0
102	5	4	110	2	1	574.79	0
102	5	4	111	8	1	1104.5	0
102	5	4	112	11	1	353.67	0
102	5	4	113	2	1	492.25	0
102	5	4	114	6	1	684.28	1
102	5	4	115	2	1	405.09	0
102	5	4	116	7	1	525.34	0
102	5	4	117	4	1	764.8	0
102	5	4	118	12	1	489.07	0
102	5	4	119	4	1	636.18	0
102	5	4	120	11	1	556.61	0
102	5	4	1	4	1	436.24	0
102	5	4	2	7	1	412.78	0
102	5	4	3	2	1	396.36	0
102	5	4	4	5	1	717.52	0
102	5	4	5	12	1	469.99	0
102	5	4	6	3	1	575.81	0
102	5	4	7	11	1	520.26	0
102	5	4	8	1	1	447.59	0
102	5	4	9	10	0	864.66	0
102	5	4	10	8	1	940.2	0
102	5	4	11	9	1	871.47	0
102	5	4	12	3	0	679.15	0
102	5	4	13	9	1	1062.1	0
102	5	4	14	8	1	1094.8	0
102	5	4	15	1	1	797.95	0
102	5	4	16	6	1	768.32	1
102	5	4	17	4	0	1573.4	0
102	5	4	18	2	1	547.02	0
102	5	4	19	10	1	442.39	0
102	5	4	20	6	1	622.92	0
102	5	4	21	12	1	360.09	0
102	5	4	22	9	1	862.04	0
102	5	4	23	11	1	433.46	0
102	5	4	24	8	1	587.28	0
102	5	4	25	7	1	1275.2	0
102	5	4	26	12	1	966.44	0
102	5	4	27	8	1	564.14	0
102	5	4	28	7	1	619.5	0
102	5	4	29	3	1	470.02	0
102	5	4	30	4	0	634.88	0
102	5	4	31	10	1	574.81	0
102	5	4	32	2	1	660.64	0
102	5	4	33	8	1	419.32	0
102	5	4	34	12	1	518.68	0
102	5	4	35	10	1	438.56	0
102	5	4	36	6	1	570.03	0
102	5	4	37	5	0	861.05	0
102	5	4	38	1	1	443.6	0
102	5	4	39	3	0	666.59	0
102	5	4	40	1	1	442.28	0
102	5	4	41	12	1	394.22	0
102	5	4	42	1	1	607.1	0
102	5	4	43	5	1	922.22	0
102	5	4	44	1	1	553.22	0
102	5	4	45	6	0	594.69	0
102	5	4	46	12	1	527.81	0
102	5	4	47	10	1	559.72	0
102	5	4	48	5	1	683.19	0
102	5	4	49	4	0	601.72	0
102	5	4	50	4	1	515.2	0
102	5	4	51	5	1	512.68	0
102	5	4	52	1	1	483.26	0
102	5	4	53	6	1	532.56	0
102	5	4	54	5	0	619.34	0
102	5	4	55	10	1	395.21	0
102	5	4	56	11	1	709.21	0
102	5	4	57	12	1	677.16	0
102	5	4	58	10	1	556.4	0
102	5	4	59	11	1	639.79	0
102	5	4	60	2	1	431.44	0
102	5	4	61	7	1	984.48	0
102	5	4	62	8	0	589.48	0
102	5	4	63	9	1	797.13	0
102	5	4	64	12	1	493.67	0
102	5	4	65	12	1	433.17	0
102	5	4	66	8	1	785.85	0
102	5	4	67	10	1	475.16	0
102	5	4	68	6	1	554.12	0
102	5	4	69	2	0	659.85	0
102	5	4	70	9	1	372.92	0
102	5	4	71	9	1	454.8	0
102	5	4	72	7	1	1480.8	1
102	5	4	73	2	1	405.31	0
102	5	4	74	9	1	403.63	0
102	5	4	75	9	1	386.69	0
102	5	4	76	7	0	576.46	0
102	5	4	77	4	1	447.22	0
102	5	4	78	10	1	482.57	0
102	5	4	79	2	1	411.26	0
102	5	4	80	7	1	406.46	0
102	5	4	81	11	1	725.47	0
102	5	4	82	11	1	454.02	0
102	5	4	83	6	1	560.78	0
102	5	4	84	11	1	475.95	0
102	5	4	85	10	1	388.18	0
102	5	4	86	11	0	664.87	0
102	5	4	87	3	1	551.6	0
102	5	4	88	3	1	523.2	0
102	5	4	89	8	1	727.88	0
102	5	4	90	8	1	554.51	0
102	5	4	91	2	1	390.41	0
102	5	4	92	7	1	809.93	0
102	5	4	93	4	1	544.77	0
102	5	4	94	9	1	407.95	0
102	5	4	95	1	1	428.89	0
102	5	4	96	6	1	816.87	0
102	5	4	97	2	1	874.81	0
102	5	4	98	7	1	707.72	0
102	5	4	99	4	1	459.68	0
102	5	4	100	6	0	663.52	0
102	5	4	101	5	0	775.65	0
102	5	4	102	3	0	631.54	0
102	5	4	103	3	1	800.95	0
102	5	4	104	1	1	484.85	0
102	5	4	105	5	0	776.01	0
102	5	4	106	11	1	428.94	0
102	5	4	107	12	1	750.32	0
102	5	4	108	5	1	383.74	0
102	5	4	109	4	0	749.39	0
102	5	4	110	11	1	400.95	0
102	5	4	111	8	1	598.47	0
102	5	4	112	3	1	467.09	0
102	5	4	113	3	1	453.65	0
102	5	4	114	7	1	578.69	0
102	5	4	115	4	1	410.2	0
102	5	4	116	2	1	412.48	0
102	5	4	117	5	1	533.21	0
102	5	4	118	1	1	896.42	0
102	5	4	119	6	0	580.99	0
102	5	4	120	9	1	456.02	0
102	4	4	1	11	1	453.4	0
102	4	4	2	2	1	466.15	0
102	4	4	3	4	1	496.19	0
102	4	4	4	4	1	849.9	0
102	4	4	5	9	1	415.86	0
102	4	4	6	11	1	576.16	0
102	4	4	7	2	1	495.37	0
102	4	4	8	11	1	543.79	0
102	4	4	9	7	1	605.47	0
102	4	4	10	2	1	556.26	0
102	4	4	11	4	1	733.37	0
102	4	4	12	11	1	516.97	0
102	4	4	13	4	1	515.66	0
102	4	4	14	7	1	535.28	0
102	4	4	15	11	1	482.06	0
102	4	4	16	6	1	631.35	0
102	4	4	17	4	1	789.22	0
102	4	4	18	4	1	346.92	1
102	4	4	19	2	1	451.77	0
102	4	4	20	9	1	447.76	0
102	4	4	21	11	1	502.6	0
102	4	4	22	4	1	440.34	0
102	4	4	23	11	1	407.24	0
102	4	4	24	11	1	597.55	0
102	4	4	25	2	1	337.17	0
102	4	4	26	7	1	475.9	0
102	4	4	27	4	1	419.59	0
102	4	4	28	7	1	615.19	0
102	4	4	29	6	1	474.37	0
102	4	4	30	4	1	517.57	0
102	4	4	31	11	1	488.04	0
102	4	4	32	7	1	519.59	0
102	4	4	33	7	1	417.58	0
102	4	4	34	11	1	1032.9	0
102	4	4	35	2	1	396.35	0
102	4	4	36	4	1	551.53	0
102	4	4	37	2	1	443.8	0
102	4	4	38	2	1	566.07	0
102	4	4	39	9	1	615.77	0
102	4	4	40	6	1	549.58	1
102	4	4	41	11	1	586.42	0
102	4	4	42	7	0	632.36	0
102	4	4	43	7	1	468.05	0
102	4	4	44	7	1	440.45	0
102	4	4	45	9	1	326.14	0
102	4	4	46	2	1	457.72	0
102	4	4	47	11	1	311.45	0
102	4	4	48	7	1	533.39	0
102	4	4	49	2	1	469.01	0
102	4	4	50	9	1	919.29	0
102	4	4	51	9	1	455.76	0
102	4	4	52	6	0	627.34	0
102	4	4	53	6	1	402.12	0
102	4	4	54	9	1	440.81	0
102	4	4	55	2	1	670.14	0
102	4	4	56	9	1	445.17	0
102	4	4	57	2	1	532.24	0
102	4	4	58	2	1	350.21	0
102	4	4	59	4	1	496.52	0
102	4	4	60	11	1	532.6	1
102	4	4	61	9	1	756.09	0
102	4	4	62	2	1	397.78	0
102	4	4	63	2	1	388.84	0
102	4	4	64	6	0	626.89	0
102	4	4	65	2	1	525.26	0
102	4	4	66	9	1	477.37	0
102	4	4	67	7	1	401.33	0
102	4	4	68	7	1	423.82	0
102	4	4	69	9	1	605.05	1
102	4	4	70	11	1	351.78	0
102	4	4	71	9	1	579.92	0
102	4	4	72	4	1	486.73	0
102	4	4	73	4	1	395.09	0
102	4	4	74	11	1	704.52	0
102	4	4	75	6	1	714.24	0
102	4	4	76	6	1	535.57	0
102	4	4	77	7	1	561.09	0
102	4	4	78	4	1	569.96	0
102	4	4	79	4	1	434.8	0
102	4	4	80	6	1	635.06	0
102	4	4	81	9	1	322.47	0
102	4	4	82	6	1	604.39	0
102	4	4	83	7	1	520.94	0
102	4	4	84	4	1	416.42	0
102	4	4	85	2	1	626.26	0
102	4	4	86	7	1	615.9	0
102	4	4	87	4	1	771.16	0
102	4	4	88	6	0	568.99	0
102	4	4	89	11	1	545.38	0
102	4	4	90	6	1	1203.1	0
102	4	4	91	9	1	656.43	0
102	4	4	92	9	1	426.34	0
102	4	4	93	7	1	781	0
102	4	4	94	6	1	744.36	0
102	4	4	95	4	1	437.72	0
102	4	4	96	4	1	637.34	0
102	4	4	97	2	1	477.6	0
102	4	4	98	2	1	626.88	0
102	4	4	99	11	1	435.44	0
102	4	4	100	6	1	606.18	0
102	4	4	101	6	1	746.85	1
102	4	4	102	11	1	447.23	0
102	4	4	103	7	1	615.92	0
102	4	4	104	9	1	464.35	0
102	4	4	105	11	1	454.92	0
102	4	4	106	4	1	496.63	0
102	4	4	107	9	1	604.93	0
102	4	4	108	9	1	550.88	0
102	4	4	109	7	1	523.47	0
102	4	4	110	7	1	452.34	0
102	4	4	111	9	1	483.69	0
102	4	4	112	6	1	607.28	0
102	4	4	113	11	1	343.9	0
102	4	4	114	6	1	682.1	0
102	4	4	115	6	1	443.52	0
102	4	4	116	2	1	638.37	0
102	4	4	117	6	0	870.62	0
102	4	4	118	6	1	773.54	0
102	4	4	119	7	1	499.52	0
102	4	4	120	9	1	549.99	0
102	3	4	1	10	1	623.74	0
102	3	4	2	5	1	451.46	0
102	3	4	3	10	1	392.7	0
102	3	4	4	3	1	461.8	0
102	3	4	5	1	1	468.58	0
102	3	4	6	1	1	507.13	0
102	3	4	7	10	1	518.11	0
102	3	4	8	10	1	333.69	0
102	3	4	9	3	1	507.9	0
102	3	4	10	12	1	591.61	0
102	3	4	11	5	1	443.96	0
102	3	4	12	12	1	393.84	0
102	3	4	13	1	1	816.76	0
102	3	4	14	10	1	367.48	0
102	3	4	15	3	1	1270.6	0
102	3	4	16	10	1	439.79	0
102	3	4	17	1	1	415.17	0
102	3	4	18	5	1	743.57	0
102	3	4	19	12	1	593.4	0
102	3	4	20	1	1	393.9	0
102	3	4	21	1	1	575.98	0
102	3	4	22	5	1	742.56	1
102	3	4	23	5	1	674.81	0
102	3	4	24	1	1	519.09	0
102	3	4	25	12	1	318.08	0
102	3	4	26	3	1	443.96	0
102	3	4	27	3	1	416.63	0
102	3	4	28	5	1	458.08	0
102	3	4	29	12	1	461.88	0
102	3	4	30	5	1	838.08	0
102	3	4	31	8	1	864.95	0
102	3	4	32	10	1	593.09	0
102	3	4	33	3	1	659.57	0
102	3	4	34	5	1	916.05	0
102	3	4	35	5	1	605.78	0
102	3	4	36	3	1	557.09	0
102	3	4	37	12	1	336.42	0
102	3	4	38	12	1	427.8	0
102	3	4	39	1	1	437.96	0
102	3	4	40	10	1	515.15	0
102	3	4	41	10	1	501.34	0
102	3	4	42	5	1	397.81	0
102	3	4	43	12	1	519.84	0
102	3	4	44	12	1	368.99	0
102	3	4	45	1	1	540.67	0
102	3	4	46	3	1	509.64	0
102	3	4	47	12	1	571.04	0
102	3	4	48	1	1	356.91	0
102	3	4	49	1	1	490.11	0
102	3	4	50	8	1	634.84	0
102	3	4	51	10	1	395.89	0
102	3	4	52	5	1	596.19	0
102	3	4	53	3	1	383.28	0
102	3	4	54	10	1	634.56	0
102	3	4	55	3	1	528.89	0
102	3	4	56	8	1	483.68	0
102	3	4	57	5	1	488.54	0
102	3	4	58	1	1	560.12	0
102	3	4	59	3	1	1045.4	0
102	3	4	60	12	1	511.28	0
102	3	4	61	12	1	573.17	0
102	3	4	62	10	1	692.5	0
102	3	4	63	12	1	535.05	0
102	3	4	64	8	1	1166.7	0
102	3	4	65	12	1	692.03	0
102	3	4	66	10	1	408.82	0
102	3	4	67	5	1	608.07	0
102	3	4	68	3	1	477.71	0
102	3	4	69	1	1	501.74	0
102	3	4	70	8	1	345.89	0
102	3	4	71	3	1	747.05	0
102	3	4	72	1	1	524.8	0
102	3	4	73	12	1	480.84	0
102	3	4	74	5	1	1140.6	0
102	3	4	75	10	1	472.73	0
102	3	4	76	8	1	676.31	0
102	3	4	77	3	1	643.68	0
102	3	4	78	8	1	484.82	0
102	3	4	79	1	1	428.58	0
102	3	4	80	3	1	516.15	0
102	3	4	81	8	1	455.11	0
102	3	4	82	10	1	437.35	0
102	3	4	83	12	1	545.19	0
102	3	4	84	5	1	913.63	0
102	3	4	85	8	1	624.93	0
102	3	4	86	12	1	457.09	0
102	3	4	87	8	0	870.36	0
102	3	4	88	3	1	348.14	0
102	3	4	89	3	1	436.29	1
102	3	4	90	1	1	650.31	0
102	3	4	91	5	1	638.79	0
102	3	4	92	5	1	452.44	0
102	3	4	93	1	1	495.35	0
102	3	4	94	10	1	588.29	0
102	3	4	95	8	0	615.95	0
102	3	4	96	8	1	676.69	0
102	3	4	97	8	1	674.89	0
102	3	4	98	12	1	588.91	0
102	3	4	99	1	1	580	1
102	3	4	100	3	1	509.69	0
102	3	4	101	8	1	452.85	0
102	3	4	102	8	1	759.51	0
102	3	4	103	8	1	611.26	0
102	3	4	104	5	1	731.63	0
102	3	4	105	8	1	488.09	0
102	3	4	106	1	1	419.56	0
102	3	4	107	8	1	546.76	0
102	3	4	108	8	1	401.93	0
102	3	4	109	3	1	450.16	0
102	3	4	110	12	1	527.74	0
102	3	4	111	10	1	509.35	0
102	3	4	112	5	1	970.09	0
102	3	4	113	10	1	396.37	0
102	3	4	114	1	1	584.71	0
102	3	4	115	12	1	341.95	0
102	3	4	116	10	1	492.36	0
102	3	4	117	3	1	389.47	0
102	3	4	118	5	1	764.06	0
102	3	4	119	10	1	452.99	0
102	3	4	120	8	1	874	0
102	5	5	1	1	1	606.24	0
102	5	5	2	2	1	427.43	0
102	5	5	3	7	1	364.17	0
102	5	5	4	9	0	657.67	1
102	5	5	5	8	0	705.23	0
102	5	5	6	7	0	1034.1	0
102	5	5	7	6	1	592.47	0
102	5	5	8	4	1	926.05	0
102	5	5	9	6	0	1005.1	0
102	5	5	10	7	0	681.33	0
102	5	5	11	10	1	529.8	0
102	5	5	12	10	1	621.14	0
102	5	5	13	8	1	460.7	0
102	5	5	14	2	1	534.62	0
102	5	5	15	2	1	760.83	0
102	5	5	16	9	1	420.68	0
102	5	5	17	1	1	360.44	0
102	5	5	18	11	1	506.8	0
102	5	5	19	12	1	565.84	0
102	5	5	20	1	1	378.5	0
102	5	5	21	2	1	419.26	0
102	5	5	22	8	1	462.92	0
102	5	5	23	6	1	775.31	0
102	5	5	24	12	1	752.33	0
102	5	5	25	12	1	569.81	0
102	5	5	26	5	1	620.49	0
102	5	5	27	8	0	679.01	0
102	5	5	28	11	1	774.37	0
102	5	5	29	5	1	562.34	0
102	5	5	30	3	0	884.41	0
102	5	5	31	4	1	950.13	0
102	5	5	32	5	1	1342.1	0
102	5	5	33	4	1	342.6	0
102	5	5	34	6	1	557.8	0
102	5	5	35	3	0	454.35	0
102	5	5	36	10	1	442.64	0
102	5	5	37	7	0	949.67	0
102	5	5	38	11	1	495.06	0
102	5	5	39	6	1	920.23	0
102	5	5	40	1	1	544.47	0
102	5	5	41	3	1	776.29	0
102	5	5	42	8	0	651.72	0
102	5	5	43	8	1	526.89	0
102	5	5	44	10	1	724.94	0
102	5	5	45	10	1	639.98	0
102	5	5	46	9	1	461.72	0
102	5	5	47	7	0	744.3	0
102	5	5	48	12	1	448.57	0
102	5	5	49	3	1	746.15	0
102	5	5	50	2	1	716.47	0
102	5	5	51	1	1	497.87	0
102	5	5	52	5	0	575.7	0
102	5	5	53	9	1	503.11	0
102	5	5	54	3	1	442.19	0
102	5	5	55	11	1	758.94	0
102	5	5	56	7	1	392.51	0
102	5	5	57	12	1	623.4	0
102	5	5	58	9	0	856.75	0
102	5	5	59	3	1	559.35	0
102	5	5	60	11	1	402.72	0
102	5	5	61	12	1	467.16	0
102	5	5	62	9	1	432.19	0
102	5	5	63	10	1	477.11	0
102	5	5	64	6	1	547.61	0
102	5	5	65	1	1	478.17	0
102	5	5	66	5	1	1219.3	0
102	5	5	67	11	1	411.45	0
102	5	5	68	2	1	358.37	0
102	5	5	69	3	1	713.21	0
102	5	5	70	4	1	591.84	0
102	5	5	71	3	1	977.38	0
102	5	5	72	4	1	453.6	0
102	5	5	73	5	0	526.85	0
102	5	5	74	3	1	653.36	0
102	5	5	75	9	1	614.39	0
102	5	5	76	4	1	628.16	0
102	5	5	77	9	1	400.78	0
102	5	5	78	6	1	554.1	0
102	5	5	79	12	1	480.75	0
102	5	5	80	10	0	646.7	0
102	5	5	81	8	1	632.56	0
102	5	5	82	9	1	553.33	0
102	5	5	83	1	1	412.14	0
102	5	5	84	7	1	801.43	0
102	5	5	85	5	1	472.43	0
102	5	5	86	4	1	699.55	0
102	5	5	87	9	1	537.46	0
102	5	5	88	5	1	1100.1	0
102	5	5	89	12	1	344.19	0
102	5	5	90	10	1	545.55	0
102	5	5	91	12	1	360.45	0
102	5	5	92	4	1	863.48	0
102	5	5	93	1	1	816.16	0
102	5	5	94	2	1	779.51	0
102	5	5	95	6	0	710.62	0
102	5	5	96	11	1	730.23	0
102	5	5	97	8	0	614.02	0
102	5	5	98	4	1	566.47	0
102	5	5	99	11	1	538.98	0
102	5	5	100	3	1	615.07	0
102	5	5	101	11	1	645.47	0
102	5	5	102	12	1	472.92	0
102	5	5	103	2	1	353.36	0
102	5	5	104	2	0	546.77	0
102	5	5	105	5	0	791.03	0
102	5	5	106	6	0	474.32	0
102	5	5	107	7	1	448.73	0
102	5	5	108	10	1	384.72	0
102	5	5	109	6	1	621.69	0
102	5	5	110	1	0	592.8	0
102	5	5	111	5	1	934.67	0
102	5	5	112	11	1	485.74	0
102	5	5	113	7	1	954.64	0
102	5	5	114	7	1	1019	0
102	5	5	115	1	1	421.64	0
102	5	5	116	8	1	768.47	0
102	5	5	117	2	1	590.51	0
102	5	5	118	10	0	640.23	0
102	5	5	119	4	1	725.35	0
102	5	5	120	8	1	627.49	0
102	5	5	1	1	1	520.51	0
102	5	5	2	2	1	611.8	0
102	5	5	3	3	1	521.53	0
102	5	5	4	9	1	475.9	0
102	5	5	5	12	1	654.22	0
102	5	5	6	5	1	704.21	0
102	5	5	7	9	0	615.15	0
102	5	5	8	7	0	560.21	0
102	5	5	9	12	1	988.14	0
102	5	5	10	4	1	812.41	0
102	5	5	11	7	1	654.87	0
102	5	5	12	8	1	444.95	0
102	5	5	13	5	1	507.62	0
102	5	5	14	4	1	485.69	0
102	5	5	15	12	1	380.72	0
102	5	5	16	10	1	527.64	0
102	5	5	17	9	1	519.5	0
102	5	5	18	3	1	472.15	0
102	5	5	19	11	0	953.33	0
102	5	5	20	10	1	441.81	0
102	5	5	21	10	1	766.9	0
102	5	5	22	10	1	395.48	0
102	5	5	23	11	1	554.22	0
102	5	5	24	7	0	884.94	0
102	5	5	25	3	1	752.04	0
102	5	5	26	9	1	416.41	0
102	5	5	27	11	1	332.55	0
102	5	5	28	7	1	850.02	0
102	5	5	29	5	0	576.76	0
102	5	5	30	5	1	796.21	0
102	5	5	31	10	1	635.5	0
102	5	5	32	8	1	663.37	0
102	5	5	33	4	1	786.59	0
102	5	5	34	2	1	506.8	0
102	5	5	35	6	0	401.14	0
102	5	5	36	2	1	979.16	0
102	5	5	37	7	1	894.7	0
102	5	5	38	8	1	527.55	0
102	5	5	39	11	1	452.61	0
102	5	5	40	10	1	328.42	0
102	5	5	41	4	1	463.73	0
102	5	5	42	1	1	939.09	0
102	5	5	43	3	1	565.33	0
102	5	5	44	6	1	704.71	0
102	5	5	45	11	1	806.34	0
102	5	5	46	3	1	384.32	0
102	5	5	47	5	0	516.16	0
102	5	5	48	12	1	429.27	0
102	5	5	49	5	1	638.39	0
102	5	5	50	6	0	630.7	0
102	5	5	51	9	1	564.73	0
102	5	5	52	11	0	1003.4	0
102	5	5	53	8	0	680.67	0
102	5	5	54	12	1	775.28	0
102	5	5	55	3	1	568.39	0
102	5	5	56	2	1	608.62	0
102	5	5	57	6	1	768.96	0
102	5	5	58	7	1	690.01	0
102	5	5	59	7	1	646.43	0
102	5	5	60	9	1	525.68	0
102	5	5	61	3	1	601	0
102	5	5	62	11	1	529.8	0
102	5	5	63	7	0	510.61	0
102	5	5	64	8	1	1049.1	0
102	5	5	65	3	1	539.16	0
102	5	5	66	2	1	509.79	0
102	5	5	67	12	1	530.32	0
102	5	5	68	5	1	501.74	0
102	5	5	69	1	1	480.49	0
102	5	5	70	11	1	474.13	0
102	5	5	71	8	0	1054.9	0
102	5	5	72	5	1	514.96	0
102	5	5	73	10	1	559.74	0
102	5	5	74	9	1	351.39	0
102	5	5	75	1	1	502.37	0
102	5	5	76	10	1	470.61	0
102	5	5	77	8	0	708.72	0
102	5	5	78	1	1	458.75	0
102	5	5	79	6	0	724.67	0
102	5	5	80	12	1	446.83	0
102	5	5	81	8	0	489	0
102	5	5	82	5	1	560.51	1
102	5	5	83	4	1	700.18	1
102	5	5	84	11	1	390.05	0
102	5	5	85	8	0	675.48	0
102	5	5	86	1	1	335.17	0
102	5	5	87	12	1	507.28	0
102	5	5	88	2	1	517.4	0
102	5	5	89	8	1	515.61	0
102	5	5	90	2	1	433.21	0
102	5	5	91	2	1	495.03	0
102	5	5	92	1	1	464.2	0
102	5	5	93	1	1	747.74	0
102	5	5	94	2	1	659.3	0
102	5	5	95	5	0	529.94	0
102	5	5	96	6	1	380.89	0
102	5	5	97	4	0	718.78	0
102	5	5	98	1	1	724.7	0
102	5	5	99	12	1	317.55	0
102	5	5	100	10	0	672.77	0
102	5	5	101	4	0	595.05	0
102	5	5	102	2	1	549.15	0
102	5	5	103	4	1	536.78	0
102	5	5	104	3	1	641.5	0
102	5	5	105	10	1	642.28	0
102	5	5	106	4	1	716.87	0
102	5	5	107	3	1	955.09	1
102	5	5	108	6	0	1258.4	0
102	5	5	109	9	1	598	0
102	5	5	110	7	1	483.43	0
102	5	5	111	7	1	386.45	0
102	5	5	112	12	1	694.26	0
102	5	5	113	11	1	463.53	0
102	5	5	114	1	1	403.89	0
102	5	5	115	6	1	733.4	0
102	5	5	116	9	1	419.46	0
102	5	5	117	6	1	595.85	0
102	5	5	118	4	1	498.37	0
102	5	5	119	6	0	659.45	0
102	5	5	120	9	0	736.72	0
102	2	5	1	10	1	422.72	0
102	2	5	2	8	1	643.68	0
102	2	5	3	8	1	420.74	0
102	2	5	4	10	1	694.81	0
102	2	5	5	10	1	527.53	0
102	2	5	6	8	1	522.25	0
102	2	5	7	6	1	572.98	0
102	2	5	8	6	1	579.5	0
102	2	5	9	6	1	619.86	0
102	2	5	10	4	1	429.04	0
102	2	5	11	8	1	534.05	0
102	2	5	12	6	1	832.67	0
102	2	5	13	10	1	447.45	0
102	2	5	14	12	1	857.72	0
102	2	5	15	8	1	639.06	0
102	2	5	16	4	1	438.46	0
102	2	5	17	10	1	592.66	0
102	2	5	18	6	1	374.87	0
102	2	5	19	2	1	574.43	0
102	2	5	20	2	1	412.55	0
102	2	5	21	2	1	370.07	0
102	2	5	22	4	1	641.28	0
102	2	5	23	8	1	873.71	0
102	2	5	24	8	1	576.09	0
102	2	5	25	6	1	542.24	0
102	2	5	26	12	1	494.56	0
102	2	5	27	8	1	847.38	0
102	2	5	28	12	1	424.7	0
102	2	5	29	12	1	347.98	0
102	2	5	30	10	1	446.22	0
102	2	5	31	4	1	538.4	0
102	2	5	32	12	1	540.26	0
102	2	5	33	4	1	529.48	0
102	2	5	34	2	1	660.06	0
102	2	5	35	8	0	640.18	0
102	2	5	36	10	1	382.57	0
102	2	5	37	4	1	457.12	0
102	2	5	38	2	1	542.11	0
102	2	5	39	10	1	443.9	0
102	2	5	40	6	0	482.45	0
102	2	5	41	12	1	557.12	0
102	2	5	42	12	1	511.42	0
102	2	5	43	12	1	619.47	0
102	2	5	44	6	0	567.45	0
102	2	5	45	6	1	487.64	0
102	2	5	46	4	1	383.8	0
102	2	5	47	10	1	476.2	0
102	2	5	48	4	1	556.4	0
102	2	5	49	12	1	460.05	0
102	2	5	50	6	1	422.04	0
102	2	5	51	12	1	404.77	0
102	2	5	52	10	1	476.16	0
102	2	5	53	2	1	461.67	0
102	2	5	54	2	1	389.37	0
102	2	5	55	8	1	799.06	0
102	2	5	56	8	1	795.26	0
102	2	5	57	12	1	601.99	0
102	2	5	58	12	1	615.68	0
102	2	5	59	8	0	828.65	0
102	2	5	60	2	1	627.63	0
102	2	5	61	10	1	501.25	0
102	2	5	62	6	1	621.05	0
102	2	5	63	12	1	337.75	0
102	2	5	64	8	1	515.15	0
102	2	5	65	4	1	509.96	0
102	2	5	66	2	1	395.78	0
102	2	5	67	6	1	550.92	0
102	2	5	68	10	1	615.92	0
102	2	5	69	12	1	945.15	0
102	2	5	70	12	1	339.02	0
102	2	5	71	2	1	830.6	0
102	2	5	72	4	1	619.17	0
102	2	5	73	2	1	527.88	0
102	2	5	74	4	1	474.32	0
102	2	5	75	12	1	449.64	0
102	2	5	76	10	1	456.87	0
102	2	5	77	4	1	364	0
102	2	5	78	6	0	636.74	0
102	2	5	79	2	0	916.81	0
102	2	5	80	6	1	902.28	0
102	2	5	81	8	1	444.74	0
102	2	5	82	12	1	485.44	0
102	2	5	83	12	1	306	0
102	2	5	84	12	1	535.49	0
102	2	5	85	2	1	500.83	0
102	2	5	86	2	1	482.5	0
102	2	5	87	8	1	985.93	0
102	2	5	88	4	0	603.67	0
102	2	5	89	10	1	407.67	0
102	2	5	90	8	0	410.37	0
102	2	5	91	4	1	414.49	0
102	2	5	92	4	1	671.37	0
102	2	5	93	4	1	505.55	0
102	2	5	94	8	1	450.17	0
102	2	5	95	10	1	590.61	0
102	2	5	96	2	1	333.29	0
102	2	5	97	10	1	355.55	0
102	2	5	98	6	1	701.19	0
102	2	5	99	12	1	670.55	0
102	2	5	100	2	1	561.99	0
102	2	5	101	6	1	642.53	0
102	2	5	102	8	1	626.46	0
102	2	5	103	6	1	582.1	0
102	2	5	104	6	1	432.73	0
102	2	5	105	2	1	348.78	0
102	2	5	106	10	1	401.56	0
102	2	5	107	4	1	367.99	0
102	2	5	108	6	1	711.17	0
102	2	5	109	2	1	515.41	0
102	2	5	110	8	1	995.9	0
102	2	5	111	8	0	738.14	0
102	2	5	112	4	1	375.53	0
102	2	5	113	2	1	493.19	1
102	2	5	114	4	1	656.24	0
102	2	5	115	10	1	368.29	0
102	2	5	116	10	1	532.17	0
102	2	5	117	2	1	473.35	0
102	2	5	118	4	1	535.39	0
102	2	5	119	6	1	628.39	0
102	2	5	120	10	1	536.23	0
102	1	5	1	5	1	601.49	0
102	1	5	2	3	1	446.72	0
102	1	5	3	11	1	457.34	0
102	1	5	4	9	1	546.63	0
102	1	5	5	5	1	498.41	0
102	1	5	6	3	1	435.21	0
102	1	5	7	7	1	413.16	0
102	1	5	8	7	1	719.67	0
102	1	5	9	7	1	628.5	0
102	1	5	10	3	1	752.65	0
102	1	5	11	1	1	482.92	0
102	1	5	12	5	1	655.9	0
102	1	5	13	11	1	472.61	0
102	1	5	14	9	0	557.09	0
102	1	5	15	7	0	748.31	0
102	1	5	16	3	1	549.69	0
102	1	5	17	11	1	328.18	0
102	1	5	18	11	1	838.45	0
102	1	5	19	1	1	416.67	0
102	1	5	20	3	1	495.71	0
102	1	5	21	3	1	461.42	0
102	1	5	22	11	1	396.37	0
102	1	5	23	9	1	551.8	0
102	1	5	24	1	1	444.88	0
102	1	5	25	9	1	396.32	0
102	1	5	26	9	1	622.57	0
102	1	5	27	11	1	713.33	0
102	1	5	28	1	1	430.81	0
102	1	5	29	5	1	510.61	0
102	1	5	30	9	1	409.6	0
102	1	5	31	5	1	333.18	0
102	1	5	32	11	1	418.58	0
102	1	5	33	5	1	414.87	0
102	1	5	34	7	1	911.86	0
102	1	5	35	7	1	618.78	0
102	1	5	36	9	1	540.65	0
102	1	5	37	5	1	598.34	0
102	1	5	38	1	1	890.71	0
102	1	5	39	3	1	537.93	0
102	1	5	40	3	1	497.97	0
102	1	5	41	3	1	496.94	0
102	1	5	42	3	1	429.3	0
102	1	5	43	11	1	688.47	0
102	1	5	44	3	1	380.19	0
102	1	5	45	3	1	431.75	0
102	1	5	46	7	1	793.1	0
102	1	5	47	5	1	563.92	0
102	1	5	48	3	1	649.94	0
102	1	5	49	5	1	621.22	0
102	1	5	50	3	1	572.26	0
102	1	5	51	5	1	573.59	0
102	1	5	52	1	1	598.69	0
102	1	5	53	3	1	639.59	0
102	1	5	54	9	1	415.96	0
102	1	5	55	3	1	362.16	0
102	1	5	56	5	1	603.72	0
102	1	5	57	5	1	579.54	0
102	1	5	58	9	1	447.24	0
102	1	5	59	1	1	430.63	0
102	1	5	60	1	1	391.67	0
102	1	5	61	1	1	503.62	0
102	1	5	62	1	1	500.97	0
102	1	5	63	1	1	334.34	0
102	1	5	64	11	1	932.85	0
102	1	5	65	11	1	602.86	0
102	1	5	66	1	1	400.57	0
102	1	5	67	9	1	642.19	0
102	1	5	68	9	1	387.89	0
102	1	5	69	7	1	801.69	0
102	1	5	70	7	1	550.14	0
102	1	5	71	3	1	351.45	0
102	1	5	72	7	1	463.85	0
102	1	5	73	1	1	312.17	0
102	1	5	74	5	1	743.58	0
102	1	5	75	5	1	476.68	0
102	1	5	76	11	1	438.62	0
102	1	5	77	7	1	568.61	0
102	1	5	78	11	1	703.2	0
102	1	5	79	11	1	695.4	0
102	1	5	80	11	1	562.72	0
102	1	5	81	7	1	1613.4	0
102	1	5	82	5	1	476.65	0
102	1	5	83	7	0	792.16	0
102	1	5	84	7	1	836	0
102	1	5	85	7	0	630.02	0
102	1	5	86	9	1	618.05	0
102	1	5	87	9	1	791	0
102	1	5	88	7	0	815.1	0
102	1	5	89	3	1	413.34	0
102	1	5	90	9	1	791.35	0
102	1	5	91	9	1	486.83	0
102	1	5	92	5	1	538.75	0
102	1	5	93	7	0	747.45	0
102	1	5	94	9	1	355	0
102	1	5	95	1	1	354.4	0
102	1	5	96	9	1	435.68	0
102	1	5	97	7	1	518.48	0
102	1	5	98	3	1	966.38	0
102	1	5	99	9	1	532.01	1
102	1	5	100	5	1	636.11	0
102	1	5	101	5	1	630.34	0
102	1	5	102	7	1	479.36	0
102	1	5	103	11	1	585.51	0
102	1	5	104	11	1	482.24	0
102	1	5	105	11	1	333.09	0
102	1	5	106	9	1	632.29	0
102	1	5	107	7	0	902.72	0
102	1	5	108	11	1	622.66	0
102	1	5	109	5	1	616.51	0
102	1	5	110	9	1	395.33	0
102	1	5	111	1	1	433.87	0
102	1	5	112	5	1	431.12	0
102	1	5	113	1	1	532.87	0
102	1	5	114	1	1	307.57	0
102	1	5	115	11	1	522.1	0
102	1	5	116	1	1	712.99	0
102	1	5	117	1	1	449.75	0
102	1	5	118	3	1	660.67	0
102	1	5	119	11	1	613.47	0
102	1	5	120	1	1	566.09	0
102	3	5	1	8	1	522.32	0
102	3	5	2	10	1	711.77	0
102	3	5	3	5	1	731.33	0
102	3	5	4	1	1	860.89	0
102	3	5	5	5	1	638.11	0
102	3	5	6	3	1	446.69	0
102	3	5	7	12	1	829.66	0
102	3	5	8	8	1	707.37	0
102	3	5	9	12	1	351.45	0
102	3	5	10	12	1	369.81	0
102	3	5	11	12	1	447.61	0
102	3	5	12	10	1	428.01	1
102	3	5	13	12	1	460.93	0
102	3	5	14	8	0	1329.2	1
102	3	5	15	8	0	716.7	0
102	3	5	16	1	1	388.29	0
102	3	5	17	10	1	391.9	0
102	3	5	18	12	1	1078.8	0
102	3	5	19	3	1	630.7	0
102	3	5	20	3	1	494.62	0
102	3	5	21	1	1	474.75	0
102	3	5	22	1	1	667.79	0
102	3	5	23	10	1	503.06	0
102	3	5	24	3	1	481.02	0
102	3	5	25	12	1	536.58	0
102	3	5	26	12	1	666.27	0
102	3	5	27	8	0	1072.1	0
102	3	5	28	12	1	655.17	0
102	3	5	29	1	1	524.34	0
102	3	5	30	3	1	550.78	0
102	3	5	31	10	1	424.84	0
102	3	5	32	5	1	592.39	0
102	3	5	33	1	1	586.15	0
102	3	5	34	12	1	715.48	0
102	3	5	35	8	1	595.9	1
102	3	5	36	8	1	419.88	0
102	3	5	37	5	1	463	0
102	3	5	38	5	1	447.25	0
102	3	5	39	12	1	477.84	0
102	3	5	40	10	1	419.32	1
102	3	5	41	10	1	432.53	0
102	3	5	42	8	1	481.2	0
102	3	5	43	12	1	487.42	0
102	3	5	44	1	1	559.59	0
102	3	5	45	5	1	1337.9	0
102	3	5	46	3	1	462	0
102	3	5	47	5	1	505.18	0
102	3	5	48	5	1	398.09	0
102	3	5	49	1	1	460.01	0
102	3	5	50	10	1	392.78	0
102	3	5	51	5	1	731.45	0
102	3	5	52	5	1	495.84	0
102	3	5	53	5	1	448.38	0
102	3	5	54	1	1	436.44	0
102	3	5	55	3	1	644.14	0
102	3	5	56	3	1	635.85	0
102	3	5	57	5	1	528.79	0
102	3	5	58	8	1	389.85	0
102	3	5	59	3	1	836.1	0
102	3	5	60	12	1	529.11	0
102	3	5	61	1	1	506.03	0
102	3	5	62	10	1	692.68	0
102	3	5	63	3	1	448.52	0
102	3	5	64	10	1	514.34	0
102	3	5	65	3	1	394.7	0
102	3	5	66	3	1	471.23	0
102	3	5	67	10	1	390.04	0
102	3	5	68	3	1	369.5	0
102	3	5	69	12	1	463.43	0
102	3	5	70	1	1	381.3	0
102	3	5	71	5	1	530.06	0
102	3	5	72	3	1	514.13	0
102	3	5	73	3	1	438.59	0
102	3	5	74	10	1	960.59	0
102	3	5	75	10	1	304.68	0
102	3	5	76	5	1	376.06	0
102	3	5	77	1	1	621.48	0
102	3	5	78	10	1	1462.4	0
102	3	5	79	8	1	742.6	0
102	3	5	80	12	1	566.32	0
102	3	5	81	12	1	726.21	0
102	3	5	82	1	1	592.81	0
102	3	5	83	5	1	661.93	0
102	3	5	84	3	1	402.97	0
102	3	5	85	10	1	409.86	0
102	3	5	86	5	1	516.78	0
102	3	5	87	8	1	645.66	0
102	3	5	88	8	1	508.67	0
102	3	5	89	10	1	779.2	0
102	3	5	90	3	1	379.97	0
102	3	5	91	5	1	673.89	0
102	3	5	92	1	1	420.53	0
102	3	5	93	12	1	341.38	0
102	3	5	94	1	1	449.71	0
102	3	5	95	8	1	526.99	0
102	3	5	96	8	1	544.88	0
102	3	5	97	8	1	1241.4	0
102	3	5	98	1	1	326.81	0
102	3	5	99	5	1	493.14	0
102	3	5	100	8	1	407.45	0
102	3	5	101	10	1	756.4	0
102	3	5	102	8	1	721.08	0
102	3	5	103	3	1	452.24	0
102	3	5	104	12	1	493.94	0
102	3	5	105	12	1	595.61	0
102	3	5	106	1	1	404.78	0
102	3	5	107	5	1	622.64	0
102	3	5	108	10	1	534.3	0
102	3	5	109	3	1	517.68	0
102	3	5	110	1	1	390.89	0
102	3	5	111	1	1	541.99	0
102	3	5	112	10	1	637.29	0
102	3	5	113	5	1	469.87	0
102	3	5	114	8	0	696.47	0
102	3	5	115	8	1	572.25	0
102	3	5	116	1	1	387.71	0
102	3	5	117	12	1	756.02	0
102	3	5	118	3	1	466.5	0
102	3	5	119	10	1	513.2	0
102	3	5	120	8	0	818.32	0
102	4	5	1	11	1	646.2	0
102	4	5	2	11	1	419.4	0
102	4	5	3	2	1	469.54	0
102	4	5	4	11	1	560.54	0
102	4	5	5	2	1	500.76	0
102	4	5	6	4	1	484.43	0
102	4	5	7	2	1	466.1	0
102	4	5	8	6	0	834.65	0
102	4	5	9	4	1	594	0
102	4	5	10	6	1	1566.2	0
102	4	5	11	6	1	545.09	0
102	4	5	12	11	1	391.86	0
102	4	5	13	6	1	562.05	0
102	4	5	14	9	1	385.09	0
102	4	5	15	9	1	436.15	0
102	4	5	16	4	1	524.32	0
102	4	5	17	9	1	309.05	0
102	4	5	18	4	1	1056.6	0
102	4	5	19	4	1	456.28	0
102	4	5	20	6	0	733.97	0
102	4	5	21	6	1	453.15	0
102	4	5	22	4	1	454.41	0
102	4	5	23	11	1	466.29	0
102	4	5	24	11	1	464.42	0
102	4	5	25	4	1	549.87	0
102	4	5	26	4	1	821.46	0
102	4	5	27	7	1	472.59	0
102	4	5	28	7	1	438.62	0
102	4	5	29	7	1	452.61	0
102	4	5	30	7	1	657.09	0
102	4	5	31	6	1	689.83	0
102	4	5	32	7	1	505.32	0
102	4	5	33	2	1	397.33	0
102	4	5	34	11	1	465.64	0
102	4	5	35	7	1	1094.9	0
102	4	5	36	9	1	596.93	0
102	4	5	37	11	1	710.46	0
102	4	5	38	7	1	529.24	0
102	4	5	39	6	0	1006.9	0
102	4	5	40	2	1	605.22	0
102	4	5	41	6	1	620.39	0
102	4	5	42	9	1	743.75	0
102	4	5	43	2	1	682.84	0
102	4	5	44	4	1	493.23	0
102	4	5	45	2	1	583.17	0
102	4	5	46	7	1	454.52	0
102	4	5	47	6	1	665.04	0
102	4	5	48	6	1	579.4	0
102	4	5	49	7	1	568.46	0
102	4	5	50	11	1	426.26	0
102	4	5	51	6	1	571.27	0
102	4	5	52	7	1	480.17	0
102	4	5	53	9	1	374.11	0
102	4	5	54	4	1	494.47	0
102	4	5	55	4	1	421.56	0
102	4	5	56	2	1	364.18	0
102	4	5	57	4	0	623.11	0
102	4	5	58	9	1	497.99	0
102	4	5	59	2	1	474.27	1
102	4	5	60	2	1	502.64	0
102	4	5	61	11	1	441.63	0
102	4	5	62	9	1	646.82	0
102	4	5	63	2	1	698.21	0
102	4	5	64	2	1	445.23	0
102	4	5	65	9	1	396.25	0
102	4	5	66	7	1	561.05	0
102	4	5	67	7	1	444.58	0
102	4	5	68	2	1	524.85	0
102	4	5	69	6	1	759.98	0
102	4	5	70	11	1	418.06	0
102	4	5	71	7	1	476.65	0
102	4	5	72	7	1	671.31	0
102	4	5	73	11	1	505.14	0
102	4	5	74	2	1	762.58	0
102	4	5	75	2	1	605.84	0
102	4	5	76	11	1	425.18	0
102	4	5	77	2	1	558.48	0
102	4	5	78	2	1	283.15	0
102	4	5	79	7	1	429.38	0
102	4	5	80	6	1	476.59	0
102	4	5	81	11	1	380.53	0
102	4	5	82	7	1	743.87	0
102	4	5	83	11	1	446.91	0
102	4	5	84	4	1	449.74	0
102	4	5	85	4	1	594.97	0
102	4	5	86	2	1	461.08	0
102	4	5	87	9	1	596.57	0
102	4	5	88	4	1	551.35	0
102	4	5	89	9	1	557.98	0
102	4	5	90	9	1	317.03	0
102	4	5	91	11	1	454.42	0
102	4	5	92	4	1	526.5	0
102	4	5	93	9	1	370.07	0
102	4	5	94	9	1	461.61	0
102	4	5	95	6	1	531.44	0
102	4	5	96	9	1	408.93	0
102	4	5	97	7	0	627.69	0
102	4	5	98	4	1	536.43	0
102	4	5	99	7	1	379.6	0
102	4	5	100	9	1	512.31	0
102	4	5	101	6	0	795.92	0
102	4	5	102	11	1	463.96	0
102	4	5	103	11	1	503.42	0
102	4	5	104	9	1	493.15	0
102	4	5	105	6	1	594.76	0
102	4	5	106	7	1	445.34	0
102	4	5	107	11	1	413.48	0
102	4	5	108	9	1	648.37	0
102	4	5	109	7	1	386.44	0
102	4	5	110	4	1	506.46	0
102	4	5	111	4	1	526.68	0
102	4	5	112	6	1	400.88	0
102	4	5	113	2	1	449.26	0
102	4	5	114	9	1	661.7	0
102	4	5	115	6	1	500.58	0
102	4	5	116	4	1	631.66	0
102	4	5	117	2	1	531.48	0
102	4	5	118	9	1	359.29	0
102	4	5	119	6	1	575.12	0
102	4	5	120	11	1	800.45	0
102	2	6	1	12	1	785.76	0
102	2	6	2	8	0	595.6	0
102	2	6	3	10	1	505.8	0
102	2	6	4	12	1	682.84	0
102	2	6	5	6	1	507.27	0
102	2	6	6	6	0	635.35	0
102	2	6	7	8	1	651.06	0
102	2	6	8	12	1	395.01	0
102	2	6	9	12	1	725.13	0
102	2	6	10	2	1	515.23	0
102	2	6	11	12	1	395.31	0
102	2	6	12	2	1	450.58	0
102	2	6	13	10	1	560.54	0
102	2	6	14	10	1	492.97	0
102	2	6	15	2	1	485.81	0
102	2	6	16	10	1	413.52	0
102	2	6	17	2	1	522.24	0
102	2	6	18	2	1	398.94	0
102	2	6	19	8	1	429.76	0
102	2	6	20	4	1	425.72	0
102	2	6	21	8	0	584.98	0
102	2	6	22	6	1	767.39	0
102	2	6	23	10	1	399.22	0
102	2	6	24	10	1	355.92	0
102	2	6	25	10	1	429.07	0
102	2	6	26	2	1	494.77	0
102	2	6	27	2	1	372.82	0
102	2	6	28	10	1	420.95	0
102	2	6	29	12	1	545.42	0
102	2	6	30	10	1	822.05	0
102	2	6	31	6	1	506.38	0
102	2	6	32	4	1	420.45	0
102	2	6	33	4	1	415.62	0
102	2	6	34	10	1	519.2	0
102	2	6	35	8	1	522.27	0
102	2	6	36	12	1	441.13	0
102	2	6	37	10	1	460.05	0
102	2	6	38	2	1	602.25	0
102	2	6	39	2	1	333.14	0
102	2	6	40	2	1	329.3	0
102	2	6	41	8	1	723.48	0
102	2	6	42	12	1	351.89	0
102	2	6	43	4	1	711.74	0
102	2	6	44	8	1	975.1	0
102	2	6	45	2	1	449.88	0
102	2	6	46	4	1	432.73	0
102	2	6	47	2	0	628.79	0
102	2	6	48	8	1	363.66	0
102	2	6	49	4	1	457.11	0
102	2	6	50	6	1	632.69	0
102	2	6	51	10	1	531.72	0
102	2	6	52	6	1	515.53	0
102	2	6	53	8	1	588.22	0
102	2	6	54	2	1	480.17	0
102	2	6	55	4	1	380.93	0
102	2	6	56	4	1	495.58	0
102	2	6	57	6	1	818.47	0
102	2	6	58	8	1	600.53	0
102	2	6	59	8	1	382.33	0
102	2	6	60	6	1	552.72	0
102	2	6	61	12	1	551.49	0
102	2	6	62	12	1	748.72	0
102	2	6	63	12	1	462.36	0
102	2	6	64	10	1	503.51	0
102	2	6	65	4	1	479.87	0
102	2	6	66	12	1	401.09	0
102	2	6	67	8	0	530.48	0
102	2	6	68	12	1	1481.6	0
102	2	6	69	10	1	548.29	0
102	2	6	70	6	1	677.61	0
102	2	6	71	6	1	525.44	0
102	2	6	72	10	1	734.12	0
102	2	6	73	12	1	515.22	0
102	2	6	74	10	1	656.14	0
102	2	6	75	8	0	882.98	0
102	2	6	76	12	1	527.7	0
102	2	6	77	4	1	592.41	0
102	2	6	78	6	1	835.99	0
102	2	6	79	10	1	601.5	0
102	2	6	80	8	1	375.04	0
102	2	6	81	2	1	358.28	0
102	2	6	82	8	0	860.4	0
102	2	6	83	6	1	513.44	0
102	2	6	84	2	1	537.86	0
102	2	6	85	6	0	794.17	0
102	2	6	86	2	1	533.24	0
102	2	6	87	4	1	539.08	0
102	2	6	88	12	1	315.62	0
102	2	6	89	6	1	680.04	0
102	2	6	90	12	1	451.87	0
102	2	6	91	6	1	654.13	0
102	2	6	92	10	1	642.83	0
102	2	6	93	2	1	562.98	0
102	2	6	94	2	1	479.26	0
102	2	6	95	2	1	412.05	0
102	2	6	96	12	1	360.36	0
102	2	6	97	12	1	474.64	0
102	2	6	98	4	1	360.65	0
102	2	6	99	4	1	378.43	0
102	2	6	100	2	1	458.73	0
102	2	6	101	8	1	585.33	0
102	2	6	102	8	1	976.31	0
102	2	6	103	6	0	608.86	0
102	2	6	104	10	0	631.17	0
102	2	6	105	4	1	523.21	0
102	2	6	106	6	1	536.14	0
102	2	6	107	10	1	633.23	0
102	2	6	108	8	0	956.18	0
102	2	6	109	4	1	591.45	0
102	2	6	110	8	1	591.14	0
102	2	6	111	4	1	680.76	0
102	2	6	112	6	1	371.53	0
102	2	6	113	8	1	516.75	0
102	2	6	114	4	1	601.95	0
102	2	6	115	6	1	563.07	0
102	2	6	116	4	1	604.18	0
102	2	6	117	4	1	485.43	0
102	2	6	118	6	1	526.95	0
102	2	6	119	4	1	455.55	0
102	2	6	120	12	1	477.37	0
102	1	6	1	5	1	543.51	0
102	1	6	2	1	1	722.4	0
102	1	6	3	1	1	441.68	0
102	1	6	4	1	1	483.41	0
102	1	6	5	11	1	456.48	0
102	1	6	6	7	0	479.33	0
102	1	6	7	7	1	704.95	0
102	1	6	8	11	1	599.4	0
102	1	6	9	5	1	881.71	0
102	1	6	10	9	1	623.77	0
102	1	6	11	7	1	523.78	0
102	1	6	12	1	1	466.5	0
102	1	6	13	3	1	386.28	0
102	1	6	14	11	1	408.51	0
102	1	6	15	3	1	419.56	0
102	1	6	16	11	1	444.58	0
102	1	6	17	5	1	469.15	0
102	1	6	18	5	1	612.36	0
102	1	6	19	5	1	446.97	0
102	1	6	20	7	0	672.15	0
102	1	6	21	3	1	426.74	0
102	1	6	22	5	1	1017.7	0
102	1	6	23	9	1	765.81	0
102	1	6	24	11	1	994.97	0
102	1	6	25	9	1	629.87	0
102	1	6	26	3	1	412.09	0
102	1	6	27	7	1	501.51	0
102	1	6	28	9	1	515.09	0
102	1	6	29	9	1	542.24	0
102	1	6	30	7	0	357.61	0
102	1	6	31	1	1	976.81	0
102	1	6	32	7	1	750.55	0
102	1	6	33	11	1	485.66	0
102	1	6	34	7	0	432.62	0
102	1	6	35	1	1	380.75	0
102	1	6	36	11	1	433.35	0
102	1	6	37	7	1	624.89	0
102	1	6	38	7	1	547.98	0
102	1	6	39	11	0	815.24	0
102	1	6	40	3	1	387.43	0
102	1	6	41	1	1	488.21	0
102	1	6	42	9	1	603.44	0
102	1	6	43	9	1	467.89	0
102	1	6	44	1	1	511.3	0
102	1	6	45	3	1	1499.6	0
102	1	6	46	1	1	385.69	0
102	1	6	47	1	1	442.13	0
102	1	6	48	1	1	521.91	0
102	1	6	49	5	1	675.38	0
102	1	6	50	9	1	503.09	0
102	1	6	51	5	1	444.06	0
102	1	6	52	9	1	563.59	0
102	1	6	53	7	0	457.88	0
102	1	6	54	7	1	637.5	0
102	1	6	55	7	1	686.16	0
102	1	6	56	7	1	691.99	0
102	1	6	57	7	1	416.96	0
102	1	6	58	1	1	343.49	0
102	1	6	59	5	0	766.72	0
102	1	6	60	1	1	471.24	0
102	1	6	61	5	1	474.36	0
102	1	6	62	11	1	586.16	0
102	1	6	63	11	1	629.53	0
102	1	6	64	11	1	348.46	0
102	1	6	65	11	1	975.29	0
102	1	6	66	3	1	461.72	0
102	1	6	67	3	1	445.99	0
102	1	6	68	9	1	383.97	0
102	1	6	69	9	1	862.89	0
102	1	6	70	5	1	1026.9	0
102	1	6	71	11	1	413	0
102	1	6	72	1	1	444.68	0
102	1	6	73	3	1	367.96	0
102	1	6	74	5	1	426.39	0
102	1	6	75	3	1	432.58	0
102	1	6	76	9	1	489.03	0
102	1	6	77	11	1	380.15	0
102	1	6	78	9	1	522.87	0
102	1	6	79	3	1	1994.3	0
102	1	6	80	1	1	354.07	0
102	1	6	81	9	1	681.02	0
102	1	6	82	11	1	512.84	0
102	1	6	83	9	1	489.12	0
102	1	6	84	9	1	436.39	0
102	1	6	85	9	1	630.12	0
102	1	6	86	5	1	618.27	0
102	1	6	87	1	1	673.41	0
102	1	6	88	3	1	534.52	0
102	1	6	89	7	1	719.71	0
102	1	6	90	3	1	486.82	1
102	1	6	91	3	1	556.65	0
102	1	6	92	3	1	437.1	0
102	1	6	93	11	1	601.43	0
102	1	6	94	5	1	680.81	0
102	1	6	95	7	0	608.77	0
102	1	6	96	7	1	641.81	0
102	1	6	97	11	1	625.7	0
102	1	6	98	1	1	380.22	0
102	1	6	99	5	0	615.38	0
102	1	6	100	9	1	710.5	0
102	1	6	101	11	1	536.27	0
102	1	6	102	5	1	691.37	0
102	1	6	103	7	1	605.99	0
102	1	6	104	3	1	454.41	0
102	1	6	105	3	1	462.64	0
102	1	6	106	5	0	1166.2	0
102	1	6	107	9	1	394.59	0
102	1	6	108	11	1	853.95	0
102	1	6	109	1	1	530.76	0
102	1	6	110	11	1	361.91	0
102	1	6	111	3	1	484.15	1
102	1	6	112	9	1	1179.1	0
102	1	6	113	7	1	860.24	0
102	1	6	114	3	1	389.59	0
102	1	6	115	3	1	440.08	0
102	1	6	116	1	1	492.25	0
102	1	6	117	5	1	628.52	1
102	1	6	118	1	1	547.58	0
102	1	6	119	5	1	502.82	0
102	1	6	120	5	1	453.86	0
102	4	6	1	7	1	473.82	0
102	4	6	2	7	1	546.78	0
102	4	6	3	4	1	440.66	0
102	4	6	4	6	1	462.08	0
102	4	6	5	6	1	541.52	0
102	4	6	6	6	1	476.55	0
102	4	6	7	9	1	396.86	0
102	4	6	8	11	1	552.3	0
102	4	6	9	6	1	602.08	0
102	4	6	10	9	1	518.8	0
102	4	6	11	9	1	699.41	0
102	4	6	12	11	1	831.4	0
102	4	6	13	6	1	799.47	0
102	4	6	14	4	1	861.16	0
102	4	6	15	9	1	309.57	0
102	4	6	16	7	1	603.39	0
102	4	6	17	6	1	579.27	0
102	4	6	18	9	1	381.6	0
102	4	6	19	7	1	540	0
102	4	6	20	4	1	600.21	0
102	4	6	21	2	1	477.08	0
102	4	6	22	6	0	785.86	0
102	4	6	23	7	1	900.63	0
102	4	6	24	9	1	634.74	0
102	4	6	25	6	1	550.78	0
102	4	6	26	6	1	541.3	0
102	4	6	27	4	1	410.05	0
102	4	6	28	4	1	635.5	0
102	4	6	29	7	1	666.14	0
102	4	6	30	4	1	478.05	0
102	4	6	31	4	1	1029.2	0
102	4	6	32	11	1	497.09	0
102	4	6	33	4	1	414.84	0
102	4	6	34	6	0	612.64	0
102	4	6	35	6	1	437.53	0
102	4	6	36	2	0	551.92	0
102	4	6	37	4	1	1078.8	0
102	4	6	38	2	1	442.38	0
102	4	6	39	11	1	332.31	0
102	4	6	40	11	1	611.77	0
102	4	6	41	2	1	1842.9	0
102	4	6	42	9	1	450.95	0
102	4	6	43	2	1	541.91	0
102	4	6	44	4	1	804.54	0
102	4	6	45	9	1	562.64	0
102	4	6	46	9	1	689.17	0
102	4	6	47	9	1	371.74	0
102	4	6	48	2	1	477.84	0
102	4	6	49	2	1	516.47	0
102	4	6	50	7	1	630.22	0
102	4	6	51	11	1	339.65	0
102	4	6	52	7	1	408.39	0
102	4	6	53	6	1	590.74	0
102	4	6	54	9	1	794.81	0
102	4	6	55	4	1	503.98	0
102	4	6	56	4	1	549.76	0
102	4	6	57	2	1	444.54	0
102	4	6	58	9	1	481.9	0
102	4	6	59	4	1	497.07	0
102	4	6	60	9	1	373.19	0
102	4	6	61	7	1	449.34	0
102	4	6	62	6	0	661.25	0
102	4	6	63	11	1	616.62	0
102	4	6	64	7	1	608.08	0
102	4	6	65	11	1	469.2	0
102	4	6	66	2	1	320.68	0
102	4	6	67	7	1	390.02	0
102	4	6	68	2	1	410.37	0
102	4	6	69	11	1	651.39	0
102	4	6	70	2	1	626.02	0
102	4	6	71	7	1	513.12	0
102	4	6	72	6	1	448.66	0
102	4	6	73	11	1	418.54	0
102	4	6	74	2	1	528.64	0
102	4	6	75	7	1	555.79	0
102	4	6	76	2	0	628.68	0
102	4	6	77	11	1	386.53	0
102	4	6	78	9	1	683.5	0
102	4	6	79	11	1	338.86	0
102	4	6	80	7	1	532.94	0
102	4	6	81	7	1	384.74	0
102	4	6	82	7	1	416.95	0
102	4	6	83	9	1	377.25	0
102	4	6	84	7	0	849.95	0
102	4	6	85	11	1	718.36	0
102	4	6	86	11	1	624.78	0
102	4	6	87	2	1	369.88	0
102	4	6	88	11	1	534.89	0
102	4	6	89	6	1	435.29	0
102	4	6	90	4	0	817.98	0
102	4	6	91	6	0	684.37	0
102	4	6	92	9	1	436.68	0
102	4	6	93	4	1	482.55	0
102	4	6	94	4	1	512.96	0
102	4	6	95	9	1	490.83	0
102	4	6	96	2	1	650.97	0
102	4	6	97	7	1	488.24	0
102	4	6	98	11	1	528.58	0
102	4	6	99	11	1	660.8	0
102	4	6	100	7	1	450.75	0
102	4	6	101	2	1	761.51	0
102	4	6	102	4	1	465.66	0
102	4	6	103	2	1	361.97	1
102	4	6	104	6	0	446.73	0
102	4	6	105	11	1	465.18	0
102	4	6	106	9	1	368.93	0
102	4	6	107	6	0	712.12	0
102	4	6	108	2	1	511.5	0
102	4	6	109	11	1	372.05	0
102	4	6	110	6	1	501.25	0
102	4	6	111	2	1	707.62	0
102	4	6	112	7	1	617.76	0
102	4	6	113	6	1	497.31	0
102	4	6	114	9	1	404.35	0
102	4	6	115	2	1	515.24	0
102	4	6	116	4	1	991.55	0
102	4	6	117	9	1	351.35	0
102	4	6	118	11	1	590.45	0
102	4	6	119	4	1	480.52	0
102	4	6	120	4	1	511.85	0
102	3	6	1	10	1	415.09	0
102	3	6	2	12	1	504.37	0
102	3	6	3	3	1	894.24	0
102	3	6	4	3	1	434.36	0
102	3	6	5	5	1	394.28	1
102	3	6	6	12	1	435.5	0
102	3	6	7	8	0	831.98	0
102	3	6	8	5	1	576.29	0
102	3	6	9	12	1	623.38	0
102	3	6	10	12	1	447.95	0
102	3	6	11	3	1	521.05	0
102	3	6	12	3	1	572.64	0
102	3	6	13	1	1	820.9	0
102	3	6	14	10	1	649.86	0
102	3	6	15	3	1	526.6	0
102	3	6	16	8	0	506.36	0
102	3	6	17	5	1	482.26	0
102	3	6	18	5	1	993.62	0
102	3	6	19	5	1	589.62	0
102	3	6	20	10	1	727.76	0
102	3	6	21	1	1	432.75	0
102	3	6	22	1	1	439.8	0
102	3	6	23	1	1	389.49	0
102	3	6	24	5	1	561.75	0
102	3	6	25	8	1	637.28	0
102	3	6	26	12	0	819.08	0
102	3	6	27	8	1	553.79	0
102	3	6	28	8	1	639.04	0
102	3	6	29	10	1	670.39	0
102	3	6	30	1	1	444.98	0
102	3	6	31	1	1	429.72	0
102	3	6	32	8	1	481.95	0
102	3	6	33	5	1	636.53	0
102	3	6	34	12	1	599.93	0
102	3	6	35	12	1	366.1	0
102	3	6	36	8	1	1077.4	0
102	3	6	37	5	1	643.22	0
102	3	6	38	3	1	540.38	0
102	3	6	39	5	1	565.89	0
102	3	6	40	12	1	448.36	0
102	3	6	41	5	1	616.08	0
102	3	6	42	3	1	774.62	0
102	3	6	43	10	1	469.48	0
102	3	6	44	1	1	386.09	0
102	3	6	45	1	1	351.04	0
102	3	6	46	10	1	538.81	0
102	3	6	47	12	1	855.88	0
102	3	6	48	10	1	449.77	0
102	3	6	49	3	1	387.91	0
102	3	6	50	8	1	615.25	0
102	3	6	51	12	1	859.54	0
102	3	6	52	1	1	478.48	0
102	3	6	53	3	1	669.37	0
102	3	6	54	10	1	503.26	0
102	3	6	55	3	1	459.51	0
102	3	6	56	5	1	436.43	0
102	3	6	57	5	1	441.45	0
102	3	6	58	10	1	436.65	0
102	3	6	59	5	0	1538.1	0
102	3	6	60	12	1	414.81	0
102	3	6	61	1	1	627.46	0
102	3	6	62	3	1	767.3	0
102	3	6	63	10	1	564.62	0
102	3	6	64	8	1	676.67	0
102	3	6	65	5	1	600.39	0
102	3	6	66	1	1	1047.2	0
102	3	6	67	12	1	461.66	0
102	3	6	68	8	1	934.55	0
102	3	6	69	1	1	351.08	0
102	3	6	70	1	1	479.7	0
102	3	6	71	3	1	532.8	0
102	3	6	72	5	1	753.85	0
102	3	6	73	10	1	1330.8	0
102	3	6	74	3	1	974.74	0
102	3	6	75	12	1	389.88	0
102	3	6	76	8	0	961.96	0
102	3	6	77	3	1	492.94	0
102	3	6	78	8	1	415.87	0
102	3	6	79	5	1	566.85	0
102	3	6	80	8	1	575.15	0
102	3	6	81	10	1	660.9	0
102	3	6	82	3	1	488.32	0
102	3	6	83	10	1	502.38	0
102	3	6	84	3	1	469.73	0
102	3	6	85	3	1	415.76	0
102	3	6	86	10	0	1074.9	0
102	3	6	87	12	1	481.76	0
102	3	6	88	12	1	389.3	0
102	3	6	89	3	0	879.14	0
102	3	6	90	8	1	538.94	0
102	3	6	91	5	1	478.95	0
102	3	6	92	12	1	387.05	0
102	3	6	93	1	1	340.4	0
102	3	6	94	1	1	652.43	0
102	3	6	95	10	1	676.1	0
102	3	6	96	5	1	515.01	0
102	3	6	97	12	1	699.65	0
102	3	6	98	1	1	671.95	0
102	3	6	99	10	1	593.85	0
102	3	6	100	12	1	568.24	1
102	3	6	101	1	1	768.78	0
102	3	6	102	1	1	438.66	0
102	3	6	103	3	1	412.54	0
102	3	6	104	8	1	483.89	0
102	3	6	105	12	1	528.24	0
102	3	6	106	1	1	461.9	0
102	3	6	107	8	1	549.83	0
102	3	6	108	8	1	508.02	0
102	3	6	109	10	1	915.65	0
102	3	6	110	8	1	498.63	0
102	3	6	111	5	1	934.41	0
102	3	6	112	8	1	444.14	0
102	3	6	113	3	1	379.78	0
102	3	6	114	12	1	513.47	0
102	3	6	115	10	1	557.03	0
102	3	6	116	8	1	501.96	0
102	3	6	117	5	1	672.56	0
102	3	6	118	10	1	507.14	0
102	3	6	119	1	1	470.18	0
102	3	6	120	10	1	587.32	0
102	5	6	1	10	1	452.66	0
102	5	6	2	12	1	486.54	0
102	5	6	3	1	1	572.6	0
102	5	6	4	3	1	1376.8	0
102	5	6	5	3	1	550.59	0
102	5	6	6	10	1	688.3	0
102	5	6	7	7	0	938.69	0
102	5	6	8	5	0	675.5	0
102	5	6	9	7	1	540.93	0
102	5	6	10	8	1	582.17	0
102	5	6	11	10	1	405.21	0
102	5	6	12	8	1	686.22	0
102	5	6	13	4	1	425.44	0
102	5	6	14	9	1	513.77	0
102	5	6	15	2	1	476.01	0
102	5	6	16	9	1	434.09	0
102	5	6	17	4	1	673.26	0
102	5	6	18	12	1	474.54	0
102	5	6	19	3	1	432.61	0
102	5	6	20	2	1	482.35	0
102	5	6	21	11	1	450.99	0
102	5	6	22	1	1	450.83	0
102	5	6	23	8	1	425.25	0
102	5	6	24	7	1	1017.9	0
102	5	6	25	9	1	427.2	0
102	5	6	26	8	1	674	0
102	5	6	27	6	1	638.21	0
102	5	6	28	1	1	486.76	0
102	5	6	29	10	1	711.76	0
102	5	6	30	1	1	562.9	0
102	5	6	31	12	1	444.68	0
102	5	6	32	7	1	448.55	0
102	5	6	33	4	1	545.86	0
102	5	6	34	9	1	593.12	0
102	5	6	35	12	1	514.52	0
102	5	6	36	6	1	419.36	0
102	5	6	37	11	1	654.27	0
102	5	6	38	9	1	669.5	0
102	5	6	39	12	1	500.41	0
102	5	6	40	3	1	395.59	0
102	5	6	41	10	1	484.79	0
102	5	6	42	5	1	720.15	0
102	5	6	43	11	1	409.58	0
102	5	6	44	7	0	759.65	0
102	5	6	45	1	1	419.67	0
102	5	6	46	4	0	435.9	0
102	5	6	47	4	1	534.24	0
102	5	6	48	5	0	473.83	0
102	5	6	49	2	1	531.68	0
102	5	6	50	10	1	624.21	0
102	5	6	51	1	1	688.21	0
102	5	6	52	8	1	485.28	0
102	5	6	53	2	1	565.32	0
102	5	6	54	11	1	427.61	1
102	5	6	55	3	1	422.89	0
102	5	6	56	6	1	1013.5	0
102	5	6	57	12	1	415.56	0
102	5	6	58	3	1	794.11	0
102	5	6	59	5	0	573.94	0
102	5	6	60	4	1	511.45	0
102	5	6	61	9	1	609.87	0
102	5	6	62	10	1	446.48	0
102	5	6	63	10	1	520.7	0
102	5	6	64	6	0	960.68	0
102	5	6	65	11	1	429.31	0
102	5	6	66	11	1	480.73	0
102	5	6	67	5	1	565.62	0
102	5	6	68	6	1	597.52	0
102	5	6	69	9	1	677.83	0
102	5	6	70	1	1	576.68	0
102	5	6	71	4	1	502.32	0
102	5	6	72	5	0	644.89	0
102	5	6	73	9	1	307.15	0
102	5	6	74	5	1	488.33	0
102	5	6	75	5	1	760.44	0
102	5	6	76	4	1	507.3	0
102	5	6	77	6	0	644.06	0
102	5	6	78	8	0	491.88	0
102	5	6	79	7	1	855.25	0
102	5	6	80	12	1	583.17	0
102	5	6	81	3	1	448.73	0
102	5	6	82	8	1	386.07	0
102	5	6	83	7	1	747.68	0
102	5	6	84	12	1	591.66	0
102	5	6	85	2	1	565.7	0
102	5	6	86	1	1	624.75	0
102	5	6	87	12	1	749.81	0
102	5	6	88	10	0	745.69	0
102	5	6	89	1	1	533.13	0
102	5	6	90	11	1	410.29	0
102	5	6	91	6	0	748.3	0
102	5	6	92	11	1	598.06	0
102	5	6	93	7	1	790.78	0
102	5	6	94	2	1	484.04	0
102	5	6	95	4	1	407.39	0
102	5	6	96	6	1	398.75	0
102	5	6	97	2	1	550.17	0
102	5	6	98	11	1	373.87	0
102	5	6	99	1	1	357.82	0
102	5	6	100	2	1	889.78	0
102	5	6	101	10	1	671.17	0
102	5	6	102	7	1	602.92	0
102	5	6	103	2	1	477.18	0
102	5	6	104	9	1	819.44	0
102	5	6	105	3	1	417.35	0
102	5	6	106	5	1	555.92	0
102	5	6	107	2	1	467.04	0
102	5	6	108	12	1	305.14	0
102	5	6	109	8	1	644.73	0
102	5	6	110	9	1	1074.4	0
102	5	6	111	7	1	764.6	0
102	5	6	112	8	1	515.89	0
102	5	6	113	8	1	563.59	0
102	5	6	114	11	1	583.88	0
102	5	6	115	6	0	877.78	0
102	5	6	116	6	0	607.21	0
102	5	6	117	3	1	664.95	0
102	5	6	118	3	1	543.97	0
102	5	6	119	4	1	632.68	0
102	5	6	120	5	0	550.59	0
102	5	6	1	4	1	387.67	0
102	5	6	2	9	1	620.84	0
102	5	6	3	12	1	521.54	0
102	5	6	4	1	1	732.2	0
102	5	6	5	4	1	580.76	0
102	5	6	6	12	1	407.38	0
102	5	6	7	1	1	510.79	0
102	5	6	8	4	0	822.09	0
102	5	6	9	6	0	517.66	0
102	5	6	10	5	0	570.69	0
102	5	6	11	11	1	577.6	1
102	5	6	12	8	1	805.99	0
102	5	6	13	2	1	439.49	0
102	5	6	14	3	1	520.28	0
102	5	6	15	7	1	482.25	0
102	5	6	16	11	0	629.27	0
102	5	6	17	7	1	525.84	0
102	5	6	18	10	1	636.85	0
102	5	6	19	5	1	732.99	0
102	5	6	20	7	1	659.84	0
102	5	6	21	2	1	839.33	0
102	5	6	22	11	1	460.59	0
102	5	6	23	3	1	503.29	0
102	5	6	24	10	1	502.02	0
102	5	6	25	1	1	495.52	0
102	5	6	26	12	1	460.3	0
102	5	6	27	6	1	427.56	0
102	5	6	28	10	1	449.06	0
102	5	6	29	2	1	524.91	0
102	5	6	30	9	1	323.03	0
102	5	6	31	4	1	493.54	0
102	5	6	32	12	1	471.84	0
102	5	6	33	3	1	760.52	0
102	5	6	34	5	1	545.23	0
102	5	6	35	1	1	604.22	0
102	5	6	36	2	0	651.49	0
102	5	6	37	7	1	537.56	0
102	5	6	38	3	1	471.79	0
102	5	6	39	6	0	740.83	0
102	5	6	40	6	1	652.69	0
102	5	6	41	3	1	514	0
102	5	6	42	12	1	529.77	0
102	5	6	43	6	1	551.26	0
102	5	6	44	6	0	666.24	0
102	5	6	45	9	1	969.9	0
102	5	6	46	10	1	683.03	0
102	5	6	47	12	1	712.39	0
102	5	6	48	5	0	718.5	0
102	5	6	49	3	0	550.76	0
102	5	6	50	2	1	869.42	0
102	5	6	51	8	1	706.41	0
102	5	6	52	9	1	586.12	0
102	5	6	53	3	1	502.77	0
102	5	6	54	1	1	671.64	0
102	5	6	55	8	1	477.05	0
102	5	6	56	9	1	421.15	0
102	5	6	57	8	1	612.61	0
102	5	6	58	6	1	682.71	0
102	5	6	59	2	1	624.52	0
102	5	6	60	6	0	540.65	0
102	5	6	61	2	1	378.95	0
102	5	6	62	11	1	579.73	0
102	5	6	63	7	1	522.06	0
102	5	6	64	7	1	666.46	0
102	5	6	65	8	0	798.51	0
102	5	6	66	7	1	537.62	0
102	5	6	67	6	1	1009.1	0
102	5	6	68	1	1	672.62	0
102	5	6	69	11	1	413.89	0
102	5	6	70	8	0	851.24	0
102	5	6	71	11	1	726.09	0
102	5	6	72	9	1	599.4	0
102	5	6	73	4	1	349.96	0
102	5	6	74	5	0	622.64	0
102	5	6	75	4	1	547.33	0
102	5	6	76	11	1	605.34	0
102	5	6	77	4	1	447.61	0
102	5	6	78	9	1	430.94	0
102	5	6	79	2	1	460.25	0
102	5	6	80	9	1	406.81	0
102	5	6	81	10	1	1126.1	0
102	5	6	82	3	1	588.53	0
102	5	6	83	9	1	500.83	0
102	5	6	84	7	1	709.07	0
102	5	6	85	12	1	728.79	0
102	5	6	86	10	1	734.82	0
102	5	6	87	8	1	584.72	0
102	5	6	88	10	1	824.24	0
102	5	6	89	3	1	680.1	0
102	5	6	90	3	1	666.27	0
102	5	6	91	7	1	554.77	0
102	5	6	92	5	1	422.89	0
102	5	6	93	12	1	498.91	0
102	5	6	94	4	1	440.25	0
102	5	6	95	5	0	635.48	0
102	5	6	96	10	1	483.32	0
102	5	6	97	8	1	596.33	0
102	5	6	98	12	1	543.39	0
102	5	6	99	10	1	477.01	0
102	5	6	100	2	1	382.73	0
102	5	6	101	5	1	695.92	0
102	5	6	102	2	1	438.09	0
102	5	6	103	11	1	461.55	0
102	5	6	104	9	1	696.13	0
102	5	6	105	1	1	435.03	0
102	5	6	106	10	1	668.93	0
102	5	6	107	11	1	563.62	0
102	5	6	108	8	0	624.53	0
102	5	6	109	6	0	1064.1	0
102	5	6	110	8	1	346.01	0
102	5	6	111	5	1	758.79	0
102	5	6	112	11	1	499.02	1
102	5	6	113	4	1	590.51	0
102	5	6	114	1	1	462.04	0
102	5	6	115	1	1	432.38	0
102	5	6	116	4	0	621.57	0
102	5	6	117	12	1	613.66	0
102	5	6	118	7	0	633.18	0
102	5	6	119	1	1	509.56	0
102	5	6	120	5	0	340.11	0
