108,2,4,2,1,1,12,14,6,2,2,1,607.49
108,2,4,2,1,2,10,12,6,2,2,1,421.53
108,2,4,2,1,3,2,4,6,1,1,1,376.3
108,2,4,2,1,4,4,6,6,1,1,1,332.29
108,2,4,2,1,5,6,8,6,1,1,1,374.31
108,2,4,2,1,6,8,10,6,2,2,1,541.26
108,2,4,2,1,7,6,8,6,1,2,0,426.45
108,2,4,2,1,8,8,10,6,2,2,1,780.3
108,2,4,2,1,9,4,6,6,1,1,1,495.55
108,2,4,2,1,10,2,4,6,1,1,1,475.02
108,2,4,2,1,11,6,8,6,1,2,0,599.56
108,2,4,2,1,12,4,6,6,1,1,1,590.3
108,2,4,2,1,13,12,14,6,2,2,1,667.91
108,2,4,2,1,14,12,14,6,2,2,1,312.89
108,2,4,2,1,15,10,12,6,2,2,1,549.45
108,2,4,2,1,16,4,6,6,1,1,1,387.62
108,2,4,2,1,17,12,14,6,2,2,1,371.74
108,2,4,2,1,18,8,10,6,2,1,0,1585.2
108,2,4,2,1,19,2,4,6,1,1,1,581.71
108,2,4,2,1,20,10,12,6,2,2,1,495.23
108,2,4,2,1,21,10,12,6,2,2,1,320.05
108,2,4,2,1,22,8,10,6,2,2,1,419.78
108,2,4,2,1,23,2,4,6,1,1,1,343.09
108,2,4,2,1,24,6,8,6,1,1,1,616.34
108,2,4,2,0,1,8,10,6,2,2,1,403.43
108,2,4,2,0,2,4,6,6,1,1,1,535.91
108,2,4,2,0,3,2,4,6,1,1,1,341.44
108,2,4,2,0,4,8,10,6,2,2,1,359.26
108,2,4,2,0,5,8,10,6,2,1,0,1375.5
108,2,4,2,0,6,12,14,6,2,2,1,490.6
108,2,4,2,0,7,8,10,6,2,1,0,1245.7
108,2,4,2,0,8,4,6,6,1,1,1,476.07
108,2,4,2,0,9,2,4,6,1,1,1,471.65
108,2,4,2,0,10,10,12,6,2,2,1,425.92
108,2,4,2,0,11,2,4,6,1,1,1,444.93
108,2,4,2,0,12,6,8,6,1,1,1,513.45
108,2,4,2,0,13,6,8,6,1,1,1,438.73
108,2,4,2,0,14,8,10,6,2,2,1,2125.2
108,2,4,2,0,15,10,12,6,2,2,1,664.29
108,2,4,2,0,16,8,10,6,2,2,1,498.59
108,2,4,2,0,17,4,6,6,1,1,1,397.9
108,2,4,2,0,18,2,4,6,1,1,1,382.05
108,2,4,2,0,19,4,6,6,1,1,1,408.8
108,2,4,2,0,20,10,12,6,2,2,1,452.63
108,2,4,2,0,21,8,10,6,2,2,1,308.06
108,2,4,2,0,22,6,8,6,1,1,1,1199.5
108,2,4,2,0,23,2,4,6,1,1,1,470.61
108,2,4,2,0,24,12,14,6,2,2,1,423.97
108,2,4,2,0,25,12,14,6,2,2,1,412.85
108,2,4,2,0,26,8,10,6,2,2,1,569.28
108,2,4,2,0,27,12,14,6,2,2,1,389.86
108,2,4,2,0,28,4,6,6,1,1,1,386.14
108,2,4,2,0,29,6,8,6,1,1,1,351.5
108,2,4,2,0,30,6,8,6,1,1,1,441.17
108,2,4,2,0,31,8,10,6,2,2,1,576.38
108,2,4,2,0,32,12,14,6,2,2,1,571.23
108,2,4,2,0,33,4,6,6,1,1,1,376.46
108,2,4,2,0,34,10,12,6,2,2,1,384.06
108,2,4,2,0,35,6,8,6,1,1,1,464.38
108,2,4,2,0,36,6,8,6,1,1,1,431.2
108,2,4,2,0,37,12,14,6,2,2,1,359.75
108,2,4,2,0,38,2,4,6,1,1,1,383.51
108,2,4,2,0,39,6,8,6,1,1,1,365.62
108,2,4,2,0,40,12,14,6,2,2,1,328.07
108,2,4,2,0,41,6,8,6,1,1,1,461.75
108,2,4,2,0,42,4,6,6,1,1,1,318.27
108,2,4,2,0,43,2,4,6,1,1,1,331.35
108,2,4,2,0,44,4,6,6,1,1,1,363.66
108,2,4,2,0,45,10,12,6,2,2,1,389.22
108,2,4,2,0,46,4,6,6,1,1,1,370.69
108,2,4,2,0,47,12,14,6,2,2,1,485.96
108,2,4,2,0,48,8,10,6,2,1,0,393.43
108,2,4,2,0,49,2,4,6,1,1,1,428.92
108,2,4,2,0,50,6,8,6,1,1,1,756.67
108,2,4,2,0,51,2,4,6,1,1,1,450.02
108,2,4,2,0,52,6,8,6,1,1,1,373.5
108,2,4,2,0,53,12,14,6,2,2,1,418.34
108,2,4,2,0,54,6,8,6,1,1,1,535.77
108,2,4,2,0,55,10,12,6,2,2,1,378.21
108,2,4,2,0,56,6,8,6,1,1,1,381.38
108,2,4,2,0,57,8,10,6,2,2,1,1008.1
108,2,4,2,0,58,4,6,6,1,1,1,412.2
108,2,4,2,0,59,6,8,6,1,1,1,391.69
108,2,4,2,0,60,4,6,6,1,1,1,347.84
108,2,4,2,0,61,8,10,6,2,2,1,579.91
108,2,4,2,0,62,2,4,6,1,1,1,376.77
108,2,4,2,0,63,12,14,6,2,2,1,372.1
108,2,4,2,0,64,6,8,6,1,1,1,498.87
108,2,4,2,0,65,8,10,6,2,2,1,663.2
108,2,4,2,0,66,2,4,6,1,1,1,348.99
108,2,4,2,0,67,10,12,6,2,2,1,420.64
108,2,4,2,0,68,4,6,6,1,1,1,402.5
108,2,4,2,0,69,4,6,6,1,1,1,364.89
108,2,4,2,0,70,8,10,6,2,2,1,382.68
108,2,4,2,0,71,10,12,6,2,2,1,632.38
108,2,4,2,0,72,8,10,6,2,2,1,431.13
108,2,4,2,0,73,12,14,6,2,2,1,330.09
108,2,4,2,0,74,6,8,6,1,1,1,420.44
108,2,4,2,0,75,10,12,6,2,2,1,370.23
108,2,4,2,0,76,2,4,6,1,1,1,359.88
108,2,4,2,0,77,10,12,6,2,2,1,333.55
108,2,4,2,0,78,12,14,6,2,2,1,331.33
108,2,4,2,0,79,10,12,6,2,2,1,337.5
108,2,4,2,0,80,2,4,6,1,1,1,368.52
108,2,4,2,0,81,4,6,6,1,2,0,305.88
108,2,4,2,0,82,8,10,6,2,1,0,331.92
108,2,4,2,0,83,10,12,6,2,2,1,443.36
108,2,4,2,0,84,10,12,6,2,2,1,413.07
108,2,4,2,0,85,12,14,6,2,2,1,338.16
108,2,4,2,0,86,10,12,6,2,2,1,402.06
108,2,4,2,0,87,4,6,6,1,1,1,461.08
108,2,4,2,0,88,6,8,6,1,1,1,404.06
108,2,4,2,0,89,12,14,6,2,2,1,378.12
108,2,4,2,0,90,4,6,6,1,1,1,381.04
108,2,4,2,0,91,4,6,6,1,1,1,420.14
108,2,4,2,0,92,8,10,6,2,2,1,474.16
108,2,4,2,0,93,4,6,6,1,1,1,379.93
108,2,4,2,0,94,10,12,6,2,2,1,355.79
108,2,4,2,0,95,10,12,6,2,2,1,361.84
108,2,4,2,0,96,8,10,6,2,2,1,344.41
108,2,4,2,0,97,6,8,6,1,1,1,638.42
108,2,4,2,0,98,2,4,6,1,1,1,464.09
108,2,4,2,0,99,2,4,6,1,1,1,376.31
108,2,4,2,0,100,2,4,6,1,1,1,417.93
108,2,4,2,0,101,6,8,6,1,2,0,402.42
108,2,4,2,0,102,10,12,6,2,2,1,741.42
108,2,4,2,0,103,12,14,6,2,2,1,345.65
108,2,4,2,0,104,10,12,6,2,2,1,322.08
108,2,4,2,0,105,2,4,6,1,1,1,529.12
108,2,4,2,0,106,4,6,6,1,1,1,466.67
108,2,4,2,0,107,2,4,6,1,1,1,335.44
108,2,4,2,0,108,12,14,6,2,2,1,380.91
108,2,4,2,0,109,12,14,6,2,2,1,307.72
108,2,4,2,0,110,2,4,6,1,1,1,346.36
108,2,4,2,0,111,12,14,6,2,2,1,472.83
108,2,4,2,0,112,10,12,6,2,2,1,334.1
108,2,4,2,0,113,6,8,6,1,1,1,484.4
108,2,4,2,0,114,10,12,6,2,2,1,336.73
108,2,4,2,0,115,2,4,6,1,1,1,342.25
108,2,4,2,0,116,12,14,6,2,2,1,307.5
108,2,4,2,0,117,8,10,6,2,2,1,339.27
108,2,4,2,0,118,8,10,6,2,2,1,324.08
108,2,4,2,0,119,12,14,6,2,2,1,335.11
108,2,4,2,0,120,4,6,6,1,1,1,446.42
108,2,4,1,1,1,11,14,5,2,2,1,669.34
108,2,4,1,1,2,7,10,5,2,2,1,447.05
108,2,4,1,1,3,7,10,5,2,2,1,357.14
108,2,4,1,1,4,5,8,5,1,2,0,391.16
108,2,4,1,1,5,9,12,5,2,2,1,427.74
108,2,4,1,1,6,3,6,5,1,1,1,474.9
108,2,4,1,1,7,5,8,5,1,1,1,505.44
108,2,4,1,1,8,9,12,5,2,2,1,422.82
108,2,4,1,1,9,3,6,5,1,1,1,365.74
108,2,4,1,1,10,5,8,5,1,1,1,369.32
108,2,4,1,1,11,7,10,5,2,2,1,402.15
108,2,4,1,1,12,3,6,5,1,1,1,452.07
108,2,4,1,1,13,11,14,5,2,2,1,371.86
108,2,4,1,1,14,9,12,5,2,2,1,440.6
108,2,4,1,1,15,1,4,5,1,1,1,355.09
108,2,4,1,1,16,1,4,5,1,1,1,322.91
108,2,4,1,1,17,7,10,5,2,2,1,393.26
108,2,4,1,1,18,1,4,5,1,1,1,361.41
108,2,4,1,1,19,11,14,5,2,2,1,392.28
108,2,4,1,1,20,5,8,5,1,1,1,559.97
108,2,4,1,1,21,3,6,5,1,1,1,669.15
108,2,4,1,1,22,11,14,5,2,2,1,434.15
108,2,4,1,1,23,9,12,5,2,2,1,423.72
108,2,4,1,1,24,1,4,5,1,1,1,349.81
108,2,4,1,0,1,3,6,5,1,1,1,350.75
108,2,4,1,0,2,3,6,5,1,1,1,369.28
108,2,4,1,0,3,7,10,5,2,2,1,490.22
108,2,4,1,0,4,11,14,5,2,2,1,431.6
108,2,4,1,0,5,5,8,5,1,1,1,402.7
108,2,4,1,0,6,1,4,5,1,1,1,324.56
108,2,4,1,0,7,11,14,5,2,2,1,376.19
108,2,4,1,0,8,11,14,5,2,2,1,370.38
108,2,4,1,0,9,9,12,5,2,2,1,339.49
108,2,4,1,0,10,5,8,5,1,1,1,407.66
108,2,4,1,0,11,5,8,5,1,1,1,542.25
108,2,4,1,0,12,3,6,5,1,1,1,345.38
108,2,4,1,0,13,1,4,5,1,1,1,393.18
108,2,4,1,0,14,9,12,5,2,2,1,429.89
108,2,4,1,0,15,1,4,5,1,1,1,333.51
108,2,4,1,0,16,9,12,5,2,2,1,433.44
108,2,4,1,0,17,5,8,5,1,1,1,338.99
108,2,4,1,0,18,3,6,5,1,1,1,335.4
108,2,4,1,0,19,9,12,5,2,2,1,369.16
108,2,4,1,0,20,5,8,5,1,1,1,459.33
108,2,4,1,0,21,3,6,5,1,1,1,363.06
108,2,4,1,0,22,7,10,5,2,2,1,491.59
108,2,4,1,0,23,9,12,5,2,2,1,434.14
108,2,4,1,0,24,3,6,5,1,1,1,417.23
108,2,4,1,0,25,11,14,5,2,2,1,437.41
108,2,4,1,0,26,7,10,5,2,1,0,408.49
108,2,4,1,0,27,1,4,5,1,1,1,409.43
108,2,4,1,0,28,9,12,5,2,2,1,346.75
108,2,4,1,0,29,3,6,5,1,1,1,407.75
108,2,4,1,0,30,1,4,5,1,1,1,340.67
108,2,4,1,0,31,11,14,5,2,2,1,395.29
108,2,4,1,0,32,7,10,5,2,2,1,695.33
108,2,4,1,0,33,7,10,5,2,2,1,781.12
108,2,4,1,0,34,11,14,5,2,2,1,402.43
108,2,4,1,0,35,5,8,5,1,1,1,857.74
108,2,4,1,0,36,9,12,5,2,2,1,420.02
108,2,4,1,0,37,9,12,5,2,2,1,377.8
108,2,4,1,0,38,7,10,5,2,2,1,537.84
108,2,4,1,0,39,3,6,5,1,1,1,401.93
108,2,4,1,0,40,3,6,5,1,1,1,391.2
108,2,4,1,0,41,5,8,5,1,1,1,365.78
108,2,4,1,0,42,7,10,5,2,2,1,383.16
108,2,4,1,0,43,3,6,5,1,1,1,333.86
108,2,4,1,0,44,11,14,5,2,2,1,356.23
108,2,4,1,0,45,9,12,5,2,2,1,351.01
108,2,4,1,0,46,5,8,5,1,1,1,477.75
108,2,4,1,0,47,11,14,5,2,2,1,378.25
108,2,4,1,0,48,11,14,5,2,2,1,329.36
108,2,4,1,0,49,5,8,5,1,1,1,581.26
108,2,4,1,0,50,3,6,5,1,1,1,391.06
108,2,4,1,0,51,9,12,5,2,2,1,398.6
108,2,4,1,0,52,5,8,5,1,1,1,404.51
108,2,4,1,0,53,9,12,5,2,2,1,343.59
108,2,4,1,0,54,1,4,5,1,1,1,336.96
108,2,4,1,0,55,9,12,5,2,2,1,463.02
108,2,4,1,0,56,11,14,5,2,2,1,362.48
108,2,4,1,0,57,5,8,5,1,1,1,743.37
108,2,4,1,0,58,7,10,5,2,2,1,585.77
108,2,4,1,0,59,3,6,5,1,1,1,366.01
108,2,4,1,0,60,5,8,5,1,1,1,392.44
108,2,4,1,0,61,7,10,5,2,2,1,677.46
108,2,4,1,0,62,1,4,5,1,1,1,389.91
108,2,4,1,0,63,5,8,5,1,2,0,420.72
108,2,4,1,0,64,1,4,5,1,1,1,375.27
108,2,4,1,0,65,1,4,5,1,1,1,334.61
108,2,4,1,0,66,11,14,5,2,2,1,414.37
108,2,4,1,0,67,7,10,5,2,2,1,335.32
108,2,4,1,0,68,5,8,5,1,2,0,1243.4
108,2,4,1,0,69,3,6,5,1,1,1,397.41
108,2,4,1,0,70,9,12,5,2,2,1,348.08
108,2,4,1,0,71,11,14,5,2,2,1,369.58
108,2,4,1,0,72,5,8,5,1,1,1,716.72
108,2,4,1,0,73,11,14,5,2,2,1,429.54
108,2,4,1,0,74,7,10,5,2,2,1,1419.1
108,2,4,1,0,75,9,12,5,2,2,1,487.49
108,2,4,1,0,76,5,8,5,1,1,1,430.92
108,2,4,1,0,77,5,8,5,1,1,1,376.06
108,2,4,1,0,78,5,8,5,1,1,1,386.29
108,2,4,1,0,79,9,12,5,2,2,1,403.65
108,2,4,1,0,80,11,14,5,2,2,1,450.99
108,2,4,1,0,81,1,4,5,1,1,1,421.44
108,2,4,1,0,82,3,6,5,1,1,1,379.97
108,2,4,1,0,83,1,4,5,1,1,1,399.5
108,2,4,1,0,84,5,8,5,1,1,1,566.39
108,2,4,1,0,85,9,12,5,2,2,1,389.37
108,2,4,1,0,86,7,10,5,2,2,1,358
108,2,4,1,0,87,1,4,5,1,1,1,361.76
108,2,4,1,0,88,3,6,5,1,1,1,365.37
108,2,4,1,0,89,3,6,5,1,1,1,800.6
108,2,4,1,0,90,11,14,5,2,2,1,398.99
108,2,4,1,0,91,1,4,5,1,1,1,382.53
108,2,4,1,0,92,1,4,5,1,1,1,435.09
108,2,4,1,0,93,7,10,5,2,2,1,376.03
108,2,4,1,0,94,11,14,5,2,2,1,356.64
108,2,4,1,0,95,7,10,5,2,2,1,335.03
108,2,4,1,0,96,9,12,5,2,2,1,397.82
108,2,4,1,0,97,11,14,5,2,2,1,348.87
108,2,4,1,0,98,9,12,5,2,2,1,322.4
108,2,4,1,0,99,1,4,5,1,1,1,350.33
108,2,4,1,0,100,3,6,5,1,1,1,359.48
108,2,4,1,0,101,11,14,5,2,2,1,367.18
108,2,4,1,0,102,1,4,5,1,1,1,326.28
108,2,4,1,0,103,7,10,5,2,2,1,411.76
108,2,4,1,0,104,1,4,5,1,1,1,419.75
108,2,4,1,0,105,11,14,5,2,2,1,384.93
108,2,4,1,0,106,7,10,5,2,2,1,339.62
108,2,4,1,0,107,9,12,5,2,2,1,331.85
108,2,4,1,0,108,3,6,5,1,1,1,406.49
108,2,4,1,0,109,9,12,5,2,2,1,306.52
108,2,4,1,0,110,1,4,5,1,1,1,351.39
108,2,4,1,0,111,11,14,5,2,2,1,293.77
108,2,4,1,0,112,3,6,5,1,1,1,293.39
108,2,4,1,0,113,3,6,5,1,1,1,365.72
108,2,4,1,0,114,1,4,5,1,1,1,324.79
108,2,4,1,0,115,7,10,5,2,2,1,376.2
108,2,4,1,0,116,7,10,5,2,2,1,341.82
108,2,4,1,0,117,1,4,5,1,1,1,303.07
108,2,4,1,0,118,5,8,5,1,2,0,381.01
108,2,4,1,0,119,7,10,5,2,2,1,1106.6
108,2,4,1,0,120,7,10,5,2,2,1,402.41
108,2,4,5,1,1,9,12,5,2,2,1,348.95
108,2,4,5,1,2,4,6,6,1,1,1,381.74
108,2,4,5,1,3,5,8,5,1,1,1,598.6
108,2,4,5,1,4,8,10,6,2,2,1,434.45
108,2,4,5,1,5,3,6,5,1,1,1,462.85
108,2,4,5,1,6,10,12,6,2,2,1,444.29
108,2,4,5,1,7,8,10,6,2,2,1,405.79
108,2,4,5,1,8,3,6,5,1,1,1,388.54
108,2,4,5,1,9,6,8,6,1,2,0,546.73
108,2,4,5,1,10,1,4,5,1,1,1,502.9
108,2,4,5,1,11,2,4,6,1,1,1,790.36
108,2,4,5,1,12,1,4,5,1,1,1,573.43
108,2,4,5,1,13,7,10,5,2,2,1,460.47
108,2,4,5,1,14,12,14,6,2,2,1,616.17
108,2,4,5,1,15,12,14,6,2,2,1,372.32
108,2,4,5,1,16,6,8,6,1,1,1,582.88
108,2,4,5,1,17,11,14,5,2,2,1,363.09
108,2,4,5,1,18,9,12,5,2,2,1,373.41
108,2,4,5,1,19,10,12,6,2,2,1,415.49
108,2,4,5,1,20,5,8,5,1,1,1,547.15
108,2,4,5,1,21,4,6,6,1,1,1,374.38
108,2,4,5,1,22,7,10,5,2,1,0,421.01
108,2,4,5,1,23,2,4,6,1,1,1,493.76
108,2,4,5,1,24,11,14,5,2,2,1,376.97
108,2,4,5,0,1,8,10,6,2,2,1,547.6
108,2,4,5,0,2,3,6,5,1,1,1,385.49
108,2,4,5,0,3,4,6,6,1,1,1,382.45
108,2,4,5,0,4,8,10,6,2,2,1,435.09
108,2,4,5,0,5,6,8,6,1,1,1,1414.5
108,2,4,5,0,6,8,10,6,2,2,1,1031.6
108,2,4,5,0,7,3,6,5,1,1,1,460.69
108,2,4,5,0,8,12,14,6,2,2,1,490.02
108,2,4,5,0,9,7,10,5,2,1,0,411.26
108,2,4,5,0,10,11,14,5,2,2,1,732.49
108,2,4,5,0,11,4,6,6,1,1,1,445.06
108,2,4,5,0,12,1,4,5,1,1,1,422.6
108,2,4,5,0,13,9,12,5,2,2,1,396.72
108,2,4,5,0,14,7,10,5,2,2,1,717.02
108,2,4,5,0,15,7,10,5,2,2,1,445.56
108,2,4,5,0,16,5,8,5,1,1,1,688.49
108,2,4,5,0,17,1,4,5,1,1,1,441.45
108,2,4,5,0,18,6,8,6,1,2,0,1142.6
108,2,4,5,0,19,2,4,6,1,1,1,389.32
108,2,4,5,0,20,3,6,5,1,1,1,394.92
108,2,4,5,0,21,5,8,5,1,1,1,661.94
108,2,4,5,0,22,8,10,6,2,2,1,365.41
108,2,4,5,0,23,2,4,6,1,1,1,352.02
108,2,4,5,0,24,5,8,5,1,1,1,921.79
108,2,4,5,0,25,3,6,5,1,1,1,420.67
108,2,4,5,0,26,10,12,6,2,2,1,476.24
108,2,4,5,0,27,7,10,5,2,2,1,602.39
108,2,4,5,0,28,9,12,5,2,2,1,433.3
108,2,4,5,0,29,10,12,6,2,2,1,406.08
108,2,4,5,0,30,10,12,6,2,2,1,336.47
108,2,4,5,0,31,8,10,6,2,2,1,513.55
108,2,4,5,0,32,11,14,5,2,2,1,375.72
108,2,4,5,0,33,10,12,6,2,2,1,348.98
108,2,4,5,0,34,9,12,5,2,2,1,414.6
108,2,4,5,0,35,1,4,5,1,1,1,456.86
108,2,4,5,0,36,3,6,5,1,1,1,435.18
108,2,4,5,0,37,8,10,6,2,2,1,447.92
108,2,4,5,0,38,2,4,6,1,1,1,366.37
108,2,4,5,0,39,4,6,6,1,1,1,354.56
108,2,4,5,0,40,3,6,5,1,1,1,351.8
108,2,4,5,0,41,5,8,5,1,1,1,562.86
108,2,4,5,0,42,2,4,6,1,1,1,420.04
108,2,4,5,0,43,12,14,6,2,2,1,518.68
108,2,4,5,0,44,3,6,5,1,1,1,342.93
108,2,4,5,0,45,5,8,5,1,1,1,377.31
108,2,4,5,0,46,1,4,5,1,1,1,352.72
108,2,4,5,0,47,1,4,5,1,1,1,334.11
108,2,4,5,0,48,10,12,6,2,2,1,429.45
108,2,4,5,0,49,5,8,5,1,1,1,378.97
108,2,4,5,0,50,6,8,6,1,1,1,1287.3
108,2,4,5,0,51,6,8,6,1,1,1,1271.7
108,2,4,5,0,52,9,12,5,2,2,1,458.55
108,2,4,5,0,53,6,8,6,1,1,1,701.87
108,2,4,5,0,54,1,4,5,1,1,1,469.57
108,2,4,5,0,55,3,6,5,1,1,1,417.34
108,2,4,5,0,56,5,8,5,1,1,1,856.66
108,2,4,5,0,57,4,6,6,1,1,1,604.66
108,2,4,5,0,58,4,6,6,1,1,1,421.83
108,2,4,5,0,59,9,12,5,2,2,1,495.16
108,2,4,5,0,60,10,12,6,2,2,1,451.34
108,2,4,5,0,61,6,8,6,1,1,1,557.44
108,2,4,5,0,62,11,14,5,2,2,1,428.94
108,2,4,5,0,63,2,4,6,1,1,1,335.21
108,2,4,5,0,64,11,14,5,2,2,1,409.5
108,2,4,5,0,65,8,10,6,2,2,1,401
108,2,4,5,0,66,4,6,6,1,1,1,316.99
108,2,4,5,0,67,1,4,5,1,1,1,361.06
108,2,4,5,0,68,9,12,5,2,2,1,359.37
108,2,4,5,0,69,12,14,6,2,2,1,356.02
108,2,4,5,0,70,9,12,5,2,2,1,375.14
108,2,4,5,0,71,7,10,5,2,2,1,366.02
108,2,4,5,0,72,2,4,6,1,1,1,334.67
108,2,4,5,0,73,1,4,5,1,1,1,358.91
108,2,4,5,0,74,12,14,6,2,2,1,404.65
108,2,4,5,0,75,10,12,6,2,2,1,400.64
108,2,4,5,0,76,10,12,6,2,2,1,361.51
108,2,4,5,0,77,6,8,6,1,1,1,381.51
108,2,4,5,0,78,6,8,6,1,1,1,350.37
108,2,4,5,0,79,7,10,5,2,2,1,451.28
108,2,4,5,0,80,10,12,6,2,2,1,348.62
108,2,4,5,0,81,11,14,5,2,2,1,397.03
108,2,4,5,0,82,5,8,5,1,1,1,413.06
108,2,4,5,0,83,2,4,6,1,1,1,313.4
108,2,4,5,0,84,4,6,6,1,1,1,330.76
108,2,4,5,0,85,2,4,6,1,1,1,360.48
108,2,4,5,0,86,11,14,5,2,2,1,423.86
108,2,4,5,0,87,11,14,5,2,2,1,1090.7
108,2,4,5,0,88,8,10,6,2,2,1,702.91
108,2,4,5,0,89,9,12,5,2,2,1,459.08
108,2,4,5,0,90,9,12,5,2,2,1,388.48
108,2,4,5,0,91,8,10,6,2,2,1,724.21
108,2,4,5,0,92,6,8,6,1,1,1,714.48
108,2,4,5,0,93,7,10,5,2,2,1,868.06
108,2,4,5,0,94,12,14,6,2,2,1,1091.5
108,2,4,5,0,95,2,4,6,1,1,1,363.58
108,2,4,5,0,96,12,14,6,2,2,1,372.58
108,2,4,5,0,97,7,10,5,2,2,1,403.9
108,2,4,5,0,98,7,10,5,2,2,1,375.97
108,2,4,5,0,99,11,14,5,2,2,1,372.01
108,2,4,5,0,100,7,10,5,2,2,1,426.2
108,2,4,5,0,101,11,14,5,2,2,1,353.58
108,2,4,5,0,102,5,8,5,1,1,1,560.44
108,2,4,5,0,103,1,4,5,1,1,1,372.18
108,2,4,5,0,104,12,14,6,2,2,1,395.48
108,2,4,5,0,105,3,6,5,1,1,1,345.91
108,2,4,5,0,106,1,4,5,1,1,1,351.66
108,2,4,5,0,107,2,4,6,1,1,1,373.71
108,2,4,5,0,108,4,6,6,1,1,1,356.73
108,2,4,5,0,109,12,14,6,2,2,1,437.12
108,2,4,5,0,110,5,8,5,1,1,1,322.71
108,2,4,5,0,111,3,6,5,1,1,1,341.03
108,2,4,5,0,112,4,6,6,1,1,1,379.97
108,2,4,5,0,113,12,14,6,2,2,1,372.51
108,2,4,5,0,114,6,8,6,1,1,1,386.72
108,2,4,5,0,115,11,14,5,2,2,1,846.43
108,2,4,5,0,116,12,14,6,2,2,1,389.29
108,2,4,5,0,117,8,10,6,2,1,0,614.19
108,2,4,5,0,118,10,12,6,2,2,1,674.26
108,2,4,5,0,119,4,6,6,1,1,1,400.4
108,2,4,5,0,120,9,12,5,2,2,1,485.95
108,2,4,6,0,1,6,8,6,1,1,1,618.42
108,2,4,6,0,2,9,12,5,2,2,1,368.33
108,2,4,6,0,3,5,8,5,1,1,1,574.14
108,2,4,6,0,4,9,12,5,2,2,1,387.05
108,2,4,6,0,5,1,4,5,1,1,1,431.42
108,2,4,6,0,6,3,6,5,1,1,1,372.08
108,2,4,6,0,7,9,12,5,2,2,1,395.72
108,2,4,6,0,8,1,4,5,1,1,1,402.91
108,2,4,6,0,9,12,14,6,2,2,1,380.68
108,2,4,6,0,10,7,10,5,2,1,0,461.47
108,2,4,6,0,11,8,10,6,2,2,1,987.11
108,2,4,6,0,12,8,10,6,2,2,1,541.4
108,2,4,6,0,13,5,8,5,1,1,1,727.65
108,2,4,6,0,14,9,12,5,2,2,1,608.56
108,2,4,6,0,15,10,12,6,2,2,1,422.19
108,2,4,6,0,16,11,14,5,2,2,1,383.21
108,2,4,6,0,17,5,8,5,1,1,1,377.62
108,2,4,6,0,18,2,4,6,1,1,1,382.75
108,2,4,6,0,19,7,10,5,2,2,1,431.96
108,2,4,6,0,20,12,14,6,2,2,1,324.41
108,2,4,6,0,21,2,4,6,1,1,1,363.26
108,2,4,6,0,22,6,8,6,1,1,1,839.3
108,2,4,6,0,23,12,14,6,2,2,1,398.88
108,2,4,6,0,24,12,14,6,2,2,1,372.27
108,2,4,6,0,25,7,10,5,2,1,0,452.78
108,2,4,6,0,26,8,10,6,2,2,1,654.55
108,2,4,6,0,27,8,10,6,2,2,1,399.07
108,2,4,6,0,28,3,6,5,1,1,1,477.17
108,2,4,6,0,29,3,6,5,1,1,1,311.1
108,2,4,6,0,30,6,8,6,1,1,1,1188.5
108,2,4,6,0,31,12,14,6,2,2,1,371.44
108,2,4,6,0,32,10,12,6,2,2,1,320.27
108,2,4,6,0,33,9,12,5,2,2,1,396.92
108,2,4,6,0,34,8,10,6,2,2,1,394.12
108,2,4,6,0,35,5,8,5,1,1,1,415.71
108,2,4,6,0,36,4,6,6,1,1,1,359.04
108,2,4,6,0,37,10,12,6,2,2,1,466.03
108,2,4,6,0,38,9,12,5,2,2,1,440.52
108,2,4,6,0,39,5,8,5,1,1,1,782.89
108,2,4,6,0,40,6,8,6,1,1,1,580.52
108,2,4,6,0,41,8,10,6,2,1,0,761.92
108,2,4,6,0,42,1,4,5,1,1,1,436.14
108,2,4,6,0,43,2,4,6,1,1,1,397.73
108,2,4,6,0,44,10,12,6,2,2,1,390.19
108,2,4,6,0,45,4,6,6,1,1,1,362.43
108,2,4,6,0,46,7,10,5,2,2,1,620.29
108,2,4,6,0,47,1,4,5,1,1,1,409
108,2,4,6,0,48,5,8,5,1,2,0,1188.9
108,2,4,6,0,49,10,12,6,2,2,1,449.59
108,2,4,6,0,50,3,6,5,1,1,1,337.85
108,2,4,6,0,51,11,14,5,2,2,1,520.16
108,2,4,6,0,52,10,12,6,2,2,1,396.78
108,2,4,6,0,53,12,14,6,2,2,1,324.14
108,2,4,6,0,54,4,6,6,1,1,1,401.73
108,2,4,6,0,55,9,12,5,2,2,1,358.92
108,2,4,6,0,56,7,10,5,2,2,1,382.68
108,2,4,6,0,57,6,8,6,1,1,1,1400.8
108,2,4,6,0,58,6,8,6,1,1,1,481.8
108,2,4,6,0,59,2,4,6,1,1,1,412.95
108,2,4,6,0,60,8,10,6,2,2,1,542.32
108,2,4,6,0,61,11,14,5,2,2,1,473.14
108,2,4,6,0,62,7,10,5,2,2,1,546.4
108,2,4,6,0,63,7,10,5,2,2,1,335.61
108,2,4,6,0,64,7,10,5,2,2,1,360.62
108,2,4,6,0,65,1,4,5,1,1,1,400.54
108,2,4,6,0,66,1,4,5,1,1,1,404.94
108,2,4,6,0,67,2,4,6,1,1,1,387.23
108,2,4,6,0,68,11,14,5,2,2,1,440.69
108,2,4,6,0,69,9,12,5,2,2,1,626.91
108,2,4,6,0,70,11,14,5,2,2,1,414.14
108,2,4,6,0,71,7,10,5,2,2,1,345.57
108,2,4,6,0,72,5,8,5,1,1,1,629.1
108,2,4,6,0,73,11,14,5,2,2,1,380.02
108,2,4,6,0,74,10,12,6,2,2,1,387.41
108,2,4,6,0,75,5,8,5,1,1,1,457.6
108,2,4,6,0,76,6,8,6,1,1,1,385.67
108,2,4,6,0,77,6,8,6,1,1,1,444.15
108,2,4,6,0,78,4,6,6,1,1,1,422.88
108,2,4,6,0,79,2,4,6,1,1,1,435.97
108,2,4,6,0,80,8,10,6,2,2,1,337.76
108,2,4,6,0,81,6,8,6,1,1,1,556.69
108,2,4,6,0,82,11,14,5,2,2,1,398.25
108,2,4,6,0,83,9,12,5,2,2,1,345.1
108,2,4,6,0,84,10,12,6,2,2,1,360.19
108,2,4,6,0,85,12,14,6,2,2,1,386.32
108,2,4,6,0,86,2,4,6,1,1,1,435.4
108,2,4,6,0,87,12,14,6,2,2,1,343.15
108,2,4,6,0,88,6,8,6,1,1,1,480.05
108,2,4,6,0,89,3,6,5,1,1,1,376.33
108,2,4,6,0,90,3,6,5,1,1,1,392.76
108,2,4,6,0,91,3,6,5,1,1,1,402.09
108,2,4,6,0,92,5,8,5,1,1,1,385.81
108,2,4,6,0,93,3,6,5,1,1,1,367.69
108,2,4,6,0,94,5,8,5,1,1,1,383.69
108,2,4,6,0,95,10,12,6,2,2,1,516.78
108,2,4,6,0,96,12,14,6,2,2,1,565.66
108,2,4,6,0,97,4,6,6,1,1,1,429.71
108,2,4,6,0,98,1,4,5,1,1,1,382.09
108,2,4,6,0,99,11,14,5,2,2,1,411.59
108,2,4,6,0,100,2,4,6,1,1,1,338.68
108,2,4,6,0,101,1,4,5,1,1,1,332.68
108,2,4,6,0,102,4,6,6,1,1,1,412.05
108,2,4,6,0,103,3,6,5,1,1,1,376.22
108,2,4,6,0,104,3,6,5,1,1,1,357.67
108,2,4,6,0,105,10,12,6,2,2,1,445.03
108,2,4,6,0,106,4,6,6,1,1,1,384.8
108,2,4,6,0,107,2,4,6,1,1,1,396.39
108,2,4,6,0,108,9,12,5,2,2,1,486.77
108,2,4,6,0,109,4,6,6,1,1,1,357.88
108,2,4,6,0,110,2,4,6,1,1,1,374.29
108,2,4,6,0,111,11,14,5,2,2,1,339.97
108,2,4,6,0,112,8,10,6,2,2,1,573.57
108,2,4,6,0,113,12,14,6,2,2,1,412.1
108,2,4,6,0,114,7,10,5,2,2,1,514.52
108,2,4,6,0,115,1,4,5,1,1,1,381.21
108,2,4,6,0,116,1,4,5,1,1,1,371.97
108,2,4,6,0,117,4,6,6,1,1,1,376.5
108,2,4,6,0,118,4,6,6,1,1,1,329.54
108,2,4,6,0,119,8,10,6,2,2,1,810.99
108,2,4,6,0,120,11,14,5,2,2,1,414.52
108,2,4,4,1,1,2,4,6,1,1,1,777.35
108,2,4,4,1,2,4,6,6,1,1,1,410.14
108,2,4,4,1,3,9,12,5,2,2,1,427.4
108,2,4,4,1,4,6,8,6,1,1,1,439.21
108,2,4,4,1,5,7,10,5,2,2,1,427.35
108,2,4,4,1,6,4,6,6,1,1,1,390.43
108,2,4,4,1,7,2,4,6,1,1,1,391.53
108,2,4,4,1,8,7,10,5,2,2,1,412.26
108,2,4,4,1,9,6,8,6,1,1,1,369.66
108,2,4,4,1,10,9,12,5,2,2,1,346.88
108,2,4,4,1,11,7,10,5,2,2,1,419.1
108,2,4,4,1,12,9,12,5,2,2,1,324.16
108,2,4,4,1,13,11,14,5,2,2,1,366.52
108,2,4,4,1,14,2,4,6,1,1,1,440.92
108,2,4,4,1,15,11,14,5,2,2,1,352.88
108,2,4,4,1,16,9,12,5,2,2,1,360.24
108,2,4,4,1,17,2,4,6,1,1,1,336.02
108,2,4,4,1,18,11,14,5,2,2,1,349.01
108,2,4,4,1,19,11,14,5,2,2,1,337.46
108,2,4,4,1,20,4,6,6,1,1,1,354.06
108,2,4,4,1,21,4,6,6,1,1,1,371.91
108,2,4,4,1,22,6,8,6,1,1,1,358.2
108,2,4,4,1,23,7,10,5,2,1,0,371.95
108,2,4,4,1,24,6,8,6,1,1,1,479.81
108,2,4,4,0,1,7,10,5,2,2,1,413.56
108,2,4,4,0,2,9,12,5,2,2,1,387.98
108,2,4,4,0,3,9,12,5,2,2,1,335.54
108,2,4,4,0,4,11,14,5,2,2,1,322.28
108,2,4,4,0,5,4,6,6,1,1,1,352.92
108,2,4,4,0,6,4,6,6,1,1,1,362.11
108,2,4,4,0,7,2,4,6,1,1,1,322.19
108,2,4,4,0,8,11,14,5,2,2,1,1002.6
108,2,4,4,0,9,9,12,5,2,2,1,358.82
108,2,4,4,0,10,2,4,6,1,1,1,337.37
108,2,4,4,0,11,11,14,5,2,2,1,394
108,2,4,4,0,12,7,10,5,2,2,1,606.37
108,2,4,4,0,13,11,14,5,2,2,1,477.83
108,2,4,4,0,14,7,10,5,2,2,1,914.78
108,2,4,4,0,15,2,4,6,1,1,1,396.96
108,2,4,4,0,16,4,6,6,1,1,1,343.89
108,2,4,4,0,17,2,4,6,1,1,1,343.51
108,2,4,4,0,18,2,4,6,1,1,1,361.55
108,2,4,4,0,19,2,4,6,1,1,1,348.79
108,2,4,4,0,20,11,14,5,2,2,1,824.8
108,2,4,4,0,21,6,8,6,1,1,1,408.63
108,2,4,4,0,22,9,12,5,2,2,1,425.51
108,2,4,4,0,23,11,14,5,2,2,1,454.45
108,2,4,4,0,24,11,14,5,2,2,1,416.04
108,2,4,4,0,25,9,12,5,2,2,1,344.34
108,2,4,4,0,26,7,10,5,2,2,1,780.84
108,2,4,4,0,27,11,14,5,2,2,1,610.07
108,2,4,4,0,28,6,8,6,1,1,1,395.5
108,2,4,4,0,29,9,12,5,2,2,1,812.38
108,2,4,4,0,30,4,6,6,1,1,1,356.18
108,2,4,4,0,31,2,4,6,1,1,1,454.79
108,2,4,4,0,32,4,6,6,1,1,1,312.47
108,2,4,4,0,33,7,10,5,2,2,1,420.84
108,2,4,4,0,34,2,4,6,1,1,1,398.37
108,2,4,4,0,35,6,8,6,1,1,1,704.2
108,2,4,4,0,36,4,6,6,1,1,1,405.62
108,2,4,4,0,37,7,10,5,2,2,1,368.55
108,2,4,4,0,38,6,8,6,1,1,1,428.46
108,2,4,4,0,39,7,10,5,2,2,1,412.87
108,2,4,4,0,40,6,8,6,1,1,1,419.33
108,2,4,4,0,41,9,12,5,2,2,1,345.23
108,2,4,4,0,42,7,10,5,2,2,1,347.16
108,2,4,4,0,43,9,12,5,2,2,1,333.31
108,2,4,4,0,44,9,12,5,2,2,1,318.2
108,2,4,4,0,45,7,10,5,2,2,1,269.65
108,2,4,4,0,46,11,14,5,2,2,1,292.68
108,2,4,4,0,47,6,8,6,1,1,1,449.25
108,2,4,4,0,48,6,8,6,1,1,1,346.86
108,2,4,4,0,49,11,14,5,2,2,1,372.19
108,2,4,4,0,50,4,6,6,1,1,1,385.91
108,2,4,4,0,51,6,8,6,1,1,1,375.48
108,2,4,4,0,52,2,4,6,1,1,1,347.27
108,2,4,4,0,53,7,10,5,2,2,1,395.09
108,2,4,4,0,54,11,14,5,2,2,1,437.92
108,2,4,4,0,55,4,6,6,1,1,1,333.53
108,2,4,4,0,56,7,10,5,2,1,0,330.83
108,2,4,4,0,57,7,10,5,2,2,1,428
108,2,4,4,0,58,2,4,6,1,1,1,467.76
108,2,4,4,0,59,11,14,5,2,2,1,408.15
108,2,4,4,0,60,9,12,5,2,2,1,382.72
108,2,4,4,0,61,9,12,5,2,2,1,326.59
108,2,4,4,0,62,6,8,6,1,1,1,457.97
108,2,4,4,0,63,4,6,6,1,1,1,336.32
108,2,4,4,0,64,9,12,5,2,2,1,389.25
108,2,4,4,0,65,7,10,5,2,2,1,596.8
108,2,4,4,0,66,2,4,6,1,1,1,359.1
108,2,4,4,0,67,11,14,5,2,2,1,394.06
108,2,4,4,0,68,7,10,5,2,2,1,515.89
108,2,4,4,0,69,9,12,5,2,2,1,335.02
108,2,4,4,0,70,4,6,6,1,1,1,397.98
108,2,4,4,0,71,6,8,6,1,1,1,364.3
108,2,4,4,0,72,4,6,6,1,1,1,375.01
108,2,4,4,0,73,4,6,6,1,1,1,366.3
108,2,4,4,0,74,4,6,6,1,1,1,316.53
108,2,4,4,0,75,9,12,5,2,2,1,416.88
108,2,4,4,0,76,9,12,5,2,2,1,876.64
108,2,4,4,0,77,6,8,6,1,1,1,453.53
108,2,4,4,0,78,7,10,5,2,2,1,486.36
108,2,4,4,0,79,6,8,6,1,1,1,429.44
108,2,4,4,0,80,6,8,6,1,1,1,361.06
108,2,4,4,0,81,2,4,6,1,1,1,353.33
108,2,4,4,0,82,2,4,6,1,1,1,338.71
108,2,4,4,0,83,2,4,6,1,1,1,296.14
108,2,4,4,0,84,7,10,5,2,2,1,437.96
108,2,4,4,0,85,9,12,5,2,2,1,343.7
108,2,4,4,0,86,6,8,6,1,1,1,425.25
108,2,4,4,0,87,2,4,6,1,1,1,339.79
108,2,4,4,0,88,9,12,5,2,2,1,425.16
108,2,4,4,0,89,6,8,6,1,1,1,390.87
108,2,4,4,0,90,11,14,5,2,2,1,348.01
108,2,4,4,0,91,9,12,5,2,2,1,398.48
108,2,4,4,0,92,6,8,6,1,1,1,359.69
108,2,4,4,0,93,2,4,6,1,1,1,381.15
108,2,4,4,0,94,11,14,5,2,2,1,879.19
108,2,4,4,0,95,9,12,5,2,2,1,368.41
108,2,4,4,0,96,11,14,5,2,2,1,366.94
108,2,4,4,0,97,2,4,6,1,1,1,338
108,2,4,4,0,98,11,14,5,2,2,1,465.65
108,2,4,4,0,99,2,4,6,1,1,1,331.8
108,2,4,4,0,100,7,10,5,2,2,1,386.12
108,2,4,4,0,101,6,8,6,1,1,1,382.81
108,2,4,4,0,102,6,8,6,1,1,1,451.87
108,2,4,4,0,103,9,12,5,2,2,1,339.17
108,2,4,4,0,104,6,8,6,1,1,1,579.16
108,2,4,4,0,105,11,14,5,2,2,1,433.34
108,2,4,4,0,106,7,10,5,2,1,0,438.18
108,2,4,4,0,107,4,6,6,1,1,1,450.94
108,2,4,4,0,108,4,6,6,1,1,1,369.58
108,2,4,4,0,109,11,14,5,2,2,1,405.6
108,2,4,4,0,110,2,4,6,1,1,1,401.04
108,2,4,4,0,111,4,6,6,1,1,1,402.65
108,2,4,4,0,112,11,14,5,2,2,1,401.06
108,2,4,4,0,113,7,10,5,2,1,0,413.59
108,2,4,4,0,114,4,6,6,1,1,1,408.26
108,2,4,4,0,115,4,6,6,1,1,1,360.07
108,2,4,4,0,116,4,6,6,1,1,1,384.88
108,2,4,4,0,117,4,6,6,1,1,1,349.37
108,2,4,4,0,118,6,8,6,1,1,1,487.29
108,2,4,4,0,119,7,10,5,2,2,1,395.55
108,2,4,4,0,120,2,4,6,1,1,1,388.26
108,2,4,3,1,1,10,12,6,2,2,1,388.18
108,2,4,3,1,2,12,14,6,2,2,1,360.88
108,2,4,3,1,3,1,4,5,1,1,1,330.78
108,2,4,3,1,4,12,14,6,2,2,1,391.99
108,2,4,3,1,5,10,12,6,2,2,1,340.83
108,2,4,3,1,6,1,4,5,1,1,1,346.67
108,2,4,3,1,7,10,12,6,2,2,1,854.77
108,2,4,3,1,8,3,6,5,1,1,1,439.61
108,2,4,3,1,9,8,10,6,2,2,1,314.25
108,2,4,3,1,10,8,10,6,2,2,1,547.46
108,2,4,3,1,11,8,10,6,2,2,1,402.69
108,2,4,3,1,12,3,6,5,1,1,1,344.96
108,2,4,3,1,13,5,8,5,1,1,1,339.52
108,2,4,3,1,14,5,8,5,1,1,1,291.15
108,2,4,3,1,15,5,8,5,1,1,1,331.09
108,2,4,3,1,16,1,4,5,1,1,1,328.61
108,2,4,3,1,17,10,12,6,2,2,1,467.15
108,2,4,3,1,18,1,4,5,1,1,1,314.59
108,2,4,3,1,19,3,6,5,1,1,1,353.54
108,2,4,3,1,20,12,14,6,2,2,1,875.35
108,2,4,3,1,21,8,10,6,2,2,1,392.44
108,2,4,3,1,22,3,6,5,1,1,1,400.33
108,2,4,3,1,23,5,8,5,1,1,1,330.43
108,2,4,3,1,24,12,14,6,2,2,1,484.44
108,2,4,3,0,1,1,4,5,1,1,1,340.92
108,2,4,3,0,2,12,14,6,2,2,1,393.59
108,2,4,3,0,3,5,8,5,1,1,1,405.13
108,2,4,3,0,4,8,10,6,2,2,1,1096
108,2,4,3,0,5,3,6,5,1,1,1,372.15
108,2,4,3,0,6,5,8,5,1,1,1,605.43
108,2,4,3,0,7,12,14,6,2,2,1,347.72
108,2,4,3,0,8,3,6,5,1,1,1,347.08
108,2,4,3,0,9,8,10,6,2,2,1,341.16
108,2,4,3,0,10,8,10,6,2,2,1,375.47
108,2,4,3,0,11,12,14,6,2,2,1,318.71
108,2,4,3,0,12,5,8,5,1,1,1,324.13
108,2,4,3,0,13,5,8,5,1,1,1,307.24
108,2,4,3,0,14,8,10,6,2,2,1,408.55
108,2,4,3,0,15,12,14,6,2,2,1,568.97
108,2,4,3,0,16,1,4,5,1,1,1,327.56
108,2,4,3,0,17,8,10,6,2,2,1,429.23
108,2,4,3,0,18,12,14,6,2,2,1,431.55
108,2,4,3,0,19,1,4,5,1,1,1,396.49
108,2,4,3,0,20,8,10,6,2,2,1,437.09
108,2,4,3,0,21,5,8,5,1,1,1,350.71
108,2,4,3,0,22,12,14,6,2,2,1,369.06
108,2,4,3,0,23,12,14,6,2,2,1,353.36
108,2,4,3,0,24,8,10,6,2,2,1,348.07
108,2,4,3,0,25,1,4,5,1,1,1,325.83
108,2,4,3,0,26,10,12,6,2,2,1,440.9
108,2,4,3,0,27,10,12,6,2,2,1,380.52
108,2,4,3,0,28,12,14,6,2,2,1,353.46
108,2,4,3,0,29,1,4,5,1,1,1,393.8
108,2,4,3,0,30,10,12,6,2,2,1,347.5
108,2,4,3,0,31,1,4,5,1,1,1,351.62
108,2,4,3,0,32,5,8,5,1,1,1,401.53
108,2,4,3,0,33,3,6,5,1,1,1,340.46
108,2,4,3,0,34,8,10,6,2,2,1,388.37
108,2,4,3,0,35,3,6,5,1,1,1,381.88
108,2,4,3,0,36,10,12,6,2,2,1,415.98
108,2,4,3,0,37,12,14,6,2,2,1,335.37
108,2,4,3,0,38,5,8,5,1,1,1,393.07
108,2,4,3,0,39,1,4,5,1,1,1,320.06
108,2,4,3,0,40,1,4,5,1,1,1,359.97
108,2,4,3,0,41,1,4,5,1,1,1,419.56
108,2,4,3,0,42,10,12,6,2,2,1,455.16
108,2,4,3,0,43,12,14,6,2,2,1,369.78
108,2,4,3,0,44,5,8,5,1,1,1,378.89
108,2,4,3,0,45,5,8,5,1,1,1,315.69
108,2,4,3,0,46,10,12,6,2,2,1,396.17
108,2,4,3,0,47,5,8,5,1,1,1,330.82
108,2,4,3,0,48,8,10,6,2,2,1,450.79
108,2,4,3,0,49,5,8,5,1,1,1,399.38
108,2,4,3,0,50,10,12,6,2,2,1,516.5
108,2,4,3,0,51,8,10,6,2,2,1,379.34
108,2,4,3,0,52,5,8,5,1,1,1,512.98
108,2,4,3,0,53,8,10,6,2,2,1,565.85
108,2,4,3,0,54,1,4,5,1,1,1,376.22
108,2,4,3,0,55,10,12,6,2,2,1,395.49
108,2,4,3,0,56,3,6,5,1,1,1,332.91
108,2,4,3,0,57,1,4,5,1,1,1,342.74
108,2,4,3,0,58,3,6,5,1,1,1,358.66
108,2,4,3,0,59,1,4,5,1,1,1,337.44
108,2,4,3,0,60,10,12,6,2,2,1,438.16
108,2,4,3,0,61,1,4,5,1,1,1,393.45
108,2,4,3,0,62,8,10,6,2,2,1,508.49
108,2,4,3,0,63,3,6,5,1,1,1,483.74
108,2,4,3,0,64,12,14,6,2,2,1,364.97
108,2,4,3,0,65,12,14,6,2,2,1,396.55
108,2,4,3,0,66,5,8,5,1,1,1,363.43
108,2,4,3,0,67,3,6,5,1,1,1,389.63
108,2,4,3,0,68,3,6,5,1,1,1,411.32
108,2,4,3,0,69,10,12,6,2,2,1,371.02
108,2,4,3,0,70,3,6,5,1,1,1,335.89
108,2,4,3,0,71,1,4,5,1,1,1,319.61
108,2,4,3,0,72,3,6,5,1,1,1,349.5
108,2,4,3,0,73,12,14,6,2,2,1,401.86
108,2,4,3,0,74,5,8,5,1,1,1,328.29
108,2,4,3,0,75,10,12,6,2,2,1,451.47
108,2,4,3,0,76,5,8,5,1,1,1,388.13
108,2,4,3,0,77,3,6,5,1,1,1,354.68
108,2,4,3,0,78,5,8,5,1,1,1,384.1
108,2,4,3,0,79,12,14,6,2,2,1,364.02
108,2,4,3,0,80,1,4,5,1,1,1,273.61
108,2,4,3,0,81,3,6,5,1,1,1,391.3
108,2,4,3,0,82,10,12,6,2,2,1,375.7
108,2,4,3,0,83,10,12,6,2,1,0,235.72
108,2,4,3,0,84,8,10,6,2,2,1,435.8
108,2,4,3,0,85,10,12,6,2,2,1,679.66
108,2,4,3,0,86,1,4,5,1,1,1,321.66
108,2,4,3,0,87,5,8,5,1,1,1,372.29
108,2,4,3,0,88,12,14,6,2,2,1,734.84
108,2,4,3,0,89,1,4,5,1,1,1,364.46
108,2,4,3,0,90,5,8,5,1,1,1,483.97
108,2,4,3,0,91,8,10,6,2,2,1,363.12
108,2,4,3,0,92,12,14,6,2,2,1,363.76
108,2,4,3,0,93,10,12,6,2,2,1,343.32
108,2,4,3,0,94,12,14,6,2,2,1,313.85
108,2,4,3,0,95,8,10,6,2,1,0,614.28
108,2,4,3,0,96,8,10,6,2,1,0,813.7
108,2,4,3,0,97,1,4,5,1,1,1,578.4
108,2,4,3,0,98,3,6,5,1,1,1,337.69
108,2,4,3,0,99,3,6,5,1,1,1,382.03
108,2,4,3,0,100,8,10,6,2,2,1,536.64
108,2,4,3,0,101,8,10,6,2,2,1,413.64
108,2,4,3,0,102,12,14,6,2,1,0,465.27
108,2,4,3,0,103,10,12,6,2,2,1,549.24
108,2,4,3,0,104,12,14,6,2,2,1,349.19
108,2,4,3,0,105,5,8,5,1,1,1,548.35
108,2,4,3,0,106,1,4,5,1,1,1,388.33
108,2,4,3,0,107,1,4,5,1,1,1,335.12
108,2,4,3,0,108,5,8,5,1,1,1,365.92
108,2,4,3,0,109,10,12,6,2,2,1,555.47
108,2,4,3,0,110,3,6,5,1,1,1,409.47
108,2,4,3,0,111,3,6,5,1,1,1,358.56
108,2,4,3,0,112,3,6,5,1,1,1,349.02
108,2,4,3,0,113,3,6,5,1,1,1,324.34
108,2,4,3,0,114,8,10,6,2,2,1,521.01
108,2,4,3,0,115,12,14,6,2,2,1,376.53
108,2,4,3,0,116,3,6,5,1,1,1,412.2
108,2,4,3,0,117,10,12,6,2,2,1,385.27
108,2,4,3,0,118,10,12,6,2,2,1,353.03
108,2,4,3,0,119,10,12,6,2,2,1,332.52
108,2,4,3,0,120,8,10,6,2,2,1,345.78
