101,1,2,3,1,1,3,6,4,1,1,1,1762.9
101,1,2,3,1,2,10,8,7,2,2,1,700.05
101,1,2,3,1,3,5,6,5,1,1,1,2628.1
101,1,2,3,1,4,3,6,4,1,1,1,751.6
101,1,2,3,1,5,12,8,8,2,2,1,896.51
101,1,2,3,1,6,5,6,5,1,1,1,3274.7
101,1,2,3,1,7,10,8,7,2,2,1,912.47
101,1,2,3,1,8,8,8,6,2,2,1,2163.6
101,1,2,3,1,9,8,8,6,2,2,1,591.53
101,1,2,3,1,10,8,8,6,2,2,1,539
101,1,2,3,1,11,8,8,6,2,2,1,625.21
101,1,2,3,1,12,12,8,8,2,2,1,777.13
101,1,2,3,1,13,12,8,8,2,2,1,551.74
101,1,2,3,1,14,1,6,3,1,1,1,799.21
101,1,2,3,1,15,5,6,5,1,1,1,1038.7
101,1,2,3,1,16,3,6,4,1,1,1,646.33
101,1,2,3,1,17,1,6,3,1,1,1,647.11
101,1,2,3,1,18,12,8,8,2,2,1,1284.1
101,1,2,3,1,19,10,8,7,2,2,1,1385.1
101,1,2,3,1,20,3,6,4,1,1,1,653.57
101,1,2,3,1,21,5,6,5,1,1,1,914.86
101,1,2,3,1,22,1,6,3,1,1,1,646.35
101,1,2,3,1,23,10,8,7,2,2,1,731.18
101,1,2,3,1,24,1,6,3,1,1,1,633.31
101,1,2,3,0,1,8,8,6,2,2,1,1625.6
101,1,2,3,0,2,5,6,5,1,1,1,815.6
101,1,2,3,0,3,12,8,8,2,2,1,546.46
101,1,2,3,0,4,5,6,5,1,1,1,949.3
101,1,2,3,0,5,12,8,8,2,2,1,638.05
101,1,2,3,0,6,5,6,5,1,1,1,719.21
101,1,2,3,0,7,12,8,8,2,2,1,647.77
101,1,2,3,0,8,3,6,4,1,1,1,601.01
101,1,2,3,0,9,8,8,6,2,2,1,2216.3
101,1,2,3,0,10,10,8,7,2,2,1,579.75
101,1,2,3,0,11,3,6,4,1,1,1,548.25
101,1,2,3,0,12,3,6,4,1,1,1,549.32
101,1,2,3,0,13,5,6,5,1,1,1,586.64
101,1,2,3,0,14,8,8,6,2,2,1,2812.8
101,1,2,3,0,15,3,6,4,1,1,1,607.13
101,1,2,3,0,16,10,8,7,2,2,1,515.61
101,1,2,3,0,17,5,6,5,1,1,1,572.86
101,1,2,3,0,18,1,6,3,1,1,1,586.4
101,1,2,3,0,19,12,8,8,2,2,1,701.81
101,1,2,3,0,20,12,8,8,2,2,1,712.91
101,1,2,3,0,21,5,6,5,1,1,1,1303.8
101,1,2,3,0,22,12,8,8,2,2,1,544.84
101,1,2,3,0,23,5,6,5,1,1,1,630.24
101,1,2,3,0,24,10,8,7,2,2,1,598.88
101,1,2,3,0,25,1,6,3,1,1,1,545.78
101,1,2,3,0,26,10,8,7,2,2,1,736.78
101,1,2,3,0,27,10,8,7,2,2,1,699.25
101,1,2,3,0,28,1,6,3,1,1,1,580.62
101,1,2,3,0,29,5,6,5,1,1,1,981.14
101,1,2,3,0,30,12,8,8,2,2,1,639.98
101,1,2,3,0,31,1,6,3,1,1,1,618.71
101,1,2,3,0,32,10,8,7,2,2,1,525.58
101,1,2,3,0,33,5,6,5,1,1,1,1189.5
101,1,2,3,0,34,10,8,7,2,2,1,760.98
101,1,2,3,0,35,1,6,3,1,1,1,711.68
101,1,2,3,0,36,1,6,3,1,1,1,560.87
101,1,2,3,0,37,5,6,5,1,1,1,968.32
101,1,2,3,0,38,1,6,3,1,1,1,532.32
101,1,2,3,0,39,12,8,8,2,2,1,726.03
101,1,2,3,0,40,12,8,8,2,2,1,885.95
101,1,2,3,0,41,12,8,8,2,2,1,749.75
101,1,2,3,0,42,8,8,6,2,2,1,1533
101,1,2,3,0,43,12,8,8,2,2,1,639.24
101,1,2,3,0,44,12,8,8,2,2,1,487.01
101,1,2,3,0,45,1,6,3,1,1,1,528.21
101,1,2,3,0,46,8,8,6,2,2,1,719.04
101,1,2,3,0,47,12,8,8,2,2,1,540.61
101,1,2,3,0,48,5,6,5,1,1,1,1232.5
101,1,2,3,0,49,8,8,6,2,2,1,2325.1
101,1,2,3,0,50,12,8,8,2,2,1,712.12
101,1,2,3,0,51,10,8,7,2,2,1,597.43
101,1,2,3,0,52,3,6,4,1,1,1,555.68
101,1,2,3,0,53,5,6,5,1,1,1,1009.7
101,1,2,3,0,54,5,6,5,1,1,1,659.95
101,1,2,3,0,55,1,6,3,1,1,1,652.5
101,1,2,3,0,56,5,6,5,1,1,1,1167.2
101,1,2,3,0,57,3,6,4,1,1,1,578.16
101,1,2,3,0,58,3,6,4,1,1,1,459.86
101,1,2,3,0,59,8,8,6,2,2,1,1442.1
101,1,2,3,0,60,10,8,7,2,2,1,628.31
101,1,2,3,0,61,8,8,6,2,2,1,870.83
101,1,2,3,0,62,1,6,3,1,1,1,752.48
101,1,2,3,0,63,8,8,6,2,2,1,3017.7
101,1,2,3,0,64,10,8,7,2,2,1,657.89
101,1,2,3,0,65,1,6,3,1,1,1,547.26
101,1,2,3,0,66,3,6,4,1,1,1,1412.9
101,1,2,3,0,67,10,8,7,2,2,1,537.69
101,1,2,3,0,68,8,8,6,2,2,1,742.95
101,1,2,3,0,69,1,6,3,1,1,1,1456.4
101,1,2,3,0,70,3,6,4,1,1,1,1450.6
101,1,2,3,0,71,10,8,7,2,2,1,603.5
101,1,2,3,0,72,3,6,4,1,1,1,611.03
101,1,2,3,0,73,3,6,4,1,1,1,895.2
101,1,2,3,0,74,10,8,7,2,2,1,589.13
101,1,2,3,0,75,12,8,8,2,2,1,699.63
101,1,2,3,0,76,8,8,6,2,2,1,771.74
101,1,2,3,0,77,1,6,3,1,1,1,556.39
101,1,2,3,0,78,3,6,4,1,1,1,545.08
101,1,2,3,0,79,3,6,4,1,1,1,575.26
101,1,2,3,0,80,1,6,3,1,1,1,655.74
101,1,2,3,0,81,5,6,5,1,1,1,864.78
101,1,2,3,0,82,3,6,4,1,1,1,573.04
101,1,2,3,0,83,10,8,7,2,2,1,715.73
101,1,2,3,0,84,3,6,4,1,1,1,604.5
101,1,2,3,0,85,3,6,4,1,1,1,492.93
101,1,2,3,0,86,1,6,3,1,1,1,498.72
101,1,2,3,0,87,5,6,5,1,1,1,840.23
101,1,2,3,0,88,10,8,7,2,2,1,598.64
101,1,2,3,0,89,1,6,3,1,1,1,480.06
101,1,2,3,0,90,8,8,6,2,2,1,674.14
101,1,2,3,0,91,12,8,8,2,2,1,567.52
101,1,2,3,0,92,5,6,5,1,1,1,871.33
101,1,2,3,0,93,10,8,7,2,2,1,521.66
101,1,2,3,0,94,3,6,4,1,1,1,543.9
101,1,2,3,0,95,12,8,8,2,2,1,663.73
101,1,2,3,0,96,10,8,7,2,2,1,658.38
101,1,2,3,0,97,8,8,6,2,2,1,638.91
101,1,2,3,0,98,1,6,3,1,1,1,619
101,1,2,3,0,99,10,8,7,2,2,1,1125.1
101,1,2,3,0,100,10,8,7,2,2,1,466.51
101,1,2,3,0,101,1,6,3,1,1,1,586.28
101,1,2,3,0,102,1,6,3,1,1,1,502.28
101,1,2,3,0,103,5,6,5,1,1,1,1233.7
101,1,2,3,0,104,8,8,6,2,2,1,1553.2
101,1,2,3,0,105,8,8,6,2,2,1,597.52
101,1,2,3,0,106,8,8,6,2,2,1,444.29
101,1,2,3,0,107,10,8,7,2,2,1,623.01
101,1,2,3,0,108,8,8,6,2,2,1,609.03
101,1,2,3,0,109,5,6,5,1,1,1,691.09
101,1,2,3,0,110,3,6,4,1,1,1,578.15
101,1,2,3,0,111,5,6,5,1,1,1,503.08
101,1,2,3,0,112,1,6,3,1,1,1,533.03
101,1,2,3,0,113,12,8,8,2,2,1,579.57
101,1,2,3,0,114,12,8,8,2,2,1,509.98
101,1,2,3,0,115,12,8,8,2,2,1,500.2
101,1,2,3,0,116,8,8,6,2,2,1,1242.8
101,1,2,3,0,117,8,8,6,2,2,1,871.12
101,1,2,3,0,118,3,6,4,1,1,1,627.98
101,1,2,3,0,119,3,6,4,1,1,1,492.62
101,1,2,3,0,120,8,8,6,2,2,1,725.56
101,1,2,4,1,1,4,8,4,1,1,1,1154.1
101,1,2,4,1,2,9,6,7,2,2,1,557.56
101,1,2,4,1,3,9,6,7,2,2,1,815.85
101,1,2,4,1,4,9,6,7,2,2,1,420.19
101,1,2,4,1,5,2,8,3,1,1,1,627.21
101,1,2,4,1,6,4,8,4,1,1,1,538.92
101,1,2,4,1,7,7,6,6,2,2,1,699.04
101,1,2,4,1,8,11,6,8,2,2,1,659
101,1,2,4,1,9,11,6,8,2,2,1,525.35
101,1,2,4,1,10,9,6,7,2,2,1,514.56
101,1,2,4,1,11,6,8,5,1,1,1,836.88
101,1,2,4,1,12,6,8,5,1,1,1,612.87
101,1,2,4,1,13,6,8,5,1,1,1,501.76
101,1,2,4,1,14,7,6,6,2,2,1,1697.2
101,1,2,4,1,15,4,8,4,1,1,1,671.53
101,1,2,4,1,16,2,8,3,1,1,1,571.67
101,1,2,4,1,17,4,8,4,1,1,1,434.39
101,1,2,4,1,18,7,6,6,2,2,1,2112.8
101,1,2,4,1,19,6,8,5,1,1,1,660.94
101,1,2,4,1,20,7,6,6,2,2,1,679.89
101,1,2,4,1,21,11,6,8,2,2,1,493.09
101,1,2,4,1,22,2,8,3,1,1,1,915.44
101,1,2,4,1,23,2,8,3,1,1,1,671.38
101,1,2,4,1,24,11,6,8,2,2,1,1701.5
101,1,2,4,0,1,4,8,4,1,1,1,755.27
101,1,2,4,0,2,2,8,3,1,1,1,621.47
101,1,2,4,0,3,4,8,4,1,1,1,583.28
101,1,2,4,0,4,7,6,6,2,2,1,672.15
101,1,2,4,0,5,7,6,6,2,2,1,606.11
101,1,2,4,0,6,6,8,5,1,1,1,951.53
101,1,2,4,0,7,7,6,6,2,2,1,570.49
101,1,2,4,0,8,11,6,8,2,2,1,591.72
101,1,2,4,0,9,4,8,4,1,1,1,679.29
101,1,2,4,0,10,6,8,5,1,1,1,644.15
101,1,2,4,0,11,7,6,6,2,2,1,911.32
101,1,2,4,0,12,6,8,5,1,1,1,729.19
101,1,2,4,0,13,7,6,6,2,2,1,966.35
101,1,2,4,0,14,4,8,4,1,1,1,751.68
101,1,2,4,0,15,2,8,3,1,1,1,1382.1
101,1,2,4,0,16,2,8,3,1,1,1,536.26
101,1,2,4,0,17,11,6,8,2,2,1,763.68
101,1,2,4,0,18,2,8,3,1,1,1,632.86
101,1,2,4,0,19,7,6,6,2,2,1,779.25
101,1,2,4,0,20,6,8,5,1,1,1,599.19
101,1,2,4,0,21,9,6,7,2,2,1,959.55
101,1,2,4,0,22,6,8,5,1,1,1,1511.6
101,1,2,4,0,23,6,8,5,1,1,1,727.34
101,1,2,4,0,24,6,8,5,1,1,1,577.75
101,1,2,4,0,25,7,6,6,2,2,1,1586.7
101,1,2,4,0,26,9,6,7,2,2,1,580.94
101,1,2,4,0,27,4,8,4,1,1,1,503.65
101,1,2,4,0,28,2,8,3,1,1,1,547.64
101,1,2,4,0,29,4,8,4,1,1,1,344.29
101,1,2,4,0,30,9,6,7,2,2,1,880.06
101,1,2,4,0,31,9,6,7,2,2,1,462.64
101,1,2,4,0,32,7,6,6,2,2,1,504.56
101,1,2,4,0,33,11,6,8,2,2,1,485.06
101,1,2,4,0,34,7,6,6,2,2,1,655.84
101,1,2,4,0,35,4,8,4,1,1,1,604.25
101,1,2,4,0,36,7,6,6,2,2,1,867.66
101,1,2,4,0,37,7,6,6,2,2,1,575.34
101,1,2,4,0,38,11,6,8,2,2,1,531.47
101,1,2,4,0,39,11,6,8,2,2,1,355.47
101,1,2,4,0,40,4,8,4,1,1,1,576.48
101,1,2,4,0,41,9,6,7,2,2,1,514.52
101,1,2,4,0,42,2,8,3,1,1,1,657.62
101,1,2,4,0,43,7,6,6,2,2,1,630.16
101,1,2,4,0,44,4,8,4,1,1,1,578.76
101,1,2,4,0,45,4,8,4,1,1,1,889.89
101,1,2,4,0,46,4,8,4,1,1,1,463.59
101,1,2,4,0,47,6,8,5,1,1,1,1171.6
101,1,2,4,0,48,9,6,7,2,2,1,615.06
101,1,2,4,0,49,2,8,3,1,1,1,616.66
101,1,2,4,0,50,6,8,5,1,1,1,545.35
101,1,2,4,0,51,9,6,7,2,2,1,582.05
101,1,2,4,0,52,2,8,3,1,1,1,554.49
101,1,2,4,0,53,7,6,6,2,2,1,1059.5
101,1,2,4,0,54,11,6,8,2,2,1,531.89
101,1,2,4,0,55,2,8,3,1,1,1,717.56
101,1,2,4,0,56,11,6,8,2,2,1,585.69
101,1,2,4,0,57,11,6,8,2,2,1,531.02
101,1,2,4,0,58,7,6,6,2,2,1,815.32
101,1,2,4,0,59,4,8,4,1,1,1,450.34
101,1,2,4,0,60,2,8,3,1,1,1,459.08
101,1,2,4,0,61,11,6,8,2,2,1,552.45
101,1,2,4,0,62,9,6,7,2,2,1,564.87
101,1,2,4,0,63,11,6,8,2,2,1,528
101,1,2,4,0,64,11,6,8,2,2,1,549.22
101,1,2,4,0,65,9,6,7,2,2,1,408.34
101,1,2,4,0,66,6,8,5,1,1,1,782.36
101,1,2,4,0,67,7,6,6,2,2,1,1229.3
101,1,2,4,0,68,9,6,7,2,2,1,509.02
101,1,2,4,0,69,9,6,7,2,2,1,423.42
101,1,2,4,0,70,9,6,7,2,2,1,465.47
101,1,2,4,0,71,6,8,5,1,1,1,598.55
101,1,2,4,0,72,7,6,6,2,2,1,841.77
101,1,2,4,0,73,2,8,3,1,1,1,603.97
101,1,2,4,0,74,9,6,7,2,2,1,541.11
101,1,2,4,0,75,9,6,7,2,2,1,545.1
101,1,2,4,0,76,4,8,4,1,1,1,589.84
101,1,2,4,0,77,6,8,5,1,1,1,586.3
101,1,2,4,0,78,2,8,3,1,1,1,689.73
101,1,2,4,0,79,4,8,4,1,1,1,573
101,1,2,4,0,80,6,8,5,1,1,1,676
101,1,2,4,0,81,2,8,3,1,1,1,538.43
101,1,2,4,0,82,11,6,8,2,2,1,589.38
101,1,2,4,0,83,6,8,5,1,1,1,863.82
101,1,2,4,0,84,4,8,4,1,1,1,549.08
101,1,2,4,0,85,4,8,4,1,1,1,639.09
101,1,2,4,0,86,9,6,7,2,2,1,568.04
101,1,2,4,0,87,9,6,7,2,2,1,478.19
101,1,2,4,0,88,2,8,3,1,1,1,637.78
101,1,2,4,0,89,11,6,8,2,2,1,851.21
101,1,2,4,0,90,6,8,5,1,1,1,811.85
101,1,2,4,0,91,2,8,3,1,1,1,574.07
101,1,2,4,0,92,4,8,4,1,1,1,546.07
101,1,2,4,0,93,9,6,7,2,2,1,604.98
101,1,2,4,0,94,6,8,5,1,1,1,754.09
101,1,2,4,0,95,11,6,8,2,2,1,731.5
101,1,2,4,0,96,11,6,8,2,2,1,669.91
101,1,2,4,0,97,2,8,3,1,1,1,830.98
101,1,2,4,0,98,2,8,3,1,1,1,954.28
101,1,2,4,0,99,11,6,8,2,2,1,968.16
101,1,2,4,0,100,11,6,8,2,2,1,1088.4
101,1,2,4,0,101,4,8,4,1,1,1,688.87
101,1,2,4,0,102,9,6,7,2,2,1,794.44
101,1,2,4,0,103,6,8,5,1,1,1,669.1
101,1,2,4,0,104,7,6,6,2,2,1,1149.3
101,1,2,4,0,105,2,8,3,1,1,1,590.71
101,1,2,4,0,106,4,8,4,1,1,1,825.61
101,1,2,4,0,107,7,6,6,2,2,1,722.07
101,1,2,4,0,108,9,6,7,2,2,1,882.81
101,1,2,4,0,109,7,6,6,2,2,1,1233.8
101,1,2,4,0,110,6,8,5,1,1,1,654.64
101,1,2,4,0,111,11,6,8,2,2,1,738.26
101,1,2,4,0,112,7,6,6,2,2,1,767.77
101,1,2,4,0,113,2,8,3,1,1,1,733.89
101,1,2,4,0,114,6,8,5,1,1,1,979.21
101,1,2,4,0,115,11,6,8,2,2,1,686.9
101,1,2,4,0,116,9,6,7,2,2,1,561.2
101,1,2,4,0,117,2,8,3,1,1,1,650.95
101,1,2,4,0,118,4,8,4,1,1,1,640.58
101,1,2,4,0,119,11,6,8,2,2,1,891.17
101,1,2,4,0,120,6,8,5,1,1,1,867.24
101,1,2,2,1,1,8,8,6,2,2,1,4115.1
101,1,2,2,1,2,8,8,6,2,2,1,672.9
101,1,2,2,1,3,12,8,8,2,2,1,587.38
101,1,2,2,1,4,10,8,7,2,2,1,508.06
101,1,2,2,1,5,2,8,3,1,1,1,538.28
101,1,2,2,1,6,6,8,5,1,1,1,2032.7
101,1,2,2,1,7,4,8,4,1,1,1,518.97
101,1,2,2,1,8,6,8,5,1,1,1,521.65
101,1,2,2,1,9,2,8,3,1,1,1,509.48
101,1,2,2,1,10,12,8,8,2,2,1,515.86
101,1,2,2,1,11,12,8,8,2,2,1,626.29
101,1,2,2,1,12,8,8,6,2,1,0,665.02
101,1,2,2,1,13,10,8,7,2,2,1,708.24
101,1,2,2,1,14,2,8,3,1,1,1,595.57
101,1,2,2,1,15,6,8,5,1,1,1,1233.6
101,1,2,2,1,16,4,8,4,1,1,1,688.73
101,1,2,2,1,17,6,8,5,1,1,1,821.2
101,1,2,2,1,18,4,8,4,1,1,1,660.2
101,1,2,2,1,19,12,8,8,2,2,1,539.06
101,1,2,2,1,20,8,8,6,2,2,1,1311.6
101,1,2,2,1,21,10,8,7,2,2,1,523.67
101,1,2,2,1,22,4,8,4,1,1,1,461.11
101,1,2,2,1,23,10,8,7,2,2,1,850.13
101,1,2,2,1,24,2,8,3,1,1,1,525.04
101,1,2,2,0,1,2,8,3,1,1,1,546.77
101,1,2,2,0,2,6,8,5,1,1,1,944.83
101,1,2,2,0,3,2,8,3,1,1,1,423.92
101,1,2,2,0,4,6,8,5,1,1,1,729.66
101,1,2,2,0,5,2,8,3,1,1,1,440.98
101,1,2,2,0,6,12,8,8,2,2,1,526.98
101,1,2,2,0,7,6,8,5,1,1,1,990.57
101,1,2,2,0,8,12,8,8,2,2,1,622.88
101,1,2,2,0,9,8,8,6,2,2,1,809.54
101,1,2,2,0,10,12,8,8,2,2,1,484.11
101,1,2,2,0,11,12,8,8,2,2,1,433.97
101,1,2,2,0,12,12,8,8,2,2,1,398.92
101,1,2,2,0,13,10,8,7,2,2,1,391.6
101,1,2,2,0,14,4,8,4,1,1,1,539.08
101,1,2,2,0,15,8,8,6,2,2,1,1072.6
101,1,2,2,0,16,2,8,3,1,1,1,516.77
101,1,2,2,0,17,4,8,4,1,1,1,622.98
101,1,2,2,0,18,4,8,4,1,1,1,495.2
101,1,2,2,0,19,2,8,3,1,1,1,469.07
101,1,2,2,0,20,12,8,8,2,2,1,529.27
101,1,2,2,0,21,4,8,4,1,1,1,889.26
101,1,2,2,0,22,10,8,7,2,2,1,934.87
101,1,2,2,0,23,10,8,7,2,2,1,1046.5
101,1,2,2,0,24,12,8,8,2,2,1,454.14
101,1,2,2,0,25,6,8,5,1,1,1,710.39
101,1,2,2,0,26,10,8,7,2,2,1,700.43
101,1,2,2,0,27,8,8,6,2,1,0,1273.7
101,1,2,2,0,28,4,8,4,1,1,1,732.23
101,1,2,2,0,29,2,8,3,1,1,1,539.05
101,1,2,2,0,30,12,8,8,2,2,1,555.72
101,1,2,2,0,31,6,8,5,1,1,1,866.87
101,1,2,2,0,32,10,8,7,2,2,1,492.28
101,1,2,2,0,33,10,8,7,2,2,1,480.1
101,1,2,2,0,34,6,8,5,1,1,1,974.87
101,1,2,2,0,35,4,8,4,1,1,1,487.76
101,1,2,2,0,36,10,8,7,2,2,1,618.42
101,1,2,2,0,37,12,8,8,2,2,1,509.45
101,1,2,2,0,38,6,8,5,1,1,1,878.01
101,1,2,2,0,39,10,8,7,2,2,1,578.75
101,1,2,2,0,40,10,8,7,2,2,1,538.57
101,1,2,2,0,41,10,8,7,2,2,1,620.01
101,1,2,2,0,42,10,8,7,2,2,1,479.14
101,1,2,2,0,43,10,8,7,2,2,1,401.26
101,1,2,2,0,44,8,8,6,2,2,1,1789
101,1,2,2,0,45,12,8,8,2,2,1,765.92
101,1,2,2,0,46,8,8,6,2,2,1,794.72
101,1,2,2,0,47,4,8,4,1,1,1,659.21
101,1,2,2,0,48,8,8,6,2,2,1,733.68
101,1,2,2,0,49,2,8,3,1,1,1,533.54
101,1,2,2,0,50,12,8,8,2,2,1,796.72
101,1,2,2,0,51,4,8,4,1,1,1,635.05
101,1,2,2,0,52,2,8,3,1,1,1,548.15
101,1,2,2,0,53,6,8,5,1,1,1,841.27
101,1,2,2,0,54,6,8,5,1,1,1,599.31
101,1,2,2,0,55,4,8,4,1,1,1,650.29
101,1,2,2,0,56,12,8,8,2,2,1,701.29
101,1,2,2,0,57,8,8,6,2,2,1,1488.3
101,1,2,2,0,58,8,8,6,2,2,1,617.1
101,1,2,2,0,59,8,8,6,2,2,1,455.6
101,1,2,2,0,60,2,8,3,1,1,1,525.83
101,1,2,2,0,61,8,8,6,2,2,1,1070.2
101,1,2,2,0,62,8,8,6,2,2,1,934.63
101,1,2,2,0,63,10,8,7,2,2,1,1113.2
101,1,2,2,0,64,2,8,3,1,1,1,536.23
101,1,2,2,0,65,10,8,7,2,2,1,1001.6
101,1,2,2,0,66,2,8,3,1,1,1,601.18
101,1,2,2,0,67,12,8,8,2,2,1,1336
101,1,2,2,0,68,4,8,4,1,1,1,602.92
101,1,2,2,0,69,6,8,5,1,1,1,1423.9
101,1,2,2,0,70,2,8,3,1,1,1,599.16
101,1,2,2,0,71,2,8,3,1,1,1,607.46
101,1,2,2,0,72,4,8,4,1,1,1,491.81
101,1,2,2,0,73,2,8,3,1,1,1,506.59
101,1,2,2,0,74,8,8,6,2,2,1,964.86
101,1,2,2,0,75,2,8,3,1,1,1,660.1
101,1,2,2,0,76,8,8,6,2,2,1,1045.2
101,1,2,2,0,77,2,8,3,1,1,1,682.6
101,1,2,2,0,78,12,8,8,2,2,1,765.99
101,1,2,2,0,79,8,8,6,2,2,1,742.85
101,1,2,2,0,80,6,8,5,1,1,1,1211
101,1,2,2,0,81,10,8,7,2,2,1,720.7
101,1,2,2,0,82,8,8,6,2,2,1,659.25
101,1,2,2,0,83,4,8,4,1,1,1,759.19
101,1,2,2,0,84,2,8,3,1,1,1,667.58
101,1,2,2,0,85,6,8,5,1,1,1,903.17
101,1,2,2,0,86,10,8,7,2,2,1,576.06
101,1,2,2,0,87,6,8,5,1,1,1,1074.7
101,1,2,2,0,88,12,8,8,2,2,1,579.02
101,1,2,2,0,89,10,8,7,2,2,1,610.15
101,1,2,2,0,90,10,8,7,2,2,1,525.3
101,1,2,2,0,91,6,8,5,1,1,1,808.86
101,1,2,2,0,92,8,8,6,2,2,1,1386.1
101,1,2,2,0,93,10,8,7,2,2,1,631.13
101,1,2,2,0,94,4,8,4,1,1,1,755.25
101,1,2,2,0,95,10,8,7,2,1,0,709.51
101,1,2,2,0,96,6,8,5,1,1,1,831.04
101,1,2,2,0,97,6,8,5,1,1,1,643.44
101,1,2,2,0,98,12,8,8,2,2,1,771.48
101,1,2,2,0,99,6,8,5,1,1,1,790.58
101,1,2,2,0,100,8,8,6,2,2,1,1243.1
101,1,2,2,0,101,4,8,4,1,1,1,660.83
101,1,2,2,0,102,4,8,4,1,1,1,770.64
101,1,2,2,0,103,12,8,8,2,2,1,815.63
101,1,2,2,0,104,12,8,8,2,2,1,513
101,1,2,2,0,105,4,8,4,1,1,1,568.49
101,1,2,2,0,106,2,8,3,1,1,1,621.31
101,1,2,2,0,107,6,8,5,1,1,1,3404.6
101,1,2,2,0,108,4,8,4,1,1,1,653.39
101,1,2,2,0,109,4,8,4,1,1,1,637.16
101,1,2,2,0,110,4,8,4,1,1,1,460.74
101,1,2,2,0,111,12,8,8,2,2,1,611.84
101,1,2,2,0,112,6,8,5,1,2,0,4444
101,1,2,2,0,113,8,8,6,2,2,1,1190.4
101,1,2,2,0,114,8,8,6,2,2,1,591.29
101,1,2,2,0,115,4,8,4,1,1,1,621.81
101,1,2,2,0,116,12,8,8,2,2,1,670.64
101,1,2,2,0,117,6,8,5,1,1,1,1660.4
101,1,2,2,0,118,2,8,3,1,1,1,617.29
101,1,2,2,0,119,2,8,3,1,1,1,511.08
101,1,2,2,0,120,8,8,6,2,2,1,1156.1
101,1,2,1,1,1,7,6,6,2,2,1,1315.7
101,1,2,1,1,2,5,6,5,1,2,0,2254.7
101,1,2,1,1,3,11,6,8,2,2,1,650.05
101,1,2,1,1,4,3,6,4,1,1,1,639.73
101,1,2,1,1,5,3,6,4,1,1,1,703.47
101,1,2,1,1,6,1,6,3,1,1,1,611.48
101,1,2,1,1,7,1,6,3,1,1,1,604.34
101,1,2,1,1,8,9,6,7,2,2,1,671.82
101,1,2,1,1,9,3,6,4,1,1,1,731.23
101,1,2,1,1,10,11,6,8,2,2,1,534.51
101,1,2,1,1,11,5,6,5,1,2,0,2854.1
101,1,2,1,1,12,3,6,4,1,1,1,564.43
101,1,2,1,1,13,1,6,3,1,1,1,542.34
101,1,2,1,1,14,9,6,7,2,2,1,639.7
101,1,2,1,1,15,7,6,6,2,2,1,1277.6
101,1,2,1,1,16,1,6,3,1,1,1,499.32
101,1,2,1,1,17,5,6,5,1,1,1,1326.2
101,1,2,1,1,18,7,6,6,2,2,1,861.59
101,1,2,1,1,19,9,6,7,2,2,1,662.64
101,1,2,1,1,20,7,6,6,2,2,1,1434.8
101,1,2,1,1,21,11,6,8,2,2,1,782.06
101,1,2,1,1,22,9,6,7,2,2,1,1254.6
101,1,2,1,1,23,11,6,8,2,2,1,606.29
101,1,2,1,1,24,5,6,5,1,1,1,848.66
101,1,2,1,0,1,5,6,5,1,1,1,606.41
101,1,2,1,0,2,1,6,3,1,1,1,528.05
101,1,2,1,0,3,5,6,5,1,1,1,995.97
101,1,2,1,0,4,7,6,6,2,1,0,1555.5
101,1,2,1,0,5,3,6,4,1,1,1,589.32
101,1,2,1,0,6,1,6,3,1,1,1,575.16
101,1,2,1,0,7,9,6,7,2,2,1,1076.6
101,1,2,1,0,8,7,6,6,2,2,1,2078.4
101,1,2,1,0,9,7,6,6,2,2,1,965.29
101,1,2,1,0,10,7,6,6,2,2,1,560.01
101,1,2,1,0,11,3,6,4,1,1,1,537.91
101,1,2,1,0,12,11,6,8,2,2,1,1088.4
101,1,2,1,0,13,1,6,3,1,1,1,582.65
101,1,2,1,0,14,3,6,4,1,1,1,661.45
101,1,2,1,0,15,11,6,8,2,2,1,723.17
101,1,2,1,0,16,3,6,4,1,1,1,548.28
101,1,2,1,0,17,7,6,6,2,2,1,1643.8
101,1,2,1,0,18,5,6,5,1,1,1,1103
101,1,2,1,0,19,7,6,6,2,2,1,2775.5
101,1,2,1,0,20,11,6,8,2,2,1,769.9
101,1,2,1,0,21,9,6,7,2,2,1,704.59
101,1,2,1,0,22,5,6,5,1,1,1,1020.2
101,1,2,1,0,23,1,6,3,1,1,1,704.06
101,1,2,1,0,24,1,6,3,1,1,1,1200.5
101,1,2,1,0,25,1,6,3,1,1,1,634.48
101,1,2,1,0,26,1,6,3,1,1,1,608.03
101,1,2,1,0,27,11,6,8,2,2,1,616.22
101,1,2,1,0,28,3,6,4,1,1,1,682.72
101,1,2,1,0,29,9,6,7,2,2,1,560.66
101,1,2,1,0,30,11,6,8,2,2,1,550.62
101,1,2,1,0,31,11,6,8,2,2,1,692.63
101,1,2,1,0,32,11,6,8,2,2,1,428.35
101,1,2,1,0,33,1,6,3,1,1,1,588
101,1,2,1,0,34,3,6,4,1,1,1,577.17
101,1,2,1,0,35,11,6,8,2,2,1,599.97
101,1,2,1,0,36,5,6,5,1,1,1,1626.2
101,1,2,1,0,37,9,6,7,2,2,1,699.64
101,1,2,1,0,38,7,6,6,2,2,1,2405.7
101,1,2,1,0,39,3,6,4,1,1,1,624.53
101,1,2,1,0,40,9,6,7,2,2,1,596.05
101,1,2,1,0,41,7,6,6,2,2,1,1346.2
101,1,2,1,0,42,3,6,4,1,1,1,615.03
101,1,2,1,0,43,1,6,3,1,1,1,684.72
101,1,2,1,0,44,1,6,3,1,1,1,531.29
101,1,2,1,0,45,1,6,3,1,1,1,557.77
101,1,2,1,0,46,11,6,8,2,2,1,583.18
101,1,2,1,0,47,3,6,4,1,1,1,896.52
101,1,2,1,0,48,3,6,4,1,1,1,477.85
101,1,2,1,0,49,1,6,3,1,1,1,468.77
101,1,2,1,0,50,11,6,8,2,2,1,557.63
101,1,2,1,0,51,9,6,7,2,2,1,1055.9
101,1,2,1,0,52,9,6,7,2,2,1,652.22
101,1,2,1,0,53,11,6,8,2,2,1,504.71
101,1,2,1,0,54,5,6,5,1,1,1,839.99
101,1,2,1,0,55,9,6,7,2,2,1,662.85
101,1,2,1,0,56,1,6,3,1,1,1,759.28
101,1,2,1,0,57,5,6,5,1,1,1,1234
101,1,2,1,0,58,5,6,5,1,1,1,574.32
101,1,2,1,0,59,3,6,4,1,1,1,671.35
101,1,2,1,0,60,11,6,8,2,2,1,524.98
101,1,2,1,0,61,9,6,7,2,2,1,430.02
101,1,2,1,0,62,11,6,8,2,2,1,436.43
101,1,2,1,0,63,9,6,7,2,2,1,539.49
101,1,2,1,0,64,9,6,7,2,2,1,435.74
101,1,2,1,0,65,9,6,7,2,2,1,451.32
101,1,2,1,0,66,7,6,6,2,2,1,1585.6
101,1,2,1,0,67,7,6,6,2,2,1,562.87
101,1,2,1,0,68,9,6,7,2,2,1,395.66
101,1,2,1,0,69,11,6,8,2,2,1,435.93
101,1,2,1,0,70,1,6,3,1,1,1,505.64
101,1,2,1,0,71,7,6,6,2,2,1,1513.7
101,1,2,1,0,72,3,6,4,1,1,1,587.9
101,1,2,1,0,73,7,6,6,2,2,1,2242
101,1,2,1,0,74,5,6,5,1,1,1,795.21
101,1,2,1,0,75,1,6,3,1,1,1,557.51
101,1,2,1,0,76,7,6,6,2,2,1,1014.1
101,1,2,1,0,77,7,6,6,2,2,1,606.88
101,1,2,1,0,78,5,6,5,1,1,1,754.82
101,1,2,1,0,79,1,6,3,1,1,1,535.82
101,1,2,1,0,80,1,6,3,1,1,1,562.86
101,1,2,1,0,81,7,6,6,2,2,1,654.63
101,1,2,1,0,82,9,6,7,2,2,1,634.31
101,1,2,1,0,83,3,6,4,1,1,1,627.92
101,1,2,1,0,84,5,6,5,1,1,1,1579.4
101,1,2,1,0,85,9,6,7,2,2,1,591.19
101,1,2,1,0,86,3,6,4,1,1,1,686.19
101,1,2,1,0,87,5,6,5,1,1,1,1520.2
101,1,2,1,0,88,9,6,7,2,2,1,611.18
101,1,2,1,0,89,9,6,7,2,2,1,577.31
101,1,2,1,0,90,9,6,7,2,2,1,713.35
101,1,2,1,0,91,3,6,4,1,1,1,680.29
101,1,2,1,0,92,5,6,5,1,1,1,1063.3
101,1,2,1,0,93,5,6,5,1,1,1,573.86
101,1,2,1,0,94,5,6,5,1,1,1,670.42
101,1,2,1,0,95,5,6,5,1,1,1,752.97
101,1,2,1,0,96,3,6,4,1,1,1,587.32
101,1,2,1,0,97,5,6,5,1,1,1,713.1
101,1,2,1,0,98,9,6,7,2,2,1,667.56
101,1,2,1,0,99,7,6,6,2,2,1,1282.7
101,1,2,1,0,100,7,6,6,2,2,1,741.73
101,1,2,1,0,101,3,6,4,1,1,1,522.62
101,1,2,1,0,102,3,6,4,1,1,1,1026.6
101,1,2,1,0,103,11,6,8,2,2,1,553.35
101,1,2,1,0,104,7,6,6,2,2,1,969.2
101,1,2,1,0,105,9,6,7,2,2,1,665.61
101,1,2,1,0,106,7,6,6,2,2,1,739.77
101,1,2,1,0,107,11,6,8,2,2,1,480.37
101,1,2,1,0,108,1,6,3,1,1,1,872.09
101,1,2,1,0,109,7,6,6,2,2,1,1074.2
101,1,2,1,0,110,5,6,5,1,1,1,1207.4
101,1,2,1,0,111,1,6,3,1,1,1,630.01
101,1,2,1,0,112,11,6,8,2,2,1,575.48
101,1,2,1,0,113,11,6,8,2,2,1,542.25
101,1,2,1,0,114,3,6,4,1,1,1,579.93
101,1,2,1,0,115,3,6,4,1,1,1,983.84
101,1,2,1,0,116,11,6,8,2,2,1,1054.2
101,1,2,1,0,117,5,6,5,1,1,1,849.2
101,1,2,1,0,118,11,6,8,2,2,1,578.3
101,1,2,1,0,119,1,6,3,1,1,1,505.11
101,1,2,1,0,120,5,6,5,1,1,1,963.21
101,1,2,5,1,1,10,8,7,2,2,1,1316.9
101,1,2,5,1,2,11,6,8,2,2,1,457.43
101,1,2,5,1,3,7,6,6,2,2,1,1407.8
101,1,2,5,1,4,11,6,8,2,2,1,456.9
101,1,2,5,1,5,2,8,3,1,1,1,560.7
101,1,2,5,1,6,9,6,7,2,2,1,632.58
101,1,2,5,1,7,4,8,4,1,1,1,927.08
101,1,2,5,1,8,2,8,3,1,1,1,557.01
101,1,2,5,1,9,12,8,8,2,2,1,570.15
101,1,2,5,1,10,8,8,6,2,2,1,2657.3
101,1,2,5,1,11,1,6,3,1,1,1,546.8
101,1,2,5,1,12,8,8,6,2,2,1,902.46
101,1,2,5,1,13,1,6,3,1,1,1,608.64
101,1,2,5,1,14,6,8,5,1,1,1,918.48
101,1,2,5,1,15,9,6,7,2,2,1,621.76
101,1,2,5,1,16,12,8,8,2,2,1,818.5
101,1,2,5,1,17,3,6,4,1,1,1,788.11
101,1,2,5,1,18,5,6,5,1,1,1,2215
101,1,2,5,1,19,5,6,5,1,1,1,894.38
101,1,2,5,1,20,7,6,6,2,2,1,942.58
101,1,2,5,1,21,10,8,7,2,2,1,1170.5
101,1,2,5,1,22,6,8,5,1,1,1,966.51
101,1,2,5,1,23,3,6,4,1,1,1,734.15
101,1,2,5,1,24,4,8,4,1,1,1,1186.9
101,1,2,5,0,1,2,8,3,1,1,1,1090.1
101,1,2,5,0,2,8,8,6,2,1,0,4238.4
101,1,2,5,0,3,1,6,3,1,1,1,821.2
101,1,2,5,0,4,2,8,3,1,1,1,887.91
101,1,2,5,0,5,12,8,8,2,2,1,659.99
101,1,2,5,0,6,5,6,5,1,1,1,829.39
101,1,2,5,0,7,9,6,7,2,2,1,704.29
101,1,2,5,0,8,9,6,7,2,2,1,527.09
101,1,2,5,0,9,3,6,4,1,1,1,777.55
101,1,2,5,0,10,11,6,8,2,2,1,1121.5
101,1,2,5,0,11,5,6,5,1,1,1,845.29
101,1,2,5,0,12,9,6,7,2,2,1,771.06
101,1,2,5,0,13,4,8,4,1,1,1,660.5
101,1,2,5,0,14,10,8,7,2,2,1,1000.3
101,1,2,5,0,15,2,8,3,1,1,1,572.39
101,1,2,5,0,16,6,8,5,1,1,1,1163.7
101,1,2,5,0,17,4,8,4,1,1,1,858.38
101,1,2,5,0,18,11,6,8,2,2,1,602.45
101,1,2,5,0,19,12,8,8,2,2,1,551.04
101,1,2,5,0,20,4,8,4,1,1,1,1025.9
101,1,2,5,0,21,3,6,4,1,1,1,1087.9
101,1,2,5,0,22,6,8,5,1,1,1,681.34
101,1,2,5,0,23,2,8,3,1,1,1,1059.8
101,1,2,5,0,24,3,6,4,1,1,1,813.17
101,1,2,5,0,25,5,6,5,1,1,1,1276.8
101,1,2,5,0,26,5,6,5,1,1,1,1405.8
101,1,2,5,0,27,1,6,3,1,1,1,511.78
101,1,2,5,0,28,2,8,3,1,1,1,614.99
101,1,2,5,0,29,6,8,5,1,1,1,571.25
101,1,2,5,0,30,3,6,4,1,1,1,516.67
101,1,2,5,0,31,7,6,6,2,2,1,906.29
101,1,2,5,0,32,1,6,3,1,1,1,575.83
101,1,2,5,0,33,12,8,8,2,2,1,716.19
101,1,2,5,0,34,3,6,4,1,1,1,750.32
101,1,2,5,0,35,12,8,8,2,2,1,631.2
101,1,2,5,0,36,3,6,4,1,1,1,740.09
101,1,2,5,0,37,8,8,6,2,2,1,1888.5
101,1,2,5,0,38,5,6,5,1,1,1,1098
101,1,2,5,0,39,11,6,8,2,2,1,632.95
101,1,2,5,0,40,6,8,5,1,1,1,1193
101,1,2,5,0,41,9,6,7,2,2,1,653.08
101,1,2,5,0,42,9,6,7,2,2,1,832.11
101,1,2,5,0,43,11,6,8,2,2,1,483.78
101,1,2,5,0,44,4,8,4,1,1,1,1030.7
101,1,2,5,0,45,1,6,3,1,1,1,721.56
101,1,2,5,0,46,5,6,5,1,1,1,1309.8
101,1,2,5,0,47,8,8,6,2,2,1,1517.2
101,1,2,5,0,48,7,6,6,2,2,1,1928.2
101,1,2,5,0,49,11,6,8,2,2,1,612.84
101,1,2,5,0,50,8,8,6,2,1,0,1253.2
101,1,2,5,0,51,7,6,6,2,2,1,1173.4
101,1,2,5,0,52,7,6,6,2,2,1,808.71
101,1,2,5,0,53,3,6,4,1,1,1,572.22
101,1,2,5,0,54,8,8,6,2,1,0,1146.4
101,1,2,5,0,55,5,6,5,1,1,1,779.97
101,1,2,5,0,56,8,8,6,2,2,1,674.11
101,1,2,5,0,57,12,8,8,2,2,1,1160.9
101,1,2,5,0,58,12,8,8,2,2,1,515.94
101,1,2,5,0,59,11,6,8,2,2,1,501.02
101,1,2,5,0,60,10,8,7,2,2,1,897.29
101,1,2,5,0,61,10,8,7,2,2,1,506.63
101,1,2,5,0,62,9,6,7,2,2,1,869.64
101,1,2,5,0,63,5,6,5,1,1,1,713.53
101,1,2,5,0,64,3,6,4,1,1,1,593.25
101,1,2,5,0,65,7,6,6,2,2,1,1011.9
101,1,2,5,0,66,11,6,8,2,2,1,599.62
101,1,2,5,0,67,8,8,6,2,2,1,1665.9
101,1,2,5,0,68,1,6,3,1,1,1,645.03
101,1,2,5,0,69,5,6,5,1,1,1,1102.6
101,1,2,5,0,70,2,8,3,1,1,1,637.47
101,1,2,5,0,71,7,6,6,2,2,1,1462.9
101,1,2,5,0,72,1,6,3,1,1,1,639.84
101,1,2,5,0,73,2,8,3,1,1,1,2911.6
101,1,2,5,0,74,12,8,8,2,2,1,663.79
101,1,2,5,0,75,4,8,4,1,1,1,625.67
101,1,2,5,0,76,11,6,8,2,2,1,538.26
101,1,2,5,0,77,10,8,7,2,2,1,1239.2
101,1,2,5,0,78,6,8,5,1,1,1,711.35
101,1,2,5,0,79,3,6,4,1,1,1,691.14
101,1,2,5,0,80,10,8,7,2,2,1,889.4
101,1,2,5,0,81,12,8,8,2,2,1,1198.6
101,1,2,5,0,82,8,8,6,2,2,1,1077.5
101,1,2,5,0,83,7,6,6,2,2,1,628.82
101,1,2,5,0,84,1,6,3,1,1,1,703.32
101,1,2,5,0,85,11,6,8,2,2,1,545.9
101,1,2,5,0,86,1,6,3,1,1,1,621.24
101,1,2,5,0,87,7,6,6,2,2,1,727.82
101,1,2,5,0,88,6,8,5,1,1,1,1468.2
101,1,2,5,0,89,1,6,3,1,1,1,678.57
101,1,2,5,0,90,9,6,7,2,2,1,778.6
101,1,2,5,0,91,9,6,7,2,2,1,488.95
101,1,2,5,0,92,9,6,7,2,2,1,459.9
101,1,2,5,0,93,10,8,7,2,2,1,761.95
101,1,2,5,0,94,4,8,4,1,1,1,859.43
101,1,2,5,0,95,10,8,7,2,2,1,941.3
101,1,2,5,0,96,1,6,3,1,1,1,757
101,1,2,5,0,97,5,6,5,1,1,1,1704.4
101,1,2,5,0,98,9,6,7,2,2,1,615.37
101,1,2,5,0,99,2,8,3,1,1,1,1188
101,1,2,5,0,100,6,8,5,1,1,1,732.82
101,1,2,5,0,101,8,8,6,2,2,1,2031.9
101,1,2,5,0,102,4,8,4,1,1,1,566.14
101,1,2,5,0,103,10,8,7,2,2,1,567.3
101,1,2,5,0,104,10,8,7,2,2,1,715.96
101,1,2,5,0,105,3,6,4,1,1,1,860.37
101,1,2,5,0,106,6,8,5,1,1,1,579.15
101,1,2,5,0,107,6,8,5,1,1,1,548.4
101,1,2,5,0,108,7,6,6,2,2,1,736.98
101,1,2,5,0,109,12,8,8,2,2,1,503.34
101,1,2,5,0,110,11,6,8,2,2,1,500.33
101,1,2,5,0,111,4,8,4,1,1,1,1096.2
101,1,2,5,0,112,10,8,7,2,2,1,941.65
101,1,2,5,0,113,2,8,3,1,1,1,734.35
101,1,2,5,0,114,6,8,5,1,1,1,872.57
101,1,2,5,0,115,4,8,4,1,1,1,1007.5
101,1,2,5,0,116,4,8,4,1,1,1,855.87
101,1,2,5,0,117,12,8,8,2,2,1,801.65
101,1,2,5,0,118,2,8,3,1,1,1,650.7
101,1,2,5,0,119,7,6,6,2,2,1,820.13
101,1,2,5,0,120,8,8,6,2,2,1,878.13
101,1,2,6,0,1,3,6,4,1,1,1,884.09
101,1,2,6,0,2,9,6,7,2,2,1,753.39
101,1,2,6,0,3,12,8,8,2,2,1,605.33
101,1,2,6,0,4,5,6,5,1,1,1,725.7
101,1,2,6,0,5,7,6,6,2,2,1,1067.4
101,1,2,6,0,6,7,6,6,2,2,1,660.88
101,1,2,6,0,7,9,6,7,2,2,1,573.33
101,1,2,6,0,8,8,8,6,2,2,1,1249.1
101,1,2,6,0,9,12,8,8,2,2,1,666.13
101,1,2,6,0,10,7,6,6,2,2,1,839.14
101,1,2,6,0,11,8,8,6,2,2,1,887.87
101,1,2,6,0,12,5,6,5,1,1,1,765.26
101,1,2,6,0,13,3,6,4,1,1,1,511.15
101,1,2,6,0,14,8,8,6,2,2,1,844.18
101,1,2,6,0,15,2,8,3,1,1,1,627.9
101,1,2,6,0,16,5,6,5,1,2,0,863.54
101,1,2,6,0,17,11,6,8,2,2,1,728.48
101,1,2,6,0,18,4,8,4,1,1,1,564.73
101,1,2,6,0,19,10,8,7,2,2,1,906.47
101,1,2,6,0,20,4,8,4,1,1,1,764.15
101,1,2,6,0,21,8,8,6,2,2,1,1093
101,1,2,6,0,22,9,6,7,2,2,1,635.47
101,1,2,6,0,23,1,6,3,1,1,1,1611
101,1,2,6,0,24,6,8,5,1,1,1,869.61
101,1,2,6,0,25,6,8,5,1,1,1,721.26
101,1,2,6,0,26,12,8,8,2,2,1,640.61
101,1,2,6,0,27,5,6,5,1,2,0,971.86
101,1,2,6,0,28,10,8,7,2,2,1,848.75
101,1,2,6,0,29,6,8,5,1,1,1,861.61
101,1,2,6,0,30,11,6,8,2,2,1,624.78
101,1,2,6,0,31,8,8,6,2,2,1,1463.3
101,1,2,6,0,32,8,8,6,2,2,1,792.53
101,1,2,6,0,33,2,8,3,1,1,1,525.57
101,1,2,6,0,34,5,6,5,1,1,1,1889.4
101,1,2,6,0,35,4,8,4,1,1,1,1658.6
101,1,2,6,0,36,12,8,8,2,2,1,666.11
101,1,2,6,0,37,5,6,5,1,1,1,1368.5
101,1,2,6,0,38,1,6,3,1,1,1,514.02
101,1,2,6,0,39,6,8,5,1,1,1,1170.4
101,1,2,6,0,40,7,6,6,2,2,1,766.64
101,1,2,6,0,41,3,6,4,1,1,1,516.77
101,1,2,6,0,42,4,8,4,1,1,1,586.7
101,1,2,6,0,43,6,8,5,1,1,1,595.28
101,1,2,6,0,44,3,6,4,1,1,1,526.88
101,1,2,6,0,45,9,6,7,2,2,1,725.11
101,1,2,6,0,46,11,6,8,2,2,1,556.35
101,1,2,6,0,47,12,8,8,2,2,1,574.31
101,1,2,6,0,48,5,6,5,1,1,1,1704
101,1,2,6,0,49,1,6,3,1,1,1,660.83
101,1,2,6,0,50,11,6,8,2,2,1,592.42
101,1,2,6,0,51,2,8,3,1,1,1,552.69
101,1,2,6,0,52,4,8,4,1,1,1,599.3
101,1,2,6,0,53,12,8,8,2,2,1,602.71
101,1,2,6,0,54,6,8,5,1,1,1,1305.2
101,1,2,6,0,55,7,6,6,2,2,1,707.18
101,1,2,6,0,56,2,8,3,1,1,1,599.95
101,1,2,6,0,57,10,8,7,2,2,1,861.67
101,1,2,6,0,58,3,6,4,1,1,1,465.81
101,1,2,6,0,59,6,8,5,1,1,1,563.24
101,1,2,6,0,60,8,8,6,2,2,1,2521.9
101,1,2,6,0,61,10,8,7,2,2,1,588.95
101,1,2,6,0,62,6,8,5,1,1,1,744.88
101,1,2,6,0,63,12,8,8,2,2,1,735.21
101,1,2,6,0,64,12,8,8,2,2,1,717.76
101,1,2,6,0,65,2,8,3,1,1,1,2815.8
101,1,2,6,0,66,7,6,6,2,2,1,832.66
101,1,2,6,0,67,11,6,8,2,2,1,579.11
101,1,2,6,0,68,6,8,5,1,1,1,1111.7
101,1,2,6,0,69,5,6,5,1,1,1,522.42
101,1,2,6,0,70,11,6,8,2,2,1,1517.4
101,1,2,6,0,71,1,6,3,1,1,1,568.52
101,1,2,6,0,72,1,6,3,1,1,1,563.19
101,1,2,6,0,73,1,6,3,1,1,1,1351
101,1,2,6,0,74,2,8,3,1,1,1,549.15
101,1,2,6,0,75,1,6,3,1,1,1,509.75
101,1,2,6,0,76,10,8,7,2,2,1,571.68
101,1,2,6,0,77,9,6,7,2,2,1,697.02
101,1,2,6,0,78,11,6,8,2,2,1,532.15
101,1,2,6,0,79,10,8,7,2,2,1,955.39
101,1,2,6,0,80,4,8,4,1,1,1,649.98
101,1,2,6,0,81,4,8,4,1,1,1,514.84
101,1,2,6,0,82,7,6,6,2,2,1,572.99
101,1,2,6,0,83,12,8,8,2,2,1,685.26
101,1,2,6,0,84,12,8,8,2,2,1,473.93
101,1,2,6,0,85,8,8,6,2,2,1,1395.3
101,1,2,6,0,86,4,8,4,1,1,1,551.82
101,1,2,6,0,87,10,8,7,2,2,1,788.14
101,1,2,6,0,88,11,6,8,2,2,1,688.28
101,1,2,6,0,89,7,6,6,2,2,1,1011
101,1,2,6,0,90,1,6,3,1,1,1,677.76
101,1,2,6,0,91,9,6,7,2,2,1,827.61
101,1,2,6,0,92,7,6,6,2,2,1,619.83
101,1,2,6,0,93,9,6,7,2,2,1,591.83
101,1,2,6,0,94,1,6,3,1,1,1,622.82
101,1,2,6,0,95,3,6,4,1,1,1,636.57
101,1,2,6,0,96,3,6,4,1,1,1,1178.8
101,1,2,6,0,97,4,8,4,1,1,1,1323.7
101,1,2,6,0,98,6,8,5,1,1,1,1807.3
101,1,2,6,0,99,5,6,5,1,1,1,1519.9
101,1,2,6,0,100,11,6,8,2,2,1,1275.9
101,1,2,6,0,101,9,6,7,2,2,1,678.83
101,1,2,6,0,102,7,6,6,2,2,1,648.49
101,1,2,6,0,103,11,6,8,2,2,1,686.65
101,1,2,6,0,104,2,8,3,1,1,1,525.82
101,1,2,6,0,105,8,8,6,2,2,1,2137.9
101,1,2,6,0,106,2,8,3,1,1,1,1299
101,1,2,6,0,107,3,6,4,1,1,1,523.93
101,1,2,6,0,108,3,6,4,1,1,1,899.89
101,1,2,6,0,109,10,8,7,2,2,1,830.58
101,1,2,6,0,110,4,8,4,1,1,1,576.63
101,1,2,6,0,111,5,6,5,1,1,1,1325.6
101,1,2,6,0,112,9,6,7,2,2,1,964.72
101,1,2,6,0,113,10,8,7,2,2,1,1063.5
101,1,2,6,0,114,2,8,3,1,1,1,519.35
101,1,2,6,0,115,9,6,7,2,2,1,740.73
101,1,2,6,0,116,2,8,3,1,1,1,531.14
101,1,2,6,0,117,3,6,4,1,1,1,495.58
101,1,2,6,0,118,8,8,6,2,2,1,1012.4
101,1,2,6,0,119,10,8,7,2,2,1,574.01
101,1,2,6,0,120,1,6,3,1,1,1,526.55
