105,1,1,1,1,1,1,6,3,1,1,1,3303.4
105,1,1,1,1,2,3,6,4,1,1,1,1549.2
105,1,1,1,1,3,9,6,7,2,2,1,2362.1
105,1,1,1,1,4,5,6,5,1,2,0,1421.1
105,1,1,1,1,5,9,6,7,2,2,1,992.56
105,1,1,1,1,6,1,6,3,1,1,1,1159.7
105,1,1,1,1,7,11,6,8,2,2,1,665.55
105,1,1,1,1,8,3,6,4,1,1,1,672.62
105,1,1,1,1,9,9,6,7,2,2,1,558.48
105,1,1,1,1,10,7,6,6,2,1,0,1602
105,1,1,1,1,11,7,6,6,2,2,1,1204.9
105,1,1,1,1,12,7,6,6,2,2,1,750.84
105,1,1,1,1,13,5,6,5,1,1,1,1152.4
105,1,1,1,1,14,9,6,7,2,2,1,716.06
105,1,1,1,1,15,5,6,5,1,1,1,996.38
105,1,1,1,1,16,5,6,5,1,1,1,813.04
105,1,1,1,1,17,11,6,8,2,2,1,691.18
105,1,1,1,1,18,3,6,4,1,1,1,631.23
105,1,1,1,1,19,3,6,4,1,1,1,493.07
105,1,1,1,1,20,7,6,6,2,1,0,1443.8
105,1,1,1,1,21,1,6,3,1,1,1,684.95
105,1,1,1,1,22,1,6,3,1,1,1,631.37
105,1,1,1,1,23,11,6,8,2,2,1,545.49
105,1,1,1,1,24,11,6,8,2,2,1,573.88
105,1,1,1,0,1,7,6,6,2,2,1,1253.9
105,1,1,1,0,2,7,6,6,2,2,1,551.03
105,1,1,1,0,3,7,6,6,2,2,1,549.96
105,1,1,1,0,4,9,6,7,2,2,1,657.59
105,1,1,1,0,5,3,6,4,1,1,1,466.51
105,1,1,1,0,6,11,6,8,2,2,1,492.95
105,1,1,1,0,7,5,6,5,1,1,1,399.67
105,1,1,1,0,8,1,6,3,1,1,1,499.88
105,1,1,1,0,9,9,6,7,2,2,1,499.51
105,1,1,1,0,10,5,6,5,1,1,1,1375.5
105,1,1,1,0,11,1,6,3,1,1,1,444.16
105,1,1,1,0,12,9,6,7,2,2,1,558
105,1,1,1,0,13,11,6,8,2,2,1,488.99
105,1,1,1,0,14,7,6,6,2,2,1,953.29
105,1,1,1,0,15,5,6,5,1,1,1,1370.3
105,1,1,1,0,16,1,6,3,1,1,1,602.63
105,1,1,1,0,17,5,6,5,1,1,1,1210.1
105,1,1,1,0,18,11,6,8,2,2,1,456.64
105,1,1,1,0,19,1,6,3,1,1,1,403.27
105,1,1,1,0,20,3,6,4,1,1,1,825.96
105,1,1,1,0,21,7,6,6,2,2,1,1275.1
105,1,1,1,0,22,7,6,6,2,2,1,1304.6
105,1,1,1,0,23,1,6,3,1,1,1,556.75
105,1,1,1,0,24,7,6,6,2,2,1,530.19
105,1,1,1,0,25,7,6,6,2,2,1,483.28
105,1,1,1,0,26,11,6,8,2,2,1,576.83
105,1,1,1,0,27,11,6,8,2,2,1,448.08
105,1,1,1,0,28,3,6,4,1,1,1,552.69
105,1,1,1,0,29,9,6,7,2,2,1,482.77
105,1,1,1,0,30,3,6,4,1,1,1,456.07
105,1,1,1,0,31,5,6,5,1,1,1,385.51
105,1,1,1,0,32,11,6,8,2,2,1,480.21
105,1,1,1,0,33,5,6,5,1,1,1,932.88
105,1,1,1,0,34,1,6,3,1,1,1,565.41
105,1,1,1,0,35,3,6,4,1,1,1,490.4
105,1,1,1,0,36,3,6,4,1,1,1,505.21
105,1,1,1,0,37,9,6,7,2,2,1,500.87
105,1,1,1,0,38,7,6,6,2,2,1,1113.2
105,1,1,1,0,39,9,6,7,2,2,1,571.85
105,1,1,1,0,40,9,6,7,2,2,1,532.59
105,1,1,1,0,41,9,6,7,2,2,1,569.56
105,1,1,1,0,42,7,6,6,2,2,1,1028.1
105,1,1,1,0,43,9,6,7,2,2,1,1392.4
105,1,1,1,0,44,7,6,6,2,2,1,799
105,1,1,1,0,45,5,6,5,1,1,1,599.88
105,1,1,1,0,46,9,6,7,2,2,1,675.81
105,1,1,1,0,47,11,6,8,2,2,1,591.62
105,1,1,1,0,48,5,6,5,1,1,1,951.39
105,1,1,1,0,49,11,6,8,2,2,1,464.99
105,1,1,1,0,50,5,6,5,1,1,1,447.84
105,1,1,1,0,51,7,6,6,2,1,0,1002.8
105,1,1,1,0,52,5,6,5,1,1,1,675.36
105,1,1,1,0,53,5,6,5,1,1,1,602.71
105,1,1,1,0,54,9,6,7,2,2,1,551.53
105,1,1,1,0,55,3,6,4,1,1,1,613.7
105,1,1,1,0,56,3,6,4,1,1,1,954.04
105,1,1,1,0,57,7,6,6,2,2,1,705.22
105,1,1,1,0,58,11,6,8,2,2,1,506.89
105,1,1,1,0,59,11,6,8,2,2,1,435.61
105,1,1,1,0,60,7,6,6,2,2,1,642.76
105,1,1,1,0,61,9,6,7,2,2,1,651.76
105,1,1,1,0,62,1,6,3,1,1,1,451.06
105,1,1,1,0,63,1,6,3,1,1,1,512.9
105,1,1,1,0,64,3,6,4,1,1,1,774.04
105,1,1,1,0,65,11,6,8,2,2,1,411.77
105,1,1,1,0,66,1,6,3,1,1,1,461.38
105,1,1,1,0,67,1,6,3,1,1,1,446.04
105,1,1,1,0,68,1,6,3,1,1,1,563.71
105,1,1,1,0,69,3,6,4,1,1,1,870.35
105,1,1,1,0,70,11,6,8,2,2,1,437.05
105,1,1,1,0,71,3,6,4,1,1,1,800.35
105,1,1,1,0,72,3,6,4,1,1,1,745.24
105,1,1,1,0,73,5,6,5,1,2,0,1502.2
105,1,1,1,0,74,5,6,5,1,1,1,1037.1
105,1,1,1,0,75,1,6,3,1,1,1,514.65
105,1,1,1,0,76,3,6,4,1,1,1,713.4
105,1,1,1,0,77,7,6,6,2,2,1,1484.1
105,1,1,1,0,78,3,6,4,1,1,1,547.66
105,1,1,1,0,79,7,6,6,2,2,1,713.89
105,1,1,1,0,80,9,6,7,2,2,1,608.15
105,1,1,1,0,81,5,6,5,1,1,1,795.1
105,1,1,1,0,82,7,6,6,2,2,1,1093.3
105,1,1,1,0,83,9,6,7,2,2,1,682
105,1,1,1,0,84,9,6,7,2,2,1,577.97
105,1,1,1,0,85,11,6,8,2,2,1,502.97
105,1,1,1,0,86,3,6,4,1,1,1,406.53
105,1,1,1,0,87,1,6,3,1,1,1,497.43
105,1,1,1,0,88,3,6,4,1,1,1,514.35
105,1,1,1,0,89,1,6,3,1,1,1,491.56
105,1,1,1,0,90,11,6,8,2,2,1,471.92
105,1,1,1,0,91,11,6,8,2,2,1,422.2
105,1,1,1,0,92,3,6,4,1,1,1,390.94
105,1,1,1,0,93,5,6,5,1,1,1,1658.1
105,1,1,1,0,94,5,6,5,1,2,0,1741.4
105,1,1,1,0,95,7,6,6,2,2,1,720.05
105,1,1,1,0,96,11,6,8,2,2,1,537.64
105,1,1,1,0,97,5,6,5,1,1,1,1472.2
105,1,1,1,0,98,1,6,3,1,1,1,652.04
105,1,1,1,0,99,3,6,4,1,1,1,415.12
105,1,1,1,0,100,5,6,5,1,1,1,773.28
105,1,1,1,0,101,1,6,3,1,1,1,560.36
105,1,1,1,0,102,7,6,6,2,2,1,838.63
105,1,1,1,0,103,11,6,8,2,2,1,1069.9
105,1,1,1,0,104,1,6,3,1,1,1,406.11
105,1,1,1,0,105,9,6,7,2,2,1,455.9
105,1,1,1,0,106,9,6,7,2,2,1,510.31
105,1,1,1,0,107,5,6,5,1,1,1,729.5
105,1,1,1,0,108,5,6,5,1,1,1,859.59
105,1,1,1,0,109,1,6,3,1,1,1,506.96
105,1,1,1,0,110,3,6,4,1,1,1,544.75
105,1,1,1,0,111,7,6,6,2,2,1,702.38
105,1,1,1,0,112,11,6,8,2,2,1,460.07
105,1,1,1,0,113,1,6,3,1,1,1,476.89
105,1,1,1,0,114,11,6,8,2,2,1,465.09
105,1,1,1,0,115,3,6,4,1,1,1,543.43
105,1,1,1,0,116,9,6,7,2,2,1,520.68
105,1,1,1,0,117,9,6,7,2,2,1,754.9
105,1,1,1,0,118,11,6,8,2,2,1,468.27
105,1,1,1,0,119,9,6,7,2,2,1,650.46
105,1,1,1,0,120,1,6,3,1,1,1,485.71
105,1,1,2,1,1,8,8,6,2,2,1,1672
105,1,1,2,1,2,2,8,3,1,1,1,562.28
105,1,1,2,1,3,10,8,7,2,2,1,448.66
105,1,1,2,1,4,12,8,8,2,2,1,492.88
105,1,1,2,1,5,4,8,4,1,1,1,771.81
105,1,1,2,1,6,6,8,5,1,1,1,1242.3
105,1,1,2,1,7,6,8,5,1,1,1,615.18
105,1,1,2,1,8,10,8,7,2,2,1,448.38
105,1,1,2,1,9,10,8,7,2,2,1,472.47
105,1,1,2,1,10,4,8,4,1,1,1,707.93
105,1,1,2,1,11,6,8,5,1,1,1,1311.1
105,1,1,2,1,12,2,8,3,1,1,1,623.78
105,1,1,2,1,13,12,8,8,2,2,1,529.95
105,1,1,2,1,14,12,8,8,2,2,1,506
105,1,1,2,1,15,12,8,8,2,2,1,440.48
105,1,1,2,1,16,6,8,5,1,1,1,616.93
105,1,1,2,1,17,2,8,3,1,1,1,511.04
105,1,1,2,1,18,4,8,4,1,1,1,376.63
105,1,1,2,1,19,8,8,6,2,2,1,854.91
105,1,1,2,1,20,4,8,4,1,1,1,472.99
105,1,1,2,1,21,2,8,3,1,1,1,491.23
105,1,1,2,1,22,8,8,6,2,2,1,734.79
105,1,1,2,1,23,10,8,7,2,2,1,584.35
105,1,1,2,1,24,8,8,6,2,2,1,604.34
105,1,1,2,0,1,6,8,5,1,1,1,970.46
105,1,1,2,0,2,12,8,8,2,2,1,475.11
105,1,1,2,0,3,10,8,7,2,2,1,515.88
105,1,1,2,0,4,6,8,5,1,1,1,496.34
105,1,1,2,0,5,10,8,7,2,2,1,467.27
105,1,1,2,0,6,8,8,6,2,2,1,606.41
105,1,1,2,0,7,12,8,8,2,2,1,486
105,1,1,2,0,8,8,8,6,2,2,1,476.58
105,1,1,2,0,9,6,8,5,1,1,1,797.22
105,1,1,2,0,10,12,8,8,2,2,1,339.26
105,1,1,2,0,11,12,8,8,2,2,1,427.43
105,1,1,2,0,12,12,8,8,2,2,1,428.12
105,1,1,2,0,13,4,8,4,1,1,1,474.64
105,1,1,2,0,14,8,8,6,2,2,1,843.26
105,1,1,2,0,15,6,8,5,1,1,1,423.8
105,1,1,2,0,16,2,8,3,1,1,1,486.15
105,1,1,2,0,17,4,8,4,1,1,1,407.19
105,1,1,2,0,18,4,8,4,1,1,1,557.25
105,1,1,2,0,19,4,8,4,1,1,1,377.49
105,1,1,2,0,20,4,8,4,1,1,1,432.49
105,1,1,2,0,21,6,8,5,1,1,1,813.73
105,1,1,2,0,22,10,8,7,2,2,1,420.51
105,1,1,2,0,23,8,8,6,2,2,1,530.43
105,1,1,2,0,24,2,8,3,1,1,1,438.81
105,1,1,2,0,25,12,8,8,2,2,1,404.24
105,1,1,2,0,26,2,8,3,1,1,1,515.61
105,1,1,2,0,27,6,8,5,1,1,1,658.59
105,1,1,2,0,28,10,8,7,2,2,1,426.86
105,1,1,2,0,29,4,8,4,1,1,1,360.34
105,1,1,2,0,30,8,8,6,2,2,1,532.51
105,1,1,2,0,31,10,8,7,2,2,1,512.6
105,1,1,2,0,32,2,8,3,1,1,1,338.44
105,1,1,2,0,33,8,8,6,2,1,0,1269.9
105,1,1,2,0,34,12,8,8,2,2,1,463.68
105,1,1,2,0,35,4,8,4,1,1,1,523.31
105,1,1,2,0,36,6,8,5,1,2,0,1130.9
105,1,1,2,0,37,2,8,3,1,1,1,518.99
105,1,1,2,0,38,6,8,5,1,1,1,878.26
105,1,1,2,0,39,2,8,3,1,1,1,502.3
105,1,1,2,0,40,10,8,7,2,2,1,477.68
105,1,1,2,0,41,8,8,6,2,1,0,1113.3
105,1,1,2,0,42,10,8,7,2,2,1,592.36
105,1,1,2,0,43,8,8,6,2,2,1,668.9
105,1,1,2,0,44,4,8,4,1,1,1,663.75
105,1,1,2,0,45,2,8,3,1,1,1,598.33
105,1,1,2,0,46,10,8,7,2,2,1,461.95
105,1,1,2,0,47,10,8,7,2,2,1,531.26
105,1,1,2,0,48,2,8,3,1,1,1,458.37
105,1,1,2,0,49,2,8,3,1,1,1,431.51
105,1,1,2,0,50,10,8,7,2,2,1,442.01
105,1,1,2,0,51,6,8,5,1,2,0,534.13
105,1,1,2,0,52,4,8,4,1,1,1,802.99
105,1,1,2,0,53,2,8,3,1,1,1,475.93
105,1,1,2,0,54,10,8,7,2,2,1,469.93
105,1,1,2,0,55,6,8,5,1,2,0,515.46
105,1,1,2,0,56,8,8,6,2,2,1,1069.1
105,1,1,2,0,57,4,8,4,1,1,1,646.37
105,1,1,2,0,58,6,8,5,1,2,0,726.21
105,1,1,2,0,59,6,8,5,1,1,1,639.26
105,1,1,2,0,60,12,8,8,2,2,1,432.98
105,1,1,2,0,61,2,8,3,1,1,1,449.82
105,1,1,2,0,62,4,8,4,1,1,1,488.29
105,1,1,2,0,63,8,8,6,2,1,0,799
105,1,1,2,0,64,8,8,6,2,2,1,663.8
105,1,1,2,0,65,8,8,6,2,2,1,510.89
105,1,1,2,0,66,10,8,7,2,2,1,513.48
105,1,1,2,0,67,2,8,3,1,1,1,488.3
105,1,1,2,0,68,4,8,4,1,1,1,408.91
105,1,1,2,0,69,12,8,8,2,2,1,486.68
105,1,1,2,0,70,10,8,7,2,2,1,370.3
105,1,1,2,0,71,8,8,6,2,2,1,468.81
105,1,1,2,0,72,6,8,5,1,1,1,359.62
105,1,1,2,0,73,2,8,3,1,1,1,466.39
105,1,1,2,0,74,4,8,4,1,1,1,431.09
105,1,1,2,0,75,4,8,4,1,1,1,579.91
105,1,1,2,0,76,12,8,8,2,2,1,462.34
105,1,1,2,0,77,2,8,3,1,1,1,398.63
105,1,1,2,0,78,8,8,6,2,2,1,832.83
105,1,1,2,0,79,12,8,8,2,2,1,496
105,1,1,2,0,80,6,8,5,1,2,0,1178.7
105,1,1,2,0,81,12,8,8,2,2,1,548.52
105,1,1,2,0,82,12,8,8,2,2,1,507.85
105,1,1,2,0,83,12,8,8,2,2,1,495.9
105,1,1,2,0,84,6,8,5,1,1,1,1172.8
105,1,1,2,0,85,12,8,8,2,2,1,464.95
105,1,1,2,0,86,2,8,3,1,1,1,462.84
105,1,1,2,0,87,10,8,7,2,2,1,503.89
105,1,1,2,0,88,10,8,7,2,2,1,457.74
105,1,1,2,0,89,10,8,7,2,2,1,482.79
105,1,1,2,0,90,6,8,5,1,1,1,737.55
105,1,1,2,0,91,10,8,7,2,2,1,453.81
105,1,1,2,0,92,4,8,4,1,1,1,517.07
105,1,1,2,0,93,8,8,6,2,2,1,772.81
105,1,1,2,0,94,6,8,5,1,1,1,416.14
105,1,1,2,0,95,8,8,6,2,2,1,940.01
105,1,1,2,0,96,10,8,7,2,2,1,638.85
105,1,1,2,0,97,8,8,6,2,2,1,954.59
105,1,1,2,0,98,4,8,4,1,1,1,496.23
105,1,1,2,0,99,6,8,5,1,1,1,433.16
105,1,1,2,0,100,12,8,8,2,2,1,433.87
105,1,1,2,0,101,12,8,8,2,2,1,591.89
105,1,1,2,0,102,6,8,5,1,1,1,555.77
105,1,1,2,0,103,4,8,4,1,1,1,795.21
105,1,1,2,0,104,10,8,7,2,2,1,434.76
105,1,1,2,0,105,2,8,3,1,1,1,467.1
105,1,1,2,0,106,12,8,8,2,2,1,485.04
105,1,1,2,0,107,8,8,6,2,2,1,757.67
105,1,1,2,0,108,4,8,4,1,1,1,423.94
105,1,1,2,0,109,8,8,6,2,1,0,864.44
105,1,1,2,0,110,6,8,5,1,1,1,614.43
105,1,1,2,0,111,2,8,3,1,1,1,468.72
105,1,1,2,0,112,12,8,8,2,2,1,519.56
105,1,1,2,0,113,2,8,3,1,1,1,430.38
105,1,1,2,0,114,12,8,8,2,2,1,466.69
105,1,1,2,0,115,8,8,6,2,2,1,1275.5
105,1,1,2,0,116,10,8,7,2,2,1,547.1
105,1,1,2,0,117,2,8,3,1,1,1,643.75
105,1,1,2,0,118,2,8,3,1,1,1,432.81
105,1,1,2,0,119,4,8,4,1,1,1,394.15
105,1,1,2,0,120,4,8,4,1,1,1,1004.3
105,1,1,4,1,1,9,6,7,2,2,1,1257.2
105,1,1,4,1,2,6,8,5,1,1,1,538.84
105,1,1,4,1,3,9,6,7,2,2,1,448
105,1,1,4,1,4,2,8,3,1,1,1,429.96
105,1,1,4,1,5,7,6,6,2,2,1,436.15
105,1,1,4,1,6,6,8,5,1,1,1,680.97
105,1,1,4,1,7,11,6,8,2,2,1,455.28
105,1,1,4,1,8,7,6,6,2,1,0,876.8
105,1,1,4,1,9,9,6,7,2,2,1,585.52
105,1,1,4,1,10,2,8,3,1,1,1,542.71
105,1,1,4,1,11,11,6,8,2,2,1,410.39
105,1,1,4,1,12,11,6,8,2,2,1,364.78
105,1,1,4,1,13,11,6,8,2,2,1,316.04
105,1,1,4,1,14,2,8,3,1,1,1,417.42
105,1,1,4,1,15,7,6,6,2,1,0,903.5
105,1,1,4,1,16,7,6,6,2,2,1,561.59
105,1,1,4,1,17,4,8,4,1,1,1,466.94
105,1,1,4,1,18,6,8,5,1,1,1,455.71
105,1,1,4,1,19,6,8,5,1,1,1,381.57
105,1,1,4,1,20,4,8,4,1,1,1,594.49
105,1,1,4,1,21,9,6,7,2,2,1,433.94
105,1,1,4,1,22,2,8,3,1,1,1,365.88
105,1,1,4,1,23,4,8,4,1,1,1,403.67
105,1,1,4,1,24,4,8,4,1,1,1,410.88
105,1,1,4,0,1,11,6,8,2,2,1,477.97
105,1,1,4,0,2,11,6,8,2,2,1,505.47
105,1,1,4,0,3,6,8,5,1,1,1,380.22
105,1,1,4,0,4,2,8,3,1,1,1,420.01
105,1,1,4,0,5,9,6,7,2,2,1,485.17
105,1,1,4,0,6,9,6,7,2,2,1,483.26
105,1,1,4,0,7,4,8,4,1,1,1,443.17
105,1,1,4,0,8,11,6,8,2,2,1,351.65
105,1,1,4,0,9,4,8,4,1,1,1,465.5
105,1,1,4,0,10,6,8,5,1,2,0,489.72
105,1,1,4,0,11,9,6,7,2,2,1,598.23
105,1,1,4,0,12,11,6,8,2,2,1,546.68
105,1,1,4,0,13,4,8,4,1,1,1,526
105,1,1,4,0,14,11,6,8,2,2,1,431.79
105,1,1,4,0,15,11,6,8,2,2,1,403.79
105,1,1,4,0,16,11,6,8,2,2,1,380.75
105,1,1,4,0,17,4,8,4,1,1,1,453.13
105,1,1,4,0,18,6,8,5,1,1,1,721.65
105,1,1,4,0,19,9,6,7,2,2,1,452.12
105,1,1,4,0,20,7,6,6,2,1,0,343.61
105,1,1,4,0,21,7,6,6,2,2,1,577.6
105,1,1,4,0,22,4,8,4,1,1,1,574.07
105,1,1,4,0,23,11,6,8,2,2,1,481.07
105,1,1,4,0,24,2,8,3,1,1,1,469.35
105,1,1,4,0,25,4,8,4,1,1,1,550.3
105,1,1,4,0,26,6,8,5,1,1,1,659.61
105,1,1,4,0,27,6,8,5,1,1,1,512.25
105,1,1,4,0,28,11,6,8,2,2,1,406.11
105,1,1,4,0,29,11,6,8,2,2,1,447.98
105,1,1,4,0,30,4,8,4,1,1,1,467.43
105,1,1,4,0,31,6,8,5,1,1,1,417.84
105,1,1,4,0,32,11,6,8,2,2,1,404.33
105,1,1,4,0,33,11,6,8,2,2,1,393.76
105,1,1,4,0,34,2,8,3,1,1,1,440.13
105,1,1,4,0,35,2,8,3,1,1,1,329.03
105,1,1,4,0,36,7,6,6,2,2,1,840.48
105,1,1,4,0,37,2,8,3,1,1,1,368.33
105,1,1,4,0,38,7,6,6,2,2,1,492.53
105,1,1,4,0,39,9,6,7,2,2,1,643.88
105,1,1,4,0,40,11,6,8,2,2,1,331.58
105,1,1,4,0,41,2,8,3,1,1,1,376.45
105,1,1,4,0,42,11,6,8,2,2,1,375.5
105,1,1,4,0,43,7,6,6,2,2,1,535.84
105,1,1,4,0,44,6,8,5,1,2,0,781.58
105,1,1,4,0,45,6,8,5,1,1,1,390.62
105,1,1,4,0,46,2,8,3,1,1,1,481.59
105,1,1,4,0,47,7,6,6,2,2,1,530.77
105,1,1,4,0,48,9,6,7,2,2,1,500.46
105,1,1,4,0,49,7,6,6,2,2,1,357.75
105,1,1,4,0,50,9,6,7,2,2,1,460.24
105,1,1,4,0,51,9,6,7,2,2,1,319.21
105,1,1,4,0,52,9,6,7,2,2,1,336.09
105,1,1,4,0,53,7,6,6,2,2,1,740.8
105,1,1,4,0,54,2,8,3,1,1,1,285.22
105,1,1,4,0,55,4,8,4,1,1,1,280.74
105,1,1,4,0,56,9,6,7,2,2,1,533.77
105,1,1,4,0,57,2,8,3,1,1,1,418.53
105,1,1,4,0,58,7,6,6,2,2,1,455.74
105,1,1,4,0,59,2,8,3,1,1,1,400.95
105,1,1,4,0,60,9,6,7,2,2,1,355.06
105,1,1,4,0,61,6,8,5,1,1,1,659.55
105,1,1,4,0,62,6,8,5,1,1,1,460.18
105,1,1,4,0,63,2,8,3,1,1,1,547.52
105,1,1,4,0,64,7,6,6,2,1,0,762.76
105,1,1,4,0,65,4,8,4,1,1,1,796.72
105,1,1,4,0,66,4,8,4,1,1,1,463.36
105,1,1,4,0,67,11,6,8,2,2,1,533.98
105,1,1,4,0,68,7,6,6,2,2,1,618.75
105,1,1,4,0,69,2,8,3,1,1,1,453.68
105,1,1,4,0,70,7,6,6,2,2,1,662.53
105,1,1,4,0,71,2,8,3,1,1,1,311.74
105,1,1,4,0,72,2,8,3,1,1,1,442.26
105,1,1,4,0,73,4,8,4,1,1,1,361.87
105,1,1,4,0,74,11,6,8,2,2,1,464.55
105,1,1,4,0,75,9,6,7,2,2,1,349.62
105,1,1,4,0,76,4,8,4,1,1,1,974.01
105,1,1,4,0,77,9,6,7,2,2,1,430.28
105,1,1,4,0,78,4,8,4,1,1,1,268.3
105,1,1,4,0,79,6,8,5,1,1,1,341.62
105,1,1,4,0,80,2,8,3,1,1,1,383.52
105,1,1,4,0,81,9,6,7,2,2,1,449.24
105,1,1,4,0,82,6,8,5,1,1,1,692.07
105,1,1,4,0,83,4,8,4,1,1,1,453.91
105,1,1,4,0,84,4,8,4,1,1,1,395.14
105,1,1,4,0,85,4,8,4,1,1,1,381.24
105,1,1,4,0,86,6,8,5,1,1,1,338.72
105,1,1,4,0,87,4,8,4,1,1,1,398.38
105,1,1,4,0,88,11,6,8,2,2,1,424.32
105,1,1,4,0,89,2,8,3,1,1,1,437.54
105,1,1,4,0,90,7,6,6,2,2,1,542.05
105,1,1,4,0,91,7,6,6,2,2,1,533.71
105,1,1,4,0,92,6,8,5,1,1,1,663.73
105,1,1,4,0,93,7,6,6,2,2,1,486.63
105,1,1,4,0,94,4,8,4,1,1,1,500.85
105,1,1,4,0,95,7,6,6,2,2,1,529.54
105,1,1,4,0,96,2,8,3,1,1,1,409.54
105,1,1,4,0,97,6,8,5,1,1,1,587.48
105,1,1,4,0,98,11,6,8,2,2,1,475.86
105,1,1,4,0,99,2,8,3,1,1,1,399.74
105,1,1,4,0,100,4,8,4,1,1,1,396.38
105,1,1,4,0,101,9,6,7,2,2,1,409.09
105,1,1,4,0,102,9,6,7,2,2,1,452.15
105,1,1,4,0,103,7,6,6,2,2,1,590
105,1,1,4,0,104,2,8,3,1,1,1,510.22
105,1,1,4,0,105,9,6,7,2,2,1,417.23
105,1,1,4,0,106,4,8,4,1,1,1,389.17
105,1,1,4,0,107,11,6,8,2,2,1,427.84
105,1,1,4,0,108,6,8,5,1,1,1,404.96
105,1,1,4,0,109,2,8,3,1,1,1,432.42
105,1,1,4,0,110,9,6,7,2,2,1,403.61
105,1,1,4,0,111,6,8,5,1,1,1,421.69
105,1,1,4,0,112,6,8,5,1,1,1,418.47
105,1,1,4,0,113,7,6,6,2,2,1,451.56
105,1,1,4,0,114,11,6,8,2,2,1,466.71
105,1,1,4,0,115,9,6,7,2,2,1,516.06
105,1,1,4,0,116,6,8,5,1,1,1,467.17
105,1,1,4,0,117,7,6,6,2,2,1,518.01
105,1,1,4,0,118,9,6,7,2,2,1,595.9
105,1,1,4,0,119,7,6,6,2,1,0,429.38
105,1,1,4,0,120,6,8,5,1,1,1,534.44
105,1,1,3,1,1,12,8,8,2,2,1,588.29
105,1,1,3,1,2,10,8,7,2,2,1,419.79
105,1,1,3,1,3,12,8,8,2,2,1,400.53
105,1,1,3,1,4,8,8,6,2,1,0,1356.5
105,1,1,3,1,5,1,6,3,1,1,1,747.41
105,1,1,3,1,6,8,8,6,2,2,1,510.06
105,1,1,3,1,7,10,8,7,2,2,1,621.37
105,1,1,3,1,8,1,6,3,1,1,1,484.89
105,1,1,3,1,9,12,8,8,2,2,1,486.65
105,1,1,3,1,10,8,8,6,2,2,1,483.39
105,1,1,3,1,11,12,8,8,2,2,1,479.44
105,1,1,3,1,12,5,6,5,1,2,0,749.72
105,1,1,3,1,13,8,8,6,2,1,0,1072.6
105,1,1,3,1,14,5,6,5,1,1,1,694.96
105,1,1,3,1,15,3,6,4,1,1,1,577.88
105,1,1,3,1,16,3,6,4,1,1,1,463.64
105,1,1,3,1,17,10,8,7,2,2,1,397.95
105,1,1,3,1,18,10,8,7,2,2,1,564.78
105,1,1,3,1,19,3,6,4,1,1,1,475.4
105,1,1,3,1,20,1,6,3,1,1,1,462.21
105,1,1,3,1,21,3,6,4,1,1,1,321.74
105,1,1,3,1,22,1,6,3,1,1,1,310.42
105,1,1,3,1,23,5,6,5,1,1,1,703.87
105,1,1,3,1,24,5,6,5,1,1,1,333.71
105,1,1,3,0,1,3,6,4,1,1,1,350.81
105,1,1,3,0,2,8,8,6,2,2,1,496.45
105,1,1,3,0,3,1,6,3,1,1,1,428.34
105,1,1,3,0,4,8,8,6,2,2,1,403.88
105,1,1,3,0,5,12,8,8,2,2,1,472.73
105,1,1,3,0,6,10,8,7,2,2,1,394.35
105,1,1,3,0,7,1,6,3,1,1,1,420.65
105,1,1,3,0,8,8,8,6,2,2,1,396.66
105,1,1,3,0,9,5,6,5,1,1,1,429.97
105,1,1,3,0,10,1,6,3,1,1,1,487.09
105,1,1,3,0,11,5,6,5,1,1,1,528
105,1,1,3,0,12,8,8,6,2,2,1,547.8
105,1,1,3,0,13,5,6,5,1,1,1,430.24
105,1,1,3,0,14,1,6,3,1,1,1,423.11
105,1,1,3,0,15,12,8,8,2,2,1,375.49
105,1,1,3,0,16,8,8,6,2,2,1,379.89
105,1,1,3,0,17,10,8,7,2,2,1,403.35
105,1,1,3,0,18,5,6,5,1,1,1,411.49
105,1,1,3,0,19,10,8,7,2,2,1,259.5
105,1,1,3,0,20,10,8,7,2,2,1,352.07
105,1,1,3,0,21,12,8,8,2,2,1,285.46
105,1,1,3,0,22,3,6,4,1,1,1,415.81
105,1,1,3,0,23,5,6,5,1,1,1,415.56
105,1,1,3,0,24,3,6,4,1,1,1,410.36
105,1,1,3,0,25,12,8,8,2,2,1,398.63
105,1,1,3,0,26,3,6,4,1,1,1,286.24
105,1,1,3,0,27,3,6,4,1,1,1,391.65
105,1,1,3,0,28,5,6,5,1,1,1,356
105,1,1,3,0,29,12,8,8,2,2,1,353.89
105,1,1,3,0,30,12,8,8,2,2,1,315.4
105,1,1,3,0,31,5,6,5,1,1,1,581.43
105,1,1,3,0,32,12,8,8,2,2,1,306.21
105,1,1,3,0,33,1,6,3,1,1,1,357.2
105,1,1,3,0,34,10,8,7,2,2,1,386.21
105,1,1,3,0,35,8,8,6,2,1,0,259.16
105,1,1,3,0,36,12,8,8,2,2,1,550.7
105,1,1,3,0,37,3,6,4,1,1,1,374.96
105,1,1,3,0,38,10,8,7,2,2,1,434.19
105,1,1,3,0,39,12,8,8,2,2,1,428.32
105,1,1,3,0,40,3,6,4,1,1,1,437.2
105,1,1,3,0,41,8,8,6,2,2,1,320.73
105,1,1,3,0,42,12,8,8,2,2,1,466.62
105,1,1,3,0,43,12,8,8,2,2,1,439.8
105,1,1,3,0,44,12,8,8,2,2,1,296.23
105,1,1,3,0,45,1,6,3,1,1,1,374.85
105,1,1,3,0,46,5,6,5,1,2,0,493.92
105,1,1,3,0,47,1,6,3,1,1,1,486.54
105,1,1,3,0,48,5,6,5,1,1,1,572.43
105,1,1,3,0,49,8,8,6,2,2,1,419.51
105,1,1,3,0,50,1,6,3,1,1,1,408.86
105,1,1,3,0,51,3,6,4,1,1,1,369.91
105,1,1,3,0,52,5,6,5,1,1,1,572.03
105,1,1,3,0,53,12,8,8,2,2,1,390.04
105,1,1,3,0,54,8,8,6,2,2,1,584.54
105,1,1,3,0,55,3,6,4,1,1,1,435.9
105,1,1,3,0,56,12,8,8,2,2,1,329.89
105,1,1,3,0,57,1,6,3,1,1,1,344.84
105,1,1,3,0,58,5,6,5,1,1,1,759.4
105,1,1,3,0,59,10,8,7,2,2,1,368.66
105,1,1,3,0,60,10,8,7,2,2,1,446.46
105,1,1,3,0,61,8,8,6,2,2,1,699.19
105,1,1,3,0,62,8,8,6,2,2,1,522.44
105,1,1,3,0,63,3,6,4,1,1,1,422.47
105,1,1,3,0,64,5,6,5,1,1,1,610.42
105,1,1,3,0,65,1,6,3,1,1,1,392.78
105,1,1,3,0,66,1,6,3,1,1,1,415.1
105,1,1,3,0,67,10,8,7,2,2,1,409.96
105,1,1,3,0,68,1,6,3,1,1,1,411.6
105,1,1,3,0,69,1,6,3,1,1,1,309.07
105,1,1,3,0,70,10,8,7,2,2,1,413.47
105,1,1,3,0,71,12,8,8,2,2,1,366.11
105,1,1,3,0,72,1,6,3,1,1,1,411.94
105,1,1,3,0,73,10,8,7,2,2,1,383.91
105,1,1,3,0,74,3,6,4,1,1,1,408.75
105,1,1,3,0,75,5,6,5,1,1,1,736.69
105,1,1,3,0,76,3,6,4,1,1,1,500.87
105,1,1,3,0,77,8,8,6,2,2,1,740.23
105,1,1,3,0,78,5,6,5,1,1,1,352.4
105,1,1,3,0,79,10,8,7,2,2,1,379.75
105,1,1,3,0,80,3,6,4,1,1,1,353.61
105,1,1,3,0,81,10,8,7,2,2,1,776.76
105,1,1,3,0,82,1,6,3,1,1,1,389.22
105,1,1,3,0,83,10,8,7,2,2,1,489.76
105,1,1,3,0,84,10,8,7,2,2,1,404.92
105,1,1,3,0,85,1,6,3,1,1,1,405.64
105,1,1,3,0,86,10,8,7,2,2,1,367.54
105,1,1,3,0,87,1,6,3,1,1,1,352.22
105,1,1,3,0,88,10,8,7,2,2,1,401.72
105,1,1,3,0,89,8,8,6,2,2,1,812.31
105,1,1,3,0,90,5,6,5,1,1,1,360.85
105,1,1,3,0,91,8,8,6,2,2,1,485.23
105,1,1,3,0,92,8,8,6,2,2,1,503.26
105,1,1,3,0,93,12,8,8,2,2,1,546.3
105,1,1,3,0,94,5,6,5,1,1,1,463.68
105,1,1,3,0,95,5,6,5,1,1,1,417
105,1,1,3,0,96,8,8,6,2,2,1,397.21
105,1,1,3,0,97,1,6,3,1,1,1,442.77
105,1,1,3,0,98,5,6,5,1,1,1,575.75
105,1,1,3,0,99,3,6,4,1,1,1,552.36
105,1,1,3,0,100,5,6,5,1,1,1,525.33
105,1,1,3,0,101,10,8,7,2,2,1,385.27
105,1,1,3,0,102,3,6,4,1,1,1,425.47
105,1,1,3,0,103,8,8,6,2,2,1,445.96
105,1,1,3,0,104,10,8,7,2,2,1,500.82
105,1,1,3,0,105,5,6,5,1,1,1,496.05
105,1,1,3,0,106,12,8,8,2,2,1,390.89
105,1,1,3,0,107,8,8,6,2,2,1,582.62
105,1,1,3,0,108,3,6,4,1,1,1,413.5
105,1,1,3,0,109,10,8,7,2,2,1,362.19
105,1,1,3,0,110,1,6,3,1,1,1,519.79
105,1,1,3,0,111,8,8,6,2,2,1,390.27
105,1,1,3,0,112,8,8,6,2,2,1,717.21
105,1,1,3,0,113,3,6,4,1,1,1,423.26
105,1,1,3,0,114,3,6,4,1,1,1,462.18
105,1,1,3,0,115,12,8,8,2,2,1,374.19
105,1,1,3,0,116,3,6,4,1,1,1,356.1
105,1,1,3,0,117,1,6,3,1,1,1,362.94
105,1,1,3,0,118,3,6,4,1,1,1,310.23
105,1,1,3,0,119,12,8,8,2,2,1,406.29
105,1,1,3,0,120,12,8,8,2,2,1,392.4
105,1,1,5,1,1,2,8,3,1,1,1,680.85
105,1,1,5,1,2,10,8,7,2,2,1,425.76
105,1,1,5,1,3,8,8,6,2,2,1,448.11
105,1,1,5,1,4,12,8,8,2,2,1,480.22
105,1,1,5,1,5,1,6,3,1,1,1,354.49
105,1,1,5,1,6,4,8,4,1,1,1,589.67
105,1,1,5,1,7,2,8,3,1,1,1,492.75
105,1,1,5,1,8,3,6,4,1,1,1,614.94
105,1,1,5,1,9,4,8,4,1,1,1,449.46
105,1,1,5,1,10,9,6,7,2,2,1,466.18
105,1,1,5,1,11,8,8,6,2,1,0,428.71
105,1,1,5,1,12,7,6,6,2,2,1,550.72
105,1,1,5,1,13,7,6,6,2,2,1,409.72
105,1,1,5,1,14,3,6,4,1,1,1,451.15
105,1,1,5,1,15,10,8,7,2,2,1,414.45
105,1,1,5,1,16,11,6,8,2,2,1,471.58
105,1,1,5,1,17,11,6,8,2,2,1,333.15
105,1,1,5,1,18,6,8,5,1,1,1,423.09
105,1,1,5,1,19,6,8,5,1,1,1,461.11
105,1,1,5,1,20,5,6,5,1,2,0,888.19
105,1,1,5,1,21,1,6,3,1,1,1,427.42
105,1,1,5,1,22,9,6,7,2,2,1,521.91
105,1,1,5,1,23,5,6,5,1,1,1,398.72
105,1,1,5,1,24,12,8,8,2,2,1,431.02
105,1,1,5,0,1,4,8,4,1,1,1,395.88
105,1,1,5,0,2,7,6,6,2,1,0,377.95
105,1,1,5,0,3,1,6,3,1,1,1,386.51
105,1,1,5,0,4,12,8,8,2,2,1,383.46
105,1,1,5,0,5,3,6,4,1,1,1,522.06
105,1,1,5,0,6,8,8,6,2,2,1,456.28
105,1,1,5,0,7,12,8,8,2,1,0,369.02
105,1,1,5,0,8,6,8,5,1,1,1,1130.1
105,1,1,5,0,9,9,6,7,2,2,1,543.65
105,1,1,5,0,10,10,8,7,2,2,1,571.24
105,1,1,5,0,11,6,8,5,1,1,1,438.52
105,1,1,5,0,12,12,8,8,2,2,1,387.76
105,1,1,5,0,13,12,8,8,2,2,1,471.42
105,1,1,5,0,14,6,8,5,1,1,1,437.08
105,1,1,5,0,15,8,8,6,2,2,1,664.59
105,1,1,5,0,16,9,6,7,2,2,1,362.33
105,1,1,5,0,17,6,8,5,1,1,1,423.54
105,1,1,5,0,18,12,8,8,2,2,1,414.9
105,1,1,5,0,19,1,6,3,1,1,1,342.94
105,1,1,5,0,20,5,6,5,1,1,1,922.82
105,1,1,5,0,21,6,8,5,1,1,1,833.76
105,1,1,5,0,22,4,8,4,1,1,1,446.28
105,1,1,5,0,23,3,6,4,1,1,1,375.02
105,1,1,5,0,24,7,6,6,2,1,0,846.97
105,1,1,5,0,25,10,8,7,2,2,1,599.04
105,1,1,5,0,26,7,6,6,2,2,1,593.07
105,1,1,5,0,27,8,8,6,2,1,0,448.79
105,1,1,5,0,28,1,6,3,1,1,1,718.42
105,1,1,5,0,29,3,6,4,1,1,1,451.6
105,1,1,5,0,30,4,8,4,1,1,1,719.43
105,1,1,5,0,31,8,8,6,2,2,1,718.94
105,1,1,5,0,32,9,6,7,2,2,1,414.83
105,1,1,5,0,33,11,6,8,2,2,1,471.67
105,1,1,5,0,34,2,8,3,1,1,1,499.36
105,1,1,5,0,35,2,8,3,1,1,1,442.14
105,1,1,5,0,36,2,8,3,1,1,1,336.12
105,1,1,5,0,37,10,8,7,2,2,1,471.69
105,1,1,5,0,38,11,6,8,2,2,1,463.45
105,1,1,5,0,39,5,6,5,1,1,1,465.6
105,1,1,5,0,40,2,8,3,1,1,1,448.42
105,1,1,5,0,41,3,6,4,1,1,1,401.2
105,1,1,5,0,42,12,8,8,2,2,1,422.82
105,1,1,5,0,43,7,6,6,2,2,1,565.63
105,1,1,5,0,44,5,6,5,1,1,1,861.67
105,1,1,5,0,45,3,6,4,1,1,1,514.08
105,1,1,5,0,46,1,6,3,1,1,1,397.59
105,1,1,5,0,47,12,8,8,2,2,1,376.7
105,1,1,5,0,48,3,6,4,1,1,1,376.03
105,1,1,5,0,49,5,6,5,1,1,1,393.2
105,1,1,5,0,50,5,6,5,1,1,1,367.99
105,1,1,5,0,51,3,6,4,1,1,1,372.67
105,1,1,5,0,52,3,6,4,1,1,1,298.97
105,1,1,5,0,53,11,6,8,2,2,1,378.69
105,1,1,5,0,54,9,6,7,2,2,1,467.07
105,1,1,5,0,55,7,6,6,2,2,1,719.02
105,1,1,5,0,56,8,8,6,2,2,1,495.73
105,1,1,5,0,57,11,6,8,2,2,1,355.55
105,1,1,5,0,58,5,6,5,1,1,1,385.46
105,1,1,5,0,59,4,8,4,1,1,1,447.9
105,1,1,5,0,60,2,8,3,1,1,1,372.63
105,1,1,5,0,61,3,6,4,1,1,1,342.3
105,1,1,5,0,62,10,8,7,2,2,1,434.95
105,1,1,5,0,63,2,8,3,1,1,1,325.34
105,1,1,5,0,64,2,8,3,1,1,1,320.35
105,1,1,5,0,65,6,8,5,1,1,1,568.27
105,1,1,5,0,66,11,6,8,2,2,1,435.55
105,1,1,5,0,67,6,8,5,1,1,1,578.31
105,1,1,5,0,68,11,6,8,2,2,1,427.81
105,1,1,5,0,69,1,6,3,1,1,1,341.23
105,1,1,5,0,70,10,8,7,2,1,0,677.62
105,1,1,5,0,71,5,6,5,1,1,1,446.06
105,1,1,5,0,72,12,8,8,2,2,1,466.34
105,1,1,5,0,73,7,6,6,2,2,1,607.06
105,1,1,5,0,74,7,6,6,2,2,1,500.93
105,1,1,5,0,75,12,8,8,2,2,1,490.37
105,1,1,5,0,76,8,8,6,2,1,0,889.33
105,1,1,5,0,77,11,6,8,2,2,1,511.92
105,1,1,5,0,78,1,6,3,1,1,1,458.86
105,1,1,5,0,79,4,8,4,1,1,1,465.32
105,1,1,5,0,80,10,8,7,2,2,1,904.2
105,1,1,5,0,81,8,8,6,2,1,0,806.54
105,1,1,5,0,82,5,6,5,1,1,1,1107.6
105,1,1,5,0,83,10,8,7,2,2,1,417.38
105,1,1,5,0,84,8,8,6,2,2,1,678.86
105,1,1,5,0,85,1,6,3,1,1,1,387.03
105,1,1,5,0,86,7,6,6,2,1,0,299.86
105,1,1,5,0,87,9,6,7,2,2,1,419.01
105,1,1,5,0,88,9,6,7,2,2,1,395.92
105,1,1,5,0,89,11,6,8,2,2,1,434.33
105,1,1,5,0,90,2,8,3,1,1,1,401.21
105,1,1,5,0,91,9,6,7,2,2,1,773.84
105,1,1,5,0,92,11,6,8,2,2,1,437.41
105,1,1,5,0,93,4,8,4,1,1,1,397.3
105,1,1,5,0,94,1,6,3,1,1,1,454.38
105,1,1,5,0,95,8,8,6,2,1,0,921.08
105,1,1,5,0,96,9,6,7,2,2,1,479.87
105,1,1,5,0,97,4,8,4,1,1,1,780.32
105,1,1,5,0,98,10,8,7,2,2,1,554.55
105,1,1,5,0,99,4,8,4,1,1,1,447.13
105,1,1,5,0,100,1,6,3,1,1,1,525.69
105,1,1,5,0,101,6,8,5,1,2,0,588.49
105,1,1,5,0,102,5,6,5,1,2,0,659.66
105,1,1,5,0,103,4,8,4,1,1,1,470.02
105,1,1,5,0,104,7,6,6,2,1,0,867.1
105,1,1,5,0,105,3,6,4,1,1,1,695.97
105,1,1,5,0,106,9,6,7,2,2,1,447.71
105,1,1,5,0,107,8,8,6,2,2,1,664.86
105,1,1,5,0,108,10,8,7,2,2,1,355.06
105,1,1,5,0,109,1,6,3,1,1,1,329.3
105,1,1,5,0,110,7,6,6,2,2,1,664.67
105,1,1,5,0,111,10,8,7,2,2,1,495.69
105,1,1,5,0,112,2,8,3,1,1,1,465.59
105,1,1,5,0,113,9,6,7,2,2,1,394.02
105,1,1,5,0,114,11,6,8,2,2,1,344.86
105,1,1,5,0,115,5,6,5,1,2,0,688.33
105,1,1,5,0,116,4,8,4,1,1,1,571.34
105,1,1,5,0,117,6,8,5,1,1,1,741.77
105,1,1,5,0,118,12,8,8,2,2,1,449.92
105,1,1,5,0,119,2,8,3,1,1,1,415.24
105,1,1,5,0,120,6,8,5,1,1,1,483.02
105,1,1,6,0,1,2,8,3,1,1,1,502.52
105,1,1,6,0,2,7,6,6,2,2,1,518.35
105,1,1,6,0,3,3,6,4,1,1,1,434.85
105,1,1,6,0,4,2,8,3,1,1,1,512.47
105,1,1,6,0,5,7,6,6,2,2,1,491.77
105,1,1,6,0,6,8,8,6,2,2,1,644.42
105,1,1,6,0,7,10,8,7,2,2,1,433.33
105,1,1,6,0,8,4,8,4,1,1,1,616.03
105,1,1,6,0,9,11,6,8,2,2,1,409.63
105,1,1,6,0,10,11,6,8,2,2,1,365.77
105,1,1,6,0,11,12,8,8,2,2,1,414.31
105,1,1,6,0,12,4,8,4,1,1,1,457.4
105,1,1,6,0,13,10,8,7,2,2,1,484.86
105,1,1,6,0,14,3,6,4,1,1,1,399.3
105,1,1,6,0,15,1,6,3,1,1,1,410.41
105,1,1,6,0,16,9,6,7,2,2,1,507.45
105,1,1,6,0,17,9,6,7,2,2,1,473.81
105,1,1,6,0,18,6,8,5,1,1,1,461.66
105,1,1,6,0,19,12,8,8,2,2,1,386.49
105,1,1,6,0,20,6,8,5,1,1,1,580.04
105,1,1,6,0,21,7,6,6,2,2,1,493.97
105,1,1,6,0,22,11,6,8,2,2,1,437.02
105,1,1,6,0,23,1,6,3,1,1,1,440.11
105,1,1,6,0,24,6,8,5,1,2,0,504.99
105,1,1,6,0,25,5,6,5,1,2,0,941.58
105,1,1,6,0,26,1,6,3,1,1,1,549.44
105,1,1,6,0,27,9,6,7,2,2,1,528.27
105,1,1,6,0,28,5,6,5,1,1,1,342.57
105,1,1,6,0,29,4,8,4,1,1,1,494.88
105,1,1,6,0,30,7,6,6,2,2,1,671.63
105,1,1,6,0,31,12,8,8,2,2,1,535.65
105,1,1,6,0,32,2,8,3,1,1,1,497.53
105,1,1,6,0,33,2,8,3,1,1,1,364.05
105,1,1,6,0,34,6,8,5,1,1,1,656.61
105,1,1,6,0,35,7,6,6,2,2,1,552.03
105,1,1,6,0,36,9,6,7,2,2,1,1252.7
105,1,1,6,0,37,9,6,7,2,2,1,455.6
105,1,1,6,0,38,7,6,6,2,2,1,515.66
105,1,1,6,0,39,1,6,3,1,1,1,446.29
105,1,1,6,0,40,8,8,6,2,2,1,385.67
105,1,1,6,0,41,1,6,3,1,1,1,421.74
105,1,1,6,0,42,8,8,6,2,2,1,390.16
105,1,1,6,0,43,9,6,7,2,2,1,466.87
105,1,1,6,0,44,2,8,3,1,1,1,391.94
105,1,1,6,0,45,8,8,6,2,2,1,650.65
105,1,1,6,0,46,9,6,7,2,2,1,349.29
105,1,1,6,0,47,12,8,8,2,2,1,295.57
105,1,1,6,0,48,4,8,4,1,1,1,445.3
105,1,1,6,0,49,5,6,5,1,2,0,652.87
105,1,1,6,0,50,8,8,6,2,2,1,625.09
105,1,1,6,0,51,6,8,5,1,1,1,507.33
105,1,1,6,0,52,10,8,7,2,2,1,535.21
105,1,1,6,0,53,7,6,6,2,2,1,746.65
105,1,1,6,0,54,1,6,3,1,1,1,379.72
105,1,1,6,0,55,5,6,5,1,1,1,507.18
105,1,1,6,0,56,5,6,5,1,1,1,627.25
105,1,1,6,0,57,8,8,6,2,2,1,488.48
105,1,1,6,0,58,3,6,4,1,1,1,428.44
105,1,1,6,0,59,11,6,8,2,2,1,401.15
105,1,1,6,0,60,11,6,8,2,2,1,385.05
105,1,1,6,0,61,2,8,3,1,1,1,414.78
105,1,1,6,0,62,3,6,4,1,1,1,377.86
105,1,1,6,0,63,11,6,8,2,2,1,351.43
105,1,1,6,0,64,12,8,8,2,2,1,362.75
105,1,1,6,0,65,5,6,5,1,1,1,411.66
105,1,1,6,0,66,11,6,8,2,2,1,346.71
105,1,1,6,0,67,4,8,4,1,1,1,1374.7
105,1,1,6,0,68,10,8,7,2,2,1,458.36
105,1,1,6,0,69,12,8,8,2,2,1,439.28
105,1,1,6,0,70,1,6,3,1,1,1,412.66
105,1,1,6,0,71,5,6,5,1,2,0,484.87
105,1,1,6,0,72,7,6,6,2,2,1,696.78
105,1,1,6,0,73,3,6,4,1,1,1,436.17
105,1,1,6,0,74,8,8,6,2,2,1,671.96
105,1,1,6,0,75,10,8,7,2,2,1,503.41
105,1,1,6,0,76,3,6,4,1,1,1,397.87
105,1,1,6,0,77,8,8,6,2,2,1,432.61
105,1,1,6,0,78,6,8,5,1,2,0,612.31
105,1,1,6,0,79,2,8,3,1,1,1,462.4
105,1,1,6,0,80,6,8,5,1,1,1,876.76
105,1,1,6,0,81,1,6,3,1,1,1,479.85
105,1,1,6,0,82,11,6,8,2,2,1,438.83
105,1,1,6,0,83,4,8,4,1,1,1,606.46
105,1,1,6,0,84,10,8,7,2,2,1,392.73
105,1,1,6,0,85,3,6,4,1,1,1,442.72
105,1,1,6,0,86,6,8,5,1,2,0,512.51
105,1,1,6,0,87,5,6,5,1,2,0,833.67
105,1,1,6,0,88,6,8,5,1,1,1,946.95
105,1,1,6,0,89,5,6,5,1,1,1,468.2
105,1,1,6,0,90,11,6,8,2,2,1,576.69
105,1,1,6,0,91,7,6,6,2,1,0,509.11
105,1,1,6,0,92,8,8,6,2,1,0,838.6
105,1,1,6,0,93,8,8,6,2,2,1,659.16
105,1,1,6,0,94,5,6,5,1,1,1,679.44
105,1,1,6,0,95,1,6,3,1,1,1,449.07
105,1,1,6,0,96,4,8,4,1,1,1,366.53
105,1,1,6,0,97,2,8,3,1,1,1,343.07
105,1,1,6,0,98,4,8,4,1,1,1,414.96
105,1,1,6,0,99,12,8,8,2,2,1,593.85
105,1,1,6,0,100,9,6,7,2,2,1,868.24
105,1,1,6,0,101,3,6,4,1,1,1,416.52
105,1,1,6,0,102,2,8,3,1,1,1,432.06
105,1,1,6,0,103,10,8,7,2,2,1,450.94
105,1,1,6,0,104,9,6,7,2,2,1,705.75
105,1,1,6,0,105,6,8,5,1,1,1,781.86
105,1,1,6,0,106,12,8,8,2,2,1,428.9
105,1,1,6,0,107,11,6,8,2,2,1,467.34
105,1,1,6,0,108,7,6,6,2,1,0,473.16
105,1,1,6,0,109,1,6,3,1,1,1,400.42
105,1,1,6,0,110,12,8,8,2,2,1,506.56
105,1,1,6,0,111,12,8,8,2,2,1,524.13
105,1,1,6,0,112,9,6,7,2,2,1,623.66
105,1,1,6,0,113,3,6,4,1,1,1,510.2
105,1,1,6,0,114,3,6,4,1,1,1,396.1
105,1,1,6,0,115,2,8,3,1,1,1,667.5
105,1,1,6,0,116,4,8,4,1,1,1,331.37
105,1,1,6,0,117,4,8,4,1,1,1,405.16
105,1,1,6,0,118,10,8,7,2,2,1,473.12
105,1,1,6,0,119,10,8,7,2,2,1,446.06
105,1,1,6,0,120,10,8,7,2,2,1,374.75
