105,1,3,4,1,1,11,6,8,2,2,1,616.94
105,1,3,4,1,2,9,6,7,2,2,1,392.32
105,1,3,4,1,3,7,6,6,2,2,1,473.54
105,1,3,4,1,4,6,8,5,1,2,0,613.48
105,1,3,4,1,5,7,6,6,2,2,1,732.92
105,1,3,4,1,6,4,8,4,1,1,1,425.22
105,1,3,4,1,7,9,6,7,2,2,1,376.07
105,1,3,4,1,8,6,8,5,1,1,1,554.37
105,1,3,4,1,9,7,6,6,2,2,1,407.82
105,1,3,4,1,10,2,8,3,1,1,1,324.03
105,1,3,4,1,11,4,8,4,1,1,1,515.81
105,1,3,4,1,12,11,6,8,2,2,1,400.11
105,1,3,4,1,13,4,8,4,1,1,1,374.68
105,1,3,4,1,14,6,8,5,1,1,1,422.33
105,1,3,4,1,15,9,6,7,2,2,1,409.11
105,1,3,4,1,16,2,8,3,1,1,1,327.44
105,1,3,4,1,17,6,8,5,1,2,0,400.77
105,1,3,4,1,18,4,8,4,1,1,1,434.29
105,1,3,4,1,19,2,8,3,1,1,1,404.8
105,1,3,4,1,20,11,6,8,2,2,1,360.2
105,1,3,4,1,21,7,6,6,2,2,1,505.4
105,1,3,4,1,22,2,8,3,1,1,1,400.98
105,1,3,4,1,23,9,6,7,2,2,1,389.96
105,1,3,4,1,24,11,6,8,2,2,1,361.26
105,1,3,4,0,1,2,8,3,1,1,1,290.78
105,1,3,4,0,2,7,6,6,2,2,1,356.58
105,1,3,4,0,3,7,6,6,2,2,1,546.92
105,1,3,4,0,4,2,8,3,1,1,1,340.39
105,1,3,4,0,5,6,8,5,1,1,1,553.76
105,1,3,4,0,6,4,8,4,1,1,1,299.53
105,1,3,4,0,7,2,8,3,1,1,1,402.54
105,1,3,4,0,8,4,8,4,1,1,1,311.26
105,1,3,4,0,9,2,8,3,1,1,1,275.29
105,1,3,4,0,10,7,6,6,2,1,0,307.75
105,1,3,4,0,11,11,6,8,2,2,1,398.7
105,1,3,4,0,12,6,8,5,1,1,1,317.59
105,1,3,4,0,13,9,6,7,2,2,1,403.72
105,1,3,4,0,14,6,8,5,1,1,1,324.44
105,1,3,4,0,15,4,8,4,1,1,1,341.17
105,1,3,4,0,16,9,6,7,2,2,1,381.44
105,1,3,4,0,17,2,8,3,1,1,1,345.3
105,1,3,4,0,18,9,6,7,2,2,1,390.9
105,1,3,4,0,19,11,6,8,2,2,1,444.75
105,1,3,4,0,20,11,6,8,2,2,1,339.83
105,1,3,4,0,21,4,8,4,1,1,1,337.69
105,1,3,4,0,22,2,8,3,1,1,1,410.71
105,1,3,4,0,23,11,6,8,2,2,1,377.53
105,1,3,4,0,24,7,6,6,2,2,1,468.44
105,1,3,4,0,25,4,8,4,1,1,1,390.02
105,1,3,4,0,26,2,8,3,1,1,1,395.81
105,1,3,4,0,27,6,8,5,1,2,0,408.28
105,1,3,4,0,28,11,6,8,2,2,1,403.94
105,1,3,4,0,29,2,8,3,1,1,1,326.45
105,1,3,4,0,30,4,8,4,1,1,1,296.09
105,1,3,4,0,31,4,8,4,1,1,1,284.14
105,1,3,4,0,32,11,6,8,2,2,1,353.76
105,1,3,4,0,33,11,6,8,2,2,1,313.76
105,1,3,4,0,34,11,6,8,2,2,1,358.4
105,1,3,4,0,35,7,6,6,2,2,1,526.62
105,1,3,4,0,36,11,6,8,2,2,1,483.44
105,1,3,4,0,37,11,6,8,2,2,1,325.56
105,1,3,4,0,38,11,6,8,2,2,1,297.84
105,1,3,4,0,39,2,8,3,1,2,0,341.57
105,1,3,4,0,40,9,6,7,2,2,1,792.49
105,1,3,4,0,41,6,8,5,1,1,1,550.74
105,1,3,4,0,42,2,8,3,1,1,1,408.89
105,1,3,4,0,43,6,8,5,1,1,1,510.31
105,1,3,4,0,44,9,6,7,2,2,1,668.74
105,1,3,4,0,45,11,6,8,2,2,1,447.18
105,1,3,4,0,46,4,8,4,1,1,1,484.55
105,1,3,4,0,47,2,8,3,1,1,1,375.08
105,1,3,4,0,48,7,6,6,2,2,1,652.73
105,1,3,4,0,49,9,6,7,2,2,1,464.76
105,1,3,4,0,50,11,6,8,2,2,1,473.73
105,1,3,4,0,51,11,6,8,2,2,1,388.13
105,1,3,4,0,52,9,6,7,2,2,1,432.97
105,1,3,4,0,53,4,8,4,1,1,1,390.18
105,1,3,4,0,54,9,6,7,2,2,1,394.24
105,1,3,4,0,55,6,8,5,1,1,1,585.3
105,1,3,4,0,56,7,6,6,2,2,1,903.52
105,1,3,4,0,57,11,6,8,2,2,1,428.21
105,1,3,4,0,58,9,6,7,2,2,1,617.09
105,1,3,4,0,59,2,8,3,1,1,1,450.26
105,1,3,4,0,60,4,8,4,1,1,1,442.03
105,1,3,4,0,61,11,6,8,2,2,1,442.36
105,1,3,4,0,62,9,6,7,2,2,1,423.78
105,1,3,4,0,63,9,6,7,2,2,1,408.82
105,1,3,4,0,64,7,6,6,2,2,1,947.2
105,1,3,4,0,65,6,8,5,1,1,1,465.44
105,1,3,4,0,66,2,8,3,1,1,1,422.96
105,1,3,4,0,67,2,8,3,1,1,1,374.32
105,1,3,4,0,68,11,6,8,2,2,1,392.42
105,1,3,4,0,69,7,6,6,2,2,1,634
105,1,3,4,0,70,6,8,5,1,1,1,484.34
105,1,3,4,0,71,2,8,3,1,1,1,509.83
105,1,3,4,0,72,7,6,6,2,2,1,710.88
105,1,3,4,0,73,11,6,8,2,2,1,447.45
105,1,3,4,0,74,7,6,6,2,2,1,452.49
105,1,3,4,0,75,4,8,4,1,1,1,394.15
105,1,3,4,0,76,2,8,3,1,1,1,1066.1
105,1,3,4,0,77,9,6,7,2,2,1,441.45
105,1,3,4,0,78,4,8,4,1,1,1,414.33
105,1,3,4,0,79,6,8,5,1,1,1,540.06
105,1,3,4,0,80,2,8,3,1,1,1,462.72
105,1,3,4,0,81,6,8,5,1,1,1,514.87
105,1,3,4,0,82,9,6,7,2,2,1,437.51
105,1,3,4,0,83,6,8,5,1,1,1,454.93
105,1,3,4,0,84,9,6,7,2,2,1,409.13
105,1,3,4,0,85,7,6,6,2,2,1,887.62
105,1,3,4,0,86,4,8,4,1,1,1,356
105,1,3,4,0,87,6,8,5,1,1,1,460.18
105,1,3,4,0,88,9,6,7,2,2,1,407.81
105,1,3,4,0,89,7,6,6,2,2,1,798.29
105,1,3,4,0,90,6,8,5,1,1,1,414
105,1,3,4,0,91,11,6,8,2,2,1,371.72
105,1,3,4,0,92,6,8,5,1,1,1,376.06
105,1,3,4,0,93,11,6,8,2,2,1,370.31
105,1,3,4,0,94,6,8,5,1,1,1,381.47
105,1,3,4,0,95,9,6,7,2,2,1,413.51
105,1,3,4,0,96,9,6,7,2,2,1,409.31
105,1,3,4,0,97,9,6,7,2,2,1,331.9
105,1,3,4,0,98,9,6,7,2,2,1,423.29
105,1,3,4,0,99,6,8,5,1,1,1,461.62
105,1,3,4,0,100,7,6,6,2,2,1,988.61
105,1,3,4,0,101,4,8,4,1,1,1,392.61
105,1,3,4,0,102,7,6,6,2,2,1,677.73
105,1,3,4,0,103,2,8,3,1,1,1,359.37
105,1,3,4,0,104,6,8,5,1,1,1,503.08
105,1,3,4,0,105,4,8,4,1,1,1,345.82
105,1,3,4,0,106,7,6,6,2,2,1,510.9
105,1,3,4,0,107,4,8,4,1,1,1,329.56
105,1,3,4,0,108,7,6,6,2,2,1,487.19
105,1,3,4,0,109,6,8,5,1,1,1,445.49
105,1,3,4,0,110,4,8,4,1,1,1,365.89
105,1,3,4,0,111,4,8,4,1,1,1,370.69
105,1,3,4,0,112,2,8,3,1,1,1,319.79
105,1,3,4,0,113,7,6,6,2,2,1,590.36
105,1,3,4,0,114,9,6,7,2,1,0,316.4
105,1,3,4,0,115,4,8,4,1,1,1,522.77
105,1,3,4,0,116,6,8,5,1,1,1,557.62
105,1,3,4,0,117,7,6,6,2,2,1,428.08
105,1,3,4,0,118,4,8,4,1,1,1,401.2
105,1,3,4,0,119,2,8,3,1,1,1,446.5
105,1,3,4,0,120,7,6,6,2,2,1,466.59
105,1,3,3,1,1,1,6,3,1,1,1,437.31
105,1,3,3,1,2,5,6,5,1,1,1,649.84
105,1,3,3,1,3,5,6,5,1,1,1,452.3
105,1,3,3,1,4,12,8,8,2,2,1,411.81
105,1,3,3,1,5,12,8,8,2,2,1,337.12
105,1,3,3,1,6,3,6,4,1,1,1,383.73
105,1,3,3,1,7,12,8,8,2,2,1,395.97
105,1,3,3,1,8,1,6,3,1,1,1,377.72
105,1,3,3,1,9,1,6,3,1,1,1,367.93
105,1,3,3,1,10,10,8,7,2,2,1,415.8
105,1,3,3,1,11,5,6,5,1,2,0,728.84
105,1,3,3,1,12,8,8,6,2,2,1,543.82
105,1,3,3,1,13,3,6,4,1,1,1,435.85
105,1,3,3,1,14,10,8,7,2,2,1,503.29
105,1,3,3,1,15,5,6,5,1,1,1,659.38
105,1,3,3,1,16,3,6,4,1,1,1,493.64
105,1,3,3,1,17,3,6,4,1,1,1,451.07
105,1,3,3,1,18,8,8,6,2,2,1,741.11
105,1,3,3,1,19,12,8,8,2,2,1,563.78
105,1,3,3,1,20,1,6,3,1,1,1,415.24
105,1,3,3,1,21,10,8,7,2,2,1,415.91
105,1,3,3,1,22,8,8,6,2,2,1,595.17
105,1,3,3,1,23,10,8,7,2,2,1,501.17
105,1,3,3,1,24,8,8,6,2,2,1,392.78
105,1,3,3,0,1,3,6,4,1,1,1,378.28
105,1,3,3,0,2,3,6,4,1,1,1,381.16
105,1,3,3,0,3,5,6,5,1,1,1,422.69
105,1,3,3,0,4,10,8,7,2,2,1,392.78
105,1,3,3,0,5,8,8,6,2,2,1,890.06
105,1,3,3,0,6,10,8,7,2,2,1,400.21
105,1,3,3,0,7,3,6,4,1,1,1,521.71
105,1,3,3,0,8,3,6,4,1,1,1,364.27
105,1,3,3,0,9,5,6,5,1,1,1,412.1
105,1,3,3,0,10,12,8,8,2,2,1,383.91
105,1,3,3,0,11,10,8,7,2,2,1,337.98
105,1,3,3,0,12,10,8,7,2,2,1,320.22
105,1,3,3,0,13,10,8,7,2,2,1,303.64
105,1,3,3,0,14,3,6,4,1,1,1,371.07
105,1,3,3,0,15,12,8,8,2,2,1,358.38
105,1,3,3,0,16,8,8,6,2,2,1,504.64
105,1,3,3,0,17,1,6,3,1,1,1,366.5
105,1,3,3,0,18,12,8,8,2,2,1,371.81
105,1,3,3,0,19,10,8,7,2,2,1,391.64
105,1,3,3,0,20,8,8,6,2,2,1,541.98
105,1,3,3,0,21,1,6,3,1,1,1,326.05
105,1,3,3,0,22,8,8,6,2,2,1,484.93
105,1,3,3,0,23,12,8,8,2,2,1,436.85
105,1,3,3,0,24,3,6,4,1,1,1,451.63
105,1,3,3,0,25,3,6,4,1,1,1,408.04
105,1,3,3,0,26,3,6,4,1,1,1,378.36
105,1,3,3,0,27,1,6,3,1,1,1,315.86
105,1,3,3,0,28,8,8,6,2,2,1,864
105,1,3,3,0,29,3,6,4,1,1,1,435.9
105,1,3,3,0,30,1,6,3,1,1,1,334.74
105,1,3,3,0,31,8,8,6,2,2,1,584.89
105,1,3,3,0,32,5,6,5,1,1,1,616.62
105,1,3,3,0,33,12,8,8,2,2,1,493.36
105,1,3,3,0,34,8,8,6,2,2,1,809.85
105,1,3,3,0,35,5,6,5,1,1,1,456.83
105,1,3,3,0,36,12,8,8,2,2,1,410.83
105,1,3,3,0,37,10,8,7,2,2,1,422.84
105,1,3,3,0,38,5,6,5,1,1,1,457.1
105,1,3,3,0,39,5,6,5,1,1,1,574.54
105,1,3,3,0,40,5,6,5,1,1,1,339.87
105,1,3,3,0,41,10,8,7,2,2,1,407.58
105,1,3,3,0,42,12,8,8,2,2,1,336.44
105,1,3,3,0,43,12,8,8,2,2,1,331.92
105,1,3,3,0,44,12,8,8,2,2,1,343
105,1,3,3,0,45,10,8,7,2,2,1,462.67
105,1,3,3,0,46,12,8,8,2,2,1,328.06
105,1,3,3,0,47,8,8,6,2,2,1,525.8
105,1,3,3,0,48,1,6,3,1,1,1,423.12
105,1,3,3,0,49,8,8,6,2,2,1,468.01
105,1,3,3,0,50,12,8,8,2,2,1,755.62
105,1,3,3,0,51,5,6,5,1,1,1,452.3
105,1,3,3,0,52,5,6,5,1,1,1,404.89
105,1,3,3,0,53,5,6,5,1,1,1,366.07
105,1,3,3,0,54,1,6,3,1,1,1,408.65
105,1,3,3,0,55,3,6,4,1,1,1,349.03
105,1,3,3,0,56,1,6,3,1,1,1,362.03
105,1,3,3,0,57,5,6,5,1,1,1,346.66
105,1,3,3,0,58,1,6,3,1,1,1,367.94
105,1,3,3,0,59,5,6,5,1,1,1,531.7
105,1,3,3,0,60,8,8,6,2,2,1,660.68
105,1,3,3,0,61,5,6,5,1,1,1,439.94
105,1,3,3,0,62,3,6,4,1,1,1,374.1
105,1,3,3,0,63,10,8,7,2,2,1,394.96
105,1,3,3,0,64,10,8,7,2,2,1,329.97
105,1,3,3,0,65,10,8,7,2,2,1,375.56
105,1,3,3,0,66,3,6,4,1,1,1,342.4
105,1,3,3,0,67,12,8,8,2,2,1,398.73
105,1,3,3,0,68,5,6,5,1,1,1,366.22
105,1,3,3,0,69,3,6,4,1,1,1,374.53
105,1,3,3,0,70,1,6,3,1,1,1,330.32
105,1,3,3,0,71,1,6,3,1,1,1,361.65
105,1,3,3,0,72,1,6,3,1,1,1,297.14
105,1,3,3,0,73,5,6,5,1,1,1,602.45
105,1,3,3,0,74,3,6,4,1,1,1,354.69
105,1,3,3,0,75,1,6,3,1,1,1,299.14
105,1,3,3,0,76,5,6,5,1,1,1,451.7
105,1,3,3,0,77,12,8,8,2,2,1,344.08
105,1,3,3,0,78,3,6,4,1,1,1,442.9
105,1,3,3,0,79,8,8,6,2,2,1,427.51
105,1,3,3,0,80,3,6,4,1,1,1,352.76
105,1,3,3,0,81,8,8,6,2,2,1,474.15
105,1,3,3,0,82,1,6,3,1,1,1,389.29
105,1,3,3,0,83,10,8,7,2,2,1,386.76
105,1,3,3,0,84,12,8,8,2,2,1,390.42
105,1,3,3,0,85,3,6,4,1,1,1,359.29
105,1,3,3,0,86,10,8,7,2,2,1,385.99
105,1,3,3,0,87,3,6,4,1,1,1,358.73
105,1,3,3,0,88,12,8,8,2,2,1,375.43
105,1,3,3,0,89,10,8,7,2,2,1,438
105,1,3,3,0,90,1,6,3,1,1,1,341.27
105,1,3,3,0,91,1,6,3,1,1,1,337.12
105,1,3,3,0,92,8,8,6,2,2,1,379.16
105,1,3,3,0,93,12,8,8,2,2,1,486.1
105,1,3,3,0,94,8,8,6,2,2,1,387.82
105,1,3,3,0,95,10,8,7,2,2,1,327.81
105,1,3,3,0,96,1,6,3,1,1,1,312.88
105,1,3,3,0,97,5,6,5,1,1,1,592.24
105,1,3,3,0,98,3,6,4,1,1,1,388.3
105,1,3,3,0,99,1,6,3,1,1,1,305.99
105,1,3,3,0,100,12,8,8,2,2,1,363.36
105,1,3,3,0,101,12,8,8,2,2,1,319.22
105,1,3,3,0,102,12,8,8,2,2,1,295.65
105,1,3,3,0,103,8,8,6,2,2,1,445.83
105,1,3,3,0,104,10,8,7,2,2,1,385.65
105,1,3,3,0,105,3,6,4,1,1,1,380.17
105,1,3,3,0,106,10,8,7,2,2,1,475.41
105,1,3,3,0,107,1,6,3,1,1,1,363.15
105,1,3,3,0,108,8,8,6,2,2,1,870.19
105,1,3,3,0,109,1,6,3,1,1,1,353.01
105,1,3,3,0,110,10,8,7,2,2,1,426.95
105,1,3,3,0,111,5,6,5,1,1,1,568.26
105,1,3,3,0,112,1,6,3,1,1,1,421.56
105,1,3,3,0,113,8,8,6,2,2,1,453.79
105,1,3,3,0,114,5,6,5,1,1,1,644.68
105,1,3,3,0,115,12,8,8,2,2,1,359.68
105,1,3,3,0,116,8,8,6,2,1,0,479.89
105,1,3,3,0,117,8,8,6,2,2,1,691.87
105,1,3,3,0,118,10,8,7,2,2,1,548.35
105,1,3,3,0,119,5,6,5,1,1,1,569.66
105,1,3,3,0,120,8,8,6,2,2,1,597.35
105,1,3,5,1,1,11,6,8,2,2,1,431.27
105,1,3,5,1,2,3,6,4,1,1,1,500.16
105,1,3,5,1,3,6,8,5,1,1,1,897.5
105,1,3,5,1,4,5,6,5,1,1,1,703.78
105,1,3,5,1,5,2,8,3,1,1,1,512.04
105,1,3,5,1,6,8,8,6,2,1,0,680.21
105,1,3,5,1,7,5,6,5,1,1,1,545.83
105,1,3,5,1,8,2,8,3,1,1,1,454.09
105,1,3,5,1,9,9,6,7,2,2,1,518.81
105,1,3,5,1,10,10,8,7,2,2,1,472.08
105,1,3,5,1,11,1,6,3,1,1,1,553.57
105,1,3,5,1,12,11,6,8,2,2,1,422.33
105,1,3,5,1,13,7,6,6,2,1,0,712.78
105,1,3,5,1,14,4,8,4,1,1,1,1087.2
105,1,3,5,1,15,7,6,6,2,2,1,389.57
105,1,3,5,1,16,12,8,8,2,2,1,419.2
105,1,3,5,1,17,4,8,4,1,1,1,407.34
105,1,3,5,1,18,9,6,7,2,2,1,399.95
105,1,3,5,1,19,3,6,4,1,1,1,411.96
105,1,3,5,1,20,8,8,6,2,1,0,646.03
105,1,3,5,1,21,10,8,7,2,2,1,502.24
105,1,3,5,1,22,1,6,3,1,1,1,401.82
105,1,3,5,1,23,6,8,5,1,1,1,678.84
105,1,3,5,1,24,12,8,8,2,2,1,485.83
105,1,3,5,0,1,8,8,6,2,2,1,522
105,1,3,5,0,2,2,8,3,1,1,1,391.83
105,1,3,5,0,3,12,8,8,2,2,1,385.72
105,1,3,5,0,4,2,8,3,1,1,1,397.65
105,1,3,5,0,5,1,6,3,1,1,1,433.09
105,1,3,5,0,6,2,8,3,1,1,1,367.79
105,1,3,5,0,7,3,6,4,1,1,1,375.07
105,1,3,5,0,8,6,8,5,1,1,1,769.19
105,1,3,5,0,9,11,6,8,2,2,1,441.11
105,1,3,5,0,10,10,8,7,2,2,1,386.59
105,1,3,5,0,11,4,8,4,1,1,1,433.22
105,1,3,5,0,12,6,8,5,1,1,1,564.76
105,1,3,5,0,13,12,8,8,2,2,1,420.82
105,1,3,5,0,14,2,8,3,1,1,1,393.57
105,1,3,5,0,15,9,6,7,2,2,1,405.85
105,1,3,5,0,16,12,8,8,2,2,1,501.13
105,1,3,5,0,17,5,6,5,1,1,1,532.68
105,1,3,5,0,18,6,8,5,1,1,1,541.32
105,1,3,5,0,19,6,8,5,1,1,1,355.38
105,1,3,5,0,20,7,6,6,2,1,0,337.43
105,1,3,5,0,21,2,8,3,1,1,1,555.34
105,1,3,5,0,22,1,6,3,1,1,1,373.77
105,1,3,5,0,23,5,6,5,1,1,1,497.71
105,1,3,5,0,24,8,8,6,2,2,1,475.62
105,1,3,5,0,25,6,8,5,1,2,0,521.65
105,1,3,5,0,26,11,6,8,2,2,1,570.93
105,1,3,5,0,27,6,8,5,1,1,1,665.3
105,1,3,5,0,28,9,6,7,2,2,1,426.97
105,1,3,5,0,29,9,6,7,2,2,1,416.35
105,1,3,5,0,30,5,6,5,1,1,1,442.49
105,1,3,5,0,31,11,6,8,2,2,1,453.66
105,1,3,5,0,32,12,8,8,2,2,1,387.05
105,1,3,5,0,33,10,8,7,2,2,1,463.92
105,1,3,5,0,34,7,6,6,2,2,1,675.15
105,1,3,5,0,35,12,8,8,2,2,1,413.85
105,1,3,5,0,36,8,8,6,2,1,0,625.48
105,1,3,5,0,37,4,8,4,1,1,1,516.85
105,1,3,5,0,38,3,6,4,1,1,1,442.57
105,1,3,5,0,39,7,6,6,2,1,0,930.98
105,1,3,5,0,40,6,8,5,1,1,1,501.38
105,1,3,5,0,41,8,8,6,2,2,1,651.38
105,1,3,5,0,42,9,6,7,2,2,1,426.97
105,1,3,5,0,43,8,8,6,2,2,1,812.59
105,1,3,5,0,44,4,8,4,1,1,1,412.08
105,1,3,5,0,45,3,6,4,1,1,1,381.3
105,1,3,5,0,46,11,6,8,2,2,1,406.84
105,1,3,5,0,47,6,8,5,1,2,0,755.54
105,1,3,5,0,48,10,8,7,2,2,1,448.05
105,1,3,5,0,49,11,6,8,2,2,1,445.8
105,1,3,5,0,50,12,8,8,2,2,1,349.83
105,1,3,5,0,51,2,8,3,1,1,1,363.67
105,1,3,5,0,52,8,8,6,2,1,0,563.25
105,1,3,5,0,53,5,6,5,1,1,1,703.11
105,1,3,5,0,54,12,8,8,2,2,1,403.8
105,1,3,5,0,55,5,6,5,1,2,0,675.14
105,1,3,5,0,56,3,6,4,1,1,1,467.68
105,1,3,5,0,57,2,8,3,1,1,1,369.43
105,1,3,5,0,58,11,6,8,2,2,1,385.35
105,1,3,5,0,59,2,8,3,1,1,1,432.26
105,1,3,5,0,60,1,6,3,1,1,1,457.61
105,1,3,5,0,61,10,8,7,2,2,1,411.6
105,1,3,5,0,62,10,8,7,2,2,1,384.21
105,1,3,5,0,63,1,6,3,1,1,1,417.48
105,1,3,5,0,64,7,6,6,2,2,1,661.59
105,1,3,5,0,65,4,8,4,1,1,1,724.84
105,1,3,5,0,66,1,6,3,1,1,1,434.47
105,1,3,5,0,67,7,6,6,2,2,1,536.74
105,1,3,5,0,68,10,8,7,2,2,1,496.13
105,1,3,5,0,69,4,8,4,1,1,1,657.94
105,1,3,5,0,70,3,6,4,1,1,1,500.72
105,1,3,5,0,71,8,8,6,2,2,1,689.67
105,1,3,5,0,72,1,6,3,1,1,1,431.18
105,1,3,5,0,73,4,8,4,1,1,1,529.77
105,1,3,5,0,74,2,8,3,1,1,1,439.97
105,1,3,5,0,75,7,6,6,2,2,1,523.28
105,1,3,5,0,76,3,6,4,1,1,1,464.14
105,1,3,5,0,77,11,6,8,2,2,1,419.33
105,1,3,5,0,78,7,6,6,2,1,0,474.29
105,1,3,5,0,79,7,6,6,2,2,1,524.01
105,1,3,5,0,80,9,6,7,2,2,1,344.05
105,1,3,5,0,81,6,8,5,1,1,1,1024.9
105,1,3,5,0,82,12,8,8,2,2,1,430.62
105,1,3,5,0,83,5,6,5,1,1,1,734.58
105,1,3,5,0,84,1,6,3,1,1,1,453.99
105,1,3,5,0,85,11,6,8,2,2,1,468.07
105,1,3,5,0,86,3,6,4,1,1,1,530.1
105,1,3,5,0,87,1,6,3,1,1,1,503.18
105,1,3,5,0,88,10,8,7,2,2,1,432.65
105,1,3,5,0,89,7,6,6,2,2,1,722.66
105,1,3,5,0,90,9,6,7,2,2,1,372.56
105,1,3,5,0,91,9,6,7,2,2,1,368.21
105,1,3,5,0,92,5,6,5,1,1,1,438.48
105,1,3,5,0,93,3,6,4,1,1,1,507.5
105,1,3,5,0,94,11,6,8,2,2,1,424.87
105,1,3,5,0,95,6,8,5,1,1,1,521.12
105,1,3,5,0,96,5,6,5,1,1,1,531.61
105,1,3,5,0,97,1,6,3,1,1,1,419.54
105,1,3,5,0,98,12,8,8,2,2,1,469.25
105,1,3,5,0,99,5,6,5,1,1,1,482.02
105,1,3,5,0,100,10,8,7,2,2,1,443.26
105,1,3,5,0,101,2,8,3,1,1,1,417.41
105,1,3,5,0,102,3,6,4,1,1,1,476.29
105,1,3,5,0,103,8,8,6,2,2,1,471.5
105,1,3,5,0,104,11,6,8,2,2,1,582.54
105,1,3,5,0,105,4,8,4,1,1,1,438.72
105,1,3,5,0,106,4,8,4,1,1,1,463.91
105,1,3,5,0,107,7,6,6,2,1,0,672.87
105,1,3,5,0,108,9,6,7,2,2,1,492.66
105,1,3,5,0,109,10,8,7,2,2,1,714.01
105,1,3,5,0,110,12,8,8,2,2,1,533.24
105,1,3,5,0,111,4,8,4,1,1,1,520.09
105,1,3,5,0,112,4,8,4,1,1,1,535.45
105,1,3,5,0,113,9,6,7,2,2,1,444.61
105,1,3,5,0,114,8,8,6,2,1,0,1075.4
105,1,3,5,0,115,9,6,7,2,2,1,423.45
105,1,3,5,0,116,1,6,3,1,1,1,477.71
105,1,3,5,0,117,10,8,7,2,2,1,459.66
105,1,3,5,0,118,8,8,6,2,2,1,390.17
105,1,3,5,0,119,3,6,4,1,1,1,378.38
105,1,3,5,0,120,5,6,5,1,2,0,730.36
105,1,3,6,0,1,6,8,5,1,1,1,735.71
105,1,3,6,0,2,5,6,5,1,1,1,579.38
105,1,3,6,0,3,1,6,3,1,1,1,364.08
105,1,3,6,0,4,5,6,5,1,1,1,378.28
105,1,3,6,0,5,2,8,3,1,1,1,354.87
105,1,3,6,0,6,6,8,5,1,1,1,386.39
105,1,3,6,0,7,12,8,8,2,2,1,418.09
105,1,3,6,0,8,7,6,6,2,2,1,685.11
105,1,3,6,0,9,6,8,5,1,1,1,478.65
105,1,3,6,0,10,5,6,5,1,1,1,548.47
105,1,3,6,0,11,2,8,3,1,1,1,361.46
105,1,3,6,0,12,12,8,8,2,2,1,414.67
105,1,3,6,0,13,7,6,6,2,1,0,779.48
105,1,3,6,0,14,10,8,7,2,2,1,446.98
105,1,3,6,0,15,9,6,7,2,2,1,397.14
105,1,3,6,0,16,10,8,7,2,2,1,469.24
105,1,3,6,0,17,11,6,8,2,2,1,347.92
105,1,3,6,0,18,7,6,6,2,2,1,535.84
105,1,3,6,0,19,3,6,4,1,2,0,375.91
105,1,3,6,0,20,4,8,4,1,1,1,548.94
105,1,3,6,0,21,4,8,4,1,1,1,376.1
105,1,3,6,0,22,10,8,7,2,2,1,601.3
105,1,3,6,0,23,6,8,5,1,2,0,640.45
105,1,3,6,0,24,6,8,5,1,1,1,469.05
105,1,3,6,0,25,2,8,3,1,1,1,479.78
105,1,3,6,0,26,7,6,6,2,2,1,675.24
105,1,3,6,0,27,2,8,3,1,1,1,419.46
105,1,3,6,0,28,11,6,8,2,2,1,436.17
105,1,3,6,0,29,8,8,6,2,2,1,668.58
105,1,3,6,0,30,8,8,6,2,2,1,448.21
105,1,3,6,0,31,8,8,6,2,2,1,414.63
105,1,3,6,0,32,12,8,8,2,2,1,537.74
105,1,3,6,0,33,5,6,5,1,1,1,486.26
105,1,3,6,0,34,3,6,4,1,1,1,588.29
105,1,3,6,0,35,3,6,4,1,1,1,386.72
105,1,3,6,0,36,6,8,5,1,1,1,844.79
105,1,3,6,0,37,8,8,6,2,2,1,493.46
105,1,3,6,0,38,6,8,5,1,1,1,594.73
105,1,3,6,0,39,10,8,7,2,2,1,459.15
105,1,3,6,0,40,2,8,3,1,1,1,493.67
105,1,3,6,0,41,11,6,8,2,2,1,381.09
105,1,3,6,0,42,9,6,7,2,2,1,621.19
105,1,3,6,0,43,12,8,8,2,2,1,415.34
105,1,3,6,0,44,4,8,4,1,1,1,564.46
105,1,3,6,0,45,7,6,6,2,2,1,482.98
105,1,3,6,0,46,12,8,8,2,2,1,443.12
105,1,3,6,0,47,1,6,3,1,1,1,423.64
105,1,3,6,0,48,8,8,6,2,2,1,388.68
105,1,3,6,0,49,2,8,3,1,1,1,448.26
105,1,3,6,0,50,1,6,3,1,1,1,281.34
105,1,3,6,0,51,9,6,7,2,2,1,380.03
105,1,3,6,0,52,12,8,8,2,2,1,368.9
105,1,3,6,0,53,8,8,6,2,1,0,689.09
105,1,3,6,0,54,10,8,7,2,2,1,481.68
105,1,3,6,0,55,4,8,4,1,1,1,361.89
105,1,3,6,0,56,6,8,5,1,1,1,757.08
105,1,3,6,0,57,10,8,7,2,2,1,404.1
105,1,3,6,0,58,1,6,3,1,1,1,366.51
105,1,3,6,0,59,4,8,4,1,1,1,574.99
105,1,3,6,0,60,11,6,8,2,2,1,412.23
105,1,3,6,0,61,7,6,6,2,1,0,854
105,1,3,6,0,62,9,6,7,2,2,1,503.07
105,1,3,6,0,63,3,6,4,1,1,1,362.25
105,1,3,6,0,64,2,8,3,1,1,1,333.37
105,1,3,6,0,65,5,6,5,1,1,1,532.73
105,1,3,6,0,66,3,6,4,1,1,1,304.93
105,1,3,6,0,67,9,6,7,2,2,1,429.42
105,1,3,6,0,68,7,6,6,2,2,1,372.4
105,1,3,6,0,69,9,6,7,2,2,1,416.04
105,1,3,6,0,70,4,8,4,1,1,1,387.77
105,1,3,6,0,71,2,8,3,1,1,1,393.76
105,1,3,6,0,72,2,8,3,1,1,1,271.63
105,1,3,6,0,73,12,8,8,2,2,1,387.24
105,1,3,6,0,74,8,8,6,2,2,1,362.78
105,1,3,6,0,75,5,6,5,1,2,0,1317.5
105,1,3,6,0,76,8,8,6,2,2,1,543.02
105,1,3,6,0,77,1,6,3,1,1,1,383
105,1,3,6,0,78,9,6,7,2,2,1,640.57
105,1,3,6,0,79,7,6,6,2,2,1,638.52
105,1,3,6,0,80,1,6,3,1,1,1,521.39
105,1,3,6,0,81,9,6,7,2,2,1,434.07
105,1,3,6,0,82,6,8,5,1,1,1,556.65
105,1,3,6,0,83,3,6,4,1,1,1,562.1
105,1,3,6,0,84,7,6,6,2,2,1,710.39
105,1,3,6,0,85,4,8,4,1,1,1,700.13
105,1,3,6,0,86,11,6,8,2,2,1,408.61
105,1,3,6,0,87,11,6,8,2,2,1,400.75
105,1,3,6,0,88,8,8,6,2,1,0,781.29
105,1,3,6,0,89,8,8,6,2,2,1,576.38
105,1,3,6,0,90,10,8,7,2,2,1,523.61
105,1,3,6,0,91,11,6,8,2,2,1,356.56
105,1,3,6,0,92,4,8,4,1,1,1,673.15
105,1,3,6,0,93,4,8,4,1,1,1,372.29
105,1,3,6,0,94,9,6,7,2,2,1,625
105,1,3,6,0,95,5,6,5,1,1,1,633.92
105,1,3,6,0,96,12,8,8,2,2,1,383.06
105,1,3,6,0,97,7,6,6,2,1,0,488.66
105,1,3,6,0,98,11,6,8,2,2,1,387.08
105,1,3,6,0,99,3,6,4,1,1,1,432.24
105,1,3,6,0,100,10,8,7,2,2,1,435.14
105,1,3,6,0,101,9,6,7,2,2,1,477.62
105,1,3,6,0,102,1,6,3,1,1,1,404.29
105,1,3,6,0,103,4,8,4,1,1,1,562.71
105,1,3,6,0,104,10,8,7,2,2,1,446.7
105,1,3,6,0,105,12,8,8,2,2,1,340.19
105,1,3,6,0,106,3,6,4,1,1,1,459.32
105,1,3,6,0,107,10,8,7,2,2,1,409.77
105,1,3,6,0,108,11,6,8,2,2,1,352.34
105,1,3,6,0,109,5,6,5,1,1,1,449.51
105,1,3,6,0,110,5,6,5,1,1,1,425.46
105,1,3,6,0,111,5,6,5,1,1,1,374.93
105,1,3,6,0,112,11,6,8,2,2,1,395.99
105,1,3,6,0,113,1,6,3,1,1,1,386.4
105,1,3,6,0,114,6,8,5,1,1,1,536.45
105,1,3,6,0,115,3,6,4,1,1,1,336.61
105,1,3,6,0,116,12,8,8,2,2,1,393.29
105,1,3,6,0,117,1,6,3,1,1,1,430.69
105,1,3,6,0,118,3,6,4,1,1,1,425.91
105,1,3,6,0,119,2,8,3,1,1,1,433.15
105,1,3,6,0,120,1,6,3,1,1,1,321.41
105,1,3,2,1,1,2,8,3,1,1,1,395.51
105,1,3,2,1,2,2,8,3,1,1,1,328.74
105,1,3,2,1,3,12,8,8,2,2,1,408.8
105,1,3,2,1,4,12,8,8,2,2,1,350.91
105,1,3,2,1,5,2,8,3,1,1,1,371.96
105,1,3,2,1,6,12,8,8,2,2,1,388.04
105,1,3,2,1,7,6,8,5,1,2,0,650.55
105,1,3,2,1,8,4,8,4,1,1,1,445.97
105,1,3,2,1,9,8,8,6,2,2,1,833.87
105,1,3,2,1,10,6,8,5,1,1,1,555.63
105,1,3,2,1,11,6,8,5,1,1,1,482.47
105,1,3,2,1,12,12,8,8,2,2,1,452.43
105,1,3,2,1,13,4,8,4,1,1,1,425.57
105,1,3,2,1,14,10,8,7,2,2,1,459.1
105,1,3,2,1,15,10,8,7,2,2,1,352.47
105,1,3,2,1,16,8,8,6,2,2,1,734.58
105,1,3,2,1,17,10,8,7,2,2,1,477.08
105,1,3,2,1,18,4,8,4,1,1,1,398.66
105,1,3,2,1,19,4,8,4,1,1,1,593.78
105,1,3,2,1,20,8,8,6,2,2,1,434.6
105,1,3,2,1,21,2,8,3,1,1,1,394.39
105,1,3,2,1,22,10,8,7,2,2,1,404.31
105,1,3,2,1,23,8,8,6,2,2,1,338.3
105,1,3,2,1,24,6,8,5,1,1,1,395.85
105,1,3,2,0,1,2,8,3,1,1,1,416.41
105,1,3,2,0,2,8,8,6,2,1,0,460.42
105,1,3,2,0,3,2,8,3,1,1,1,459.56
105,1,3,2,0,4,12,8,8,2,2,1,785.95
105,1,3,2,0,5,8,8,6,2,1,0,545.79
105,1,3,2,0,6,12,8,8,2,2,1,415.51
105,1,3,2,0,7,2,8,3,1,1,1,410.26
105,1,3,2,0,8,10,8,7,2,2,1,464.18
105,1,3,2,0,9,6,8,5,1,1,1,553.26
105,1,3,2,0,10,4,8,4,1,1,1,495.84
105,1,3,2,0,11,4,8,4,1,1,1,388.47
105,1,3,2,0,12,2,8,3,1,1,1,361.4
105,1,3,2,0,13,6,8,5,1,1,1,622.18
105,1,3,2,0,14,6,8,5,1,1,1,394.05
105,1,3,2,0,15,12,8,8,2,2,1,394.29
105,1,3,2,0,16,4,8,4,1,1,1,359.43
105,1,3,2,0,17,6,8,5,1,1,1,423.47
105,1,3,2,0,18,2,8,3,1,1,1,397.65
105,1,3,2,0,19,8,8,6,2,2,1,421.4
105,1,3,2,0,20,6,8,5,1,1,1,422.57
105,1,3,2,0,21,8,8,6,2,2,1,639.46
105,1,3,2,0,22,6,8,5,1,1,1,352.36
105,1,3,2,0,23,6,8,5,1,1,1,568.34
105,1,3,2,0,24,6,8,5,1,1,1,373.42
105,1,3,2,0,25,4,8,4,1,1,1,539.63
105,1,3,2,0,26,2,8,3,1,1,1,346.48
105,1,3,2,0,27,12,8,8,2,2,1,429.09
105,1,3,2,0,28,8,8,6,2,2,1,820.43
105,1,3,2,0,29,10,8,7,2,2,1,600.15
105,1,3,2,0,30,4,8,4,1,1,1,707.81
105,1,3,2,0,31,4,8,4,1,1,1,385.64
105,1,3,2,0,32,4,8,4,1,1,1,345.84
105,1,3,2,0,33,10,8,7,2,2,1,459.69
105,1,3,2,0,34,6,8,5,1,2,0,927.32
105,1,3,2,0,35,12,8,8,2,2,1,396.16
105,1,3,2,0,36,6,8,5,1,1,1,468.05
105,1,3,2,0,37,2,8,3,1,1,1,405.85
105,1,3,2,0,38,10,8,7,2,2,1,428.73
105,1,3,2,0,39,12,8,8,2,2,1,364.04
105,1,3,2,0,40,2,8,3,1,1,1,366.69
105,1,3,2,0,41,6,8,5,1,1,1,570.97
105,1,3,2,0,42,4,8,4,1,1,1,383.07
105,1,3,2,0,43,8,8,6,2,1,0,411.7
105,1,3,2,0,44,12,8,8,2,2,1,414.11
105,1,3,2,0,45,2,8,3,1,1,1,415.69
105,1,3,2,0,46,2,8,3,1,1,1,329.86
105,1,3,2,0,47,4,8,4,1,1,1,309.23
105,1,3,2,0,48,6,8,5,1,1,1,506.01
105,1,3,2,0,49,8,8,6,2,2,1,544.01
105,1,3,2,0,50,4,8,4,1,1,1,369.25
105,1,3,2,0,51,10,8,7,2,2,1,410.74
105,1,3,2,0,52,4,8,4,1,1,1,339.37
105,1,3,2,0,53,8,8,6,2,1,0,824.1
105,1,3,2,0,54,2,8,3,1,1,1,423.63
105,1,3,2,0,55,10,8,7,2,2,1,464.54
105,1,3,2,0,56,4,8,4,1,1,1,406.97
105,1,3,2,0,57,8,8,6,2,2,1,774.43
105,1,3,2,0,58,10,8,7,2,1,0,423.07
105,1,3,2,0,59,12,8,8,2,2,1,421.63
105,1,3,2,0,60,6,8,5,1,1,1,787.65
105,1,3,2,0,61,10,8,7,2,2,1,399.2
105,1,3,2,0,62,12,8,8,2,2,1,411.04
105,1,3,2,0,63,10,8,7,2,2,1,385.79
105,1,3,2,0,64,8,8,6,2,2,1,855.14
105,1,3,2,0,65,10,8,7,2,2,1,438.43
105,1,3,2,0,66,4,8,4,1,1,1,426.68
105,1,3,2,0,67,2,8,3,1,1,1,379.74
105,1,3,2,0,68,12,8,8,2,2,1,362.34
105,1,3,2,0,69,8,8,6,2,2,1,407.44
105,1,3,2,0,70,6,8,5,1,1,1,399.45
105,1,3,2,0,71,6,8,5,1,1,1,337.87
105,1,3,2,0,72,4,8,4,1,1,1,547.77
105,1,3,2,0,73,10,8,7,2,2,1,552.73
105,1,3,2,0,74,6,8,5,1,2,0,841.83
105,1,3,2,0,75,2,8,3,1,1,1,376.23
105,1,3,2,0,76,4,8,4,1,1,1,343.83
105,1,3,2,0,77,2,8,3,1,1,1,302.34
105,1,3,2,0,78,12,8,8,2,2,1,416.01
105,1,3,2,0,79,12,8,8,2,2,1,386.29
105,1,3,2,0,80,2,8,3,1,1,1,365.74
105,1,3,2,0,81,10,8,7,2,2,1,325.17
105,1,3,2,0,82,8,8,6,2,1,0,595.22
105,1,3,2,0,83,8,8,6,2,2,1,587.32
105,1,3,2,0,84,10,8,7,2,2,1,363.28
105,1,3,2,0,85,12,8,8,2,2,1,312.22
105,1,3,2,0,86,6,8,5,1,1,1,682.31
105,1,3,2,0,87,8,8,6,2,1,0,368.1
105,1,3,2,0,88,10,8,7,2,2,1,556.35
105,1,3,2,0,89,10,8,7,2,2,1,350.83
105,1,3,2,0,90,12,8,8,2,2,1,344.28
105,1,3,2,0,91,2,8,3,1,1,1,421.59
105,1,3,2,0,92,12,8,8,2,2,1,433.1
105,1,3,2,0,93,8,8,6,2,1,0,752.38
105,1,3,2,0,94,8,8,6,2,2,1,610.45
105,1,3,2,0,95,8,8,6,2,2,1,414.74
105,1,3,2,0,96,6,8,5,1,1,1,416.91
105,1,3,2,0,97,2,8,3,1,1,1,487.28
105,1,3,2,0,98,4,8,4,1,1,1,374.26
105,1,3,2,0,99,2,8,3,1,1,1,343.76
105,1,3,2,0,100,10,8,7,2,2,1,401.68
105,1,3,2,0,101,8,8,6,2,2,1,430.35
105,1,3,2,0,102,4,8,4,1,1,1,449.85
105,1,3,2,0,103,10,8,7,2,2,1,452.87
105,1,3,2,0,104,12,8,8,2,2,1,402.12
105,1,3,2,0,105,4,8,4,1,1,1,397
105,1,3,2,0,106,12,8,8,2,2,1,379.83
105,1,3,2,0,107,12,8,8,2,2,1,382.27
105,1,3,2,0,108,4,8,4,1,1,1,552.28
105,1,3,2,0,109,8,8,6,2,2,1,555.01
105,1,3,2,0,110,2,8,3,1,1,1,390.92
105,1,3,2,0,111,6,8,5,1,1,1,683.79
105,1,3,2,0,112,8,8,6,2,1,0,424.9
105,1,3,2,0,113,10,8,7,2,2,1,478.44
105,1,3,2,0,114,2,8,3,1,1,1,410.18
105,1,3,2,0,115,10,8,7,2,2,1,407.58
105,1,3,2,0,116,12,8,8,2,2,1,402.17
105,1,3,2,0,117,12,8,8,2,2,1,391.27
105,1,3,2,0,118,4,8,4,1,1,1,426.92
105,1,3,2,0,119,6,8,5,1,2,0,795.22
105,1,3,2,0,120,10,8,7,2,2,1,423.46
105,1,3,1,1,1,7,6,6,2,2,1,986.63
105,1,3,1,1,2,7,6,6,2,2,1,415.83
105,1,3,1,1,3,3,6,4,1,1,1,499.29
105,1,3,1,1,4,1,6,3,1,1,1,488.5
105,1,3,1,1,5,1,6,3,1,1,1,307.66
105,1,3,1,1,6,1,6,3,1,1,1,293.31
105,1,3,1,1,7,5,6,5,1,1,1,753.88
105,1,3,1,1,8,5,6,5,1,2,0,565.35
105,1,3,1,1,9,11,6,8,2,2,1,414.88
105,1,3,1,1,10,9,6,7,2,2,1,394.94
105,1,3,1,1,11,11,6,8,2,2,1,367.22
105,1,3,1,1,12,3,6,4,1,1,1,490.53
105,1,3,1,1,13,7,6,6,2,2,1,538.1
105,1,3,1,1,14,5,6,5,1,2,0,939.55
105,1,3,1,1,15,3,6,4,1,1,1,417.78
105,1,3,1,1,16,3,6,4,1,1,1,338.65
105,1,3,1,1,17,11,6,8,2,2,1,396.03
105,1,3,1,1,18,9,6,7,2,2,1,399.76
105,1,3,1,1,19,1,6,3,1,1,1,401.85
105,1,3,1,1,20,9,6,7,2,2,1,379.16
105,1,3,1,1,21,5,6,5,1,1,1,587.56
105,1,3,1,1,22,9,6,7,2,2,1,369.47
105,1,3,1,1,23,7,6,6,2,1,0,434.58
105,1,3,1,1,24,11,6,8,2,2,1,426.26
105,1,3,1,0,1,11,6,8,2,2,1,414.26
105,1,3,1,0,2,7,6,6,2,2,1,596.69
105,1,3,1,0,3,1,6,3,1,1,1,397.27
105,1,3,1,0,4,1,6,3,1,1,1,378.64
105,1,3,1,0,5,9,6,7,2,2,1,402.1
105,1,3,1,0,6,3,6,4,1,1,1,420.83
105,1,3,1,0,7,5,6,5,1,1,1,367.8
105,1,3,1,0,8,1,6,3,1,1,1,400.21
105,1,3,1,0,9,5,6,5,1,1,1,770.07
105,1,3,1,0,10,3,6,4,1,1,1,387.52
105,1,3,1,0,11,7,6,6,2,2,1,504.94
105,1,3,1,0,12,1,6,3,1,1,1,379.96
105,1,3,1,0,13,11,6,8,2,2,1,361.97
105,1,3,1,0,14,9,6,7,2,2,1,354.59
105,1,3,1,0,15,5,6,5,1,2,0,902.93
105,1,3,1,0,16,9,6,7,2,2,1,471.79
105,1,3,1,0,17,3,6,4,1,1,1,434.3
105,1,3,1,0,18,9,6,7,2,2,1,396.92
105,1,3,1,0,19,9,6,7,2,2,1,404.75
105,1,3,1,0,20,9,6,7,2,2,1,406.79
105,1,3,1,0,21,1,6,3,1,1,1,430.96
105,1,3,1,0,22,7,6,6,2,2,1,638.68
105,1,3,1,0,23,9,6,7,2,2,1,448.41
105,1,3,1,0,24,11,6,8,2,2,1,362.91
105,1,3,1,0,25,7,6,6,2,2,1,596.49
105,1,3,1,0,26,3,6,4,1,1,1,481.23
105,1,3,1,0,27,1,6,3,1,1,1,385.34
105,1,3,1,0,28,5,6,5,1,1,1,611.05
105,1,3,1,0,29,9,6,7,2,2,1,457.65
105,1,3,1,0,30,9,6,7,2,2,1,349.69
105,1,3,1,0,31,3,6,4,1,1,1,453.66
105,1,3,1,0,32,11,6,8,2,2,1,386.96
105,1,3,1,0,33,3,6,4,1,1,1,439.15
105,1,3,1,0,34,9,6,7,2,2,1,432.05
105,1,3,1,0,35,5,6,5,1,2,0,591.05
105,1,3,1,0,36,3,6,4,1,1,1,453.18
105,1,3,1,0,37,11,6,8,2,2,1,368.67
105,1,3,1,0,38,7,6,6,2,2,1,532.72
105,1,3,1,0,39,5,6,5,1,2,0,351.38
105,1,3,1,0,40,5,6,5,1,1,1,405.74
105,1,3,1,0,41,7,6,6,2,1,0,458.78
105,1,3,1,0,42,7,6,6,2,2,1,506.32
105,1,3,1,0,43,7,6,6,2,2,1,459.94
105,1,3,1,0,44,3,6,4,1,1,1,395.5
105,1,3,1,0,45,3,6,4,1,1,1,382.33
105,1,3,1,0,46,5,6,5,1,1,1,952.44
105,1,3,1,0,47,3,6,4,1,1,1,420.21
105,1,3,1,0,48,3,6,4,1,1,1,394.57
105,1,3,1,0,49,11,6,8,2,2,1,382.86
105,1,3,1,0,50,5,6,5,1,2,0,667.9
105,1,3,1,0,51,3,6,4,1,1,1,357.41
105,1,3,1,0,52,1,6,3,1,1,1,361.12
105,1,3,1,0,53,9,6,7,2,2,1,417.95
105,1,3,1,0,54,5,6,5,1,1,1,894.5
105,1,3,1,0,55,9,6,7,2,2,1,368.36
105,1,3,1,0,56,3,6,4,1,1,1,374.48
105,1,3,1,0,57,11,6,8,2,2,1,363.2
105,1,3,1,0,58,11,6,8,2,2,1,352.88
105,1,3,1,0,59,5,6,5,1,2,0,716.35
105,1,3,1,0,60,3,6,4,1,1,1,442.09
105,1,3,1,0,61,11,6,8,2,2,1,400.28
105,1,3,1,0,62,3,6,4,1,1,1,488.08
105,1,3,1,0,63,5,6,5,1,2,0,565.36
105,1,3,1,0,64,9,6,7,2,2,1,680.05
105,1,3,1,0,65,11,6,8,2,2,1,410.13
105,1,3,1,0,66,5,6,5,1,1,1,541.11
105,1,3,1,0,67,7,6,6,2,1,0,452.76
105,1,3,1,0,68,5,6,5,1,1,1,657.57
105,1,3,1,0,69,3,6,4,1,1,1,477.71
105,1,3,1,0,70,9,6,7,2,2,1,503.12
105,1,3,1,0,71,7,6,6,2,2,1,473.29
105,1,3,1,0,72,1,6,3,1,1,1,429.52
105,1,3,1,0,73,3,6,4,1,1,1,421.85
105,1,3,1,0,74,11,6,8,2,2,1,478.17
105,1,3,1,0,75,7,6,6,2,2,1,661.37
105,1,3,1,0,76,5,6,5,1,1,1,560.31
105,1,3,1,0,77,7,6,6,2,2,1,497.99
105,1,3,1,0,78,11,6,8,2,2,1,467.43
105,1,3,1,0,79,5,6,5,1,1,1,826.33
105,1,3,1,0,80,9,6,7,2,2,1,512.12
105,1,3,1,0,81,7,6,6,2,2,1,680.85
105,1,3,1,0,82,7,6,6,2,1,0,757.69
105,1,3,1,0,83,7,6,6,2,2,1,568
105,1,3,1,0,84,9,6,7,2,2,1,544.29
105,1,3,1,0,85,7,6,6,2,2,1,393.42
105,1,3,1,0,86,1,6,3,1,1,1,398.37
105,1,3,1,0,87,1,6,3,1,1,1,336.75
105,1,3,1,0,88,7,6,6,2,2,1,634.62
105,1,3,1,0,89,3,6,4,1,1,1,574.19
105,1,3,1,0,90,11,6,8,2,2,1,448.63
105,1,3,1,0,91,11,6,8,2,2,1,371.01
105,1,3,1,0,92,7,6,6,2,2,1,595.55
105,1,3,1,0,93,5,6,5,1,1,1,431.48
105,1,3,1,0,94,11,6,8,2,2,1,422.07
105,1,3,1,0,95,1,6,3,1,1,1,423.59
105,1,3,1,0,96,11,6,8,2,2,1,416.94
105,1,3,1,0,97,1,6,3,1,1,1,454.91
105,1,3,1,0,98,11,6,8,2,2,1,398.94
105,1,3,1,0,99,3,6,4,1,1,1,431.18
105,1,3,1,0,100,3,6,4,1,1,1,481.81
105,1,3,1,0,101,9,6,7,2,2,1,360.88
105,1,3,1,0,102,1,6,3,1,1,1,416.58
105,1,3,1,0,103,1,6,3,1,1,1,571.29
105,1,3,1,0,104,1,6,3,1,1,1,316.23
105,1,3,1,0,105,1,6,3,1,1,1,339.62
105,1,3,1,0,106,1,6,3,1,1,1,309.27
105,1,3,1,0,107,9,6,7,2,2,1,420.24
105,1,3,1,0,108,9,6,7,2,2,1,381.2
105,1,3,1,0,109,5,6,5,1,2,0,489.82
105,1,3,1,0,110,11,6,8,2,2,1,408.07
105,1,3,1,0,111,5,6,5,1,1,1,428.29
105,1,3,1,0,112,11,6,8,2,2,1,398.41
105,1,3,1,0,113,5,6,5,1,1,1,471.58
105,1,3,1,0,114,11,6,8,2,2,1,393.71
105,1,3,1,0,115,7,6,6,2,2,1,718.02
105,1,3,1,0,116,7,6,6,2,2,1,419.47
105,1,3,1,0,117,9,6,7,2,2,1,327.45
105,1,3,1,0,118,1,6,3,1,1,1,454.55
105,1,3,1,0,119,1,6,3,1,1,1,345.84
105,1,3,1,0,120,1,6,3,1,1,1,321.39
