102,2,1,5,1,1,11,14,5,2,2,1,643.58
102,2,1,5,1,2,12,14,6,2,2,1,556.67
102,2,1,5,1,3,6,8,6,1,1,1,514.33
102,2,1,5,1,4,6,8,6,1,1,1,658.87
102,2,1,5,1,5,8,10,6,2,1,0,563.95
102,2,1,5,1,6,7,10,5,2,2,1,880.76
102,2,1,5,1,7,2,4,6,1,1,1,871.56
102,2,1,5,1,8,5,8,5,1,1,1,1282.1
102,2,1,5,1,9,3,6,5,1,1,1,461.27
102,2,1,5,1,10,7,10,5,2,2,1,755.89
102,2,1,5,1,11,1,4,5,1,1,1,451.95
102,2,1,5,1,12,9,12,5,2,2,1,411.5
102,2,1,5,1,13,12,14,6,2,2,1,547.84
102,2,1,5,1,14,9,12,5,2,2,1,480.16
102,2,1,5,1,15,1,4,5,1,1,1,575.57
102,2,1,5,1,16,3,6,5,1,1,1,448.35
102,2,1,5,1,17,4,6,6,1,1,1,644.18
102,2,1,5,1,18,5,8,5,1,1,1,759.62
102,2,1,5,1,19,2,4,6,1,1,1,465.36
102,2,1,5,1,20,10,12,6,2,2,1,752.57
102,2,1,5,1,21,8,10,6,2,2,1,1094.2
102,2,1,5,1,22,11,14,5,2,2,1,1141.7
102,2,1,5,1,23,4,6,6,1,1,1,505.08
102,2,1,5,1,24,10,12,6,2,2,1,381.57
102,2,1,5,0,1,1,4,5,1,1,1,461.31
102,2,1,5,0,2,11,14,5,2,2,1,348.13
102,2,1,5,0,3,8,10,6,2,2,1,907.45
102,2,1,5,0,4,12,14,6,2,2,1,572.57
102,2,1,5,0,5,6,8,6,1,1,1,560.33
102,2,1,5,0,6,11,14,5,2,2,1,481.57
102,2,1,5,0,7,11,14,5,2,2,1,573.9
102,2,1,5,0,8,1,4,5,1,1,1,448.81
102,2,1,5,0,9,5,8,5,1,1,1,854.83
102,2,1,5,0,10,12,14,6,2,2,1,466.93
102,2,1,5,0,11,10,12,6,2,2,1,972.74
102,2,1,5,0,12,6,8,6,1,1,1,773.3
102,2,1,5,0,13,9,12,5,2,2,1,532.98
102,2,1,5,0,14,8,10,6,2,2,1,1582
102,2,1,5,0,15,6,8,6,1,1,1,825.74
102,2,1,5,0,16,2,4,6,1,1,1,530.41
102,2,1,5,0,17,3,6,5,1,1,1,534.1
102,2,1,5,0,18,1,4,5,1,1,1,429.67
102,2,1,5,0,19,12,14,6,2,2,1,511.75
102,2,1,5,0,20,1,4,5,1,1,1,528.12
102,2,1,5,0,21,12,14,6,2,2,1,522.16
102,2,1,5,0,22,6,8,6,1,1,1,897.01
102,2,1,5,0,23,7,10,5,2,2,1,851.24
102,2,1,5,0,24,7,10,5,2,2,1,678.34
102,2,1,5,0,25,10,12,6,2,2,1,626.32
102,2,1,5,0,26,7,10,5,2,2,1,633.89
102,2,1,5,0,27,9,12,5,2,2,1,415.13
102,2,1,5,0,28,3,6,5,1,1,1,521.95
102,2,1,5,0,29,1,4,5,1,1,1,524.29
102,2,1,5,0,30,1,4,5,1,1,1,550.96
102,2,1,5,0,31,4,6,6,1,1,1,770.41
102,2,1,5,0,32,6,8,6,1,2,0,2056.7
102,2,1,5,0,33,5,8,5,1,2,0,1052.1
102,2,1,5,0,34,3,6,5,1,1,1,463.6
102,2,1,5,0,35,4,6,6,1,1,1,746.22
102,2,1,5,0,36,9,12,5,2,2,1,509.77
102,2,1,5,0,37,5,8,5,1,1,1,1135.1
102,2,1,5,0,38,3,6,5,1,1,1,450.98
102,2,1,5,0,39,4,6,6,1,1,1,609.53
102,2,1,5,0,40,9,12,5,2,2,1,472.15
102,2,1,5,0,41,3,6,5,1,1,1,420.31
102,2,1,5,0,42,12,14,6,2,2,1,1070.9
102,2,1,5,0,43,8,10,6,2,2,1,726.32
102,2,1,5,0,44,10,12,6,2,2,1,467.29
102,2,1,5,0,45,12,14,6,2,2,1,652.22
102,2,1,5,0,46,10,12,6,2,2,1,787.69
102,2,1,5,0,47,9,12,5,2,2,1,488.43
102,2,1,5,0,48,9,12,5,2,2,1,480.57
102,2,1,5,0,49,8,10,6,2,2,1,377.52
102,2,1,5,0,50,7,10,5,2,2,1,1435
102,2,1,5,0,51,3,6,5,1,1,1,664.36
102,2,1,5,0,52,1,4,5,1,1,1,789.42
102,2,1,5,0,53,5,8,5,1,2,0,1229.3
102,2,1,5,0,54,6,8,6,1,1,1,1384.5
102,2,1,5,0,55,8,10,6,2,2,1,844.2
102,2,1,5,0,56,5,8,5,1,1,1,1273.6
102,2,1,5,0,57,4,6,6,1,1,1,540.37
102,2,1,5,0,58,4,6,6,1,1,1,560.93
102,2,1,5,0,59,4,6,6,1,1,1,439.14
102,2,1,5,0,60,3,6,5,1,1,1,525.01
102,2,1,5,0,61,12,14,6,2,2,1,507.02
102,2,1,5,0,62,7,10,5,2,2,1,600.57
102,2,1,5,0,63,3,6,5,1,1,1,520.01
102,2,1,5,0,64,9,12,5,2,2,1,616.23
102,2,1,5,0,65,11,14,5,2,2,1,525.49
102,2,1,5,0,66,9,12,5,2,2,1,470.88
102,2,1,5,0,67,5,8,5,1,1,1,831.21
102,2,1,5,0,68,7,10,5,2,2,1,862.33
102,2,1,5,0,69,6,8,6,1,1,1,897.27
102,2,1,5,0,70,2,4,6,1,1,1,732.06
102,2,1,5,0,71,3,6,5,1,1,1,742.8
102,2,1,5,0,72,7,10,5,2,2,1,603.62
102,2,1,5,0,73,5,8,5,1,2,0,1005.7
102,2,1,5,0,74,8,10,6,2,2,1,982.05
102,2,1,5,0,75,4,6,6,1,1,1,649.52
102,2,1,5,0,76,11,14,5,2,2,1,517.62
102,2,1,5,0,77,11,14,5,2,2,1,368.41
102,2,1,5,0,78,1,4,5,1,1,1,423.32
102,2,1,5,0,79,5,8,5,1,1,1,922.72
102,2,1,5,0,80,11,14,5,2,2,1,640.74
102,2,1,5,0,81,8,10,6,2,2,1,706.83
102,2,1,5,0,82,2,4,6,1,1,1,408.46
102,2,1,5,0,83,8,10,6,2,2,1,363.19
102,2,1,5,0,84,5,8,5,1,1,1,809.28
102,2,1,5,0,85,4,6,6,1,1,1,643.7
102,2,1,5,0,86,4,6,6,1,1,1,385.62
102,2,1,5,0,87,10,12,6,2,2,1,393.79
102,2,1,5,0,88,6,8,6,1,1,1,553.02
102,2,1,5,0,89,9,12,5,2,2,1,367.91
102,2,1,5,0,90,6,8,6,1,1,1,494.05
102,2,1,5,0,91,8,10,6,2,2,1,619.47
102,2,1,5,0,92,7,10,5,2,2,1,443.04
102,2,1,5,0,93,8,10,6,2,2,1,471.6
102,2,1,5,0,94,7,10,5,2,2,1,616.49
102,2,1,5,0,95,2,4,6,1,1,1,429.06
102,2,1,5,0,96,10,12,6,2,2,1,456.81
102,2,1,5,0,97,4,6,6,1,1,1,468.23
102,2,1,5,0,98,2,4,6,1,1,1,449.97
102,2,1,5,0,99,11,14,5,2,2,1,412.62
102,2,1,5,0,100,2,4,6,1,1,1,573.03
102,2,1,5,0,101,9,12,5,2,2,1,407.28
102,2,1,5,0,102,11,14,5,2,2,1,469.21
102,2,1,5,0,103,12,14,6,2,2,1,432.44
102,2,1,5,0,104,12,14,6,2,2,1,509.1
102,2,1,5,0,105,2,4,6,1,1,1,374.99
102,2,1,5,0,106,10,12,6,2,2,1,351.41
102,2,1,5,0,107,3,6,5,1,1,1,567.5
102,2,1,5,0,108,12,14,6,2,2,1,797.06
102,2,1,5,0,109,10,12,6,2,2,1,483.52
102,2,1,5,0,110,2,4,6,1,1,1,416.41
102,2,1,5,0,111,7,10,5,2,2,1,635.54
102,2,1,5,0,112,1,4,5,1,1,1,477.11
102,2,1,5,0,113,1,4,5,1,1,1,488.39
102,2,1,5,0,114,11,14,5,2,2,1,448.1
102,2,1,5,0,115,6,8,6,1,1,1,803.81
102,2,1,5,0,116,2,4,6,1,1,1,465.22
102,2,1,5,0,117,5,8,5,1,1,1,1953.9
102,2,1,5,0,118,10,12,6,2,2,1,448.05
102,2,1,5,0,119,10,12,6,2,2,1,423.58
102,2,1,5,0,120,2,4,6,1,1,1,496.07
102,2,1,6,0,1,8,10,6,2,2,1,652.79
102,2,1,6,0,2,6,8,6,1,1,1,1164.8
102,2,1,6,0,3,7,10,5,2,2,1,500.57
102,2,1,6,0,4,7,10,5,2,2,1,356.55
102,2,1,6,0,5,9,12,5,2,2,1,490.57
102,2,1,6,0,6,5,8,5,1,1,1,740.9
102,2,1,6,0,7,2,4,6,1,1,1,534.18
102,2,1,6,0,8,12,14,6,2,2,1,438.17
102,2,1,6,0,9,11,14,5,2,2,1,455.16
102,2,1,6,0,10,2,4,6,1,1,1,1988.9
102,2,1,6,0,11,3,6,5,1,1,1,538.33
102,2,1,6,0,12,2,4,6,1,1,1,456.26
102,2,1,6,0,13,1,4,5,1,1,1,442.35
102,2,1,6,0,14,7,10,5,2,2,1,461.36
102,2,1,6,0,15,4,6,6,1,1,1,572.6
102,2,1,6,0,16,5,8,5,1,2,0,376.06
102,2,1,6,0,17,3,6,5,1,1,1,710.14
102,2,1,6,0,18,1,4,5,1,1,1,580.76
102,2,1,6,0,19,9,12,5,2,2,1,351.59
102,2,1,6,0,20,9,12,5,2,2,1,433.14
102,2,1,6,0,21,2,4,6,1,1,1,475.54
102,2,1,6,0,22,6,8,6,1,2,0,816.26
102,2,1,6,0,23,12,14,6,2,2,1,454.44
102,2,1,6,0,24,4,6,6,1,1,1,585.82
102,2,1,6,0,25,7,10,5,2,2,1,538.13
102,2,1,6,0,26,10,12,6,2,2,1,415.19
102,2,1,6,0,27,9,12,5,2,2,1,434.31
102,2,1,6,0,28,7,10,5,2,2,1,677.7
102,2,1,6,0,29,11,14,5,2,2,1,472.42
102,2,1,6,0,30,6,8,6,1,1,1,1256.5
102,2,1,6,0,31,5,8,5,1,1,1,1044.8
102,2,1,6,0,32,2,4,6,1,1,1,573.6
102,2,1,6,0,33,5,8,5,1,1,1,619.8
102,2,1,6,0,34,12,14,6,2,2,1,535.45
102,2,1,6,0,35,2,4,6,1,1,1,500.95
102,2,1,6,0,36,11,14,5,2,2,1,432.64
102,2,1,6,0,37,8,10,6,2,2,1,1262.6
102,2,1,6,0,38,6,8,6,1,1,1,681.72
102,2,1,6,0,39,11,14,5,2,2,1,415.2
102,2,1,6,0,40,10,12,6,2,2,1,851.61
102,2,1,6,0,41,4,6,6,1,1,1,608.6
102,2,1,6,0,42,5,8,5,1,1,1,1004.9
102,2,1,6,0,43,11,14,5,2,2,1,581.83
102,2,1,6,0,44,8,10,6,2,2,1,886.07
102,2,1,6,0,45,6,8,6,1,1,1,804.45
102,2,1,6,0,46,3,6,5,1,1,1,790.89
102,2,1,6,0,47,10,12,6,2,2,1,520.97
102,2,1,6,0,48,6,8,6,1,1,1,597.74
102,2,1,6,0,49,5,8,5,1,1,1,1119.4
102,2,1,6,0,50,3,6,5,1,1,1,978.05
102,2,1,6,0,51,9,12,5,2,2,1,594.71
102,2,1,6,0,52,12,14,6,2,2,1,498.27
102,2,1,6,0,53,1,4,5,1,1,1,641.87
102,2,1,6,0,54,12,14,6,2,2,1,488.82
102,2,1,6,0,55,1,4,5,1,1,1,424.81
102,2,1,6,0,56,12,14,6,2,2,1,519.54
102,2,1,6,0,57,2,4,6,1,1,1,444.79
102,2,1,6,0,58,9,12,5,2,2,1,568
102,2,1,6,0,59,12,14,6,2,2,1,489.77
102,2,1,6,0,60,10,12,6,2,2,1,576.85
102,2,1,6,0,61,7,10,5,2,2,1,1284.9
102,2,1,6,0,62,12,14,6,2,2,1,423.54
102,2,1,6,0,63,3,6,5,1,1,1,534.23
102,2,1,6,0,64,6,8,6,1,1,1,906.07
102,2,1,6,0,65,6,8,6,1,1,1,600.98
102,2,1,6,0,66,1,4,5,1,1,1,1014
102,2,1,6,0,67,8,10,6,2,2,1,962.79
102,2,1,6,0,68,1,4,5,1,1,1,434.75
102,2,1,6,0,69,7,10,5,2,2,1,486.36
102,2,1,6,0,70,4,6,6,1,1,1,383.93
102,2,1,6,0,71,12,14,6,2,2,1,452.86
102,2,1,6,0,72,9,12,5,2,2,1,477.85
102,2,1,6,0,73,8,10,6,2,2,1,766.87
102,2,1,6,0,74,8,10,6,2,2,1,487.31
102,2,1,6,0,75,3,6,5,1,1,1,1127.7
102,2,1,6,0,76,10,12,6,2,2,1,431.41
102,2,1,6,0,77,6,8,6,1,1,1,1108.5
102,2,1,6,0,78,8,10,6,2,2,1,490.31
102,2,1,6,0,79,6,8,6,1,1,1,779.26
102,2,1,6,0,80,11,14,5,2,2,1,413.28
102,2,1,6,0,81,9,12,5,2,2,1,567.66
102,2,1,6,0,82,3,6,5,1,1,1,882.86
102,2,1,6,0,83,5,8,5,1,1,1,799.54
102,2,1,6,0,84,9,12,5,2,2,1,379.97
102,2,1,6,0,85,7,10,5,2,1,0,683.11
102,2,1,6,0,86,5,8,5,1,1,1,1420.9
102,2,1,6,0,87,4,6,6,1,1,1,534.37
102,2,1,6,0,88,11,14,5,2,2,1,450.94
102,2,1,6,0,89,11,14,5,2,2,1,325.77
102,2,1,6,0,90,1,4,5,1,1,1,427.1
102,2,1,6,0,91,3,6,5,1,1,1,436.33
102,2,1,6,0,92,3,6,5,1,1,1,456.87
102,2,1,6,0,93,10,12,6,2,2,1,407.84
102,2,1,6,0,94,8,10,6,2,2,1,412.41
102,2,1,6,0,95,11,14,5,2,2,1,499.24
102,2,1,6,0,96,10,12,6,2,2,1,474.4
102,2,1,6,0,97,10,12,6,2,2,1,438.89
102,2,1,6,0,98,2,4,6,1,1,1,480.78
102,2,1,6,0,99,10,12,6,2,2,1,366.7
102,2,1,6,0,100,3,6,5,1,1,1,753.12
102,2,1,6,0,101,2,4,6,1,1,1,440.1
102,2,1,6,0,102,8,10,6,2,2,1,614.94
102,2,1,6,0,103,7,10,5,2,2,1,638.2
102,2,1,6,0,104,1,4,5,1,1,1,433.82
102,2,1,6,0,105,10,12,6,2,2,1,503.92
102,2,1,6,0,106,7,10,5,2,2,1,705.84
102,2,1,6,0,107,5,8,5,1,1,1,543.94
102,2,1,6,0,108,4,6,6,1,1,1,457.75
102,2,1,6,0,109,1,4,5,1,1,1,455.44
102,2,1,6,0,110,4,6,6,1,1,1,567.82
102,2,1,6,0,111,9,12,5,2,2,1,445.92
102,2,1,6,0,112,5,8,5,1,1,1,939.7
102,2,1,6,0,113,4,6,6,1,1,1,480.75
102,2,1,6,0,114,11,14,5,2,2,1,406.92
102,2,1,6,0,115,12,14,6,2,2,1,414.46
102,2,1,6,0,116,4,6,6,1,1,1,485.51
102,2,1,6,0,117,2,4,6,1,1,1,476.95
102,2,1,6,0,118,8,10,6,2,2,1,781.19
102,2,1,6,0,119,1,4,5,1,1,1,450.03
102,2,1,6,0,120,4,6,6,1,1,1,508.88
102,2,1,4,1,1,2,4,6,1,1,1,627.72
102,2,1,4,1,2,11,14,5,2,2,1,374.45
102,2,1,4,1,3,6,8,6,1,1,1,869.6
102,2,1,4,1,4,9,12,5,2,2,1,363.61
102,2,1,4,1,5,2,4,6,1,1,1,437.46
102,2,1,4,1,6,2,4,6,1,1,1,405.89
102,2,1,4,1,7,7,10,5,2,2,1,495.97
102,2,1,4,1,8,11,14,5,2,2,1,597.39
102,2,1,4,1,9,7,10,5,2,2,1,527.18
102,2,1,4,1,10,4,6,6,1,1,1,452.57
102,2,1,4,1,11,7,10,5,2,2,1,790.61
102,2,1,4,1,12,4,6,6,1,1,1,405.94
102,2,1,4,1,13,9,12,5,2,2,1,415.91
102,2,1,4,1,14,6,8,6,1,1,1,484.1
102,2,1,4,1,15,6,8,6,1,1,1,564.11
102,2,1,4,1,16,9,12,5,2,2,1,467.3
102,2,1,4,1,17,2,4,6,1,1,1,497.25
102,2,1,4,1,18,4,6,6,1,1,1,414.4
102,2,1,4,1,19,9,12,5,2,2,1,368.33
102,2,1,4,1,20,4,6,6,1,1,1,406.12
102,2,1,4,1,21,11,14,5,2,2,1,431.08
102,2,1,4,1,22,7,10,5,2,2,1,721.3
102,2,1,4,1,23,6,8,6,1,1,1,596.24
102,2,1,4,1,24,11,14,5,2,2,1,422.14
102,2,1,4,0,1,11,14,5,2,2,1,439.4
102,2,1,4,0,2,6,8,6,1,1,1,530.18
102,2,1,4,0,3,11,14,5,2,2,1,420.13
102,2,1,4,0,4,7,10,5,2,2,1,821.72
102,2,1,4,0,5,9,12,5,2,2,1,480.94
102,2,1,4,0,6,9,12,5,2,2,1,482
102,2,1,4,0,7,9,12,5,2,2,1,361.23
102,2,1,4,0,8,4,6,6,1,1,1,431.88
102,2,1,4,0,9,2,4,6,1,1,1,452.67
102,2,1,4,0,10,7,10,5,2,2,1,484.9
102,2,1,4,0,11,2,4,6,1,1,1,443.14
102,2,1,4,0,12,2,4,6,1,1,1,405.01
102,2,1,4,0,13,7,10,5,2,2,1,476.3
102,2,1,4,0,14,2,4,6,1,1,1,350.87
102,2,1,4,0,15,11,14,5,2,2,1,435.56
102,2,1,4,0,16,6,8,6,1,2,0,1410.5
102,2,1,4,0,17,2,4,6,1,1,1,441.09
102,2,1,4,0,18,11,14,5,2,2,1,420.32
102,2,1,4,0,19,7,10,5,2,2,1,541.34
102,2,1,4,0,20,9,12,5,2,2,1,433.23
102,2,1,4,0,21,6,8,6,1,1,1,809.71
102,2,1,4,0,22,11,14,5,2,2,1,477.13
102,2,1,4,0,23,4,6,6,1,1,1,445.81
102,2,1,4,0,24,9,12,5,2,2,1,338.15
102,2,1,4,0,25,4,6,6,1,1,1,446.44
102,2,1,4,0,26,9,12,5,2,2,1,294.6
102,2,1,4,0,27,6,8,6,1,1,1,554
102,2,1,4,0,28,11,14,5,2,2,1,429.48
102,2,1,4,0,29,9,12,5,2,2,1,511.74
102,2,1,4,0,30,11,14,5,2,2,1,472.74
102,2,1,4,0,31,2,4,6,1,1,1,409.15
102,2,1,4,0,32,9,12,5,2,2,1,393.08
102,2,1,4,0,33,4,6,6,1,1,1,416.48
102,2,1,4,0,34,7,10,5,2,2,1,387.89
102,2,1,4,0,35,9,12,5,2,2,1,476.92
102,2,1,4,0,36,11,14,5,2,2,1,510.34
102,2,1,4,0,37,4,6,6,1,1,1,517.94
102,2,1,4,0,38,4,6,6,1,1,1,484.04
102,2,1,4,0,39,9,12,5,2,2,1,355.29
102,2,1,4,0,40,7,10,5,2,2,1,534.26
102,2,1,4,0,41,4,6,6,1,1,1,333.03
102,2,1,4,0,42,6,8,6,1,1,1,531.73
102,2,1,4,0,43,11,14,5,2,2,1,473.98
102,2,1,4,0,44,7,10,5,2,2,1,742.8
102,2,1,4,0,45,2,4,6,1,1,1,446.45
102,2,1,4,0,46,6,8,6,1,1,1,1949.8
102,2,1,4,0,47,11,14,5,2,2,1,316.28
102,2,1,4,0,48,7,10,5,2,2,1,429.98
102,2,1,4,0,49,11,14,5,2,2,1,356.14
102,2,1,4,0,50,4,6,6,1,1,1,436.36
102,2,1,4,0,51,2,4,6,1,1,1,676.57
102,2,1,4,0,52,9,12,5,2,2,1,456.2
102,2,1,4,0,53,9,12,5,2,2,1,463.36
102,2,1,4,0,54,2,4,6,1,1,1,459.84
102,2,1,4,0,55,9,12,5,2,2,1,308.69
102,2,1,4,0,56,11,14,5,2,2,1,412.69
102,2,1,4,0,57,6,8,6,1,1,1,657.92
102,2,1,4,0,58,4,6,6,1,1,1,545.15
102,2,1,4,0,59,11,14,5,2,2,1,345.89
102,2,1,4,0,60,6,8,6,1,1,1,605.17
102,2,1,4,0,61,7,10,5,2,2,1,627.66
102,2,1,4,0,62,7,10,5,2,2,1,482.98
102,2,1,4,0,63,4,6,6,1,1,1,429.55
102,2,1,4,0,64,2,4,6,1,1,1,471.25
102,2,1,4,0,65,7,10,5,2,2,1,520.53
102,2,1,4,0,66,11,14,5,2,2,1,745.3
102,2,1,4,0,67,11,14,5,2,2,1,490.51
102,2,1,4,0,68,4,6,6,1,1,1,476.07
102,2,1,4,0,69,6,8,6,1,1,1,1039.4
102,2,1,4,0,70,9,12,5,2,2,1,416.18
102,2,1,4,0,71,7,10,5,2,2,1,512.48
102,2,1,4,0,72,7,10,5,2,2,1,452.9
102,2,1,4,0,73,2,4,6,1,1,1,403.48
102,2,1,4,0,74,9,12,5,2,2,1,427.52
102,2,1,4,0,75,7,10,5,2,2,1,529.58
102,2,1,4,0,76,2,4,6,1,1,1,566.25
102,2,1,4,0,77,4,6,6,1,1,1,1004
102,2,1,4,0,78,11,14,5,2,2,1,426.7
102,2,1,4,0,79,2,4,6,1,1,1,522.04
102,2,1,4,0,80,9,12,5,2,2,1,540.17
102,2,1,4,0,81,11,14,5,2,2,1,418.33
102,2,1,4,0,82,4,6,6,1,1,1,873.83
102,2,1,4,0,83,4,6,6,1,1,1,1031.4
102,2,1,4,0,84,6,8,6,1,1,1,465.46
102,2,1,4,0,85,6,8,6,1,1,1,616.52
102,2,1,4,0,86,2,4,6,1,1,1,499.78
102,2,1,4,0,87,4,6,6,1,1,1,559.07
102,2,1,4,0,88,7,10,5,2,2,1,363.34
102,2,1,4,0,89,11,14,5,2,2,1,385.9
102,2,1,4,0,90,7,10,5,2,2,1,706.01
102,2,1,4,0,91,6,8,6,1,1,1,1012.5
102,2,1,4,0,92,6,8,6,1,1,1,1792.7
102,2,1,4,0,93,2,4,6,1,1,1,423.6
102,2,1,4,0,94,6,8,6,1,2,0,1264.5
102,2,1,4,0,95,4,6,6,1,1,1,651.13
102,2,1,4,0,96,9,12,5,2,2,1,326.7
102,2,1,4,0,97,7,10,5,2,2,1,485.27
102,2,1,4,0,98,11,14,5,2,2,1,329.93
102,2,1,4,0,99,7,10,5,2,2,1,2259.4
102,2,1,4,0,100,11,14,5,2,2,1,486.27
102,2,1,4,0,101,2,4,6,1,1,1,321.19
102,2,1,4,0,102,9,12,5,2,2,1,357.24
102,2,1,4,0,103,6,8,6,1,1,1,584.14
102,2,1,4,0,104,6,8,6,1,1,1,524.11
102,2,1,4,0,105,6,8,6,1,1,1,427.63
102,2,1,4,0,106,2,4,6,1,1,1,472.88
102,2,1,4,0,107,4,6,6,1,1,1,385.81
102,2,1,4,0,108,4,6,6,1,1,1,440.09
102,2,1,4,0,109,7,10,5,2,2,1,306.07
102,2,1,4,0,110,6,8,6,1,1,1,516.29
102,2,1,4,0,111,6,8,6,1,1,1,549.1
102,2,1,4,0,112,2,4,6,1,1,1,516.33
102,2,1,4,0,113,4,6,6,1,1,1,396.07
102,2,1,4,0,114,2,4,6,1,1,1,283.3
102,2,1,4,0,115,6,8,6,1,1,1,810.39
102,2,1,4,0,116,9,12,5,2,2,1,477.52
102,2,1,4,0,117,2,4,6,1,1,1,408.84
102,2,1,4,0,118,7,10,5,2,2,1,510.05
102,2,1,4,0,119,9,12,5,2,2,1,486.45
102,2,1,4,0,120,4,6,6,1,1,1,525.12
102,2,1,3,1,1,3,6,5,1,1,1,972.36
102,2,1,3,1,2,5,8,5,1,1,1,656.38
102,2,1,3,1,3,8,10,6,2,2,1,569.22
102,2,1,3,1,4,12,14,6,2,2,1,438.74
102,2,1,3,1,5,10,12,6,2,2,1,352.5
102,2,1,3,1,6,12,14,6,2,2,1,329.2
102,2,1,3,1,7,1,4,5,1,1,1,1759.9
102,2,1,3,1,8,10,12,6,2,2,1,548.6
102,2,1,3,1,9,5,8,5,1,1,1,714.79
102,2,1,3,1,10,12,14,6,2,2,1,408.41
102,2,1,3,1,11,10,12,6,2,2,1,577.89
102,2,1,3,1,12,3,6,5,1,1,1,482.26
102,2,1,3,1,13,1,4,5,1,1,1,556.41
102,2,1,3,1,14,8,10,6,2,2,1,647.16
102,2,1,3,1,15,5,8,5,1,1,1,946.95
102,2,1,3,1,16,10,12,6,2,2,1,474.92
102,2,1,3,1,17,3,6,5,1,1,1,829.61
102,2,1,3,1,18,8,10,6,2,2,1,508.74
102,2,1,3,1,19,5,8,5,1,1,1,657.59
102,2,1,3,1,20,3,6,5,1,1,1,729.88
102,2,1,3,1,21,1,4,5,1,1,1,478.05
102,2,1,3,1,22,12,14,6,2,2,1,584.66
102,2,1,3,1,23,1,4,5,1,1,1,443.86
102,2,1,3,1,24,8,10,6,2,2,1,449.09
102,2,1,3,0,1,10,12,6,2,2,1,434.02
102,2,1,3,0,2,8,10,6,2,2,1,480.51
102,2,1,3,0,3,12,14,6,2,2,1,460.45
102,2,1,3,0,4,3,6,5,1,1,1,475.51
102,2,1,3,0,5,1,4,5,1,1,1,518.55
102,2,1,3,0,6,1,4,5,1,1,1,529.99
102,2,1,3,0,7,12,14,6,2,2,1,490.67
102,2,1,3,0,8,1,4,5,1,1,1,355.95
102,2,1,3,0,9,1,4,5,1,1,1,351.94
102,2,1,3,0,10,10,12,6,2,2,1,428.9
102,2,1,3,0,11,3,6,5,1,1,1,584.02
102,2,1,3,0,12,5,8,5,1,1,1,1481.3
102,2,1,3,0,13,5,8,5,1,1,1,685.07
102,2,1,3,0,14,8,10,6,2,2,1,1470.1
102,2,1,3,0,15,12,14,6,2,2,1,437.7
102,2,1,3,0,16,5,8,5,1,1,1,652.99
102,2,1,3,0,17,1,4,5,1,1,1,518.35
102,2,1,3,0,18,12,14,6,2,2,1,330.41
102,2,1,3,0,19,3,6,5,1,1,1,428.05
102,2,1,3,0,20,12,14,6,2,2,1,414.81
102,2,1,3,0,21,5,8,5,1,1,1,497.23
102,2,1,3,0,22,5,8,5,1,1,1,418.39
102,2,1,3,0,23,1,4,5,1,1,1,444.53
102,2,1,3,0,24,3,6,5,1,1,1,675.62
102,2,1,3,0,25,5,8,5,1,1,1,588.58
102,2,1,3,0,26,8,10,6,2,2,1,1154.8
102,2,1,3,0,27,8,10,6,2,2,1,752.88
102,2,1,3,0,28,8,10,6,2,2,1,563.43
102,2,1,3,0,29,12,14,6,2,2,1,543.35
102,2,1,3,0,30,1,4,5,1,1,1,709.52
102,2,1,3,0,31,10,12,6,2,2,1,427.86
102,2,1,3,0,32,12,14,6,2,2,1,383.32
102,2,1,3,0,33,3,6,5,1,1,1,407.16
102,2,1,3,0,34,12,14,6,2,2,1,447.5
102,2,1,3,0,35,10,12,6,2,2,1,485.3
102,2,1,3,0,36,8,10,6,2,2,1,1019
102,2,1,3,0,37,3,6,5,1,1,1,415.47
102,2,1,3,0,38,10,12,6,2,2,1,456.95
102,2,1,3,0,39,3,6,5,1,1,1,268.36
102,2,1,3,0,40,12,14,6,2,2,1,468.84
102,2,1,3,0,41,3,6,5,1,1,1,670.82
102,2,1,3,0,42,12,14,6,2,2,1,332.81
102,2,1,3,0,43,12,14,6,2,2,1,431.31
102,2,1,3,0,44,5,8,5,1,1,1,572.36
102,2,1,3,0,45,10,12,6,2,2,1,358.28
102,2,1,3,0,46,10,12,6,2,2,1,472.49
102,2,1,3,0,47,1,4,5,1,1,1,757.3
102,2,1,3,0,48,5,8,5,1,1,1,1372.1
102,2,1,3,0,49,8,10,6,2,2,1,705.94
102,2,1,3,0,50,10,12,6,2,2,1,466.29
102,2,1,3,0,51,8,10,6,2,2,1,682.75
102,2,1,3,0,52,8,10,6,2,2,1,1075.3
102,2,1,3,0,53,1,4,5,1,1,1,489.62
102,2,1,3,0,54,5,8,5,1,1,1,1428.2
102,2,1,3,0,55,3,6,5,1,1,1,1312
102,2,1,3,0,56,1,4,5,1,1,1,537.61
102,2,1,3,0,57,10,12,6,2,2,1,453.55
102,2,1,3,0,58,8,10,6,2,2,1,512.83
102,2,1,3,0,59,3,6,5,1,1,1,334.14
102,2,1,3,0,60,5,8,5,1,1,1,467.64
102,2,1,3,0,61,5,8,5,1,1,1,371.05
102,2,1,3,0,62,5,8,5,1,1,1,454.46
102,2,1,3,0,63,1,4,5,1,1,1,451.91
102,2,1,3,0,64,5,8,5,1,2,0,1212.7
102,2,1,3,0,65,3,6,5,1,1,1,727.46
102,2,1,3,0,66,5,8,5,1,1,1,865.26
102,2,1,3,0,67,12,14,6,2,2,1,502.78
102,2,1,3,0,68,10,12,6,2,2,1,472.31
102,2,1,3,0,69,10,12,6,2,2,1,341.12
102,2,1,3,0,70,1,4,5,1,1,1,450.41
102,2,1,3,0,71,3,6,5,1,1,1,479.06
102,2,1,3,0,72,12,14,6,2,2,1,374.53
102,2,1,3,0,73,8,10,6,2,1,0,1249.7
102,2,1,3,0,74,1,4,5,1,1,1,475.36
102,2,1,3,0,75,3,6,5,1,1,1,524.81
102,2,1,3,0,76,10,12,6,2,2,1,353.41
102,2,1,3,0,77,3,6,5,1,1,1,761.91
102,2,1,3,0,78,8,10,6,2,2,1,317.37
102,2,1,3,0,79,8,10,6,2,2,1,979.97
102,2,1,3,0,80,12,14,6,2,2,1,337.96
102,2,1,3,0,81,12,14,6,2,2,1,392.33
102,2,1,3,0,82,1,4,5,1,1,1,495.15
102,2,1,3,0,83,12,14,6,2,2,1,435.87
102,2,1,3,0,84,12,14,6,2,2,1,455.09
102,2,1,3,0,85,5,8,5,1,1,1,967.05
102,2,1,3,0,86,1,4,5,1,1,1,687.38
102,2,1,3,0,87,8,10,6,2,2,1,684.33
102,2,1,3,0,88,8,10,6,2,2,1,768.59
102,2,1,3,0,89,8,10,6,2,2,1,772.44
102,2,1,3,0,90,8,10,6,2,2,1,411.68
102,2,1,3,0,91,10,12,6,2,2,1,326.79
102,2,1,3,0,92,5,8,5,1,1,1,777.15
102,2,1,3,0,93,3,6,5,1,1,1,591.36
102,2,1,3,0,94,5,8,5,1,1,1,384.45
102,2,1,3,0,95,12,14,6,2,2,1,424.48
102,2,1,3,0,96,10,12,6,2,2,1,619.33
102,2,1,3,0,97,5,8,5,1,1,1,897.92
102,2,1,3,0,98,10,12,6,2,2,1,364.16
102,2,1,3,0,99,3,6,5,1,1,1,525.26
102,2,1,3,0,100,5,8,5,1,1,1,439.57
102,2,1,3,0,101,1,4,5,1,1,1,321.98
102,2,1,3,0,102,3,6,5,1,1,1,376.76
102,2,1,3,0,103,10,12,6,2,2,1,443.4
102,2,1,3,0,104,12,14,6,2,2,1,355.96
102,2,1,3,0,105,1,4,5,1,1,1,310.22
102,2,1,3,0,106,8,10,6,2,2,1,506.31
102,2,1,3,0,107,10,12,6,2,2,1,381.49
102,2,1,3,0,108,12,14,6,2,2,1,356.03
102,2,1,3,0,109,1,4,5,1,1,1,316.62
102,2,1,3,0,110,3,6,5,1,1,1,482.47
102,2,1,3,0,111,5,8,5,1,1,1,382.65
102,2,1,3,0,112,1,4,5,1,1,1,573.03
102,2,1,3,0,113,8,10,6,2,2,1,466.79
102,2,1,3,0,114,10,12,6,2,2,1,312.72
102,2,1,3,0,115,3,6,5,1,1,1,352.48
102,2,1,3,0,116,3,6,5,1,1,1,441.08
102,2,1,3,0,117,10,12,6,2,2,1,397.77
102,2,1,3,0,118,8,10,6,2,2,1,2735.2
102,2,1,3,0,119,10,12,6,2,2,1,573.97
102,2,1,3,0,120,1,4,5,1,1,1,498.31
102,2,1,1,1,1,3,6,5,1,1,1,476.99
102,2,1,1,1,2,1,4,5,1,1,1,361.3
102,2,1,1,1,3,3,6,5,1,1,1,324.24
102,2,1,1,1,4,9,12,5,2,2,1,336.35
102,2,1,1,1,5,11,14,5,2,2,1,371.27
102,2,1,1,1,6,9,12,5,2,2,1,418.17
102,2,1,1,1,7,11,14,5,2,2,1,289.5
102,2,1,1,1,8,1,4,5,1,1,1,356.14
102,2,1,1,1,9,1,4,5,1,1,1,312.58
102,2,1,1,1,10,7,10,5,2,2,1,576.03
102,2,1,1,1,11,7,10,5,2,2,1,374.29
102,2,1,1,1,12,7,10,5,2,2,1,324.39
102,2,1,1,1,13,7,10,5,2,2,1,263.38
102,2,1,1,1,14,1,4,5,1,2,0,357.79
102,2,1,1,1,15,9,12,5,2,2,1,541.64
102,2,1,1,1,16,5,8,5,1,1,1,1411.2
102,2,1,1,1,17,3,6,5,1,1,1,452.62
102,2,1,1,1,18,11,14,5,2,2,1,554.7
102,2,1,1,1,19,5,8,5,1,1,1,889.11
102,2,1,1,1,20,5,8,5,1,1,1,641.5
102,2,1,1,1,21,5,8,5,1,1,1,651.47
102,2,1,1,1,22,11,14,5,2,2,1,518.04
102,2,1,1,1,23,9,12,5,2,2,1,652.91
102,2,1,1,1,24,3,6,5,1,1,1,679.03
102,2,1,1,0,1,3,6,5,1,1,1,588.12
102,2,1,1,0,2,1,4,5,1,1,1,469.19
102,2,1,1,0,3,3,6,5,1,1,1,282.35
102,2,1,1,0,4,7,10,5,2,2,1,411.01
102,2,1,1,0,5,1,4,5,1,1,1,404.31
102,2,1,1,0,6,3,6,5,1,1,1,395.96
102,2,1,1,0,7,7,10,5,2,2,1,507.08
102,2,1,1,0,8,1,4,5,1,1,1,479.28
102,2,1,1,0,9,7,10,5,2,2,1,457.14
102,2,1,1,0,10,11,14,5,2,2,1,497.28
102,2,1,1,0,11,9,12,5,2,2,1,594.22
102,2,1,1,0,12,7,10,5,2,2,1,682.57
102,2,1,1,0,13,5,8,5,1,1,1,465.01
102,2,1,1,0,14,11,14,5,2,2,1,423.52
102,2,1,1,0,15,9,12,5,2,2,1,628.89
102,2,1,1,0,16,3,6,5,1,1,1,387.57
102,2,1,1,0,17,3,6,5,1,1,1,409.47
102,2,1,1,0,18,5,8,5,1,1,1,710.23
102,2,1,1,0,19,9,12,5,2,2,1,496.99
102,2,1,1,0,20,1,4,5,1,1,1,470.17
102,2,1,1,0,21,7,10,5,2,2,1,380.84
102,2,1,1,0,22,11,14,5,2,2,1,573.55
102,2,1,1,0,23,9,12,5,2,2,1,376.05
102,2,1,1,0,24,7,10,5,2,2,1,484.55
102,2,1,1,0,25,1,4,5,1,1,1,467.97
102,2,1,1,0,26,11,14,5,2,2,1,302.68
102,2,1,1,0,27,9,12,5,2,2,1,647.87
102,2,1,1,0,28,7,10,5,2,2,1,1098.5
102,2,1,1,0,29,1,4,5,1,1,1,409.71
102,2,1,1,0,30,9,12,5,2,2,1,401.14
102,2,1,1,0,31,3,6,5,1,1,1,414.87
102,2,1,1,0,32,1,4,5,1,1,1,432.22
102,2,1,1,0,33,1,4,5,1,1,1,376.12
102,2,1,1,0,34,11,14,5,2,2,1,373.81
102,2,1,1,0,35,5,8,5,1,1,1,852.79
102,2,1,1,0,36,3,6,5,1,1,1,438.43
102,2,1,1,0,37,7,10,5,2,2,1,472.65
102,2,1,1,0,38,7,10,5,2,2,1,451.4
102,2,1,1,0,39,3,6,5,1,1,1,501.2
102,2,1,1,0,40,9,12,5,2,2,1,328.99
102,2,1,1,0,41,9,12,5,2,2,1,408.91
102,2,1,1,0,42,3,6,5,1,1,1,361.69
102,2,1,1,0,43,5,8,5,1,2,0,317.7
102,2,1,1,0,44,5,8,5,1,1,1,457.9
102,2,1,1,0,45,5,8,5,1,1,1,675.4
102,2,1,1,0,46,5,8,5,1,1,1,482.18
102,2,1,1,0,47,9,12,5,2,2,1,493.26
102,2,1,1,0,48,11,14,5,2,2,1,422.27
102,2,1,1,0,49,3,6,5,1,1,1,381.37
102,2,1,1,0,50,5,8,5,1,1,1,539.26
102,2,1,1,0,51,1,4,5,1,1,1,548.16
102,2,1,1,0,52,5,8,5,1,1,1,721.01
102,2,1,1,0,53,1,4,5,1,1,1,546.09
102,2,1,1,0,54,7,10,5,2,2,1,451.03
102,2,1,1,0,55,7,10,5,2,2,1,527.68
102,2,1,1,0,56,3,6,5,1,1,1,545.05
102,2,1,1,0,57,9,12,5,2,2,1,398.94
102,2,1,1,0,58,11,14,5,2,2,1,577.02
102,2,1,1,0,59,3,6,5,1,1,1,378.13
102,2,1,1,0,60,3,6,5,1,1,1,467.59
102,2,1,1,0,61,5,8,5,1,1,1,802.28
102,2,1,1,0,62,11,14,5,2,2,1,367.96
102,2,1,1,0,63,1,4,5,1,1,1,596.55
102,2,1,1,0,64,1,4,5,1,1,1,344.07
102,2,1,1,0,65,1,4,5,1,1,1,390.21
102,2,1,1,0,66,7,10,5,2,2,1,448.25
102,2,1,1,0,67,3,6,5,1,1,1,369.62
102,2,1,1,0,68,11,14,5,2,2,1,379.96
102,2,1,1,0,69,1,4,5,1,1,1,388.42
102,2,1,1,0,70,7,10,5,2,2,1,362.27
102,2,1,1,0,71,3,6,5,1,1,1,391.9
102,2,1,1,0,72,11,14,5,2,2,1,445.75
102,2,1,1,0,73,9,12,5,2,2,1,496.07
102,2,1,1,0,74,7,10,5,2,2,1,656.69
102,2,1,1,0,75,9,12,5,2,2,1,401.39
102,2,1,1,0,76,11,14,5,2,2,1,380.14
102,2,1,1,0,77,3,6,5,1,1,1,386.91
102,2,1,1,0,78,3,6,5,1,1,1,671.85
102,2,1,1,0,79,11,14,5,2,2,1,649.2
102,2,1,1,0,80,11,14,5,2,2,1,367.33
102,2,1,1,0,81,11,14,5,2,2,1,378.96
102,2,1,1,0,82,5,8,5,1,1,1,400.13
102,2,1,1,0,83,3,6,5,1,1,1,354.96
102,2,1,1,0,84,9,12,5,2,2,1,404.35
102,2,1,1,0,85,7,10,5,2,2,1,1499.9
102,2,1,1,0,86,7,10,5,2,2,1,613.28
102,2,1,1,0,87,1,4,5,1,1,1,415.01
102,2,1,1,0,88,9,12,5,2,2,1,435.13
102,2,1,1,0,89,5,8,5,1,1,1,967.91
102,2,1,1,0,90,9,12,5,2,2,1,325.92
102,2,1,1,0,91,3,6,5,1,1,1,525.53
102,2,1,1,0,92,7,10,5,2,2,1,399.13
102,2,1,1,0,93,11,14,5,2,2,1,296.1
102,2,1,1,0,94,11,14,5,2,2,1,439.52
102,2,1,1,0,95,9,12,5,2,2,1,413.81
102,2,1,1,0,96,1,4,5,1,1,1,453.93
102,2,1,1,0,97,5,8,5,1,1,1,899.97
102,2,1,1,0,98,9,12,5,2,2,1,548.09
102,2,1,1,0,99,9,12,5,2,2,1,428.25
102,2,1,1,0,100,5,8,5,1,1,1,749.1
102,2,1,1,0,101,11,14,5,2,2,1,369.32
102,2,1,1,0,102,11,14,5,2,2,1,537.31
102,2,1,1,0,103,7,10,5,2,1,0,1166
102,2,1,1,0,104,11,14,5,2,2,1,442.87
102,2,1,1,0,105,5,8,5,1,1,1,804.02
102,2,1,1,0,106,9,12,5,2,2,1,381.8
102,2,1,1,0,107,1,4,5,1,1,1,334.55
102,2,1,1,0,108,7,10,5,2,2,1,685.28
102,2,1,1,0,109,1,4,5,1,1,1,454.97
102,2,1,1,0,110,5,8,5,1,1,1,1421.9
102,2,1,1,0,111,5,8,5,1,1,1,704.64
102,2,1,1,0,112,5,8,5,1,1,1,505.75
102,2,1,1,0,113,11,14,5,2,2,1,444.71
102,2,1,1,0,114,1,4,5,1,1,1,402.48
102,2,1,1,0,115,5,8,5,1,1,1,664.15
102,2,1,1,0,116,5,8,5,1,1,1,472.48
102,2,1,1,0,117,1,4,5,1,1,1,482.06
102,2,1,1,0,118,9,12,5,2,2,1,404.18
102,2,1,1,0,119,3,6,5,1,1,1,583.33
102,2,1,1,0,120,7,10,5,2,2,1,519.25
102,2,1,2,1,1,6,8,6,1,1,1,1600.5
102,2,1,2,1,2,2,4,6,1,1,1,484.42
102,2,1,2,1,3,4,6,6,1,1,1,391.62
102,2,1,2,1,4,8,10,6,2,2,1,545.09
102,2,1,2,1,5,8,10,6,2,2,1,464.82
102,2,1,2,1,6,12,14,6,2,2,1,305.62
102,2,1,2,1,7,2,4,6,1,1,1,324.11
102,2,1,2,1,8,2,4,6,1,1,1,328.79
102,2,1,2,1,9,6,8,6,1,1,1,847.55
102,2,1,2,1,10,2,4,6,1,1,1,328.93
102,2,1,2,1,11,10,12,6,2,2,1,384.96
102,2,1,2,1,12,4,6,6,1,1,1,375.98
102,2,1,2,1,13,10,12,6,2,2,1,412.08
102,2,1,2,1,14,4,6,6,1,1,1,423.21
102,2,1,2,1,15,6,8,6,1,1,1,1077.8
102,2,1,2,1,16,6,8,6,1,1,1,868.4
102,2,1,2,1,17,10,12,6,2,2,1,1219.6
102,2,1,2,1,18,8,10,6,2,2,1,500.59
102,2,1,2,1,19,12,14,6,2,2,1,369.41
102,2,1,2,1,20,8,10,6,2,1,0,459.37
102,2,1,2,1,21,12,14,6,2,2,1,686.87
102,2,1,2,1,22,4,6,6,1,1,1,494.2
102,2,1,2,1,23,12,14,6,2,2,1,495.01
102,2,1,2,1,24,10,12,6,2,2,1,419.71
102,2,1,2,0,1,2,4,6,1,1,1,456.48
102,2,1,2,0,2,10,12,6,2,2,1,387.64
102,2,1,2,0,3,10,12,6,2,2,1,499.01
102,2,1,2,0,4,12,14,6,2,2,1,411.72
102,2,1,2,0,5,10,12,6,2,2,1,420.85
102,2,1,2,0,6,8,10,6,2,1,0,588.25
102,2,1,2,0,7,4,6,6,1,1,1,450.3
102,2,1,2,0,8,6,8,6,1,1,1,423.7
102,2,1,2,0,9,12,14,6,2,2,1,464.22
102,2,1,2,0,10,12,14,6,2,2,1,309.91
102,2,1,2,0,11,6,8,6,1,1,1,369.15
102,2,1,2,0,12,8,10,6,2,2,1,691.61
102,2,1,2,0,13,8,10,6,2,2,1,617.54
102,2,1,2,0,14,12,14,6,2,2,1,349.24
102,2,1,2,0,15,4,6,6,1,1,1,733.03
102,2,1,2,0,16,6,8,6,1,1,1,524.59
102,2,1,2,0,17,12,14,6,2,2,1,475.3
102,2,1,2,0,18,2,4,6,1,1,1,417.19
102,2,1,2,0,19,2,4,6,1,1,1,465.9
102,2,1,2,0,20,12,14,6,2,2,1,422.37
102,2,1,2,0,21,8,10,6,2,2,1,866.88
102,2,1,2,0,22,12,14,6,2,2,1,888.17
102,2,1,2,0,23,10,12,6,2,2,1,595.79
102,2,1,2,0,24,2,4,6,1,1,1,600.76
102,2,1,2,0,25,8,10,6,2,2,1,498.89
102,2,1,2,0,26,2,4,6,1,1,1,583.91
102,2,1,2,0,27,6,8,6,1,1,1,927.65
102,2,1,2,0,28,10,12,6,2,2,1,357.98
102,2,1,2,0,29,6,8,6,1,1,1,995.52
102,2,1,2,0,30,10,12,6,2,2,1,411.55
102,2,1,2,0,31,10,12,6,2,2,1,358.87
102,2,1,2,0,32,10,12,6,2,2,1,329.14
102,2,1,2,0,33,12,14,6,2,2,1,316.83
102,2,1,2,0,34,2,4,6,1,1,1,348.55
102,2,1,2,0,35,10,12,6,2,2,1,512.99
102,2,1,2,0,36,12,14,6,2,2,1,288.66
102,2,1,2,0,37,4,6,6,1,1,1,1796.9
102,2,1,2,0,38,4,6,6,1,1,1,455.23
102,2,1,2,0,39,6,8,6,1,1,1,586.66
102,2,1,2,0,40,12,14,6,2,2,1,424.23
102,2,1,2,0,41,6,8,6,1,1,1,466.37
102,2,1,2,0,42,8,10,6,2,2,1,708.6
102,2,1,2,0,43,4,6,6,1,1,1,485.89
102,2,1,2,0,44,10,12,6,2,2,1,433.99
102,2,1,2,0,45,6,8,6,1,1,1,445.14
102,2,1,2,0,46,6,8,6,1,1,1,470.34
102,2,1,2,0,47,6,8,6,1,1,1,382.34
102,2,1,2,0,48,4,6,6,1,1,1,460.9
102,2,1,2,0,49,4,6,6,1,1,1,369.73
102,2,1,2,0,50,2,4,6,1,1,1,320.65
102,2,1,2,0,51,2,4,6,1,1,1,325.94
102,2,1,2,0,52,8,10,6,2,2,1,430.39
102,2,1,2,0,53,6,8,6,1,1,1,608.16
102,2,1,2,0,54,10,12,6,2,2,1,775.08
102,2,1,2,0,55,10,12,6,2,2,1,444.18
102,2,1,2,0,56,12,14,6,2,2,1,340.91
102,2,1,2,0,57,10,12,6,2,2,1,299.8
102,2,1,2,0,58,8,10,6,2,2,1,729.61
102,2,1,2,0,59,6,8,6,1,1,1,476.94
102,2,1,2,0,60,8,10,6,2,2,1,571.45
102,2,1,2,0,61,2,4,6,1,1,1,439.61
102,2,1,2,0,62,12,14,6,2,2,1,324.6
102,2,1,2,0,63,10,12,6,2,2,1,466.88
102,2,1,2,0,64,12,14,6,2,2,1,281.97
102,2,1,2,0,65,4,6,6,1,1,1,400.71
102,2,1,2,0,66,8,10,6,2,2,1,454.91
102,2,1,2,0,67,6,8,6,1,1,1,348.1
102,2,1,2,0,68,2,4,6,1,1,1,313.74
102,2,1,2,0,69,2,4,6,1,1,1,273.91
102,2,1,2,0,70,12,14,6,2,2,1,364.82
102,2,1,2,0,71,8,10,6,2,2,1,501.23
102,2,1,2,0,72,2,4,6,1,1,1,457.98
102,2,1,2,0,73,8,10,6,2,2,1,585.36
102,2,1,2,0,74,8,10,6,2,2,1,411.11
102,2,1,2,0,75,6,8,6,1,1,1,871.54
102,2,1,2,0,76,4,6,6,1,1,1,484.54
102,2,1,2,0,77,10,12,6,2,2,1,471.14
102,2,1,2,0,78,4,6,6,1,1,1,444.98
102,2,1,2,0,79,6,8,6,1,2,0,701.65
102,2,1,2,0,80,8,10,6,2,2,1,787.5
102,2,1,2,0,81,12,14,6,2,2,1,434.49
102,2,1,2,0,82,4,6,6,1,1,1,440.72
102,2,1,2,0,83,8,10,6,2,1,0,439.04
102,2,1,2,0,84,4,6,6,1,1,1,451.83
102,2,1,2,0,85,4,6,6,1,1,1,358.72
102,2,1,2,0,86,10,12,6,2,2,1,403.72
102,2,1,2,0,87,12,14,6,2,2,1,405.48
102,2,1,2,0,88,10,12,6,2,2,1,360.72
102,2,1,2,0,89,12,14,6,2,2,1,388.49
102,2,1,2,0,90,4,6,6,1,1,1,348.03
102,2,1,2,0,91,2,4,6,1,1,1,483.42
102,2,1,2,0,92,6,8,6,1,1,1,1042
102,2,1,2,0,93,2,4,6,1,1,1,433.63
102,2,1,2,0,94,4,6,6,1,1,1,362.3
102,2,1,2,0,95,8,10,6,2,2,1,492.86
102,2,1,2,0,96,6,8,6,1,1,1,522.03
102,2,1,2,0,97,12,14,6,2,2,1,440.38
102,2,1,2,0,98,8,10,6,2,2,1,709.1
102,2,1,2,0,99,2,4,6,1,1,1,400.74
102,2,1,2,0,100,8,10,6,2,2,1,363.24
102,2,1,2,0,101,4,6,6,1,1,1,561.74
102,2,1,2,0,102,2,4,6,1,1,1,416.58
102,2,1,2,0,103,6,8,6,1,2,0,1047.4
102,2,1,2,0,104,8,10,6,2,2,1,546.28
102,2,1,2,0,105,10,12,6,2,2,1,400.32
102,2,1,2,0,106,12,14,6,2,2,1,425.01
102,2,1,2,0,107,4,6,6,1,1,1,455.82
102,2,1,2,0,108,2,4,6,1,1,1,384.9
102,2,1,2,0,109,4,6,6,1,1,1,428.88
102,2,1,2,0,110,10,12,6,2,2,1,499.62
102,2,1,2,0,111,2,4,6,1,1,1,341.44
102,2,1,2,0,112,4,6,6,1,1,1,386.25
102,2,1,2,0,113,2,4,6,1,1,1,454.24
102,2,1,2,0,114,2,4,6,1,1,1,371.61
102,2,1,2,0,115,12,14,6,2,2,1,383.03
102,2,1,2,0,116,6,8,6,1,2,0,556.85
102,2,1,2,0,117,10,12,6,2,2,1,427.15
102,2,1,2,0,118,6,8,6,1,1,1,684.37
102,2,1,2,0,119,8,10,6,2,2,1,568.63
102,2,1,2,0,120,4,6,6,1,1,1,432.88
