107,1,1,1,1,1,7,6,6,2,1,0,1071.8
107,1,1,1,1,2,1,6,3,1,1,1,1075.7
107,1,1,1,1,3,5,6,5,1,2,0,737.11
107,1,1,1,1,4,9,6,7,2,2,1,978.89
107,1,1,1,1,5,5,6,5,1,1,1,765.86
107,1,1,1,1,6,3,6,4,1,1,1,707.87
107,1,1,1,1,7,11,6,8,2,2,1,649.28
107,1,1,1,1,8,7,6,6,2,1,0,983.45
107,1,1,1,1,9,7,6,6,2,1,0,1340.4
107,1,1,1,1,10,5,6,5,1,1,1,1694.5
107,1,1,1,1,11,11,6,8,2,2,1,933.26
107,1,1,1,1,12,5,6,5,1,1,1,836.43
107,1,1,1,1,13,9,6,7,2,2,1,1400.3
107,1,1,1,1,14,1,6,3,1,1,1,614.96
107,1,1,1,1,15,9,6,7,2,2,1,1076.1
107,1,1,1,1,16,11,6,8,2,2,1,627.46
107,1,1,1,1,17,11,6,8,2,2,1,611.37
107,1,1,1,1,18,7,6,6,2,2,1,1619.9
107,1,1,1,1,19,3,6,4,1,1,1,558.79
107,1,1,1,1,20,1,6,3,1,1,1,544.54
107,1,1,1,1,21,3,6,4,1,1,1,562.77
107,1,1,1,1,22,1,6,3,1,1,1,547.53
107,1,1,1,1,23,3,6,4,1,1,1,655.5
107,1,1,1,1,24,9,6,7,2,2,1,815.27
107,1,1,1,0,1,7,6,6,2,2,1,1185
107,1,1,1,0,2,7,6,6,2,2,1,881.59
107,1,1,1,0,3,3,6,4,1,1,1,506.93
107,1,1,1,0,4,5,6,5,1,1,1,1310.7
107,1,1,1,0,5,3,6,4,1,1,1,500.4
107,1,1,1,0,6,5,6,5,1,1,1,1221.2
107,1,1,1,0,7,1,6,3,1,1,1,570.92
107,1,1,1,0,8,9,6,7,2,2,1,984.34
107,1,1,1,0,9,3,6,4,1,1,1,478.66
107,1,1,1,0,10,9,6,7,2,2,1,547.14
107,1,1,1,0,11,7,6,6,2,2,1,841.29
107,1,1,1,0,12,1,6,3,1,1,1,571.63
107,1,1,1,0,13,3,6,4,1,1,1,703.09
107,1,1,1,0,14,1,6,3,1,1,1,589.74
107,1,1,1,0,15,11,6,8,2,2,1,649.12
107,1,1,1,0,16,9,6,7,2,2,1,763.98
107,1,1,1,0,17,1,6,3,1,1,1,608.11
107,1,1,1,0,18,3,6,4,1,1,1,589.47
107,1,1,1,0,19,9,6,7,2,2,1,802.47
107,1,1,1,0,20,11,6,8,2,2,1,643.71
107,1,1,1,0,21,7,6,6,2,2,1,898.64
107,1,1,1,0,22,11,6,8,2,2,1,625.73
107,1,1,1,0,23,7,6,6,2,2,1,1038.8
107,1,1,1,0,24,5,6,5,1,1,1,1240.7
107,1,1,1,0,25,5,6,5,1,1,1,860.48
107,1,1,1,0,26,11,6,8,2,2,1,693.49
107,1,1,1,0,27,11,6,8,2,2,1,791.82
107,1,1,1,0,28,3,6,4,1,1,1,658.86
107,1,1,1,0,29,11,6,8,2,2,1,1076.1
107,1,1,1,0,30,3,6,4,1,1,1,708.34
107,1,1,1,0,31,7,6,6,2,2,1,1413.4
107,1,1,1,0,32,9,6,7,2,2,1,880.42
107,1,1,1,0,33,7,6,6,2,2,1,896.2
107,1,1,1,0,34,1,6,3,1,1,1,580.36
107,1,1,1,0,35,3,6,4,1,1,1,902.59
107,1,1,1,0,36,11,6,8,2,2,1,589.39
107,1,1,1,0,37,3,6,4,1,1,1,835.85
107,1,1,1,0,38,5,6,5,1,1,1,1204.1
107,1,1,1,0,39,5,6,5,1,1,1,609.59
107,1,1,1,0,40,11,6,8,2,2,1,636.98
107,1,1,1,0,41,1,6,3,1,1,1,592.77
107,1,1,1,0,42,1,6,3,1,1,1,662.37
107,1,1,1,0,43,7,6,6,2,2,1,834.1
107,1,1,1,0,44,1,6,3,1,1,1,571.83
107,1,1,1,0,45,1,6,3,1,1,1,577.54
107,1,1,1,0,46,5,6,5,1,1,1,1081.9
107,1,1,1,0,47,9,6,7,2,2,1,911.12
107,1,1,1,0,48,1,6,3,1,1,1,616.77
107,1,1,1,0,49,1,6,3,1,1,1,537.18
107,1,1,1,0,50,5,6,5,1,1,1,1011.4
107,1,1,1,0,51,9,6,7,2,2,1,1136.6
107,1,1,1,0,52,1,6,3,1,1,1,522.81
107,1,1,1,0,53,3,6,4,1,1,1,736.91
107,1,1,1,0,54,11,6,8,2,2,1,696.23
107,1,1,1,0,55,11,6,8,2,2,1,645.17
107,1,1,1,0,56,9,6,7,2,2,1,1345.5
107,1,1,1,0,57,9,6,7,2,2,1,686.75
107,1,1,1,0,58,3,6,4,1,1,1,738.96
107,1,1,1,0,59,7,6,6,2,1,0,1630.9
107,1,1,1,0,60,9,6,7,2,2,1,733.91
107,1,1,1,0,61,1,6,3,1,1,1,576.86
107,1,1,1,0,62,1,6,3,1,1,1,585.17
107,1,1,1,0,63,7,6,6,2,2,1,763.15
107,1,1,1,0,64,5,6,5,1,1,1,1005.1
107,1,1,1,0,65,3,6,4,1,1,1,520.82
107,1,1,1,0,66,3,6,4,1,1,1,621.9
107,1,1,1,0,67,7,6,6,2,2,1,982.21
107,1,1,1,0,68,9,6,7,2,2,1,633.7
107,1,1,1,0,69,7,6,6,2,2,1,1854.7
107,1,1,1,0,70,11,6,8,2,2,1,475.15
107,1,1,1,0,71,9,6,7,2,2,1,861.4
107,1,1,1,0,72,7,6,6,2,2,1,1454.6
107,1,1,1,0,73,5,6,5,1,1,1,755.57
107,1,1,1,0,74,11,6,8,2,2,1,562.74
107,1,1,1,0,75,7,6,6,2,2,1,830.36
107,1,1,1,0,76,11,6,8,2,2,1,522.4
107,1,1,1,0,77,9,6,7,2,2,1,571.12
107,1,1,1,0,78,5,6,5,1,1,1,709.39
107,1,1,1,0,79,11,6,8,2,2,1,569.44
107,1,1,1,0,80,3,6,4,1,1,1,572.86
107,1,1,1,0,81,9,6,7,2,2,1,726.5
107,1,1,1,0,82,7,6,6,2,2,1,2031.8
107,1,1,1,0,83,9,6,7,2,2,1,718.87
107,1,1,1,0,84,1,6,3,1,1,1,677.15
107,1,1,1,0,85,9,6,7,2,2,1,734.15
107,1,1,1,0,86,11,6,8,2,2,1,579.3
107,1,1,1,0,87,7,6,6,2,2,1,1090.9
107,1,1,1,0,88,3,6,4,1,1,1,561.63
107,1,1,1,0,89,9,6,7,2,2,1,639.44
107,1,1,1,0,90,5,6,5,1,1,1,1396
107,1,1,1,0,91,1,6,3,1,1,1,579.66
107,1,1,1,0,92,1,6,3,1,1,1,518
107,1,1,1,0,93,3,6,4,1,1,1,480.54
107,1,1,1,0,94,11,6,8,2,2,1,564.6
107,1,1,1,0,95,5,6,5,1,1,1,1562.4
107,1,1,1,0,96,1,6,3,1,1,1,515.54
107,1,1,1,0,97,1,6,3,1,1,1,474.53
107,1,1,1,0,98,11,6,8,2,2,1,487.37
107,1,1,1,0,99,1,6,3,1,1,1,559.08
107,1,1,1,0,100,9,6,7,2,2,1,551.94
107,1,1,1,0,101,5,6,5,1,1,1,1760.8
107,1,1,1,0,102,3,6,4,1,1,1,588.19
107,1,1,1,0,103,5,6,5,1,1,1,1136.3
107,1,1,1,0,104,5,6,5,1,1,1,752.76
107,1,1,1,0,105,3,6,4,1,1,1,493.63
107,1,1,1,0,106,11,6,8,2,2,1,521.9
107,1,1,1,0,107,7,6,6,2,2,1,1055.7
107,1,1,1,0,108,3,6,4,1,1,1,611.82
107,1,1,1,0,109,11,6,8,2,2,1,686.28
107,1,1,1,0,110,3,6,4,1,1,1,738.44
107,1,1,1,0,111,5,6,5,1,1,1,860.48
107,1,1,1,0,112,7,6,6,2,2,1,1221.7
107,1,1,1,0,113,5,6,5,1,1,1,1325.7
107,1,1,1,0,114,9,6,7,2,2,1,783.82
107,1,1,1,0,115,5,6,5,1,1,1,1118.6
107,1,1,1,0,116,11,6,8,2,2,1,1479.7
107,1,1,1,0,117,7,6,6,2,2,1,1062.9
107,1,1,1,0,118,7,6,6,2,2,1,949.54
107,1,1,1,0,119,9,6,7,2,2,1,684.88
107,1,1,1,0,120,5,6,5,1,1,1,761.45
107,1,1,2,1,1,12,8,8,2,2,1,1348
107,1,1,2,1,2,6,8,5,1,1,1,1379.9
107,1,1,2,1,3,6,8,5,1,1,1,919.66
107,1,1,2,1,4,12,8,8,2,2,1,639.7
107,1,1,2,1,5,2,8,3,1,1,1,780.34
107,1,1,2,1,6,2,8,3,1,1,1,544.5
107,1,1,2,1,7,4,8,4,1,1,1,649.13
107,1,1,2,1,8,2,8,3,1,1,1,484.99
107,1,1,2,1,9,8,8,6,2,2,1,1003.5
107,1,1,2,1,10,4,8,4,1,1,1,558.23
107,1,1,2,1,11,4,8,4,1,1,1,568
107,1,1,2,1,12,8,8,6,2,2,1,1039.9
107,1,1,2,1,13,10,8,7,2,2,1,590.77
107,1,1,2,1,14,2,8,3,1,1,1,550.43
107,1,1,2,1,15,12,8,8,2,2,1,533.57
107,1,1,2,1,16,10,8,7,2,2,1,685.1
107,1,1,2,1,17,8,8,6,2,2,1,1094.7
107,1,1,2,1,18,4,8,4,1,1,1,798.53
107,1,1,2,1,19,10,8,7,2,2,1,677.88
107,1,1,2,1,20,6,8,5,1,1,1,1119.7
107,1,1,2,1,21,10,8,7,2,2,1,683.43
107,1,1,2,1,22,8,8,6,2,2,1,2629.4
107,1,1,2,1,23,12,8,8,2,2,1,622.32
107,1,1,2,1,24,6,8,5,1,1,1,1000.2
107,1,1,2,0,1,6,8,5,1,1,1,651.53
107,1,1,2,0,2,6,8,5,1,1,1,825.97
107,1,1,2,0,3,10,8,7,2,2,1,769.36
107,1,1,2,0,4,4,8,4,1,1,1,609.53
107,1,1,2,0,5,10,8,7,2,2,1,918.93
107,1,1,2,0,6,2,8,3,1,1,1,641.39
107,1,1,2,0,7,10,8,7,2,2,1,632.82
107,1,1,2,0,8,6,8,5,1,1,1,818.05
107,1,1,2,0,9,8,8,6,2,2,1,990.45
107,1,1,2,0,10,12,8,8,2,2,1,608.68
107,1,1,2,0,11,8,8,6,2,2,1,1154.3
107,1,1,2,0,12,2,8,3,1,1,1,545.69
107,1,1,2,0,13,4,8,4,1,1,1,543.34
107,1,1,2,0,14,6,8,5,1,1,1,888.05
107,1,1,2,0,15,12,8,8,2,2,1,818.95
107,1,1,2,0,16,2,8,3,1,1,1,703.25
107,1,1,2,0,17,2,8,3,1,1,1,622.83
107,1,1,2,0,18,8,8,6,2,2,1,1007.8
107,1,1,2,0,19,2,8,3,1,1,1,552.48
107,1,1,2,0,20,12,8,8,2,2,1,907.33
107,1,1,2,0,21,8,8,6,2,2,1,806.22
107,1,1,2,0,22,6,8,5,1,1,1,907.19
107,1,1,2,0,23,4,8,4,1,1,1,596.3
107,1,1,2,0,24,10,8,7,2,2,1,954.39
107,1,1,2,0,25,4,8,4,1,1,1,602.75
107,1,1,2,0,26,4,8,4,1,1,1,518.29
107,1,1,2,0,27,8,8,6,2,2,1,752.93
107,1,1,2,0,28,2,8,3,1,1,1,638.55
107,1,1,2,0,29,6,8,5,1,1,1,1089.6
107,1,1,2,0,30,4,8,4,1,1,1,561
107,1,1,2,0,31,10,8,7,2,2,1,1157.4
107,1,1,2,0,32,2,8,3,1,1,1,549.97
107,1,1,2,0,33,2,8,3,1,1,1,607.11
107,1,1,2,0,34,12,8,8,2,2,1,531.69
107,1,1,2,0,35,8,8,6,2,2,1,834.9
107,1,1,2,0,36,8,8,6,2,2,1,922.05
107,1,1,2,0,37,10,8,7,2,2,1,672.63
107,1,1,2,0,38,12,8,8,2,2,1,765.08
107,1,1,2,0,39,12,8,8,2,2,1,535.08
107,1,1,2,0,40,6,8,5,1,1,1,1034
107,1,1,2,0,41,4,8,4,1,1,1,653.19
107,1,1,2,0,42,6,8,5,1,1,1,955.38
107,1,1,2,0,43,12,8,8,2,2,1,725.24
107,1,1,2,0,44,10,8,7,2,2,1,814.94
107,1,1,2,0,45,12,8,8,2,2,1,651.55
107,1,1,2,0,46,10,8,7,2,2,1,682.22
107,1,1,2,0,47,4,8,4,1,1,1,682.34
107,1,1,2,0,48,6,8,5,1,1,1,1114.6
107,1,1,2,0,49,4,8,4,1,1,1,634.46
107,1,1,2,0,50,10,8,7,2,2,1,759.03
107,1,1,2,0,51,6,8,5,1,1,1,624.11
107,1,1,2,0,52,2,8,3,1,1,1,533.42
107,1,1,2,0,53,10,8,7,2,2,1,960.54
107,1,1,2,0,54,2,8,3,1,1,1,504.6
107,1,1,2,0,55,8,8,6,2,2,1,936.91
107,1,1,2,0,56,2,8,3,1,1,1,500.45
107,1,1,2,0,57,6,8,5,1,1,1,936.72
107,1,1,2,0,58,12,8,8,2,2,1,608.31
107,1,1,2,0,59,2,8,3,1,1,1,547.03
107,1,1,2,0,60,4,8,4,1,1,1,615.73
107,1,1,2,0,61,8,8,6,2,2,1,1833
107,1,1,2,0,62,2,8,3,1,1,1,536.69
107,1,1,2,0,63,2,8,3,1,1,1,666.9
107,1,1,2,0,64,8,8,6,2,2,1,738.58
107,1,1,2,0,65,10,8,7,2,2,1,659.33
107,1,1,2,0,66,8,8,6,2,2,1,2326.7
107,1,1,2,0,67,10,8,7,2,2,1,653.82
107,1,1,2,0,68,6,8,5,1,1,1,643.71
107,1,1,2,0,69,12,8,8,2,2,1,591.84
107,1,1,2,0,70,12,8,8,2,2,1,716.77
107,1,1,2,0,71,10,8,7,2,2,1,741.9
107,1,1,2,0,72,4,8,4,1,1,1,688.95
107,1,1,2,0,73,8,8,6,2,2,1,1850.1
107,1,1,2,0,74,12,8,8,2,2,1,584.59
107,1,1,2,0,75,4,8,4,1,1,1,743.49
107,1,1,2,0,76,6,8,5,1,1,1,1158.6
107,1,1,2,0,77,6,8,5,1,1,1,683.52
107,1,1,2,0,78,6,8,5,1,1,1,601.91
107,1,1,2,0,79,2,8,3,1,1,1,548.13
107,1,1,2,0,80,4,8,4,1,1,1,595.95
107,1,1,2,0,81,2,8,3,1,1,1,510.64
107,1,1,2,0,82,10,8,7,2,2,1,808.45
107,1,1,2,0,83,12,8,8,2,2,1,557.5
107,1,1,2,0,84,12,8,8,2,2,1,565.34
107,1,1,2,0,85,4,8,4,1,1,1,725.34
107,1,1,2,0,86,12,8,8,2,2,1,726
107,1,1,2,0,87,10,8,7,2,2,1,988.01
107,1,1,2,0,88,10,8,7,2,2,1,774.74
107,1,1,2,0,89,6,8,5,1,1,1,1865.2
107,1,1,2,0,90,4,8,4,1,1,1,597.82
107,1,1,2,0,91,8,8,6,2,2,1,958.3
107,1,1,2,0,92,2,8,3,1,1,1,557.22
107,1,1,2,0,93,12,8,8,2,2,1,609.88
107,1,1,2,0,94,10,8,7,2,2,1,638.33
107,1,1,2,0,95,2,8,3,1,1,1,736.73
107,1,1,2,0,96,8,8,6,2,2,1,779.55
107,1,1,2,0,97,2,8,3,1,1,1,656.82
107,1,1,2,0,98,6,8,5,1,1,1,1069
107,1,1,2,0,99,8,8,6,2,2,1,884.71
107,1,1,2,0,100,8,8,6,2,2,1,783.33
107,1,1,2,0,101,6,8,5,1,1,1,874.22
107,1,1,2,0,102,6,8,5,1,1,1,706.61
107,1,1,2,0,103,8,8,6,2,2,1,1165.1
107,1,1,2,0,104,12,8,8,2,2,1,562.03
107,1,1,2,0,105,4,8,4,1,1,1,731.72
107,1,1,2,0,106,10,8,7,2,2,1,1045.8
107,1,1,2,0,107,10,8,7,2,2,1,635.39
107,1,1,2,0,108,12,8,8,2,2,1,585.01
107,1,1,2,0,109,8,8,6,2,2,1,1390
107,1,1,2,0,110,8,8,6,2,2,1,1086.3
107,1,1,2,0,111,4,8,4,1,1,1,615.06
107,1,1,2,0,112,4,8,4,1,1,1,543.27
107,1,1,2,0,113,12,8,8,2,2,1,657.06
107,1,1,2,0,114,10,8,7,2,2,1,698.36
107,1,1,2,0,115,2,8,3,1,1,1,594.84
107,1,1,2,0,116,12,8,8,2,2,1,629.16
107,1,1,2,0,117,4,8,4,1,1,1,897.95
107,1,1,2,0,118,8,8,6,2,2,1,915.03
107,1,1,2,0,119,4,8,4,1,1,1,780.3
107,1,1,2,0,120,6,8,5,1,2,0,1251.1
107,1,1,5,1,1,1,6,3,1,1,1,991.1
107,1,1,5,1,2,9,6,7,2,2,1,844.36
107,1,1,5,1,3,5,6,5,1,1,1,1073.4
107,1,1,5,1,4,10,8,7,2,2,1,765.56
107,1,1,5,1,5,2,8,3,1,1,1,572.27
107,1,1,5,1,6,4,8,4,1,1,1,795.35
107,1,1,5,1,7,3,6,4,1,1,1,525.98
107,1,1,5,1,8,11,6,8,2,2,1,596.67
107,1,1,5,1,9,6,8,5,1,1,1,1155.3
107,1,1,5,1,10,6,8,5,1,1,1,833.9
107,1,1,5,1,11,3,6,4,1,1,1,546.64
107,1,1,5,1,12,11,6,8,2,2,1,756.92
107,1,1,5,1,13,7,6,6,2,1,0,1263
107,1,1,5,1,14,12,8,8,2,2,1,724.15
107,1,1,5,1,15,12,8,8,2,2,1,568.21
107,1,1,5,1,16,8,8,6,2,2,1,758.94
107,1,1,5,1,17,10,8,7,2,2,1,626.83
107,1,1,5,1,18,2,8,3,1,1,1,556.24
107,1,1,5,1,19,7,6,6,2,2,1,775.65
107,1,1,5,1,20,5,6,5,1,1,1,932.86
107,1,1,5,1,21,1,6,3,1,1,1,572.37
107,1,1,5,1,22,4,8,4,1,1,1,720.27
107,1,1,5,1,23,9,6,7,2,2,1,761.53
107,1,1,5,1,24,8,8,6,2,2,1,992.23
107,1,1,5,0,1,2,8,3,1,1,1,548.69
107,1,1,5,0,2,11,6,8,2,2,1,603.25
107,1,1,5,0,3,8,8,6,2,2,1,873.39
107,1,1,5,0,4,11,6,8,2,2,1,637.78
107,1,1,5,0,5,2,8,3,1,1,1,615.29
107,1,1,5,0,6,3,6,4,1,1,1,966.1
107,1,1,5,0,7,4,8,4,1,1,1,783.36
107,1,1,5,0,8,9,6,7,2,2,1,664.99
107,1,1,5,0,9,2,8,3,1,1,1,639.42
107,1,1,5,0,10,11,6,8,2,2,1,506.04
107,1,1,5,0,11,3,6,4,1,1,1,805.47
107,1,1,5,0,12,10,8,7,2,2,1,762.33
107,1,1,5,0,13,9,6,7,2,2,1,822.98
107,1,1,5,0,14,1,6,3,1,1,1,588.52
107,1,1,5,0,15,5,6,5,1,1,1,1057.9
107,1,1,5,0,16,6,8,5,1,1,1,663.5
107,1,1,5,0,17,5,6,5,1,1,1,912.28
107,1,1,5,0,18,5,6,5,1,1,1,805.41
107,1,1,5,0,19,6,8,5,1,1,1,638.17
107,1,1,5,0,20,5,6,5,1,1,1,933.82
107,1,1,5,0,21,12,8,8,2,2,1,619.79
107,1,1,5,0,22,3,6,4,1,1,1,734.93
107,1,1,5,0,23,7,6,6,2,2,1,739.29
107,1,1,5,0,24,10,8,7,2,2,1,708.04
107,1,1,5,0,25,11,6,8,2,2,1,618.87
107,1,1,5,0,26,4,8,4,1,1,1,741.5
107,1,1,5,0,27,8,8,6,2,2,1,1949.4
107,1,1,5,0,28,5,6,5,1,1,1,778.7
107,1,1,5,0,29,5,6,5,1,1,1,891.19
107,1,1,5,0,30,2,8,3,1,1,1,607.73
107,1,1,5,0,31,7,6,6,2,2,1,797.55
107,1,1,5,0,32,10,8,7,2,2,1,495.95
107,1,1,5,0,33,12,8,8,2,2,1,528.56
107,1,1,5,0,34,8,8,6,2,2,1,1056.1
107,1,1,5,0,35,4,8,4,1,1,1,687.85
107,1,1,5,0,36,12,8,8,2,2,1,702.47
107,1,1,5,0,37,2,8,3,1,1,1,864.15
107,1,1,5,0,38,12,8,8,2,2,1,681.23
107,1,1,5,0,39,6,8,5,1,1,1,1134.1
107,1,1,5,0,40,9,6,7,2,2,1,715.2
107,1,1,5,0,41,2,8,3,1,1,1,807.68
107,1,1,5,0,42,11,6,8,2,2,1,617.76
107,1,1,5,0,43,1,6,3,1,1,1,718.96
107,1,1,5,0,44,10,8,7,2,2,1,912.53
107,1,1,5,0,45,1,6,3,1,1,1,646.81
107,1,1,5,0,46,2,8,3,1,1,1,691.1
107,1,1,5,0,47,4,8,4,1,1,1,661.53
107,1,1,5,0,48,8,8,6,2,2,1,1014
107,1,1,5,0,49,8,8,6,2,2,1,991.89
107,1,1,5,0,50,9,6,7,2,2,1,736.51
107,1,1,5,0,51,12,8,8,2,2,1,687.22
107,1,1,5,0,52,8,8,6,2,2,1,1420.1
107,1,1,5,0,53,7,6,6,2,2,1,1458.6
107,1,1,5,0,54,11,6,8,2,2,1,545.29
107,1,1,5,0,55,10,8,7,2,2,1,572.2
107,1,1,5,0,56,8,8,6,2,2,1,1403.1
107,1,1,5,0,57,8,8,6,2,2,1,1038.2
107,1,1,5,0,58,4,8,4,1,1,1,544.19
107,1,1,5,0,59,10,8,7,2,2,1,713.88
107,1,1,5,0,60,11,6,8,2,2,1,608.94
107,1,1,5,0,61,7,6,6,2,2,1,835.37
107,1,1,5,0,62,7,6,6,2,2,1,1225.1
107,1,1,5,0,63,12,8,8,2,2,1,500.51
107,1,1,5,0,64,12,8,8,2,2,1,534.27
107,1,1,5,0,65,12,8,8,2,2,1,500.93
107,1,1,5,0,66,2,8,3,1,1,1,510.15
107,1,1,5,0,67,6,8,5,1,2,0,836.91
107,1,1,5,0,68,7,6,6,2,2,1,644.89
107,1,1,5,0,69,11,6,8,2,2,1,580.04
107,1,1,5,0,70,9,6,7,2,2,1,634.75
107,1,1,5,0,71,11,6,8,2,2,1,566.22
107,1,1,5,0,72,4,8,4,1,1,1,645.5
107,1,1,5,0,73,1,6,3,1,1,1,562.7
107,1,1,5,0,74,12,8,8,2,2,1,947.4
107,1,1,5,0,75,10,8,7,2,2,1,541.63
107,1,1,5,0,76,2,8,3,1,1,1,716.83
107,1,1,5,0,77,2,8,3,1,1,1,521.86
107,1,1,5,0,78,4,8,4,1,1,1,567.76
107,1,1,5,0,79,1,6,3,1,1,1,513.18
107,1,1,5,0,80,3,6,4,1,1,1,517.85
107,1,1,5,0,81,12,8,8,2,2,1,556.36
107,1,1,5,0,82,10,8,7,2,2,1,725.56
107,1,1,5,0,83,6,8,5,1,2,0,1142.4
107,1,1,5,0,84,5,6,5,1,1,1,1755.6
107,1,1,5,0,85,1,6,3,1,1,1,525.45
107,1,1,5,0,86,9,6,7,2,2,1,833.82
107,1,1,5,0,87,7,6,6,2,2,1,727.64
107,1,1,5,0,88,7,6,6,2,2,1,717.05
107,1,1,5,0,89,3,6,4,1,1,1,592.64
107,1,1,5,0,90,1,6,3,1,1,1,556.41
107,1,1,5,0,91,4,8,4,1,1,1,636.06
107,1,1,5,0,92,5,6,5,1,2,0,1057.8
107,1,1,5,0,93,9,6,7,2,2,1,579.96
107,1,1,5,0,94,5,6,5,1,1,1,761.34
107,1,1,5,0,95,3,6,4,1,1,1,528.06
107,1,1,5,0,96,4,8,4,1,1,1,556.08
107,1,1,5,0,97,7,6,6,2,1,0,1213.3
107,1,1,5,0,98,3,6,4,1,1,1,541.94
107,1,1,5,0,99,9,6,7,2,2,1,597.83
107,1,1,5,0,100,6,8,5,1,1,1,995.64
107,1,1,5,0,101,8,8,6,2,2,1,1044.3
107,1,1,5,0,102,10,8,7,2,2,1,523.28
107,1,1,5,0,103,6,8,5,1,1,1,1072.5
107,1,1,5,0,104,9,6,7,2,2,1,671.76
107,1,1,5,0,105,5,6,5,1,1,1,725.07
107,1,1,5,0,106,1,6,3,1,1,1,566.46
107,1,1,5,0,107,3,6,4,1,1,1,567.47
107,1,1,5,0,108,4,8,4,1,1,1,729.29
107,1,1,5,0,109,9,6,7,2,2,1,630.45
107,1,1,5,0,110,6,8,5,1,1,1,1076.8
107,1,1,5,0,111,7,6,6,2,2,1,993.13
107,1,1,5,0,112,10,8,7,2,2,1,656.99
107,1,1,5,0,113,6,8,5,1,1,1,1377.3
107,1,1,5,0,114,3,6,4,1,1,1,555.58
107,1,1,5,0,115,11,6,8,2,2,1,585.45
107,1,1,5,0,116,3,6,4,1,1,1,594.26
107,1,1,5,0,117,8,8,6,2,1,0,2323.8
107,1,1,5,0,118,6,8,5,1,1,1,695.66
107,1,1,5,0,119,1,6,3,1,1,1,552.16
107,1,1,5,0,120,1,6,3,1,1,1,600.82
107,1,1,6,0,1,12,8,8,2,2,1,651.23
107,1,1,6,0,2,4,8,4,1,1,1,691.08
107,1,1,6,0,3,5,6,5,1,1,1,1432.4
107,1,1,6,0,4,10,8,7,2,2,1,741.1
107,1,1,6,0,5,4,8,4,1,1,1,620.43
107,1,1,6,0,6,11,6,8,2,2,1,636.96
107,1,1,6,0,7,12,8,8,2,2,1,725.83
107,1,1,6,0,8,10,8,7,2,2,1,1004.6
107,1,1,6,0,9,8,8,6,2,2,1,1526.4
107,1,1,6,0,10,5,6,5,1,1,1,1428.9
107,1,1,6,0,11,8,8,6,2,2,1,759.94
107,1,1,6,0,12,1,6,3,1,1,1,496.93
107,1,1,6,0,13,9,6,7,2,2,1,897.04
107,1,1,6,0,14,4,8,4,1,1,1,604.26
107,1,1,6,0,15,8,8,6,2,2,1,1135
107,1,1,6,0,16,7,6,6,2,1,0,2022.5
107,1,1,6,0,17,8,8,6,2,2,1,744.33
107,1,1,6,0,18,2,8,3,1,1,1,555.27
107,1,1,6,0,19,7,6,6,2,2,1,737.98
107,1,1,6,0,20,11,6,8,2,2,1,505.23
107,1,1,6,0,21,4,8,4,1,1,1,1040.4
107,1,1,6,0,22,4,8,4,1,1,1,675.55
107,1,1,6,0,23,12,8,8,2,2,1,615.47
107,1,1,6,0,24,5,6,5,1,2,0,1235.9
107,1,1,6,0,25,6,8,5,1,1,1,1020.7
107,1,1,6,0,26,4,8,4,1,1,1,522.92
107,1,1,6,0,27,4,8,4,1,1,1,608.85
107,1,1,6,0,28,11,6,8,2,2,1,623.11
107,1,1,6,0,29,3,6,4,1,1,1,738.15
107,1,1,6,0,30,2,8,3,1,1,1,614.09
107,1,1,6,0,31,9,6,7,2,2,1,1589.9
107,1,1,6,0,32,12,8,8,2,2,1,514.13
107,1,1,6,0,33,6,8,5,1,1,1,2088
107,1,1,6,0,34,12,8,8,2,2,1,559.47
107,1,1,6,0,35,12,8,8,2,2,1,551.4
107,1,1,6,0,36,6,8,5,1,1,1,1001
107,1,1,6,0,37,12,8,8,2,2,1,704.57
107,1,1,6,0,38,11,6,8,2,2,1,601.04
107,1,1,6,0,39,7,6,6,2,2,1,1169.3
107,1,1,6,0,40,3,6,4,1,1,1,585.6
107,1,1,6,0,41,8,8,6,2,2,1,1073.9
107,1,1,6,0,42,12,8,8,2,2,1,709.63
107,1,1,6,0,43,1,6,3,1,1,1,550.05
107,1,1,6,0,44,10,8,7,2,2,1,838.36
107,1,1,6,0,45,1,6,3,1,1,1,693.91
107,1,1,6,0,46,1,6,3,1,1,1,634.21
107,1,1,6,0,47,9,6,7,2,2,1,782.87
107,1,1,6,0,48,6,8,5,1,1,1,817.28
107,1,1,6,0,49,1,6,3,1,1,1,533.49
107,1,1,6,0,50,1,6,3,1,1,1,467.93
107,1,1,6,0,51,7,6,6,2,1,0,1747.8
107,1,1,6,0,52,2,8,3,1,1,1,539.37
107,1,1,6,0,53,9,6,7,2,2,1,612.54
107,1,1,6,0,54,8,8,6,2,1,0,906.3
107,1,1,6,0,55,8,8,6,2,2,1,550.43
107,1,1,6,0,56,11,6,8,2,2,1,494.42
107,1,1,6,0,57,11,6,8,2,2,1,534.71
107,1,1,6,0,58,5,6,5,1,1,1,813.05
107,1,1,6,0,59,6,8,5,1,1,1,952.54
107,1,1,6,0,60,7,6,6,2,2,1,825.92
107,1,1,6,0,61,1,6,3,1,1,1,610.46
107,1,1,6,0,62,2,8,3,1,1,1,705.6
107,1,1,6,0,63,6,8,5,1,2,0,2300.2
107,1,1,6,0,64,3,6,4,1,1,1,598.41
107,1,1,6,0,65,9,6,7,2,2,1,586.35
107,1,1,6,0,66,10,8,7,2,2,1,579.94
107,1,1,6,0,67,1,6,3,1,1,1,553.02
107,1,1,6,0,68,10,8,7,2,2,1,690.61
107,1,1,6,0,69,2,8,3,1,1,1,590.63
107,1,1,6,0,70,9,6,7,2,2,1,580.94
107,1,1,6,0,71,6,8,5,1,2,0,1786.3
107,1,1,6,0,72,4,8,4,1,1,1,597.43
107,1,1,6,0,73,11,6,8,2,2,1,524.91
107,1,1,6,0,74,5,6,5,1,1,1,1701.2
107,1,1,6,0,75,2,8,3,1,1,1,556.24
107,1,1,6,0,76,10,8,7,2,2,1,548.42
107,1,1,6,0,77,5,6,5,1,1,1,769.18
107,1,1,6,0,78,8,8,6,2,2,1,1395
107,1,1,6,0,79,6,8,5,1,1,1,822.24
107,1,1,6,0,80,10,8,7,2,2,1,577.56
107,1,1,6,0,81,3,6,4,1,1,1,734.3
107,1,1,6,0,82,2,8,3,1,1,1,569.44
107,1,1,6,0,83,1,6,3,1,1,1,488.53
107,1,1,6,0,84,6,8,5,1,1,1,1029.8
107,1,1,6,0,85,10,8,7,2,2,1,557.76
107,1,1,6,0,86,8,8,6,2,2,1,820.21
107,1,1,6,0,87,3,6,4,1,1,1,536.98
107,1,1,6,0,88,9,6,7,2,2,1,681.37
107,1,1,6,0,89,12,8,8,2,2,1,549.31
107,1,1,6,0,90,6,8,5,1,1,1,1035.5
107,1,1,6,0,91,9,6,7,2,2,1,561.77
107,1,1,6,0,92,5,6,5,1,1,1,825.12
107,1,1,6,0,93,3,6,4,1,1,1,625.71
107,1,1,6,0,94,3,6,4,1,1,1,531.86
107,1,1,6,0,95,7,6,6,2,2,1,883.03
107,1,1,6,0,96,4,8,4,1,1,1,881.93
107,1,1,6,0,97,7,6,6,2,2,1,1130.2
107,1,1,6,0,98,8,8,6,2,2,1,856.14
107,1,1,6,0,99,2,8,3,1,1,1,513.21
107,1,1,6,0,100,7,6,6,2,2,1,934.63
107,1,1,6,0,101,9,6,7,2,2,1,546.78
107,1,1,6,0,102,4,8,4,1,1,1,581.03
107,1,1,6,0,103,3,6,4,1,1,1,622.6
107,1,1,6,0,104,12,8,8,2,2,1,635.98
107,1,1,6,0,105,5,6,5,1,1,1,1695
107,1,1,6,0,106,10,8,7,2,2,1,563.41
107,1,1,6,0,107,2,8,3,1,1,1,529.06
107,1,1,6,0,108,1,6,3,1,1,1,511.65
107,1,1,6,0,109,11,6,8,2,2,1,515.78
107,1,1,6,0,110,7,6,6,2,2,1,1039.7
107,1,1,6,0,111,7,6,6,2,2,1,702.4
107,1,1,6,0,112,11,6,8,2,2,1,547.08
107,1,1,6,0,113,5,6,5,1,1,1,1048.7
107,1,1,6,0,114,2,8,3,1,1,1,620.58
107,1,1,6,0,115,3,6,4,1,1,1,608.89
107,1,1,6,0,116,5,6,5,1,1,1,1601.7
107,1,1,6,0,117,3,6,4,1,1,1,608.91
107,1,1,6,0,118,11,6,8,2,2,1,629.49
107,1,1,6,0,119,9,6,7,2,2,1,823.21
107,1,1,6,0,120,10,8,7,2,2,1,567.44
107,1,1,3,1,1,5,6,5,1,1,1,941.88
107,1,1,3,1,2,5,6,5,1,1,1,687.87
107,1,1,3,1,3,1,6,3,1,1,1,554.63
107,1,1,3,1,4,3,6,4,1,1,1,646.17
107,1,1,3,1,5,8,8,6,2,2,1,955.73
107,1,1,3,1,6,1,6,3,1,1,1,577.35
107,1,1,3,1,7,12,8,8,2,2,1,670.03
107,1,1,3,1,8,3,6,4,1,1,1,678.36
107,1,1,3,1,9,3,6,4,1,1,1,599.02
107,1,1,3,1,10,1,6,3,1,1,1,524.42
107,1,1,3,1,11,10,8,7,2,2,1,724.93
107,1,1,3,1,12,1,6,3,1,1,1,469.94
107,1,1,3,1,13,10,8,7,2,2,1,689.5
107,1,1,3,1,14,5,6,5,1,1,1,1862.8
107,1,1,3,1,15,8,8,6,2,2,1,763.71
107,1,1,3,1,16,8,8,6,2,2,1,682.25
107,1,1,3,1,17,10,8,7,2,2,1,564.61
107,1,1,3,1,18,12,8,8,2,2,1,562.09
107,1,1,3,1,19,12,8,8,2,2,1,602.14
107,1,1,3,1,20,8,8,6,2,2,1,1586.5
107,1,1,3,1,21,3,6,4,1,1,1,525.98
107,1,1,3,1,22,10,8,7,2,2,1,699.33
107,1,1,3,1,23,12,8,8,2,2,1,552.62
107,1,1,3,1,24,5,6,5,1,1,1,1060.6
107,1,1,3,0,1,10,8,7,2,2,1,715.74
107,1,1,3,0,2,8,8,6,2,1,0,1047.4
107,1,1,3,0,3,12,8,8,2,2,1,501.45
107,1,1,3,0,4,12,8,8,2,2,1,504.32
107,1,1,3,0,5,10,8,7,2,2,1,658.81
107,1,1,3,0,6,12,8,8,2,2,1,527.99
107,1,1,3,0,7,5,6,5,1,1,1,650.51
107,1,1,3,0,8,1,6,3,1,1,1,547.72
107,1,1,3,0,9,12,8,8,2,2,1,688.88
107,1,1,3,0,10,10,8,7,2,2,1,773.53
107,1,1,3,0,11,3,6,4,1,1,1,623.39
107,1,1,3,0,12,3,6,4,1,1,1,496.25
107,1,1,3,0,13,3,6,4,1,1,1,590.19
107,1,1,3,0,14,12,8,8,2,2,1,629.11
107,1,1,3,0,15,3,6,4,1,1,1,558.62
107,1,1,3,0,16,10,8,7,2,2,1,1044.3
107,1,1,3,0,17,8,8,6,2,2,1,836.19
107,1,1,3,0,18,3,6,4,1,1,1,523.91
107,1,1,3,0,19,1,6,3,1,1,1,552.2
107,1,1,3,0,20,3,6,4,1,1,1,489.54
107,1,1,3,0,21,8,8,6,2,2,1,1325.8
107,1,1,3,0,22,3,6,4,1,1,1,552.75
107,1,1,3,0,23,1,6,3,1,1,1,526.78
107,1,1,3,0,24,8,8,6,2,2,1,913.86
107,1,1,3,0,25,10,8,7,2,2,1,622.99
107,1,1,3,0,26,1,6,3,1,1,1,541.23
107,1,1,3,0,27,8,8,6,2,2,1,804
107,1,1,3,0,28,5,6,5,1,1,1,440.06
107,1,1,3,0,29,10,8,7,2,2,1,489.99
107,1,1,3,0,30,3,6,4,1,1,1,534.13
107,1,1,3,0,31,8,8,6,2,2,1,946.86
107,1,1,3,0,32,12,8,8,2,2,1,553.11
107,1,1,3,0,33,10,8,7,2,2,1,683.9
107,1,1,3,0,34,5,6,5,1,1,1,618.59
107,1,1,3,0,35,10,8,7,2,2,1,680.64
107,1,1,3,0,36,8,8,6,2,2,1,1864.4
107,1,1,3,0,37,5,6,5,1,1,1,813.8
107,1,1,3,0,38,12,8,8,2,2,1,559.39
107,1,1,3,0,39,10,8,7,2,2,1,597.33
107,1,1,3,0,40,10,8,7,2,2,1,589.96
107,1,1,3,0,41,8,8,6,2,2,1,689.3
107,1,1,3,0,42,1,6,3,1,1,1,561.88
107,1,1,3,0,43,3,6,4,1,1,1,503.05
107,1,1,3,0,44,5,6,5,1,1,1,684.69
107,1,1,3,0,45,8,8,6,2,2,1,671.42
107,1,1,3,0,46,10,8,7,2,2,1,530.55
107,1,1,3,0,47,3,6,4,1,1,1,701.31
107,1,1,3,0,48,1,6,3,1,1,1,668.65
107,1,1,3,0,49,5,6,5,1,1,1,793.87
107,1,1,3,0,50,10,8,7,2,2,1,545.68
107,1,1,3,0,51,3,6,4,1,1,1,569.53
107,1,1,3,0,52,3,6,4,1,1,1,610.76
107,1,1,3,0,53,8,8,6,2,2,1,1139.9
107,1,1,3,0,54,12,8,8,2,2,1,544.19
107,1,1,3,0,55,12,8,8,2,2,1,513.01
107,1,1,3,0,56,8,8,6,2,2,1,835.21
107,1,1,3,0,57,1,6,3,1,1,1,574.44
107,1,1,3,0,58,8,8,6,2,2,1,626.35
107,1,1,3,0,59,5,6,5,1,1,1,918.36
107,1,1,3,0,60,12,8,8,2,2,1,586.88
107,1,1,3,0,61,5,6,5,1,1,1,894.28
107,1,1,3,0,62,1,6,3,1,1,1,550.38
107,1,1,3,0,63,5,6,5,1,1,1,908.47
107,1,1,3,0,64,5,6,5,1,1,1,745.52
107,1,1,3,0,65,5,6,5,1,1,1,564
107,1,1,3,0,66,12,8,8,2,2,1,623.71
107,1,1,3,0,67,12,8,8,2,2,1,517.88
107,1,1,3,0,68,5,6,5,1,1,1,631.7
107,1,1,3,0,69,10,8,7,2,2,1,756.24
107,1,1,3,0,70,10,8,7,2,2,1,805.4
107,1,1,3,0,71,8,8,6,2,2,1,1099.3
107,1,1,3,0,72,12,8,8,2,2,1,581.87
107,1,1,3,0,73,10,8,7,2,2,1,894.23
107,1,1,3,0,74,1,6,3,1,1,1,580.22
107,1,1,3,0,75,5,6,5,1,1,1,977.27
107,1,1,3,0,76,12,8,8,2,2,1,664.02
107,1,1,3,0,77,3,6,4,1,1,1,715.27
107,1,1,3,0,78,3,6,4,1,1,1,617.73
107,1,1,3,0,79,1,6,3,1,1,1,602.38
107,1,1,3,0,80,10,8,7,2,2,1,681.29
107,1,1,3,0,81,8,8,6,2,2,1,1017.9
107,1,1,3,0,82,8,8,6,2,2,1,838.82
107,1,1,3,0,83,1,6,3,1,1,1,707.53
107,1,1,3,0,84,1,6,3,1,1,1,589.29
107,1,1,3,0,85,10,8,7,2,2,1,611.49
107,1,1,3,0,86,1,6,3,1,1,1,548.65
107,1,1,3,0,87,8,8,6,2,2,1,759.94
107,1,1,3,0,88,1,6,3,1,1,1,614.19
107,1,1,3,0,89,10,8,7,2,2,1,685.07
107,1,1,3,0,90,5,6,5,1,1,1,766.96
107,1,1,3,0,91,1,6,3,1,1,1,559.52
107,1,1,3,0,92,1,6,3,1,1,1,490.29
107,1,1,3,0,93,12,8,8,2,2,1,706.36
107,1,1,3,0,94,8,8,6,2,2,1,773
107,1,1,3,0,95,12,8,8,2,2,1,710.93
107,1,1,3,0,96,12,8,8,2,2,1,640.03
107,1,1,3,0,97,12,8,8,2,2,1,580.86
107,1,1,3,0,98,12,8,8,2,2,1,580.95
107,1,1,3,0,99,5,6,5,1,1,1,648.74
107,1,1,3,0,100,5,6,5,1,1,1,714.6
107,1,1,3,0,101,8,8,6,2,2,1,988.08
107,1,1,3,0,102,8,8,6,2,2,1,868.17
107,1,1,3,0,103,1,6,3,1,1,1,595.5
107,1,1,3,0,104,10,8,7,2,2,1,934.18
107,1,1,3,0,105,3,6,4,1,1,1,514.83
107,1,1,3,0,106,5,6,5,1,1,1,681.09
107,1,1,3,0,107,12,8,8,2,2,1,765.06
107,1,1,3,0,108,3,6,4,1,1,1,695.54
107,1,1,3,0,109,3,6,4,1,1,1,613.5
107,1,1,3,0,110,1,6,3,1,1,1,570.62
107,1,1,3,0,111,5,6,5,1,1,1,1041.2
107,1,1,3,0,112,3,6,4,1,1,1,589.8
107,1,1,3,0,113,8,8,6,2,2,1,849.5
107,1,1,3,0,114,3,6,4,1,1,1,624.53
107,1,1,3,0,115,3,6,4,1,1,1,591.87
107,1,1,3,0,116,10,8,7,2,2,1,611.43
107,1,1,3,0,117,1,6,3,1,1,1,744.42
107,1,1,3,0,118,5,6,5,1,1,1,697.42
107,1,1,3,0,119,5,6,5,1,1,1,825.05
107,1,1,3,0,120,1,6,3,1,1,1,589.68
107,1,1,4,1,1,4,8,4,1,1,1,1614.4
107,1,1,4,1,2,9,6,7,2,2,1,602.8
107,1,1,4,1,3,11,6,8,2,2,1,470.83
107,1,1,4,1,4,11,6,8,2,2,1,496.96
107,1,1,4,1,5,2,8,3,1,1,1,533.88
107,1,1,4,1,6,7,6,6,2,2,1,900.18
107,1,1,4,1,7,6,8,5,1,2,0,950.97
107,1,1,4,1,8,2,8,3,1,1,1,552.4
107,1,1,4,1,9,2,8,3,1,1,1,558.57
107,1,1,4,1,10,4,8,4,1,1,1,687.43
107,1,1,4,1,11,9,6,7,2,2,1,659.17
107,1,1,4,1,12,7,6,6,2,2,1,1045.6
107,1,1,4,1,13,4,8,4,1,1,1,618.53
107,1,1,4,1,14,11,6,8,2,2,1,529.39
107,1,1,4,1,15,9,6,7,2,2,1,865.05
107,1,1,4,1,16,4,8,4,1,1,1,699.48
107,1,1,4,1,17,7,6,6,2,1,0,2645.5
107,1,1,4,1,18,6,8,5,1,1,1,926.11
107,1,1,4,1,19,2,8,3,1,1,1,560.18
107,1,1,4,1,20,7,6,6,2,2,1,705.64
107,1,1,4,1,21,6,8,5,1,1,1,817.94
107,1,1,4,1,22,9,6,7,2,2,1,780.63
107,1,1,4,1,23,11,6,8,2,2,1,600.41
107,1,1,4,1,24,6,8,5,1,1,1,784.07
107,1,1,4,0,1,2,8,3,1,1,1,485.64
107,1,1,4,0,2,4,8,4,1,1,1,533.87
107,1,1,4,0,3,4,8,4,1,1,1,491.87
107,1,1,4,0,4,7,6,6,2,2,1,888.88
107,1,1,4,0,5,2,8,3,1,1,1,906.55
107,1,1,4,0,6,4,8,4,1,1,1,595.41
107,1,1,4,0,7,2,8,3,1,1,1,637.68
107,1,1,4,0,8,7,6,6,2,2,1,699.53
107,1,1,4,0,9,7,6,6,2,2,1,702.1
107,1,1,4,0,10,2,8,3,1,1,1,559.06
107,1,1,4,0,11,6,8,5,1,2,0,2808
107,1,1,4,0,12,2,8,3,1,1,1,517.69
107,1,1,4,0,13,6,8,5,1,1,1,1123.9
107,1,1,4,0,14,11,6,8,2,2,1,476.83
107,1,1,4,0,15,4,8,4,1,1,1,519.51
107,1,1,4,0,16,4,8,4,1,1,1,492.39
107,1,1,4,0,17,9,6,7,2,2,1,809.15
107,1,1,4,0,18,11,6,8,2,2,1,497.82
107,1,1,4,0,19,2,8,3,1,1,1,533.2
107,1,1,4,0,20,9,6,7,2,2,1,708.09
107,1,1,4,0,21,7,6,6,2,2,1,699.36
107,1,1,4,0,22,9,6,7,2,2,1,620.8
107,1,1,4,0,23,4,8,4,1,1,1,755.57
107,1,1,4,0,24,11,6,8,2,2,1,643.15
107,1,1,4,0,25,9,6,7,2,2,1,782.88
107,1,1,4,0,26,11,6,8,2,2,1,535.81
107,1,1,4,0,27,4,8,4,1,1,1,725.74
107,1,1,4,0,28,11,6,8,2,2,1,636.91
107,1,1,4,0,29,11,6,8,2,2,1,496.97
107,1,1,4,0,30,6,8,5,1,1,1,573.79
107,1,1,4,0,31,11,6,8,2,2,1,471.77
107,1,1,4,0,32,7,6,6,2,2,1,2201.9
107,1,1,4,0,33,4,8,4,1,1,1,530.56
107,1,1,4,0,34,7,6,6,2,2,1,622.47
107,1,1,4,0,35,6,8,5,1,1,1,822.05
107,1,1,4,0,36,9,6,7,2,2,1,650.8
107,1,1,4,0,37,9,6,7,2,2,1,593.29
107,1,1,4,0,38,11,6,8,2,2,1,609.45
107,1,1,4,0,39,7,6,6,2,2,1,983.89
107,1,1,4,0,40,11,6,8,2,2,1,558.33
107,1,1,4,0,41,7,6,6,2,2,1,1527.1
107,1,1,4,0,42,7,6,6,2,2,1,1512.2
107,1,1,4,0,43,4,8,4,1,1,1,546.57
107,1,1,4,0,44,7,6,6,2,2,1,705.54
107,1,1,4,0,45,6,8,5,1,1,1,700.88
107,1,1,4,0,46,4,8,4,1,1,1,560.19
107,1,1,4,0,47,7,6,6,2,2,1,1291.5
107,1,1,4,0,48,7,6,6,2,2,1,572.65
107,1,1,4,0,49,7,6,6,2,2,1,637.7
107,1,1,4,0,50,9,6,7,2,2,1,496.4
107,1,1,4,0,51,11,6,8,2,2,1,559.9
107,1,1,4,0,52,2,8,3,1,1,1,547.04
107,1,1,4,0,53,6,8,5,1,1,1,757.94
107,1,1,4,0,54,9,6,7,2,2,1,612.14
107,1,1,4,0,55,6,8,5,1,1,1,596.79
107,1,1,4,0,56,2,8,3,1,1,1,517.41
107,1,1,4,0,57,11,6,8,2,2,1,583.42
107,1,1,4,0,58,7,6,6,2,2,1,842.05
107,1,1,4,0,59,2,8,3,1,1,1,573.26
107,1,1,4,0,60,11,6,8,2,2,1,612.44
107,1,1,4,0,61,11,6,8,2,2,1,645.4
107,1,1,4,0,62,6,8,5,1,1,1,770.59
107,1,1,4,0,63,9,6,7,2,2,1,913.41
107,1,1,4,0,64,11,6,8,2,2,1,707.41
107,1,1,4,0,65,2,8,3,1,1,1,634.75
107,1,1,4,0,66,9,6,7,2,2,1,700.94
107,1,1,4,0,67,4,8,4,1,1,1,556.42
107,1,1,4,0,68,6,8,5,1,1,1,583.65
107,1,1,4,0,69,4,8,4,1,1,1,525
107,1,1,4,0,70,6,8,5,1,1,1,477.88
107,1,1,4,0,71,4,8,4,1,1,1,455.87
107,1,1,4,0,72,6,8,5,1,1,1,541.82
107,1,1,4,0,73,6,8,5,1,1,1,500.97
107,1,1,4,0,74,9,6,7,2,2,1,583.49
107,1,1,4,0,75,9,6,7,2,2,1,439.01
107,1,1,4,0,76,11,6,8,2,2,1,456
107,1,1,4,0,77,6,8,5,1,1,1,590.24
107,1,1,4,0,78,2,8,3,1,1,1,551.98
107,1,1,4,0,79,4,8,4,1,1,1,494.53
107,1,1,4,0,80,11,6,8,2,2,1,529.68
107,1,1,4,0,81,7,6,6,2,2,1,828.03
107,1,1,4,0,82,4,8,4,1,1,1,535.33
107,1,1,4,0,83,2,8,3,1,1,1,466.15
107,1,1,4,0,84,9,6,7,2,2,1,698.7
107,1,1,4,0,85,4,8,4,1,1,1,588.34
107,1,1,4,0,86,11,6,8,2,2,1,560.12
107,1,1,4,0,87,9,6,7,2,2,1,587.91
107,1,1,4,0,88,6,8,5,1,1,1,654.57
107,1,1,4,0,89,4,8,4,1,1,1,544.09
107,1,1,4,0,90,4,8,4,1,1,1,532.69
107,1,1,4,0,91,2,8,3,1,1,1,469.02
107,1,1,4,0,92,2,8,3,1,1,1,515.17
107,1,1,4,0,93,11,6,8,2,2,1,529.34
107,1,1,4,0,94,9,6,7,2,2,1,576.67
107,1,1,4,0,95,2,8,3,1,1,1,533.56
107,1,1,4,0,96,7,6,6,2,2,1,652.27
107,1,1,4,0,97,11,6,8,2,2,1,448.34
107,1,1,4,0,98,6,8,5,1,1,1,651.17
107,1,1,4,0,99,6,8,5,1,1,1,634.66
107,1,1,4,0,100,6,8,5,1,1,1,520.83
107,1,1,4,0,101,9,6,7,2,2,1,644.87
107,1,1,4,0,102,7,6,6,2,2,1,672.73
107,1,1,4,0,103,2,8,3,1,1,1,524.05
107,1,1,4,0,104,2,8,3,1,1,1,475.53
107,1,1,4,0,105,7,6,6,2,2,1,579.62
107,1,1,4,0,106,9,6,7,2,2,1,652.04
107,1,1,4,0,107,6,8,5,1,1,1,956.72
107,1,1,4,0,108,7,6,6,2,2,1,767.49
107,1,1,4,0,109,4,8,4,1,1,1,599.43
107,1,1,4,0,110,2,8,3,1,1,1,510.61
107,1,1,4,0,111,9,6,7,2,2,1,699.5
107,1,1,4,0,112,6,8,5,1,1,1,920.21
107,1,1,4,0,113,6,8,5,1,1,1,652.35
107,1,1,4,0,114,7,6,6,2,2,1,695.03
107,1,1,4,0,115,2,8,3,1,1,1,706.3
107,1,1,4,0,116,9,6,7,2,2,1,583.6
107,1,1,4,0,117,4,8,4,1,1,1,529.42
107,1,1,4,0,118,2,8,3,1,1,1,484.2
107,1,1,4,0,119,9,6,7,2,2,1,651.69
107,1,1,4,0,120,11,6,8,2,2,1,554.26
