103,1,4,4,1,1,11,6,8,2,2,1,1010.1
103,1,4,4,1,2,4,8,4,1,1,1,1033.1
103,1,4,4,1,3,4,8,4,1,1,1,511.9
103,1,4,4,1,4,9,6,7,2,2,1,432.34
103,1,4,4,1,5,6,8,5,1,2,0,1796.6
103,1,4,4,1,6,2,8,3,1,1,1,461.7
103,1,4,4,1,7,9,6,7,2,2,1,373.15
103,1,4,4,1,8,7,6,6,2,2,1,370.75
103,1,4,4,1,9,7,6,6,2,2,1,362.18
103,1,4,4,1,10,4,8,4,1,1,1,676.06
103,1,4,4,1,11,6,8,5,1,1,1,844.33
103,1,4,4,1,12,6,8,5,1,1,1,454.14
103,1,4,4,1,13,2,8,3,1,1,1,466.01
103,1,4,4,1,14,2,8,3,1,1,1,341.29
103,1,4,4,1,15,4,8,4,1,1,1,846.82
103,1,4,4,1,16,11,6,8,2,2,1,394.65
103,1,4,4,1,17,11,6,8,2,2,1,316.68
103,1,4,4,1,18,2,8,3,1,1,1,379.32
103,1,4,4,1,19,7,6,6,2,2,1,446.63
103,1,4,4,1,20,9,6,7,2,2,1,316.07
103,1,4,4,1,21,7,6,6,2,2,1,417.37
103,1,4,4,1,22,9,6,7,2,2,1,383.13
103,1,4,4,1,23,11,6,8,2,2,1,282.12
103,1,4,4,1,24,6,8,5,1,2,0,943.66
103,1,4,4,0,1,6,8,5,1,1,1,441.87
103,1,4,4,0,2,11,6,8,2,2,1,371.46
103,1,4,4,0,3,9,6,7,2,2,1,281.87
103,1,4,4,0,4,4,8,4,1,1,1,421.7
103,1,4,4,0,5,6,8,5,1,1,1,529.77
103,1,4,4,0,6,11,6,8,2,2,1,347.33
103,1,4,4,0,7,11,6,8,2,2,1,342.18
103,1,4,4,0,8,7,6,6,2,2,1,987.06
103,1,4,4,0,9,7,6,6,2,2,1,348.92
103,1,4,4,0,10,2,8,3,1,1,1,396.2
103,1,4,4,0,11,4,8,4,1,1,1,375.31
103,1,4,4,0,12,2,8,3,1,1,1,361.78
103,1,4,4,0,13,11,6,8,2,2,1,398.68
103,1,4,4,0,14,7,6,6,2,2,1,582.54
103,1,4,4,0,15,6,8,5,1,2,0,694.35
103,1,4,4,0,16,4,8,4,1,1,1,526.09
103,1,4,4,0,17,9,6,7,2,2,1,404.12
103,1,4,4,0,18,11,6,8,2,2,1,334.26
103,1,4,4,0,19,2,8,3,1,1,1,482.42
103,1,4,4,0,20,2,8,3,1,1,1,284.77
103,1,4,4,0,21,2,8,3,1,1,1,323.8
103,1,4,4,0,22,4,8,4,1,1,1,565.58
103,1,4,4,0,23,7,6,6,2,2,1,535.07
103,1,4,4,0,24,9,6,7,2,2,1,337.71
103,1,4,4,0,25,9,6,7,2,2,1,328.79
103,1,4,4,0,26,2,8,3,1,1,1,1206.3
103,1,4,4,0,27,7,6,6,2,2,1,546.39
103,1,4,4,0,28,11,6,8,2,2,1,334.47
103,1,4,4,0,29,9,6,7,2,2,1,289.65
103,1,4,4,0,30,6,8,5,1,2,0,983.45
103,1,4,4,0,31,2,8,3,1,1,1,385.72
103,1,4,4,0,32,11,6,8,2,2,1,478.12
103,1,4,4,0,33,6,8,5,1,2,0,1735.1
103,1,4,4,0,34,6,8,5,1,1,1,681.99
103,1,4,4,0,35,4,8,4,1,1,1,345.95
103,1,4,4,0,36,7,6,6,2,1,0,449.64
103,1,4,4,0,37,9,6,7,2,2,1,433.17
103,1,4,4,0,38,11,6,8,2,2,1,285.62
103,1,4,4,0,39,4,8,4,1,1,1,758.19
103,1,4,4,0,40,2,8,3,1,1,1,456.6
103,1,4,4,0,41,2,8,3,1,1,1,373.68
103,1,4,4,0,42,9,6,7,2,2,1,402.14
103,1,4,4,0,43,2,8,3,1,1,1,478.03
103,1,4,4,0,44,4,8,4,1,1,1,712.56
103,1,4,4,0,45,2,8,3,1,1,1,593.94
103,1,4,4,0,46,7,6,6,2,2,1,1134.4
103,1,4,4,0,47,6,8,5,1,1,1,974.59
103,1,4,4,0,48,6,8,5,1,1,1,439.31
103,1,4,4,0,49,9,6,7,2,2,1,419.52
103,1,4,4,0,50,9,6,7,2,2,1,387.74
103,1,4,4,0,51,11,6,8,2,2,1,359.4
103,1,4,4,0,52,6,8,5,1,1,1,1550.9
103,1,4,4,0,53,9,6,7,2,2,1,503.9
103,1,4,4,0,54,7,6,6,2,2,1,393.87
103,1,4,4,0,55,4,8,4,1,1,1,449.21
103,1,4,4,0,56,7,6,6,2,2,1,720.3
103,1,4,4,0,57,11,6,8,2,2,1,384.03
103,1,4,4,0,58,7,6,6,2,2,1,1069.1
103,1,4,4,0,59,6,8,5,1,1,1,619.88
103,1,4,4,0,60,4,8,4,1,1,1,404.33
103,1,4,4,0,61,2,8,3,1,1,1,414.42
103,1,4,4,0,62,7,6,6,2,2,1,739.74
103,1,4,4,0,63,6,8,5,1,1,1,925.45
103,1,4,4,0,64,6,8,5,1,1,1,1084.5
103,1,4,4,0,65,11,6,8,2,2,1,336.22
103,1,4,4,0,66,2,8,3,1,1,1,995.47
103,1,4,4,0,67,9,6,7,2,2,1,366.65
103,1,4,4,0,68,7,6,6,2,2,1,780.59
103,1,4,4,0,69,4,8,4,1,1,1,450.26
103,1,4,4,0,70,4,8,4,1,1,1,356.99
103,1,4,4,0,71,4,8,4,1,1,1,340.77
103,1,4,4,0,72,4,8,4,1,1,1,511.83
103,1,4,4,0,73,4,8,4,1,1,1,350.32
103,1,4,4,0,74,9,6,7,2,2,1,354.09
103,1,4,4,0,75,7,6,6,2,2,1,314.9
103,1,4,4,0,76,11,6,8,2,2,1,249.99
103,1,4,4,0,77,7,6,6,2,2,1,564.34
103,1,4,4,0,78,4,8,4,1,1,1,502
103,1,4,4,0,79,4,8,4,1,1,1,305.55
103,1,4,4,0,80,4,8,4,1,1,1,324.45
103,1,4,4,0,81,11,6,8,2,2,1,410.48
103,1,4,4,0,82,11,6,8,2,2,1,367.99
103,1,4,4,0,83,6,8,5,1,1,1,966.51
103,1,4,4,0,84,11,6,8,2,2,1,420.74
103,1,4,4,0,85,9,6,7,2,2,1,636.78
103,1,4,4,0,86,9,6,7,2,2,1,342.17
103,1,4,4,0,87,11,6,8,2,2,1,333.35
103,1,4,4,0,88,2,8,3,1,1,1,359.17
103,1,4,4,0,89,2,8,3,1,1,1,292.42
103,1,4,4,0,90,9,6,7,2,2,1,473.2
103,1,4,4,0,91,7,6,6,2,2,1,547.76
103,1,4,4,0,92,2,8,3,1,1,1,464.18
103,1,4,4,0,93,4,8,4,1,1,1,293.21
103,1,4,4,0,94,6,8,5,1,1,1,848.61
103,1,4,4,0,95,9,6,7,2,2,1,667.49
103,1,4,4,0,96,4,8,4,1,1,1,588.3
103,1,4,4,0,97,6,8,5,1,1,1,1104.7
103,1,4,4,0,98,7,6,6,2,2,1,613.5
103,1,4,4,0,99,2,8,3,1,2,0,366.53
103,1,4,4,0,100,6,8,5,1,1,1,1197.5
103,1,4,4,0,101,2,8,3,1,1,1,433.27
103,1,4,4,0,102,7,6,6,2,2,1,950.25
103,1,4,4,0,103,4,8,4,1,1,1,403.27
103,1,4,4,0,104,6,8,5,1,1,1,1076.3
103,1,4,4,0,105,9,6,7,2,2,1,420.08
103,1,4,4,0,106,11,6,8,2,2,1,479.01
103,1,4,4,0,107,9,6,7,2,2,1,321.38
103,1,4,4,0,108,11,6,8,2,2,1,308.39
103,1,4,4,0,109,2,8,3,1,1,1,447.03
103,1,4,4,0,110,7,6,6,2,2,1,641.76
103,1,4,4,0,111,7,6,6,2,2,1,469.93
103,1,4,4,0,112,11,6,8,2,2,1,362.78
103,1,4,4,0,113,6,8,5,1,1,1,1394.6
103,1,4,4,0,114,7,6,6,2,2,1,1079.8
103,1,4,4,0,115,6,8,5,1,1,1,940.22
103,1,4,4,0,116,2,8,3,1,1,1,820.73
103,1,4,4,0,117,9,6,7,2,2,1,432.94
103,1,4,4,0,118,9,6,7,2,2,1,399.89
103,1,4,4,0,119,11,6,8,2,2,1,321.97
103,1,4,4,0,120,6,8,5,1,1,1,439.06
103,1,4,3,1,1,5,6,5,1,1,1,1290
103,1,4,3,1,2,12,8,8,2,2,1,444.72
103,1,4,3,1,3,8,8,6,2,2,1,697.02
103,1,4,3,1,4,8,8,6,2,2,1,532.01
103,1,4,3,1,5,12,8,8,2,2,1,397.29
103,1,4,3,1,6,3,6,4,1,1,1,381.61
103,1,4,3,1,7,1,6,3,1,1,1,466.48
103,1,4,3,1,8,10,8,7,2,2,1,437.33
103,1,4,3,1,9,8,8,6,2,2,1,468.75
103,1,4,3,1,10,1,6,3,1,1,1,1013.1
103,1,4,3,1,11,12,8,8,2,2,1,433.93
103,1,4,3,1,12,12,8,8,2,2,1,354.54
103,1,4,3,1,13,3,6,4,1,1,1,1149.8
103,1,4,3,1,14,5,6,5,1,1,1,1187.5
103,1,4,3,1,15,5,6,5,1,1,1,848.25
103,1,4,3,1,16,5,6,5,1,1,1,524.54
103,1,4,3,1,17,3,6,4,1,1,1,713.52
103,1,4,3,1,18,1,6,3,1,1,1,488.46
103,1,4,3,1,19,3,6,4,1,1,1,362.2
103,1,4,3,1,20,1,6,3,1,1,1,495.59
103,1,4,3,1,21,8,8,6,2,2,1,575.97
103,1,4,3,1,22,10,8,7,2,2,1,356.81
103,1,4,3,1,23,10,8,7,2,2,1,319.79
103,1,4,3,1,24,10,8,7,2,2,1,269.41
103,1,4,3,0,1,12,8,8,2,2,1,340.41
103,1,4,3,0,2,1,6,3,1,1,1,478.52
103,1,4,3,0,3,5,6,5,1,1,1,903.32
103,1,4,3,0,4,10,8,7,2,2,1,479.69
103,1,4,3,0,5,1,6,3,1,1,1,603.85
103,1,4,3,0,6,8,8,6,2,2,1,755.89
103,1,4,3,0,7,8,8,6,2,2,1,589.66
103,1,4,3,0,8,1,6,3,1,1,1,368.44
103,1,4,3,0,9,10,8,7,2,2,1,667.76
103,1,4,3,0,10,12,8,8,2,2,1,490.59
103,1,4,3,0,11,5,6,5,1,1,1,1115.8
103,1,4,3,0,12,3,6,4,1,1,1,474.47
103,1,4,3,0,13,5,6,5,1,1,1,519.92
103,1,4,3,0,14,10,8,7,2,2,1,405.8
103,1,4,3,0,15,3,6,4,1,1,1,435.38
103,1,4,3,0,16,5,6,5,1,1,1,635.69
103,1,4,3,0,17,8,8,6,2,2,1,810.94
103,1,4,3,0,18,5,6,5,1,1,1,723.01
103,1,4,3,0,19,3,6,4,1,1,1,482.66
103,1,4,3,0,20,1,6,3,1,1,1,390.64
103,1,4,3,0,21,8,8,6,2,2,1,369.65
103,1,4,3,0,22,12,8,8,2,2,1,370.32
103,1,4,3,0,23,10,8,7,2,2,1,390.73
103,1,4,3,0,24,1,6,3,1,1,1,400.08
103,1,4,3,0,25,12,8,8,2,2,1,358.11
103,1,4,3,0,26,3,6,4,1,1,1,453.23
103,1,4,3,0,27,12,8,8,2,2,1,386.5
103,1,4,3,0,28,1,6,3,1,1,1,419.06
103,1,4,3,0,29,10,8,7,2,2,1,371.69
103,1,4,3,0,30,8,8,6,2,2,1,443.81
103,1,4,3,0,31,12,8,8,2,2,1,411.69
103,1,4,3,0,32,8,8,6,2,2,1,869.5
103,1,4,3,0,33,5,6,5,1,1,1,947.2
103,1,4,3,0,34,3,6,4,1,1,1,370.82
103,1,4,3,0,35,10,8,7,2,2,1,375.5
103,1,4,3,0,36,1,6,3,1,1,1,372.5
103,1,4,3,0,37,5,6,5,1,1,1,1076.4
103,1,4,3,0,38,5,6,5,1,1,1,472.81
103,1,4,3,0,39,12,8,8,2,2,1,412.56
103,1,4,3,0,40,12,8,8,2,2,1,345.14
103,1,4,3,0,41,12,8,8,2,2,1,321.79
103,1,4,3,0,42,3,6,4,1,1,1,422.5
103,1,4,3,0,43,5,6,5,1,1,1,486.6
103,1,4,3,0,44,10,8,7,2,2,1,465.8
103,1,4,3,0,45,8,8,6,2,2,1,447.94
103,1,4,3,0,46,1,6,3,1,1,1,340.02
103,1,4,3,0,47,12,8,8,2,2,1,577.76
103,1,4,3,0,48,10,8,7,2,2,1,678.21
103,1,4,3,0,49,12,8,8,2,2,1,406.13
103,1,4,3,0,50,8,8,6,2,2,1,1227.1
103,1,4,3,0,51,8,8,6,2,2,1,746.85
103,1,4,3,0,52,1,6,3,1,1,1,319.47
103,1,4,3,0,53,10,8,7,2,2,1,586.42
103,1,4,3,0,54,5,6,5,1,1,1,1006.6
103,1,4,3,0,55,3,6,4,1,1,1,417.59
103,1,4,3,0,56,10,8,7,2,2,1,353.74
103,1,4,3,0,57,10,8,7,2,2,1,305.66
103,1,4,3,0,58,1,6,3,1,1,1,377.86
103,1,4,3,0,59,1,6,3,1,1,1,383.51
103,1,4,3,0,60,10,8,7,2,2,1,325.52
103,1,4,3,0,61,5,6,5,1,1,1,713.07
103,1,4,3,0,62,8,8,6,2,2,1,501.66
103,1,4,3,0,63,5,6,5,1,1,1,1151.9
103,1,4,3,0,64,12,8,8,2,2,1,339.64
103,1,4,3,0,65,1,6,3,1,1,1,378.47
103,1,4,3,0,66,8,8,6,2,2,1,492.19
103,1,4,3,0,67,3,6,4,1,1,1,428.67
103,1,4,3,0,68,8,8,6,2,2,1,527.37
103,1,4,3,0,69,5,6,5,1,1,1,348.36
103,1,4,3,0,70,10,8,7,2,2,1,341.58
103,1,4,3,0,71,5,6,5,1,1,1,388.01
103,1,4,3,0,72,10,8,7,2,2,1,493.54
103,1,4,3,0,73,10,8,7,2,2,1,397.34
103,1,4,3,0,74,3,6,4,1,1,1,450.01
103,1,4,3,0,75,5,6,5,1,1,1,622.02
103,1,4,3,0,76,1,6,3,1,1,1,567.24
103,1,4,3,0,77,1,6,3,1,1,1,407.12
103,1,4,3,0,78,1,6,3,1,1,1,327.58
103,1,4,3,0,79,12,8,8,2,2,1,415.61
103,1,4,3,0,80,3,6,4,1,1,1,374.91
103,1,4,3,0,81,5,6,5,1,1,1,1042
103,1,4,3,0,82,1,6,3,1,1,1,399
103,1,4,3,0,83,3,6,4,1,1,1,412.12
103,1,4,3,0,84,3,6,4,1,1,1,361.33
103,1,4,3,0,85,1,6,3,1,1,1,414.18
103,1,4,3,0,86,5,6,5,1,1,1,1041.1
103,1,4,3,0,87,12,8,8,2,2,1,278.44
103,1,4,3,0,88,10,8,7,2,2,1,261.12
103,1,4,3,0,89,8,8,6,2,2,1,333.38
103,1,4,3,0,90,8,8,6,2,2,1,560.02
103,1,4,3,0,91,3,6,4,1,1,1,436.66
103,1,4,3,0,92,3,6,4,1,1,1,392.49
103,1,4,3,0,93,5,6,5,1,1,1,585.39
103,1,4,3,0,94,12,8,8,2,2,1,421.74
103,1,4,3,0,95,12,8,8,2,2,1,402.7
103,1,4,3,0,96,3,6,4,1,1,1,401.43
103,1,4,3,0,97,12,8,8,2,2,1,405.99
103,1,4,3,0,98,3,6,4,1,1,1,377.85
103,1,4,3,0,99,10,8,7,2,2,1,307.44
103,1,4,3,0,100,3,6,4,1,1,1,379.36
103,1,4,3,0,101,3,6,4,1,1,1,319.89
103,1,4,3,0,102,8,8,6,2,2,1,1285.3
103,1,4,3,0,103,8,8,6,2,2,1,380.13
103,1,4,3,0,104,10,8,7,2,2,1,314.64
103,1,4,3,0,105,10,8,7,2,2,1,266.84
103,1,4,3,0,106,12,8,8,2,2,1,304.17
103,1,4,3,0,107,10,8,7,2,2,1,313.85
103,1,4,3,0,108,5,6,5,1,1,1,476.4
103,1,4,3,0,109,5,6,5,1,1,1,344.99
103,1,4,3,0,110,8,8,6,2,2,1,1376.7
103,1,4,3,0,111,1,6,3,1,1,1,411.96
103,1,4,3,0,112,8,8,6,2,2,1,364.69
103,1,4,3,0,113,8,8,6,2,2,1,492.6
103,1,4,3,0,114,12,8,8,2,2,1,405.43
103,1,4,3,0,115,3,6,4,1,1,1,413.41
103,1,4,3,0,116,1,6,3,1,1,1,353.6
103,1,4,3,0,117,1,6,3,1,1,1,327.06
103,1,4,3,0,118,3,6,4,1,1,1,359.75
103,1,4,3,0,119,8,8,6,2,2,1,362.36
103,1,4,3,0,120,12,8,8,2,2,1,289.16
103,1,4,2,1,1,12,8,8,2,2,1,605.93
103,1,4,2,1,2,10,8,7,2,2,1,323.96
103,1,4,2,1,3,2,8,3,1,1,1,445.47
103,1,4,2,1,4,8,8,6,2,2,1,630.24
103,1,4,2,1,5,4,8,4,1,1,1,558.38
103,1,4,2,1,6,8,8,6,2,2,1,771.54
103,1,4,2,1,7,2,8,3,1,1,1,408.8
103,1,4,2,1,8,4,8,4,1,1,1,335.61
103,1,4,2,1,9,10,8,7,2,2,1,330.2
103,1,4,2,1,10,12,8,8,2,2,1,285.72
103,1,4,2,1,11,4,8,4,1,1,1,344.08
103,1,4,2,1,12,2,8,3,1,1,1,411.21
103,1,4,2,1,13,4,8,4,1,1,1,585.32
103,1,4,2,1,14,12,8,8,2,2,1,359.84
103,1,4,2,1,15,6,8,5,1,1,1,982.56
103,1,4,2,1,16,8,8,6,2,2,1,791.06
103,1,4,2,1,17,6,8,5,1,1,1,847.49
103,1,4,2,1,18,8,8,6,2,1,0,424.85
103,1,4,2,1,19,6,8,5,1,1,1,1660.4
103,1,4,2,1,20,6,8,5,1,1,1,531.82
103,1,4,2,1,21,10,8,7,2,2,1,427.98
103,1,4,2,1,22,2,8,3,1,1,1,542
103,1,4,2,1,23,10,8,7,2,2,1,532.93
103,1,4,2,1,24,12,8,8,2,2,1,449.45
103,1,4,2,0,1,4,8,4,1,1,1,609.58
103,1,4,2,0,2,8,8,6,2,2,1,1626.6
103,1,4,2,0,3,10,8,7,2,2,1,497.89
103,1,4,2,0,4,2,8,3,1,1,1,425.63
103,1,4,2,0,5,10,8,7,2,2,1,432.58
103,1,4,2,0,6,6,8,5,1,1,1,638.77
103,1,4,2,0,7,10,8,7,2,2,1,494.13
103,1,4,2,0,8,6,8,5,1,1,1,799.2
103,1,4,2,0,9,6,8,5,1,1,1,625.82
103,1,4,2,0,10,8,8,6,2,1,0,466.15
103,1,4,2,0,11,2,8,3,1,1,1,716.09
103,1,4,2,0,12,8,8,6,2,2,1,360.77
103,1,4,2,0,13,4,8,4,1,1,1,424
103,1,4,2,0,14,8,8,6,2,2,1,663.46
103,1,4,2,0,15,2,8,3,1,1,1,410.77
103,1,4,2,0,16,10,8,7,2,2,1,541.75
103,1,4,2,0,17,8,8,6,2,2,1,449.23
103,1,4,2,0,18,4,8,4,1,1,1,372.02
103,1,4,2,0,19,4,8,4,1,1,1,375.23
103,1,4,2,0,20,2,8,3,1,1,1,377.84
103,1,4,2,0,21,10,8,7,2,2,1,359.28
103,1,4,2,0,22,12,8,8,2,2,1,343.24
103,1,4,2,0,23,8,8,6,2,2,1,782.07
103,1,4,2,0,24,8,8,6,2,2,1,986.68
103,1,4,2,0,25,10,8,7,2,2,1,389.93
103,1,4,2,0,26,10,8,7,2,2,1,381.53
103,1,4,2,0,27,12,8,8,2,2,1,334.58
103,1,4,2,0,28,4,8,4,1,1,1,381.2
103,1,4,2,0,29,10,8,7,2,2,1,415.49
103,1,4,2,0,30,4,8,4,1,1,1,1110.7
103,1,4,2,0,31,12,8,8,2,2,1,411.82
103,1,4,2,0,32,10,8,7,2,2,1,550.95
103,1,4,2,0,33,6,8,5,1,1,1,556.33
103,1,4,2,0,34,10,8,7,2,2,1,376.06
103,1,4,2,0,35,10,8,7,2,2,1,320.8
103,1,4,2,0,36,4,8,4,1,1,1,306.63
103,1,4,2,0,37,10,8,7,2,2,1,355.84
103,1,4,2,0,38,2,8,3,1,1,1,335.32
103,1,4,2,0,39,6,8,5,1,1,1,1202.6
103,1,4,2,0,40,10,8,7,2,2,1,463.88
103,1,4,2,0,41,4,8,4,1,1,1,414.06
103,1,4,2,0,42,10,8,7,2,2,1,375.01
103,1,4,2,0,43,2,8,3,1,1,1,382.53
103,1,4,2,0,44,12,8,8,2,2,1,359.64
103,1,4,2,0,45,2,8,3,1,1,1,350.97
103,1,4,2,0,46,12,8,8,2,2,1,332.63
103,1,4,2,0,47,12,8,8,2,2,1,284.95
103,1,4,2,0,48,6,8,5,1,1,1,416.33
103,1,4,2,0,49,6,8,5,1,1,1,410.12
103,1,4,2,0,50,4,8,4,1,1,1,362.65
103,1,4,2,0,51,12,8,8,2,2,1,290.82
103,1,4,2,0,52,6,8,5,1,1,1,346.7
103,1,4,2,0,53,10,8,7,2,2,1,447.63
103,1,4,2,0,54,4,8,4,1,1,1,292.19
103,1,4,2,0,55,2,8,3,1,1,1,422.63
103,1,4,2,0,56,2,8,3,1,1,1,375.19
103,1,4,2,0,57,2,8,3,1,1,1,335.37
103,1,4,2,0,58,12,8,8,2,2,1,279.17
103,1,4,2,0,59,2,8,3,1,1,1,302.86
103,1,4,2,0,60,10,8,7,2,2,1,390.12
103,1,4,2,0,61,12,8,8,2,2,1,378.19
103,1,4,2,0,62,8,8,6,2,2,1,1137.5
103,1,4,2,0,63,6,8,5,1,2,0,857.2
103,1,4,2,0,64,12,8,8,2,2,1,598.74
103,1,4,2,0,65,4,8,4,1,1,1,387.2
103,1,4,2,0,66,8,8,6,2,2,1,1083.2
103,1,4,2,0,67,2,8,3,1,1,1,333.38
103,1,4,2,0,68,12,8,8,2,2,1,359.43
103,1,4,2,0,69,6,8,5,1,1,1,665.41
103,1,4,2,0,70,8,8,6,2,2,1,711.03
103,1,4,2,0,71,4,8,4,1,1,1,589.08
103,1,4,2,0,72,6,8,5,1,1,1,952.32
103,1,4,2,0,73,10,8,7,2,2,1,446.25
103,1,4,2,0,74,2,8,3,1,1,1,394.07
103,1,4,2,0,75,2,8,3,1,1,1,384.07
103,1,4,2,0,76,12,8,8,2,2,1,372.62
103,1,4,2,0,77,6,8,5,1,1,1,663.39
103,1,4,2,0,78,4,8,4,1,1,1,437.18
103,1,4,2,0,79,10,8,7,2,2,1,402.47
103,1,4,2,0,80,8,8,6,2,2,1,679.72
103,1,4,2,0,81,6,8,5,1,2,0,2409
103,1,4,2,0,82,12,8,8,2,2,1,890.11
103,1,4,2,0,83,6,8,5,1,1,1,767.52
103,1,4,2,0,84,2,8,3,1,1,1,440.95
103,1,4,2,0,85,6,8,5,1,1,1,921.92
103,1,4,2,0,86,8,8,6,2,2,1,884.79
103,1,4,2,0,87,8,8,6,2,2,1,539.9
103,1,4,2,0,88,10,8,7,2,2,1,437.5
103,1,4,2,0,89,4,8,4,1,1,1,372.27
103,1,4,2,0,90,6,8,5,1,1,1,489.23
103,1,4,2,0,91,12,8,8,2,2,1,348.29
103,1,4,2,0,92,12,8,8,2,2,1,321.49
103,1,4,2,0,93,4,8,4,1,1,1,399.3
103,1,4,2,0,94,2,8,3,1,1,1,385.91
103,1,4,2,0,95,4,8,4,1,1,1,364.99
103,1,4,2,0,96,8,8,6,2,2,1,586.99
103,1,4,2,0,97,6,8,5,1,1,1,677.68
103,1,4,2,0,98,6,8,5,1,1,1,484.86
103,1,4,2,0,99,4,8,4,1,1,1,381.69
103,1,4,2,0,100,6,8,5,1,1,1,431.45
103,1,4,2,0,101,10,8,7,2,2,1,309.26
103,1,4,2,0,102,8,8,6,2,2,1,726.14
103,1,4,2,0,103,4,8,4,1,1,1,324.22
103,1,4,2,0,104,2,8,3,1,1,1,316.05
103,1,4,2,0,105,12,8,8,2,2,1,391.89
103,1,4,2,0,106,8,8,6,2,2,1,551.87
103,1,4,2,0,107,6,8,5,1,2,0,509.77
103,1,4,2,0,108,8,8,6,2,2,1,791.21
103,1,4,2,0,109,8,8,6,2,2,1,920.92
103,1,4,2,0,110,2,8,3,1,1,1,376.68
103,1,4,2,0,111,8,8,6,2,2,1,654.89
103,1,4,2,0,112,12,8,8,2,2,1,418.1
103,1,4,2,0,113,12,8,8,2,2,1,354.03
103,1,4,2,0,114,4,8,4,1,1,1,374.37
103,1,4,2,0,115,8,8,6,2,2,1,657.05
103,1,4,2,0,116,12,8,8,2,2,1,406.6
103,1,4,2,0,117,2,8,3,1,1,1,404.16
103,1,4,2,0,118,2,8,3,1,1,1,343.08
103,1,4,2,0,119,12,8,8,2,2,1,325.25
103,1,4,2,0,120,4,8,4,1,1,1,424.46
103,1,4,1,1,1,9,6,7,2,2,1,855.12
103,1,4,1,1,2,5,6,5,1,1,1,826.94
103,1,4,1,1,3,7,6,6,2,2,1,1198.9
103,1,4,1,1,4,5,6,5,1,1,1,1597.1
103,1,4,1,1,5,9,6,7,2,2,1,427.58
103,1,4,1,1,6,5,6,5,1,1,1,368.19
103,1,4,1,1,7,3,6,4,1,1,1,382.16
103,1,4,1,1,8,7,6,6,2,2,1,588.01
103,1,4,1,1,9,9,6,7,2,2,1,346.33
103,1,4,1,1,10,3,6,4,1,1,1,317.94
103,1,4,1,1,11,7,6,6,2,2,1,397.16
103,1,4,1,1,12,11,6,8,2,2,1,398
103,1,4,1,1,13,3,6,4,1,1,1,398.84
103,1,4,1,1,14,5,6,5,1,1,1,438.76
103,1,4,1,1,15,1,6,3,1,1,1,483.75
103,1,4,1,1,16,7,6,6,2,2,1,340.49
103,1,4,1,1,17,1,6,3,1,1,1,416.52
103,1,4,1,1,18,11,6,8,2,2,1,436.36
103,1,4,1,1,19,3,6,4,1,1,1,348
103,1,4,1,1,20,1,6,3,1,1,1,464.31
103,1,4,1,1,21,9,6,7,2,2,1,430.16
103,1,4,1,1,22,1,6,3,1,1,1,514.08
103,1,4,1,1,23,11,6,8,2,2,1,337.23
103,1,4,1,1,24,11,6,8,2,2,1,348.95
103,1,4,1,0,1,11,6,8,2,2,1,397.74
103,1,4,1,0,2,7,6,6,2,2,1,837.94
103,1,4,1,0,3,1,6,3,1,1,1,325.79
103,1,4,1,0,4,3,6,4,1,1,1,356.09
103,1,4,1,0,5,5,6,5,1,2,0,743.44
103,1,4,1,0,6,5,6,5,1,1,1,748.87
103,1,4,1,0,7,9,6,7,2,2,1,381.23
103,1,4,1,0,8,3,6,4,1,1,1,425.22
103,1,4,1,0,9,7,6,6,2,2,1,407.69
103,1,4,1,0,10,7,6,6,2,2,1,555.05
103,1,4,1,0,11,9,6,7,2,2,1,423.14
103,1,4,1,0,12,1,6,3,1,1,1,376.98
103,1,4,1,0,13,7,6,6,2,2,1,866.89
103,1,4,1,0,14,11,6,8,2,2,1,432.77
103,1,4,1,0,15,3,6,4,1,1,1,418.01
103,1,4,1,0,16,7,6,6,2,2,1,607
103,1,4,1,0,17,7,6,6,2,2,1,562.51
103,1,4,1,0,18,5,6,5,1,1,1,1045.6
103,1,4,1,0,19,7,6,6,2,2,1,601.08
103,1,4,1,0,20,9,6,7,2,2,1,452.14
103,1,4,1,0,21,11,6,8,2,2,1,356.84
103,1,4,1,0,22,3,6,4,1,1,1,423.88
103,1,4,1,0,23,7,6,6,2,2,1,1178.3
103,1,4,1,0,24,3,6,4,1,1,1,410.03
103,1,4,1,0,25,9,6,7,2,2,1,389.07
103,1,4,1,0,26,9,6,7,2,2,1,291.02
103,1,4,1,0,27,9,6,7,2,2,1,336.1
103,1,4,1,0,28,3,6,4,1,1,1,320.34
103,1,4,1,0,29,7,6,6,2,2,1,626.84
103,1,4,1,0,30,11,6,8,2,2,1,332.52
103,1,4,1,0,31,1,6,3,1,1,1,361.17
103,1,4,1,0,32,5,6,5,1,1,1,985
103,1,4,1,0,33,3,6,4,1,1,1,433.41
103,1,4,1,0,34,11,6,8,2,2,1,321.29
103,1,4,1,0,35,5,6,5,1,1,1,885.33
103,1,4,1,0,36,9,6,7,2,2,1,355
103,1,4,1,0,37,1,6,3,1,1,1,459.97
103,1,4,1,0,38,1,6,3,1,1,1,406.32
103,1,4,1,0,39,5,6,5,1,1,1,955.38
103,1,4,1,0,40,7,6,6,2,2,1,1038.6
103,1,4,1,0,41,11,6,8,2,2,1,325.43
103,1,4,1,0,42,11,6,8,2,2,1,323.36
103,1,4,1,0,43,11,6,8,2,2,1,377.21
103,1,4,1,0,44,1,6,3,1,1,1,424.6
103,1,4,1,0,45,9,6,7,2,2,1,392.95
103,1,4,1,0,46,11,6,8,2,2,1,396.02
103,1,4,1,0,47,1,6,3,1,1,1,331.72
103,1,4,1,0,48,11,6,8,2,2,1,397.62
103,1,4,1,0,49,11,6,8,2,2,1,315.23
103,1,4,1,0,50,1,6,3,1,1,1,379.25
103,1,4,1,0,51,9,6,7,2,2,1,331.03
103,1,4,1,0,52,7,6,6,2,2,1,713.67
103,1,4,1,0,53,3,6,4,1,1,1,456.58
103,1,4,1,0,54,11,6,8,2,2,1,398.76
103,1,4,1,0,55,11,6,8,2,2,1,316.61
103,1,4,1,0,56,3,6,4,1,1,1,367.91
103,1,4,1,0,57,5,6,5,1,1,1,789.54
103,1,4,1,0,58,5,6,5,1,1,1,490.17
103,1,4,1,0,59,5,6,5,1,1,1,382.85
103,1,4,1,0,60,1,6,3,1,1,1,447.29
103,1,4,1,0,61,7,6,6,2,2,1,995.47
103,1,4,1,0,62,11,6,8,2,2,1,291.25
103,1,4,1,0,63,5,6,5,1,1,1,508.91
103,1,4,1,0,64,1,6,3,1,1,1,486.81
103,1,4,1,0,65,11,6,8,2,2,1,324.88
103,1,4,1,0,66,9,6,7,2,2,1,366.78
103,1,4,1,0,67,7,6,6,2,2,1,902.86
103,1,4,1,0,68,9,6,7,2,2,1,389.44
103,1,4,1,0,69,3,6,4,1,1,1,348.26
103,1,4,1,0,70,7,6,6,2,2,1,921.61
103,1,4,1,0,71,1,6,3,1,1,1,370.55
103,1,4,1,0,72,7,6,6,2,2,1,360.05
103,1,4,1,0,73,5,6,5,1,1,1,2203.3
103,1,4,1,0,74,9,6,7,2,2,1,429.22
103,1,4,1,0,75,3,6,4,1,1,1,442.32
103,1,4,1,0,76,11,6,8,2,2,1,369.75
103,1,4,1,0,77,7,6,6,2,2,1,1062.6
103,1,4,1,0,78,1,6,3,1,1,1,397.55
103,1,4,1,0,79,9,6,7,2,2,1,403.32
103,1,4,1,0,80,7,6,6,2,2,1,624.62
103,1,4,1,0,81,3,6,4,1,1,1,335.78
103,1,4,1,0,82,11,6,8,2,2,1,295.05
103,1,4,1,0,83,3,6,4,1,1,1,346.73
103,1,4,1,0,84,9,6,7,2,2,1,319.73
103,1,4,1,0,85,11,6,8,2,2,1,438.84
103,1,4,1,0,86,3,6,4,1,1,1,289.22
103,1,4,1,0,87,9,6,7,2,2,1,309.47
103,1,4,1,0,88,9,6,7,2,2,1,467.33
103,1,4,1,0,89,5,6,5,1,1,1,798.84
103,1,4,1,0,90,7,6,6,2,1,0,677.24
103,1,4,1,0,91,5,6,5,1,1,1,818.08
103,1,4,1,0,92,1,6,3,1,1,1,458.2
103,1,4,1,0,93,9,6,7,2,2,1,338.66
103,1,4,1,0,94,5,6,5,1,1,1,695.83
103,1,4,1,0,95,1,6,3,1,1,1,445.27
103,1,4,1,0,96,9,6,7,2,2,1,950.03
103,1,4,1,0,97,1,6,3,1,1,1,439.24
103,1,4,1,0,98,1,6,3,1,1,1,334.26
103,1,4,1,0,99,5,6,5,1,1,1,688.07
103,1,4,1,0,100,9,6,7,2,2,1,357.82
103,1,4,1,0,101,11,6,8,2,2,1,331.97
103,1,4,1,0,102,5,6,5,1,1,1,915.41
103,1,4,1,0,103,5,6,5,1,1,1,332.61
103,1,4,1,0,104,1,6,3,1,1,1,377.64
103,1,4,1,0,105,5,6,5,1,1,1,396.93
103,1,4,1,0,106,3,6,4,1,1,1,398.96
103,1,4,1,0,107,3,6,4,1,1,1,321.98
103,1,4,1,0,108,3,6,4,1,1,1,384.43
103,1,4,1,0,109,3,6,4,1,1,1,369.89
103,1,4,1,0,110,1,6,3,1,1,1,352.99
103,1,4,1,0,111,5,6,5,1,1,1,344.02
103,1,4,1,0,112,11,6,8,2,2,1,287.55
103,1,4,1,0,113,1,6,3,1,1,1,404.2
103,1,4,1,0,114,5,6,5,1,1,1,790.02
103,1,4,1,0,115,7,6,6,2,2,1,791.81
103,1,4,1,0,116,9,6,7,2,2,1,360.31
103,1,4,1,0,117,1,6,3,1,1,1,381.85
103,1,4,1,0,118,7,6,6,2,2,1,442.02
103,1,4,1,0,119,3,6,4,1,1,1,360.48
103,1,4,1,0,120,3,6,4,1,1,1,328.49
103,1,4,5,1,1,1,6,3,1,1,1,389.34
103,1,4,5,1,2,5,6,5,1,1,1,1011.4
103,1,4,5,1,3,9,6,7,2,2,1,305.43
103,1,4,5,1,4,7,6,6,2,2,1,348.26
103,1,4,5,1,5,8,8,6,2,2,1,643.71
103,1,4,5,1,6,10,8,7,2,2,1,413.32
103,1,4,5,1,7,3,6,4,1,1,1,402.64
103,1,4,5,1,8,12,8,8,2,2,1,411.12
103,1,4,5,1,9,9,6,7,2,2,1,297.95
103,1,4,5,1,10,3,6,4,1,1,1,343.04
103,1,4,5,1,11,2,8,3,1,1,1,362.99
103,1,4,5,1,12,5,6,5,1,1,1,458.9
103,1,4,5,1,13,11,6,8,2,2,1,277.8
103,1,4,5,1,14,6,8,5,1,1,1,437.95
103,1,4,5,1,15,1,6,3,1,1,1,432
103,1,4,5,1,16,12,8,8,2,2,1,327.44
103,1,4,5,1,17,8,8,6,2,2,1,602.29
103,1,4,5,1,18,7,6,6,2,2,1,436.12
103,1,4,5,1,19,6,8,5,1,1,1,528.11
103,1,4,5,1,20,10,8,7,2,2,1,573.38
103,1,4,5,1,21,4,8,4,1,1,1,345.01
103,1,4,5,1,22,2,8,3,1,1,1,415.71
103,1,4,5,1,23,4,8,4,1,1,1,412.54
103,1,4,5,1,24,11,6,8,2,2,1,283.18
103,1,4,5,0,1,6,8,5,1,1,1,366.14
103,1,4,5,0,2,7,6,6,2,2,1,620.92
103,1,4,5,0,3,1,6,3,1,1,1,419.13
103,1,4,5,0,4,10,8,7,2,2,1,349.34
103,1,4,5,0,5,11,6,8,2,2,1,349.63
103,1,4,5,0,6,11,6,8,2,2,1,323.5
103,1,4,5,0,7,7,6,6,2,2,1,831.55
103,1,4,5,0,8,3,6,4,1,1,1,294.19
103,1,4,5,0,9,1,6,3,1,1,1,349.96
103,1,4,5,0,10,11,6,8,2,2,1,352.64
103,1,4,5,0,11,7,6,6,2,2,1,992.9
103,1,4,5,0,12,5,6,5,1,1,1,1001.3
103,1,4,5,0,13,2,8,3,1,1,1,369.87
103,1,4,5,0,14,6,8,5,1,1,1,827.47
103,1,4,5,0,15,12,8,8,2,2,1,351.73
103,1,4,5,0,16,4,8,4,1,1,1,418.24
103,1,4,5,0,17,1,6,3,1,1,1,391.01
103,1,4,5,0,18,4,8,4,1,1,1,826.09
103,1,4,5,0,19,4,8,4,1,1,1,465.21
103,1,4,5,0,20,12,8,8,2,2,1,370.3
103,1,4,5,0,21,1,6,3,1,1,1,430.16
103,1,4,5,0,22,8,8,6,2,2,1,640.24
103,1,4,5,0,23,2,8,3,1,1,1,301
103,1,4,5,0,24,1,6,3,1,1,1,404.21
103,1,4,5,0,25,10,8,7,2,2,1,298.77
103,1,4,5,0,26,4,8,4,1,1,1,372.43
103,1,4,5,0,27,11,6,8,2,2,1,337.94
103,1,4,5,0,28,5,6,5,1,1,1,381.6
103,1,4,5,0,29,9,6,7,2,2,1,451.22
103,1,4,5,0,30,12,8,8,2,2,1,460.11
103,1,4,5,0,31,6,8,5,1,1,1,1019.6
103,1,4,5,0,32,8,8,6,2,1,0,1087.6
103,1,4,5,0,33,8,8,6,2,2,1,745.38
103,1,4,5,0,34,12,8,8,2,2,1,372
103,1,4,5,0,35,5,6,5,1,1,1,905.16
103,1,4,5,0,36,8,8,6,2,2,1,816.32
103,1,4,5,0,37,7,6,6,2,2,1,1207.6
103,1,4,5,0,38,11,6,8,2,2,1,392.32
103,1,4,5,0,39,10,8,7,2,2,1,316.9
103,1,4,5,0,40,12,8,8,2,2,1,357.2
103,1,4,5,0,41,2,8,3,1,1,1,446.25
103,1,4,5,0,42,6,8,5,1,1,1,728.3
103,1,4,5,0,43,9,6,7,2,2,1,320.08
103,1,4,5,0,44,9,6,7,2,2,1,354.51
103,1,4,5,0,45,5,6,5,1,1,1,765.31
103,1,4,5,0,46,1,6,3,1,1,1,395.94
103,1,4,5,0,47,9,6,7,2,2,1,334.08
103,1,4,5,0,48,5,6,5,1,1,1,556.89
103,1,4,5,0,49,8,8,6,2,2,1,325.76
103,1,4,5,0,50,1,6,3,1,1,1,355.82
103,1,4,5,0,51,5,6,5,1,1,1,753.17
103,1,4,5,0,52,11,6,8,2,2,1,289.78
103,1,4,5,0,53,5,6,5,1,1,1,461.01
103,1,4,5,0,54,2,8,3,1,1,1,468.28
103,1,4,5,0,55,6,8,5,1,1,1,1219
103,1,4,5,0,56,12,8,8,2,2,1,321.01
103,1,4,5,0,57,10,8,7,2,2,1,382.26
103,1,4,5,0,58,10,8,7,2,2,1,354.47
103,1,4,5,0,59,7,6,6,2,2,1,895.57
103,1,4,5,0,60,9,6,7,2,2,1,417.19
103,1,4,5,0,61,3,6,4,1,1,1,318.4
103,1,4,5,0,62,7,6,6,2,2,1,426.19
103,1,4,5,0,63,6,8,5,1,1,1,832.78
103,1,4,5,0,64,8,8,6,2,1,0,414.73
103,1,4,5,0,65,3,6,4,1,1,1,697.29
103,1,4,5,0,66,8,8,6,2,2,1,473.77
103,1,4,5,0,67,8,8,6,2,2,1,452.75
103,1,4,5,0,68,10,8,7,2,2,1,368.6
103,1,4,5,0,69,1,6,3,1,1,1,337.45
103,1,4,5,0,70,6,8,5,1,1,1,921.73
103,1,4,5,0,71,3,6,4,1,1,1,411.16
103,1,4,5,0,72,11,6,8,2,2,1,334.76
103,1,4,5,0,73,8,8,6,2,2,1,645.11
103,1,4,5,0,74,11,6,8,2,2,1,427.26
103,1,4,5,0,75,2,8,3,1,1,1,335.98
103,1,4,5,0,76,3,6,4,1,1,1,285.02
103,1,4,5,0,77,4,8,4,1,1,1,388.9
103,1,4,5,0,78,1,6,3,1,1,1,358
103,1,4,5,0,79,9,6,7,2,2,1,320.9
103,1,4,5,0,80,4,8,4,1,1,1,382.14
103,1,4,5,0,81,7,6,6,2,2,1,453.28
103,1,4,5,0,82,4,8,4,1,1,1,930.64
103,1,4,5,0,83,4,8,4,1,1,1,411.73
103,1,4,5,0,84,10,8,7,2,2,1,316.13
103,1,4,5,0,85,9,6,7,2,2,1,298.92
103,1,4,5,0,86,5,6,5,1,1,1,1029.9
103,1,4,5,0,87,5,6,5,1,1,1,410.26
103,1,4,5,0,88,10,8,7,2,2,1,392.54
103,1,4,5,0,89,7,6,6,2,2,1,602.89
103,1,4,5,0,90,11,6,8,2,2,1,344.15
103,1,4,5,0,91,4,8,4,1,1,1,312.32
103,1,4,5,0,92,9,6,7,2,2,1,409.51
103,1,4,5,0,93,9,6,7,2,2,1,347.83
103,1,4,5,0,94,7,6,6,2,2,1,856.63
103,1,4,5,0,95,12,8,8,2,2,1,327.99
103,1,4,5,0,96,1,6,3,1,1,1,413.32
103,1,4,5,0,97,2,8,3,1,1,1,285.14
103,1,4,5,0,98,12,8,8,2,2,1,278.08
103,1,4,5,0,99,9,6,7,2,2,1,336.53
103,1,4,5,0,100,12,8,8,2,2,1,388.72
103,1,4,5,0,101,3,6,4,1,1,1,340.02
103,1,4,5,0,102,4,8,4,1,1,1,305.99
103,1,4,5,0,103,6,8,5,1,1,1,400.51
103,1,4,5,0,104,2,8,3,1,1,1,343.71
103,1,4,5,0,105,3,6,4,1,1,1,374
103,1,4,5,0,106,10,8,7,2,2,1,280.58
103,1,4,5,0,107,2,8,3,1,1,1,408.53
103,1,4,5,0,108,10,8,7,2,1,0,339.81
103,1,4,5,0,109,3,6,4,1,1,1,551.67
103,1,4,5,0,110,5,6,5,1,1,1,628.25
103,1,4,5,0,111,6,8,5,1,1,1,332.6
103,1,4,5,0,112,12,8,8,2,2,1,352.79
103,1,4,5,0,113,6,8,5,1,1,1,415.83
103,1,4,5,0,114,3,6,4,1,1,1,389.47
103,1,4,5,0,115,2,8,3,1,1,1,421.92
103,1,4,5,0,116,2,8,3,1,1,1,365.48
103,1,4,5,0,117,8,8,6,2,2,1,448.56
103,1,4,5,0,118,11,6,8,2,2,1,365.68
103,1,4,5,0,119,3,6,4,1,1,1,383.17
103,1,4,5,0,120,7,6,6,2,2,1,298.47
103,1,4,6,0,1,11,6,8,2,2,1,347.23
103,1,4,6,0,2,1,6,3,1,1,1,366.61
103,1,4,6,0,3,5,6,5,1,1,1,418.96
103,1,4,6,0,4,3,6,4,1,1,1,338.36
103,1,4,6,0,5,9,6,7,2,2,1,294.57
103,1,4,6,0,6,10,8,7,2,2,1,307.28
103,1,4,6,0,7,4,8,4,1,1,1,353.47
103,1,4,6,0,8,2,8,3,1,1,1,388.86
103,1,4,6,0,9,3,6,4,1,1,1,393.76
103,1,4,6,0,10,11,6,8,2,2,1,283.63
103,1,4,6,0,11,7,6,6,2,2,1,589.84
103,1,4,6,0,12,5,6,5,1,2,0,683.1
103,1,4,6,0,13,8,8,6,2,2,1,712.28
103,1,4,6,0,14,6,8,5,1,2,0,753.12
103,1,4,6,0,15,12,8,8,2,2,1,1060.7
103,1,4,6,0,16,9,6,7,2,2,1,414.63
103,1,4,6,0,17,2,8,3,1,1,1,442.69
103,1,4,6,0,18,6,8,5,1,1,1,595.04
103,1,4,6,0,19,3,6,4,1,1,1,482.73
103,1,4,6,0,20,9,6,7,2,2,1,445.88
103,1,4,6,0,21,9,6,7,2,2,1,312.35
103,1,4,6,0,22,4,8,4,1,1,1,541.39
103,1,4,6,0,23,3,6,4,1,1,1,404.91
103,1,4,6,0,24,4,8,4,1,1,1,379.98
103,1,4,6,0,25,12,8,8,2,2,1,349.59
103,1,4,6,0,26,6,8,5,1,2,0,800.4
103,1,4,6,0,27,11,6,8,2,2,1,467.19
103,1,4,6,0,28,5,6,5,1,1,1,1006
103,1,4,6,0,29,10,8,7,2,2,1,391.71
103,1,4,6,0,30,12,8,8,2,2,1,332.95
103,1,4,6,0,31,8,8,6,2,2,1,1369.7
103,1,4,6,0,32,11,6,8,2,2,1,475.37
103,1,4,6,0,33,12,8,8,2,2,1,338.7
103,1,4,6,0,34,2,8,3,1,1,1,388.28
103,1,4,6,0,35,10,8,7,2,2,1,409.83
103,1,4,6,0,36,5,6,5,1,1,1,329.57
103,1,4,6,0,37,11,6,8,2,2,1,299.78
103,1,4,6,0,38,9,6,7,2,2,1,323.11
103,1,4,6,0,39,8,8,6,2,2,1,1042.9
103,1,4,6,0,40,5,6,5,1,1,1,362.53
103,1,4,6,0,41,9,6,7,2,2,1,390.72
103,1,4,6,0,42,2,8,3,1,1,1,378.34
103,1,4,6,0,43,8,8,6,2,2,1,621.55
103,1,4,6,0,44,3,6,4,1,1,1,384
103,1,4,6,0,45,9,6,7,2,2,1,450.27
103,1,4,6,0,46,3,6,4,1,1,1,469.22
103,1,4,6,0,47,5,6,5,1,1,1,799.9
103,1,4,6,0,48,5,6,5,1,1,1,626.46
103,1,4,6,0,49,7,6,6,2,1,0,365.26
103,1,4,6,0,50,6,8,5,1,1,1,3124.9
103,1,4,6,0,51,4,8,4,1,1,1,488.19
103,1,4,6,0,52,11,6,8,2,2,1,407.2
103,1,4,6,0,53,1,6,3,1,1,1,447.03
103,1,4,6,0,54,5,6,5,1,1,1,1390.1
103,1,4,6,0,55,4,8,4,1,1,1,408.97
103,1,4,6,0,56,1,6,3,1,1,1,470.99
103,1,4,6,0,57,10,8,7,2,2,1,353
103,1,4,6,0,58,8,8,6,2,2,1,386.77
103,1,4,6,0,59,10,8,7,2,2,1,336.65
103,1,4,6,0,60,10,8,7,2,2,1,355.03
103,1,4,6,0,61,4,8,4,1,1,1,372.02
103,1,4,6,0,62,11,6,8,2,2,1,389.34
103,1,4,6,0,63,7,6,6,2,2,1,590.69
103,1,4,6,0,64,2,8,3,1,1,1,475.11
103,1,4,6,0,65,3,6,4,1,1,1,370.2
103,1,4,6,0,66,6,8,5,1,1,1,1418.6
103,1,4,6,0,67,5,6,5,1,1,1,763.51
103,1,4,6,0,68,3,6,4,1,1,1,468.77
103,1,4,6,0,69,1,6,3,1,1,1,359.11
103,1,4,6,0,70,8,8,6,2,2,1,377.6
103,1,4,6,0,71,5,6,5,1,1,1,712.97
103,1,4,6,0,72,10,8,7,2,2,1,492.16
103,1,4,6,0,73,9,6,7,2,2,1,327.28
103,1,4,6,0,74,1,6,3,1,1,1,419
103,1,4,6,0,75,10,8,7,2,2,1,384.99
103,1,4,6,0,76,6,8,5,1,1,1,1566.2
103,1,4,6,0,77,12,8,8,2,2,1,492
103,1,4,6,0,78,12,8,8,2,2,1,336.8
103,1,4,6,0,79,1,6,3,1,1,1,378.18
103,1,4,6,0,80,12,8,8,2,2,1,302.52
103,1,4,6,0,81,4,8,4,1,1,1,286.95
103,1,4,6,0,82,11,6,8,2,2,1,300.37
103,1,4,6,0,83,4,8,4,1,1,1,397.39
103,1,4,6,0,84,11,6,8,2,2,1,227.29
103,1,4,6,0,85,12,8,8,2,2,1,462.86
103,1,4,6,0,86,1,6,3,1,1,1,307.07
103,1,4,6,0,87,6,8,5,1,1,1,932.78
103,1,4,6,0,88,2,8,3,1,1,1,506.07
103,1,4,6,0,89,7,6,6,2,2,1,587.99
103,1,4,6,0,90,8,8,6,2,2,1,628.24
103,1,4,6,0,91,9,6,7,2,2,1,748.06
103,1,4,6,0,92,6,8,5,1,1,1,1143.6
103,1,4,6,0,93,8,8,6,2,1,0,1172.7
103,1,4,6,0,94,8,8,6,2,2,1,566.98
103,1,4,6,0,95,10,8,7,2,2,1,362.42
103,1,4,6,0,96,7,6,6,2,2,1,774.1
103,1,4,6,0,97,7,6,6,2,2,1,445.93
103,1,4,6,0,98,7,6,6,2,2,1,357.22
103,1,4,6,0,99,9,6,7,2,2,1,309.56
103,1,4,6,0,100,6,8,5,1,2,0,600.68
103,1,4,6,0,101,7,6,6,2,1,0,968.53
103,1,4,6,0,102,4,8,4,1,1,1,733.47
103,1,4,6,0,103,12,8,8,2,2,1,386.09
103,1,4,6,0,104,2,8,3,1,1,1,545.39
103,1,4,6,0,105,2,8,3,1,1,1,533.26
103,1,4,6,0,106,12,8,8,2,2,1,361.34
103,1,4,6,0,107,7,6,6,2,2,1,918.67
103,1,4,6,0,108,3,6,4,1,1,1,893.91
103,1,4,6,0,109,1,6,3,1,1,1,400.65
103,1,4,6,0,110,2,8,3,1,1,1,362.38
103,1,4,6,0,111,3,6,4,1,1,1,412.85
103,1,4,6,0,112,1,6,3,1,1,1,373.1
103,1,4,6,0,113,10,8,7,2,2,1,369.27
103,1,4,6,0,114,1,6,3,1,1,1,423.85
103,1,4,6,0,115,11,6,8,2,2,1,461.67
103,1,4,6,0,116,7,6,6,2,2,1,856
103,1,4,6,0,117,8,8,6,2,2,1,1216
103,1,4,6,0,118,4,8,4,1,1,1,726.91
103,1,4,6,0,119,6,8,5,1,1,1,447.83
103,1,4,6,0,120,2,8,3,1,1,1,350.76
