104,2,2,5,1,1,7,10,5,2,2,1,2490.1
104,2,2,5,1,2,5,8,5,1,1,1,725.81
104,2,2,5,1,3,4,6,6,1,2,0,641.88
104,2,2,5,1,4,7,10,5,2,2,1,699.24
104,2,2,5,1,5,3,6,5,1,1,1,531.34
104,2,2,5,1,6,2,4,6,1,1,1,420
104,2,2,5,1,7,9,12,5,2,2,1,349.85
104,2,2,5,1,8,3,6,5,1,1,1,356.21
104,2,2,5,1,9,1,4,5,1,1,1,441.96
104,2,2,5,1,10,6,8,6,1,2,0,336.67
104,2,2,5,1,11,11,14,5,2,2,1,405.47
104,2,2,5,1,12,8,10,6,2,2,1,663.7
104,2,2,5,1,13,8,10,6,2,2,1,428.47
104,2,2,5,1,14,6,8,6,1,2,0,494.08
104,2,2,5,1,15,12,14,6,2,2,1,560.92
104,2,2,5,1,16,5,8,5,1,1,1,515.26
104,2,2,5,1,17,11,14,5,2,2,1,410.41
104,2,2,5,1,18,9,12,5,2,2,1,504.65
104,2,2,5,1,19,10,12,6,2,2,1,381.33
104,2,2,5,1,20,2,4,6,1,1,1,488.01
104,2,2,5,1,21,1,4,5,1,1,1,368.86
104,2,2,5,1,22,4,6,6,1,1,1,673.06
104,2,2,5,1,23,12,14,6,2,2,1,384.83
104,2,2,5,1,24,10,12,6,2,2,1,326.89
104,2,2,5,0,1,6,8,6,1,1,1,457.41
104,2,2,5,0,2,2,4,6,1,1,1,359.49
104,2,2,5,0,3,8,10,6,2,2,1,360.22
104,2,2,5,0,4,9,12,5,2,2,1,384.29
104,2,2,5,0,5,7,10,5,2,2,1,341.77
104,2,2,5,0,6,1,4,5,1,1,1,342.34
104,2,2,5,0,7,9,12,5,2,2,1,372.73
104,2,2,5,0,8,1,4,5,1,1,1,426.37
104,2,2,5,0,9,8,10,6,2,2,1,349.8
104,2,2,5,0,10,3,6,5,1,1,1,355.89
104,2,2,5,0,11,6,8,6,1,2,0,335.71
104,2,2,5,0,12,3,6,5,1,1,1,418.26
104,2,2,5,0,13,9,12,5,2,2,1,415.45
104,2,2,5,0,14,1,4,5,1,1,1,326.5
104,2,2,5,0,15,11,14,5,2,2,1,377.09
104,2,2,5,0,16,6,8,6,1,1,1,657.9
104,2,2,5,0,17,8,10,6,2,1,0,1461.7
104,2,2,5,0,18,7,10,5,2,1,0,1597.2
104,2,2,5,0,19,11,14,5,2,2,1,549.29
104,2,2,5,0,20,8,10,6,2,2,1,1400.6
104,2,2,5,0,21,8,10,6,2,2,1,501.8
104,2,2,5,0,22,5,8,5,1,1,1,750.02
104,2,2,5,0,23,4,6,6,1,1,1,802.98
104,2,2,5,0,24,11,14,5,2,2,1,387.13
104,2,2,5,0,25,8,10,6,2,2,1,1094.3
104,2,2,5,0,26,9,12,5,2,2,1,392.1
104,2,2,5,0,27,12,14,6,2,2,1,350.41
104,2,2,5,0,28,7,10,5,2,2,1,715.77
104,2,2,5,0,29,2,4,6,1,1,1,378.3
104,2,2,5,0,30,11,14,5,2,2,1,365.9
104,2,2,5,0,31,5,8,5,1,1,1,379.98
104,2,2,5,0,32,2,4,6,1,1,1,414.12
104,2,2,5,0,33,2,4,6,1,1,1,360.17
104,2,2,5,0,34,6,8,6,1,1,1,936.83
104,2,2,5,0,35,1,4,5,1,1,1,500.62
104,2,2,5,0,36,11,14,5,2,2,1,380.95
104,2,2,5,0,37,1,4,5,1,1,1,334.49
104,2,2,5,0,38,2,4,6,1,1,1,298.58
104,2,2,5,0,39,1,4,5,1,1,1,310.29
104,2,2,5,0,40,9,12,5,2,2,1,315.09
104,2,2,5,0,41,2,4,6,1,1,1,346.58
104,2,2,5,0,42,12,14,6,2,2,1,494.35
104,2,2,5,0,43,8,10,6,2,2,1,1098.3
104,2,2,5,0,44,4,6,6,1,1,1,383.8
104,2,2,5,0,45,9,12,5,2,2,1,303.95
104,2,2,5,0,46,4,6,6,1,1,1,639.82
104,2,2,5,0,47,3,6,5,1,1,1,455.91
104,2,2,5,0,48,1,4,5,1,1,1,363.03
104,2,2,5,0,49,7,10,5,2,2,1,910.71
104,2,2,5,0,50,4,6,6,1,1,1,537.37
104,2,2,5,0,51,1,4,5,1,1,1,445.97
104,2,2,5,0,52,6,8,6,1,1,1,888.09
104,2,2,5,0,53,10,12,6,2,2,1,518.9
104,2,2,5,0,54,1,4,5,1,1,1,360.22
104,2,2,5,0,55,5,8,5,1,1,1,555.88
104,2,2,5,0,56,3,6,5,1,1,1,443.65
104,2,2,5,0,57,4,6,6,1,1,1,673.25
104,2,2,5,0,58,7,10,5,2,2,1,827.52
104,2,2,5,0,59,4,6,6,1,1,1,381.88
104,2,2,5,0,60,7,10,5,2,2,1,354.16
104,2,2,5,0,61,10,12,6,2,2,1,454.95
104,2,2,5,0,62,12,14,6,2,2,1,312.38
104,2,2,5,0,63,10,12,6,2,2,1,269.67
104,2,2,5,0,64,10,12,6,2,2,1,308.02
104,2,2,5,0,65,2,4,6,1,1,1,336.55
104,2,2,5,0,66,3,6,5,1,1,1,361.32
104,2,2,5,0,67,10,12,6,2,2,1,357.07
104,2,2,5,0,68,11,14,5,2,2,1,323.96
104,2,2,5,0,69,10,12,6,2,2,1,285.32
104,2,2,5,0,70,12,14,6,2,2,1,310.96
104,2,2,5,0,71,2,4,6,1,1,1,308.71
104,2,2,5,0,72,12,14,6,2,2,1,356.06
104,2,2,5,0,73,2,4,6,1,1,1,333.35
104,2,2,5,0,74,11,14,5,2,2,1,347.72
104,2,2,5,0,75,12,14,6,2,2,1,325
104,2,2,5,0,76,9,12,5,2,2,1,445.04
104,2,2,5,0,77,9,12,5,2,2,1,293.8
104,2,2,5,0,78,2,4,6,1,1,1,373.09
104,2,2,5,0,79,6,8,6,1,1,1,392.21
104,2,2,5,0,80,12,14,6,2,2,1,355.42
104,2,2,5,0,81,9,12,5,2,2,1,298.6
104,2,2,5,0,82,4,6,6,1,1,1,398.22
104,2,2,5,0,83,5,8,5,1,1,1,468.53
104,2,2,5,0,84,6,8,6,1,1,1,523.42
104,2,2,5,0,85,8,10,6,2,2,1,287.45
104,2,2,5,0,86,3,6,5,1,1,1,323.25
104,2,2,5,0,87,4,6,6,1,1,1,336.64
104,2,2,5,0,88,5,8,5,1,1,1,539.89
104,2,2,5,0,89,5,8,5,1,1,1,505.02
104,2,2,5,0,90,7,10,5,2,2,1,663.97
104,2,2,5,0,91,9,12,5,2,2,1,383.04
104,2,2,5,0,92,10,12,6,2,2,1,331.19
104,2,2,5,0,93,8,10,6,2,2,1,318.52
104,2,2,5,0,94,5,8,5,1,1,1,361.84
104,2,2,5,0,95,5,8,5,1,1,1,386.53
104,2,2,5,0,96,5,8,5,1,1,1,452.98
104,2,2,5,0,97,7,10,5,2,2,1,330.44
104,2,2,5,0,98,6,8,6,1,1,1,652.51
104,2,2,5,0,99,3,6,5,1,1,1,468.71
104,2,2,5,0,100,12,14,6,2,2,1,352.33
104,2,2,5,0,101,3,6,5,1,1,1,334.55
104,2,2,5,0,102,3,6,5,1,1,1,338.62
104,2,2,5,0,103,12,14,6,2,2,1,430.55
104,2,2,5,0,104,8,10,6,2,2,1,324.42
104,2,2,5,0,105,5,8,5,1,1,1,361.64
104,2,2,5,0,106,3,6,5,1,1,1,278.07
104,2,2,5,0,107,4,6,6,1,1,1,360.77
104,2,2,5,0,108,6,8,6,1,1,1,520.16
104,2,2,5,0,109,10,12,6,2,2,1,312.84
104,2,2,5,0,110,4,6,6,1,1,1,325.56
104,2,2,5,0,111,11,14,5,2,1,0,327.57
104,2,2,5,0,112,6,8,6,1,1,1,680.42
104,2,2,5,0,113,7,10,5,2,2,1,477.19
104,2,2,5,0,114,11,14,5,2,2,1,368.17
104,2,2,5,0,115,12,14,6,2,2,1,309.31
104,2,2,5,0,116,11,14,5,2,2,1,296.19
104,2,2,5,0,117,10,12,6,2,2,1,324.39
104,2,2,5,0,118,7,10,5,2,2,1,583.13
104,2,2,5,0,119,10,12,6,2,2,1,329.02
104,2,2,5,0,120,1,4,5,1,1,1,324.5
104,2,2,6,0,1,10,12,6,2,2,1,329.35
104,2,2,6,0,2,3,6,5,1,1,1,333.23
104,2,2,6,0,3,1,4,5,1,1,1,317.03
104,2,2,6,0,4,7,10,5,2,2,1,319.87
104,2,2,6,0,5,3,6,5,1,1,1,413.71
104,2,2,6,0,6,7,10,5,2,2,1,504.86
104,2,2,6,0,7,7,10,5,2,2,1,401.74
104,2,2,6,0,8,9,12,5,2,2,1,309.64
104,2,2,6,0,9,12,14,6,2,2,1,309.33
104,2,2,6,0,10,1,4,5,1,1,1,292.85
104,2,2,6,0,11,11,14,5,2,2,1,325.6
104,2,2,6,0,12,3,6,5,1,1,1,278.47
104,2,2,6,0,13,5,8,5,1,1,1,391.87
104,2,2,6,0,14,10,12,6,2,2,1,319.35
104,2,2,6,0,15,1,4,5,1,1,1,290.39
104,2,2,6,0,16,6,8,6,1,1,1,776.29
104,2,2,6,0,17,2,4,6,1,1,1,348.3
104,2,2,6,0,18,6,8,6,1,1,1,555.84
104,2,2,6,0,19,1,4,5,1,1,1,759.96
104,2,2,6,0,20,1,4,5,1,1,1,324.21
104,2,2,6,0,21,12,14,6,2,2,1,312.6
104,2,2,6,0,22,10,12,6,2,2,1,270.3
104,2,2,6,0,23,6,8,6,1,2,0,359.75
104,2,2,6,0,24,12,14,6,2,2,1,382.38
104,2,2,6,0,25,8,10,6,2,2,1,421.94
104,2,2,6,0,26,7,10,5,2,2,1,875.69
104,2,2,6,0,27,10,12,6,2,2,1,290.6
104,2,2,6,0,28,2,4,6,1,1,1,316.74
104,2,2,6,0,29,7,10,5,2,2,1,366.37
104,2,2,6,0,30,5,8,5,1,1,1,596.19
104,2,2,6,0,31,2,4,6,1,1,1,356.52
104,2,2,6,0,32,4,6,6,1,1,1,371.79
104,2,2,6,0,33,4,6,6,1,1,1,346.09
104,2,2,6,0,34,2,4,6,1,1,1,306.01
104,2,2,6,0,35,11,14,5,2,2,1,353.74
104,2,2,6,0,36,9,12,5,2,2,1,280.2
104,2,2,6,0,37,5,8,5,1,1,1,429.4
104,2,2,6,0,38,8,10,6,2,2,1,486.48
104,2,2,6,0,39,5,8,5,1,1,1,446.79
104,2,2,6,0,40,3,6,5,1,1,1,277.3
104,2,2,6,0,41,7,10,5,2,1,0,555.87
104,2,2,6,0,42,6,8,6,1,1,1,876.62
104,2,2,6,0,43,6,8,6,1,1,1,347.68
104,2,2,6,0,44,7,10,5,2,2,1,677.82
104,2,2,6,0,45,2,4,6,1,1,1,442.8
104,2,2,6,0,46,9,12,5,2,2,1,435.6
104,2,2,6,0,47,2,4,6,1,1,1,278.66
104,2,2,6,0,48,2,4,6,1,1,1,286.77
104,2,2,6,0,49,12,14,6,2,2,1,331.7
104,2,2,6,0,50,9,12,5,2,2,1,290.33
104,2,2,6,0,51,5,8,5,1,1,1,322.03
104,2,2,6,0,52,11,14,5,2,2,1,421.54
104,2,2,6,0,53,3,6,5,1,1,1,296.7
104,2,2,6,0,54,9,12,5,2,2,1,405.33
104,2,2,6,0,55,5,8,5,1,1,1,345.72
104,2,2,6,0,56,8,10,6,2,2,1,993.81
104,2,2,6,0,57,6,8,6,1,1,1,595.04
104,2,2,6,0,58,1,4,5,1,1,1,388.08
104,2,2,6,0,59,12,14,6,2,2,1,407.61
104,2,2,6,0,60,9,12,5,2,2,1,345.68
104,2,2,6,0,61,4,6,6,1,1,1,317.37
104,2,2,6,0,62,2,4,6,1,1,1,316.38
104,2,2,6,0,63,12,14,6,2,2,1,339.89
104,2,2,6,0,64,1,4,5,1,1,1,284.16
104,2,2,6,0,65,7,10,5,2,1,0,546.51
104,2,2,6,0,66,2,4,6,1,1,1,300.84
104,2,2,6,0,67,8,10,6,2,2,1,449.59
104,2,2,6,0,68,9,12,5,2,2,1,351.75
104,2,2,6,0,69,11,14,5,2,2,1,333.61
104,2,2,6,0,70,10,12,6,2,2,1,316.79
104,2,2,6,0,71,12,14,6,2,2,1,276.1
104,2,2,6,0,72,10,12,6,2,2,1,291.86
104,2,2,6,0,73,3,6,5,1,1,1,324.55
104,2,2,6,0,74,6,8,6,1,1,1,514.31
104,2,2,6,0,75,7,10,5,2,2,1,846.81
104,2,2,6,0,76,1,4,5,1,1,1,311.41
104,2,2,6,0,77,3,6,5,1,1,1,427.66
104,2,2,6,0,78,7,10,5,2,2,1,343.6
104,2,2,6,0,79,3,6,5,1,1,1,251.48
104,2,2,6,0,80,8,10,6,2,2,1,330.14
104,2,2,6,0,81,11,14,5,2,2,1,386.58
104,2,2,6,0,82,9,12,5,2,2,1,299.51
104,2,2,6,0,83,4,6,6,1,1,1,351.3
104,2,2,6,0,84,11,14,5,2,2,1,330.74
104,2,2,6,0,85,4,6,6,1,1,1,283.71
104,2,2,6,0,86,1,4,5,1,1,1,319.07
104,2,2,6,0,87,11,14,5,2,2,1,350.54
104,2,2,6,0,88,4,6,6,1,1,1,411.49
104,2,2,6,0,89,3,6,5,1,1,1,369.78
104,2,2,6,0,90,12,14,6,2,2,1,350.55
104,2,2,6,0,91,3,6,5,1,1,1,287.6
104,2,2,6,0,92,12,14,6,2,2,1,329.9
104,2,2,6,0,93,2,4,6,1,2,0,354.98
104,2,2,6,0,94,9,12,5,2,2,1,792.83
104,2,2,6,0,95,10,12,6,2,2,1,365.03
104,2,2,6,0,96,5,8,5,1,1,1,338
104,2,2,6,0,97,11,14,5,2,2,1,351.29
104,2,2,6,0,98,4,6,6,1,1,1,309.51
104,2,2,6,0,99,4,6,6,1,1,1,371.21
104,2,2,6,0,100,8,10,6,2,2,1,758.1
104,2,2,6,0,101,9,12,5,2,2,1,350.06
104,2,2,6,0,102,5,8,5,1,1,1,417.68
104,2,2,6,0,103,10,12,6,2,2,1,477.43
104,2,2,6,0,104,8,10,6,2,2,1,308.73
104,2,2,6,0,105,8,10,6,2,2,1,324.03
104,2,2,6,0,106,10,12,6,2,2,1,286.02
104,2,2,6,0,107,12,14,6,2,2,1,286.62
104,2,2,6,0,108,6,8,6,1,1,1,349.79
104,2,2,6,0,109,8,10,6,2,2,1,304.97
104,2,2,6,0,110,11,14,5,2,2,1,470.67
104,2,2,6,0,111,4,6,6,1,1,1,379.76
104,2,2,6,0,112,11,14,5,2,2,1,408.43
104,2,2,6,0,113,6,8,6,1,1,1,338.57
104,2,2,6,0,114,4,6,6,1,1,1,424.6
104,2,2,6,0,115,10,12,6,2,2,1,470.85
104,2,2,6,0,116,5,8,5,1,2,0,912.17
104,2,2,6,0,117,8,10,6,2,2,1,645.7
104,2,2,6,0,118,6,8,6,1,1,1,1038.8
104,2,2,6,0,119,1,4,5,1,1,1,622.04
104,2,2,6,0,120,5,8,5,1,2,0,909.38
104,2,2,3,1,1,3,6,5,1,1,1,419.22
104,2,2,3,1,2,1,4,5,1,1,1,251.06
104,2,2,3,1,3,1,4,5,1,1,1,228.11
104,2,2,3,1,4,10,12,6,2,2,1,326.37
104,2,2,3,1,5,1,4,5,1,1,1,322.19
104,2,2,3,1,6,12,14,6,2,2,1,349.25
104,2,2,3,1,7,8,10,6,2,2,1,357.97
104,2,2,3,1,8,3,6,5,1,1,1,313.38
104,2,2,3,1,9,10,12,6,2,2,1,367.84
104,2,2,3,1,10,3,6,5,1,1,1,344.46
104,2,2,3,1,11,5,8,5,1,2,0,613.62
104,2,2,3,1,12,5,8,5,1,1,1,442.75
104,2,2,3,1,13,8,10,6,2,2,1,754.61
104,2,2,3,1,14,12,14,6,2,2,1,442.8
104,2,2,3,1,15,12,14,6,2,2,1,312.54
104,2,2,3,1,16,1,4,5,1,1,1,301.93
104,2,2,3,1,17,5,8,5,1,1,1,332.25
104,2,2,3,1,18,10,12,6,2,2,1,442.31
104,2,2,3,1,19,10,12,6,2,2,1,279.63
104,2,2,3,1,20,5,8,5,1,1,1,418.15
104,2,2,3,1,21,12,14,6,2,2,1,374.74
104,2,2,3,1,22,3,6,5,1,1,1,385.14
104,2,2,3,1,23,8,10,6,2,2,1,1178.8
104,2,2,3,1,24,8,10,6,2,2,1,478.52
104,2,2,3,0,1,12,14,6,2,2,1,422.24
104,2,2,3,0,2,10,12,6,2,2,1,340.97
104,2,2,3,0,3,3,6,5,1,1,1,443.37
104,2,2,3,0,4,3,6,5,1,1,1,283.08
104,2,2,3,0,5,3,6,5,1,1,1,274.48
104,2,2,3,0,6,10,12,6,2,2,1,403.13
104,2,2,3,0,7,5,8,5,1,1,1,376.21
104,2,2,3,0,8,3,6,5,1,1,1,291.94
104,2,2,3,0,9,3,6,5,1,1,1,306.24
104,2,2,3,0,10,12,14,6,2,2,1,389.44
104,2,2,3,0,11,3,6,5,1,1,1,308.58
104,2,2,3,0,12,8,10,6,2,2,1,376.1
104,2,2,3,0,13,1,4,5,1,1,1,408.9
104,2,2,3,0,14,8,10,6,2,2,1,596.85
104,2,2,3,0,15,1,4,5,1,1,1,320.65
104,2,2,3,0,16,1,4,5,1,1,1,280.85
104,2,2,3,0,17,8,10,6,2,2,1,402
104,2,2,3,0,18,8,10,6,2,2,1,279.24
104,2,2,3,0,19,10,12,6,2,2,1,277.99
104,2,2,3,0,20,12,14,6,2,2,1,269.45
104,2,2,3,0,21,8,10,6,2,2,1,342.38
104,2,2,3,0,22,1,4,5,1,1,1,294.64
104,2,2,3,0,23,10,12,6,2,2,1,315.75
104,2,2,3,0,24,1,4,5,1,1,1,326.4
104,2,2,3,0,25,12,14,6,2,2,1,349.96
104,2,2,3,0,26,1,4,5,1,1,1,300.26
104,2,2,3,0,27,12,14,6,2,2,1,646.79
104,2,2,3,0,28,8,10,6,2,2,1,675.24
104,2,2,3,0,29,3,6,5,1,1,1,410.37
104,2,2,3,0,30,5,8,5,1,1,1,305.72
104,2,2,3,0,31,8,10,6,2,2,1,387.84
104,2,2,3,0,32,8,10,6,2,2,1,399.93
104,2,2,3,0,33,8,10,6,2,2,1,286.6
104,2,2,3,0,34,5,8,5,1,1,1,449.46
104,2,2,3,0,35,5,8,5,1,1,1,332
104,2,2,3,0,36,12,14,6,2,2,1,401.55
104,2,2,3,0,37,3,6,5,1,1,1,293.49
104,2,2,3,0,38,3,6,5,1,1,1,332.16
104,2,2,3,0,39,8,10,6,2,1,0,292.63
104,2,2,3,0,40,5,8,5,1,1,1,466.86
104,2,2,3,0,41,12,14,6,2,2,1,350.37
104,2,2,3,0,42,1,4,5,1,1,1,313.13
104,2,2,3,0,43,5,8,5,1,1,1,401.17
104,2,2,3,0,44,12,14,6,2,2,1,336.25
104,2,2,3,0,45,1,4,5,1,1,1,353.73
104,2,2,3,0,46,12,14,6,2,2,1,323.23
104,2,2,3,0,47,8,10,6,2,2,1,303.55
104,2,2,3,0,48,12,14,6,2,2,1,287.16
104,2,2,3,0,49,5,8,5,1,2,0,861.56
104,2,2,3,0,50,3,6,5,1,1,1,487.46
104,2,2,3,0,51,1,4,5,1,1,1,263.77
104,2,2,3,0,52,12,14,6,2,2,1,327.02
104,2,2,3,0,53,1,4,5,1,1,1,298.52
104,2,2,3,0,54,10,12,6,2,2,1,460.16
104,2,2,3,0,55,3,6,5,1,1,1,320.77
104,2,2,3,0,56,10,12,6,2,2,1,335.93
104,2,2,3,0,57,3,6,5,1,1,1,278.55
104,2,2,3,0,58,10,12,6,2,2,1,333.34
104,2,2,3,0,59,5,8,5,1,1,1,279.39
104,2,2,3,0,60,1,4,5,1,1,1,348.56
104,2,2,3,0,61,5,8,5,1,1,1,822.04
104,2,2,3,0,62,3,6,5,1,1,1,363.19
104,2,2,3,0,63,10,12,6,2,2,1,309.7
104,2,2,3,0,64,12,14,6,2,2,1,280.51
104,2,2,3,0,65,10,12,6,2,2,1,291.35
104,2,2,3,0,66,3,6,5,1,1,1,378.45
104,2,2,3,0,67,1,4,5,1,1,1,262.11
104,2,2,3,0,68,1,4,5,1,1,1,255.39
104,2,2,3,0,69,1,4,5,1,1,1,250.26
104,2,2,3,0,70,5,8,5,1,1,1,586.94
104,2,2,3,0,71,12,14,6,2,2,1,374.65
104,2,2,3,0,72,5,8,5,1,1,1,356.41
104,2,2,3,0,73,3,6,5,1,1,1,315.19
104,2,2,3,0,74,10,12,6,2,2,1,414.5
104,2,2,3,0,75,8,10,6,2,2,1,292.9
104,2,2,3,0,76,3,6,5,1,1,1,292.65
104,2,2,3,0,77,1,4,5,1,1,1,241.2
104,2,2,3,0,78,1,4,5,1,1,1,234.14
104,2,2,3,0,79,12,14,6,2,2,1,317.62
104,2,2,3,0,80,10,12,6,2,2,1,260.34
104,2,2,3,0,81,10,12,6,2,2,1,251.87
104,2,2,3,0,82,3,6,5,1,1,1,362.12
104,2,2,3,0,83,10,12,6,2,2,1,375.47
104,2,2,3,0,84,3,6,5,1,1,1,365.36
104,2,2,3,0,85,10,12,6,2,2,1,349.66
104,2,2,3,0,86,8,10,6,2,2,1,288.53
104,2,2,3,0,87,12,14,6,2,2,1,331.95
104,2,2,3,0,88,3,6,5,1,1,1,421.02
104,2,2,3,0,89,5,8,5,1,1,1,801.91
104,2,2,3,0,90,8,10,6,2,2,1,538.88
104,2,2,3,0,91,5,8,5,1,1,1,334.8
104,2,2,3,0,92,5,8,5,1,1,1,353.88
104,2,2,3,0,93,1,4,5,1,1,1,287.23
104,2,2,3,0,94,8,10,6,2,2,1,366.12
104,2,2,3,0,95,5,8,5,1,1,1,348.06
104,2,2,3,0,96,10,12,6,2,2,1,363.42
104,2,2,3,0,97,8,10,6,2,2,1,357.73
104,2,2,3,0,98,10,12,6,2,2,1,339.96
104,2,2,3,0,99,3,6,5,1,1,1,331.18
104,2,2,3,0,100,10,12,6,2,2,1,352.9
104,2,2,3,0,101,5,8,5,1,1,1,283.75
104,2,2,3,0,102,1,4,5,1,1,1,319.99
104,2,2,3,0,103,5,8,5,1,1,1,646.78
104,2,2,3,0,104,12,14,6,2,2,1,362.65
104,2,2,3,0,105,10,12,6,2,2,1,383.88
104,2,2,3,0,106,12,14,6,2,2,1,323.91
104,2,2,3,0,107,12,14,6,2,2,1,266.67
104,2,2,3,0,108,8,10,6,2,2,1,259.2
104,2,2,3,0,109,12,14,6,2,2,1,271.24
104,2,2,3,0,110,5,8,5,1,1,1,872.49
104,2,2,3,0,111,8,10,6,2,2,1,603.51
104,2,2,3,0,112,5,8,5,1,1,1,616.3
104,2,2,3,0,113,1,4,5,1,1,1,364.48
104,2,2,3,0,114,10,12,6,2,2,1,389.99
104,2,2,3,0,115,8,10,6,2,2,1,329.94
104,2,2,3,0,116,1,4,5,1,1,1,538.95
104,2,2,3,0,117,12,14,6,2,2,1,441.51
104,2,2,3,0,118,5,8,5,1,1,1,488.56
104,2,2,3,0,119,8,10,6,2,2,1,523.67
104,2,2,3,0,120,10,12,6,2,2,1,347.31
104,2,2,4,1,1,7,10,5,2,2,1,850.56
104,2,2,4,1,2,7,10,5,2,2,1,276.62
104,2,2,4,1,3,6,8,6,1,2,0,271.06
104,2,2,4,1,4,6,8,6,1,1,1,513.14
104,2,2,4,1,5,9,12,5,2,2,1,468.77
104,2,2,4,1,6,4,6,6,1,1,1,686.51
104,2,2,4,1,7,4,6,6,1,1,1,309.17
104,2,2,4,1,8,7,10,5,2,2,1,373.72
104,2,2,4,1,9,6,8,6,1,1,1,485.69
104,2,2,4,1,10,2,4,6,1,1,1,554.41
104,2,2,4,1,11,9,12,5,2,2,1,325.07
104,2,2,4,1,12,7,10,5,2,2,1,326.08
104,2,2,4,1,13,2,4,6,1,1,1,383.48
104,2,2,4,1,14,2,4,6,1,1,1,287.2
104,2,2,4,1,15,11,14,5,2,2,1,357.64
104,2,2,4,1,16,2,4,6,1,1,1,284.49
104,2,2,4,1,17,4,6,6,1,1,1,303.36
104,2,2,4,1,18,11,14,5,2,2,1,305.63
104,2,2,4,1,19,11,14,5,2,2,1,320.83
104,2,2,4,1,20,11,14,5,2,2,1,242.03
104,2,2,4,1,21,4,6,6,1,1,1,530.71
104,2,2,4,1,22,9,12,5,2,2,1,350.21
104,2,2,4,1,23,9,12,5,2,2,1,300.2
104,2,2,4,1,24,6,8,6,1,1,1,401.97
104,2,2,4,0,1,4,6,6,1,1,1,467.47
104,2,2,4,0,2,4,6,6,1,1,1,262.07
104,2,2,4,0,3,2,4,6,1,1,1,316.48
104,2,2,4,0,4,6,8,6,1,1,1,389.89
104,2,2,4,0,5,2,4,6,1,1,1,285.52
104,2,2,4,0,6,4,6,6,1,1,1,297.28
104,2,2,4,0,7,9,12,5,2,2,1,306.85
104,2,2,4,0,8,2,4,6,1,1,1,336.53
104,2,2,4,0,9,2,4,6,1,1,1,272.61
104,2,2,4,0,10,4,6,6,1,1,1,394.13
104,2,2,4,0,11,9,12,5,2,2,1,325.93
104,2,2,4,0,12,9,12,5,2,2,1,219.26
104,2,2,4,0,13,9,12,5,2,2,1,243.14
104,2,2,4,0,14,11,14,5,2,2,1,638.59
104,2,2,4,0,15,2,4,6,1,1,1,348.81
104,2,2,4,0,16,11,14,5,2,2,1,358.53
104,2,2,4,0,17,6,8,6,1,1,1,720.36
104,2,2,4,0,18,2,4,6,1,1,1,290.96
104,2,2,4,0,19,9,12,5,2,2,1,353.16
104,2,2,4,0,20,11,14,5,2,2,1,275.73
104,2,2,4,0,21,9,12,5,2,2,1,262.32
104,2,2,4,0,22,4,6,6,1,1,1,343.77
104,2,2,4,0,23,6,8,6,1,1,1,312.05
104,2,2,4,0,24,7,10,5,2,1,0,291.77
104,2,2,4,0,25,7,10,5,2,2,1,346.02
104,2,2,4,0,26,9,12,5,2,2,1,266.97
104,2,2,4,0,27,4,6,6,1,1,1,388.27
104,2,2,4,0,28,7,10,5,2,2,1,411.09
104,2,2,4,0,29,7,10,5,2,2,1,250.41
104,2,2,4,0,30,11,14,5,2,2,1,264.62
104,2,2,4,0,31,11,14,5,2,2,1,269.99
104,2,2,4,0,32,9,12,5,2,2,1,272.95
104,2,2,4,0,33,4,6,6,1,1,1,341.78
104,2,2,4,0,34,9,12,5,2,2,1,324.35
104,2,2,4,0,35,7,10,5,2,2,1,259.98
104,2,2,4,0,36,2,4,6,1,1,1,345.53
104,2,2,4,0,37,7,10,5,2,2,1,445.88
104,2,2,4,0,38,6,8,6,1,1,1,419.22
104,2,2,4,0,39,9,12,5,2,2,1,356.11
104,2,2,4,0,40,11,14,5,2,2,1,264.49
104,2,2,4,0,41,6,8,6,1,1,1,654.03
104,2,2,4,0,42,11,14,5,2,2,1,305.42
104,2,2,4,0,43,6,8,6,1,1,1,451.41
104,2,2,4,0,44,11,14,5,2,2,1,770.47
104,2,2,4,0,45,11,14,5,2,2,1,371.89
104,2,2,4,0,46,9,12,5,2,2,1,298.56
104,2,2,4,0,47,9,12,5,2,2,1,282.87
104,2,2,4,0,48,6,8,6,1,1,1,313.63
104,2,2,4,0,49,2,4,6,1,1,1,275
104,2,2,4,0,50,2,4,6,1,1,1,261.11
104,2,2,4,0,51,2,4,6,1,1,1,293.3
104,2,2,4,0,52,4,6,6,1,1,1,457.45
104,2,2,4,0,53,7,10,5,2,2,1,351.03
104,2,2,4,0,54,11,14,5,2,2,1,299.3
104,2,2,4,0,55,6,8,6,1,2,0,269.21
104,2,2,4,0,56,7,10,5,2,2,1,849.41
104,2,2,4,0,57,7,10,5,2,2,1,319.03
104,2,2,4,0,58,4,6,6,1,2,0,275.81
104,2,2,4,0,59,7,10,5,2,2,1,466.37
104,2,2,4,0,60,11,14,5,2,2,1,320.45
104,2,2,4,0,61,2,4,6,1,1,1,318.37
104,2,2,4,0,62,2,4,6,1,1,1,286.79
104,2,2,4,0,63,9,12,5,2,2,1,419.54
104,2,2,4,0,64,7,10,5,2,2,1,265.54
104,2,2,4,0,65,11,14,5,2,2,1,385.07
104,2,2,4,0,66,11,14,5,2,2,1,294.79
104,2,2,4,0,67,2,4,6,1,1,1,359.05
104,2,2,4,0,68,4,6,6,1,1,1,326.52
104,2,2,4,0,69,9,12,5,2,2,1,300.9
104,2,2,4,0,70,11,14,5,2,2,1,259.52
104,2,2,4,0,71,6,8,6,1,1,1,356.64
104,2,2,4,0,72,4,6,6,1,1,1,279.26
104,2,2,4,0,73,6,8,6,1,1,1,287.94
104,2,2,4,0,74,7,10,5,2,2,1,438.11
104,2,2,4,0,75,11,14,5,2,2,1,254.36
104,2,2,4,0,76,9,12,5,2,2,1,262.29
104,2,2,4,0,77,6,8,6,1,1,1,591.71
104,2,2,4,0,78,7,10,5,2,2,1,408.79
104,2,2,4,0,79,11,14,5,2,2,1,328.17
104,2,2,4,0,80,2,4,6,1,1,1,397.84
104,2,2,4,0,81,9,12,5,2,2,1,333.47
104,2,2,4,0,82,6,8,6,1,1,1,536.06
104,2,2,4,0,83,7,10,5,2,2,1,383.75
104,2,2,4,0,84,6,8,6,1,1,1,388.63
104,2,2,4,0,85,9,12,5,2,2,1,349.56
104,2,2,4,0,86,4,6,6,1,1,1,307.17
104,2,2,4,0,87,7,10,5,2,2,1,411.89
104,2,2,4,0,88,6,8,6,1,1,1,441.58
104,2,2,4,0,89,9,12,5,2,2,1,330.61
104,2,2,4,0,90,4,6,6,1,1,1,360.36
104,2,2,4,0,91,2,4,6,1,1,1,305.49
104,2,2,4,0,92,2,4,6,1,1,1,272.36
104,2,2,4,0,93,6,8,6,1,2,0,331
104,2,2,4,0,94,4,6,6,1,1,1,704.24
104,2,2,4,0,95,4,6,6,1,1,1,300.84
104,2,2,4,0,96,7,10,5,2,2,1,309.02
104,2,2,4,0,97,4,6,6,1,1,1,367.74
104,2,2,4,0,98,2,4,6,1,1,1,295.06
104,2,2,4,0,99,11,14,5,2,2,1,285.52
104,2,2,4,0,100,4,6,6,1,1,1,286.91
104,2,2,4,0,101,6,8,6,1,2,0,345.36
104,2,2,4,0,102,2,4,6,1,1,1,2435.4
104,2,2,4,0,103,7,10,5,2,2,1,341.16
104,2,2,4,0,104,6,8,6,1,1,1,299.22
104,2,2,4,0,105,6,8,6,1,1,1,260.13
104,2,2,4,0,106,7,10,5,2,2,1,395.13
104,2,2,4,0,107,11,14,5,2,2,1,406.26
104,2,2,4,0,108,7,10,5,2,2,1,488.8
104,2,2,4,0,109,6,8,6,1,1,1,437.82
104,2,2,4,0,110,4,6,6,1,1,1,299.87
104,2,2,4,0,111,11,14,5,2,2,1,336.72
104,2,2,4,0,112,4,6,6,1,1,1,524.67
104,2,2,4,0,113,2,4,6,1,1,1,314.44
104,2,2,4,0,114,9,12,5,2,2,1,375.12
104,2,2,4,0,115,9,12,5,2,2,1,295.32
104,2,2,4,0,116,11,14,5,2,2,1,319.52
104,2,2,4,0,117,7,10,5,2,2,1,338.11
104,2,2,4,0,118,4,6,6,1,1,1,361.08
104,2,2,4,0,119,2,4,6,1,1,1,319.95
104,2,2,4,0,120,6,8,6,1,1,1,539.33
104,2,2,2,1,1,2,4,6,1,1,1,381.09
104,2,2,2,1,2,12,14,6,2,2,1,305.94
104,2,2,2,1,3,8,10,6,2,2,1,284.07
104,2,2,2,1,4,6,8,6,1,1,1,386.45
104,2,2,2,1,5,10,12,6,2,2,1,360.06
104,2,2,2,1,6,4,6,6,1,1,1,308.12
104,2,2,2,1,7,10,12,6,2,2,1,409.98
104,2,2,2,1,8,4,6,6,1,1,1,348.86
104,2,2,2,1,9,10,12,6,2,2,1,284.52
104,2,2,2,1,10,12,14,6,2,2,1,353.02
104,2,2,2,1,11,6,8,6,1,1,1,328.29
104,2,2,2,1,12,6,8,6,1,1,1,305.1
104,2,2,2,1,13,2,4,6,1,1,1,268.22
104,2,2,2,1,14,10,12,6,2,2,1,312.78
104,2,2,2,1,15,4,6,6,1,1,1,310.78
104,2,2,2,1,16,12,14,6,2,2,1,292.09
104,2,2,2,1,17,12,14,6,2,2,1,315.05
104,2,2,2,1,18,6,8,6,1,1,1,363.69
104,2,2,2,1,19,8,10,6,2,2,1,347.27
104,2,2,2,1,20,8,10,6,2,2,1,348.05
104,2,2,2,1,21,8,10,6,2,2,1,500.22
104,2,2,2,1,22,2,4,6,1,1,1,1804.1
104,2,2,2,1,23,4,6,6,1,1,1,366.09
104,2,2,2,1,24,2,4,6,1,1,1,357.13
104,2,2,2,0,1,10,12,6,2,2,1,454.99
104,2,2,2,0,2,4,6,6,1,1,1,408.36
104,2,2,2,0,3,12,14,6,2,2,1,370.76
104,2,2,2,0,4,12,14,6,2,2,1,548.93
104,2,2,2,0,5,12,14,6,2,2,1,326.42
104,2,2,2,0,6,2,4,6,1,1,1,376.25
104,2,2,2,0,7,10,12,6,2,2,1,382.21
104,2,2,2,0,8,2,4,6,1,1,1,337.52
104,2,2,2,0,9,2,4,6,1,1,1,349.46
104,2,2,2,0,10,10,12,6,2,2,1,317.65
104,2,2,2,0,11,12,14,6,2,2,1,347.65
104,2,2,2,0,12,12,14,6,2,2,1,1677.7
104,2,2,2,0,13,8,10,6,2,2,1,527.55
104,2,2,2,0,14,4,6,6,1,1,1,554.73
104,2,2,2,0,15,2,4,6,1,1,1,479.05
104,2,2,2,0,16,2,4,6,1,1,1,325.8
104,2,2,2,0,17,12,14,6,2,2,1,411.53
104,2,2,2,0,18,2,4,6,1,1,1,310.89
104,2,2,2,0,19,10,12,6,2,2,1,331.55
104,2,2,2,0,20,10,12,6,2,1,0,415.69
104,2,2,2,0,21,4,6,6,1,1,1,315.16
104,2,2,2,0,22,2,4,6,1,1,1,317.57
104,2,2,2,0,23,10,12,6,2,2,1,372.22
104,2,2,2,0,24,4,6,6,1,1,1,427.08
104,2,2,2,0,25,4,6,6,1,1,1,333.52
104,2,2,2,0,26,8,10,6,2,2,1,575.93
104,2,2,2,0,27,12,14,6,2,2,1,578.43
104,2,2,2,0,28,6,8,6,1,1,1,390.09
104,2,2,2,0,29,8,10,6,2,2,1,654.17
104,2,2,2,0,30,6,8,6,1,1,1,592.51
104,2,2,2,0,31,4,6,6,1,1,1,305.8
104,2,2,2,0,32,6,8,6,1,1,1,305.74
104,2,2,2,0,33,2,4,6,1,1,1,290.42
104,2,2,2,0,34,8,10,6,2,2,1,755.57
104,2,2,2,0,35,8,10,6,2,2,1,307.77
104,2,2,2,0,36,10,12,6,2,2,1,329.65
104,2,2,2,0,37,8,10,6,2,2,1,418.33
104,2,2,2,0,38,4,6,6,1,1,1,389.3
104,2,2,2,0,39,10,12,6,2,2,1,568.01
104,2,2,2,0,40,12,14,6,2,2,1,575.42
104,2,2,2,0,41,6,8,6,1,1,1,425.99
104,2,2,2,0,42,2,4,6,1,1,1,404.15
104,2,2,2,0,43,8,10,6,2,2,1,703.27
104,2,2,2,0,44,2,4,6,1,1,1,350.19
104,2,2,2,0,45,8,10,6,2,2,1,385.02
104,2,2,2,0,46,10,12,6,2,1,0,326.21
104,2,2,2,0,47,10,12,6,2,2,1,682.54
104,2,2,2,0,48,12,14,6,2,2,1,325.04
104,2,2,2,0,49,4,6,6,1,1,1,426.78
104,2,2,2,0,50,12,14,6,2,2,1,400.83
104,2,2,2,0,51,8,10,6,2,2,1,687.98
104,2,2,2,0,52,6,8,6,1,1,1,476.3
104,2,2,2,0,53,12,14,6,2,2,1,365.67
104,2,2,2,0,54,12,14,6,2,2,1,415.95
104,2,2,2,0,55,12,14,6,2,2,1,460.56
104,2,2,2,0,56,8,10,6,2,2,1,317.46
104,2,2,2,0,57,8,10,6,2,2,1,620.2
104,2,2,2,0,58,2,4,6,1,1,1,550.96
104,2,2,2,0,59,6,8,6,1,1,1,354.21
104,2,2,2,0,60,4,6,6,1,1,1,284.78
104,2,2,2,0,61,10,12,6,2,2,1,782.71
104,2,2,2,0,62,10,12,6,2,2,1,344.96
104,2,2,2,0,63,8,10,6,2,2,1,317.94
104,2,2,2,0,64,12,14,6,2,2,1,427.14
104,2,2,2,0,65,4,6,6,1,1,1,848.43
104,2,2,2,0,66,10,12,6,2,2,1,514.83
104,2,2,2,0,67,8,10,6,2,2,1,918.13
104,2,2,2,0,68,8,10,6,2,2,1,337.69
104,2,2,2,0,69,4,6,6,1,1,1,392.21
104,2,2,2,0,70,6,8,6,1,1,1,398.61
104,2,2,2,0,71,10,12,6,2,1,0,605.2
104,2,2,2,0,72,6,8,6,1,1,1,696.94
104,2,2,2,0,73,12,14,6,2,2,1,405.3
104,2,2,2,0,74,6,8,6,1,1,1,561.28
104,2,2,2,0,75,4,6,6,1,1,1,392.1
104,2,2,2,0,76,10,12,6,2,2,1,424.17
104,2,2,2,0,77,2,4,6,1,1,1,1208.8
104,2,2,2,0,78,10,12,6,2,2,1,365.13
104,2,2,2,0,79,8,10,6,2,2,1,526.52
104,2,2,2,0,80,12,14,6,2,2,1,805.55
104,2,2,2,0,81,6,8,6,1,1,1,739.86
104,2,2,2,0,82,6,8,6,1,1,1,489.27
104,2,2,2,0,83,2,4,6,1,2,0,829.29
104,2,2,2,0,84,6,8,6,1,1,1,531.51
104,2,2,2,0,85,2,4,6,1,1,1,296.3
104,2,2,2,0,86,4,6,6,1,1,1,295.12
104,2,2,2,0,87,4,6,6,1,1,1,291.98
104,2,2,2,0,88,8,10,6,2,1,0,546.59
104,2,2,2,0,89,2,4,6,1,1,1,318.23
104,2,2,2,0,90,2,4,6,1,1,1,262.41
104,2,2,2,0,91,12,14,6,2,2,1,386.92
104,2,2,2,0,92,2,4,6,1,1,1,290.1
104,2,2,2,0,93,10,12,6,2,2,1,347.48
104,2,2,2,0,94,6,8,6,1,1,1,1220.4
104,2,2,2,0,95,6,8,6,1,1,1,417.48
104,2,2,2,0,96,4,6,6,1,1,1,291.1
104,2,2,2,0,97,10,12,6,2,2,1,324.66
104,2,2,2,0,98,4,6,6,1,1,1,471.12
104,2,2,2,0,99,10,12,6,2,2,1,442.62
104,2,2,2,0,100,6,8,6,1,1,1,476.05
104,2,2,2,0,101,4,6,6,1,1,1,367.26
104,2,2,2,0,102,6,8,6,1,1,1,462.48
104,2,2,2,0,103,2,4,6,1,1,1,510.39
104,2,2,2,0,104,12,14,6,2,2,1,387.65
104,2,2,2,0,105,8,10,6,2,2,1,818.45
104,2,2,2,0,106,8,10,6,2,2,1,435.41
104,2,2,2,0,107,4,6,6,1,1,1,403.6
104,2,2,2,0,108,6,8,6,1,1,1,511.41
104,2,2,2,0,109,4,6,6,1,1,1,351.22
104,2,2,2,0,110,10,12,6,2,2,1,401.59
104,2,2,2,0,111,2,4,6,1,1,1,288.28
104,2,2,2,0,112,12,14,6,2,2,1,315.8
104,2,2,2,0,113,6,8,6,1,1,1,425.29
104,2,2,2,0,114,8,10,6,2,1,0,519.9
104,2,2,2,0,115,2,4,6,1,1,1,429.48
104,2,2,2,0,116,6,8,6,1,1,1,617.95
104,2,2,2,0,117,4,6,6,1,1,1,311.44
104,2,2,2,0,118,8,10,6,2,2,1,523.27
104,2,2,2,0,119,12,14,6,2,2,1,317.37
104,2,2,2,0,120,6,8,6,1,1,1,327.23
104,2,2,1,1,1,3,6,5,1,1,1,446.46
104,2,2,1,1,2,11,14,5,2,2,1,367.17
104,2,2,1,1,3,9,12,5,2,2,1,409.99
104,2,2,1,1,4,7,10,5,2,2,1,278.86
104,2,2,1,1,5,1,4,5,1,1,1,401.41
104,2,2,1,1,6,9,12,5,2,2,1,327.93
104,2,2,1,1,7,5,8,5,1,1,1,453.41
104,2,2,1,1,8,9,12,5,2,2,1,418.62
104,2,2,1,1,9,5,8,5,1,1,1,692.27
104,2,2,1,1,10,3,6,5,1,1,1,623.98
104,2,2,1,1,11,3,6,5,1,1,1,427.21
104,2,2,1,1,12,1,4,5,1,1,1,256.51
104,2,2,1,1,13,11,14,5,2,2,1,355.15
104,2,2,1,1,14,11,14,5,2,2,1,309.96
104,2,2,1,1,15,5,8,5,1,2,0,298.41
104,2,2,1,1,16,7,10,5,2,1,0,893.1
104,2,2,1,1,17,9,12,5,2,2,1,978.41
104,2,2,1,1,18,1,4,5,1,1,1,354.65
104,2,2,1,1,19,1,4,5,1,1,1,273.65
104,2,2,1,1,20,7,10,5,2,2,1,333.57
104,2,2,1,1,21,3,6,5,1,1,1,363.33
104,2,2,1,1,22,7,10,5,2,2,1,359.17
104,2,2,1,1,23,11,14,5,2,2,1,570.41
104,2,2,1,1,24,5,8,5,1,2,0,547.02
104,2,2,1,0,1,7,10,5,2,2,1,363.28
104,2,2,1,0,2,1,4,5,1,1,1,316.37
104,2,2,1,0,3,7,10,5,2,2,1,310.8
104,2,2,1,0,4,11,14,5,2,2,1,375.88
104,2,2,1,0,5,5,8,5,1,2,0,399.76
104,2,2,1,0,6,3,6,5,1,1,1,851.61
104,2,2,1,0,7,7,10,5,2,2,1,420.39
104,2,2,1,0,8,9,12,5,2,2,1,447.05
104,2,2,1,0,9,7,10,5,2,2,1,329.92
104,2,2,1,0,10,11,14,5,2,2,1,364.24
104,2,2,1,0,11,9,12,5,2,2,1,298.62
104,2,2,1,0,12,11,14,5,2,2,1,269.69
104,2,2,1,0,13,3,6,5,1,1,1,433.38
104,2,2,1,0,14,11,14,5,2,2,1,405.06
104,2,2,1,0,15,7,10,5,2,1,0,1250.7
104,2,2,1,0,16,1,4,5,1,1,1,362.85
104,2,2,1,0,17,3,6,5,1,1,1,330
104,2,2,1,0,18,3,6,5,1,1,1,363.07
104,2,2,1,0,19,3,6,5,1,1,1,260.56
104,2,2,1,0,20,11,14,5,2,2,1,332.15
104,2,2,1,0,21,9,12,5,2,2,1,277.45
104,2,2,1,0,22,11,14,5,2,2,1,324.5
104,2,2,1,0,23,5,8,5,1,1,1,544.9
104,2,2,1,0,24,11,14,5,2,2,1,369.14
104,2,2,1,0,25,1,4,5,1,1,1,357.31
104,2,2,1,0,26,11,14,5,2,2,1,325.21
104,2,2,1,0,27,1,4,5,1,1,1,350.46
104,2,2,1,0,28,1,4,5,1,1,1,848.72
104,2,2,1,0,29,7,10,5,2,2,1,1269.2
104,2,2,1,0,30,9,12,5,2,2,1,346.92
104,2,2,1,0,31,5,8,5,1,2,0,338.51
104,2,2,1,0,32,7,10,5,2,2,1,2477
104,2,2,1,0,33,1,4,5,1,1,1,316.78
104,2,2,1,0,34,3,6,5,1,1,1,279.88
104,2,2,1,0,35,5,8,5,1,2,0,578.21
104,2,2,1,0,36,5,8,5,1,1,1,696.46
104,2,2,1,0,37,3,6,5,1,1,1,297.93
104,2,2,1,0,38,9,12,5,2,2,1,313.97
104,2,2,1,0,39,3,6,5,1,1,1,310.82
104,2,2,1,0,40,9,12,5,2,2,1,339.16
104,2,2,1,0,41,7,10,5,2,2,1,347.84
104,2,2,1,0,42,9,12,5,2,2,1,271.07
104,2,2,1,0,43,5,8,5,1,1,1,391.68
104,2,2,1,0,44,9,12,5,2,2,1,326.64
104,2,2,1,0,45,11,14,5,2,2,1,295.07
104,2,2,1,0,46,9,12,5,2,2,1,296.27
104,2,2,1,0,47,11,14,5,2,2,1,304.03
104,2,2,1,0,48,5,8,5,1,1,1,335.19
104,2,2,1,0,49,9,12,5,2,2,1,416.14
104,2,2,1,0,50,11,14,5,2,2,1,271.27
104,2,2,1,0,51,3,6,5,1,1,1,366.44
104,2,2,1,0,52,11,14,5,2,2,1,321.85
104,2,2,1,0,53,7,10,5,2,1,0,259.23
104,2,2,1,0,54,5,8,5,1,1,1,465.81
104,2,2,1,0,55,5,8,5,1,1,1,267.61
104,2,2,1,0,56,7,10,5,2,1,0,281.29
104,2,2,1,0,57,7,10,5,2,1,0,554.26
104,2,2,1,0,58,9,12,5,2,2,1,276.98
104,2,2,1,0,59,9,12,5,2,2,1,264.71
104,2,2,1,0,60,3,6,5,1,1,1,423.16
104,2,2,1,0,61,3,6,5,1,1,1,253.67
104,2,2,1,0,62,1,4,5,1,1,1,266.89
104,2,2,1,0,63,11,14,5,2,2,1,393.08
104,2,2,1,0,64,7,10,5,2,2,1,271.2
104,2,2,1,0,65,1,4,5,1,1,1,389.68
104,2,2,1,0,66,3,6,5,1,1,1,484.06
104,2,2,1,0,67,1,4,5,1,1,1,284.58
104,2,2,1,0,68,7,10,5,2,2,1,424.72
104,2,2,1,0,69,3,6,5,1,2,0,318.3
104,2,2,1,0,70,1,4,5,1,1,1,419.94
104,2,2,1,0,71,1,4,5,1,1,1,286.04
104,2,2,1,0,72,9,12,5,2,2,1,326.33
104,2,2,1,0,73,7,10,5,2,2,1,263.24
104,2,2,1,0,74,5,8,5,1,1,1,342.22
104,2,2,1,0,75,7,10,5,2,2,1,424.42
104,2,2,1,0,76,9,12,5,2,2,1,294.6
104,2,2,1,0,77,7,10,5,2,2,1,300.78
104,2,2,1,0,78,5,8,5,1,2,0,272.33
104,2,2,1,0,79,5,8,5,1,1,1,997.27
104,2,2,1,0,80,9,12,5,2,2,1,476.66
104,2,2,1,0,81,1,4,5,1,1,1,406.83
104,2,2,1,0,82,3,6,5,1,1,1,304.76
104,2,2,1,0,83,5,8,5,1,2,0,425.31
104,2,2,1,0,84,1,4,5,1,1,1,346.86
104,2,2,1,0,85,5,8,5,1,1,1,913.94
104,2,2,1,0,86,9,12,5,2,2,1,467.5
104,2,2,1,0,87,7,10,5,2,2,1,396.8
104,2,2,1,0,88,11,14,5,2,2,1,309.06
104,2,2,1,0,89,11,14,5,2,2,1,342.97
104,2,2,1,0,90,3,6,5,1,1,1,331.16
104,2,2,1,0,91,11,14,5,2,2,1,388.53
104,2,2,1,0,92,11,14,5,2,2,1,333.98
104,2,2,1,0,93,3,6,5,1,1,1,347.22
104,2,2,1,0,94,5,8,5,1,2,0,353.14
104,2,2,1,0,95,5,8,5,1,1,1,466.26
104,2,2,1,0,96,3,6,5,1,1,1,241.47
104,2,2,1,0,97,9,12,5,2,2,1,349.87
104,2,2,1,0,98,7,10,5,2,2,1,292.77
104,2,2,1,0,99,7,10,5,2,2,1,321.13
104,2,2,1,0,100,1,4,5,1,1,1,270.18
104,2,2,1,0,101,3,6,5,1,1,1,252.09
104,2,2,1,0,102,1,4,5,1,1,1,287.81
104,2,2,1,0,103,1,4,5,1,1,1,269.97
104,2,2,1,0,104,1,4,5,1,1,1,254.27
104,2,2,1,0,105,5,8,5,1,2,0,335.94
104,2,2,1,0,106,11,14,5,2,2,1,474.07
104,2,2,1,0,107,5,8,5,1,1,1,347.75
104,2,2,1,0,108,5,8,5,1,1,1,336.6
104,2,2,1,0,109,3,6,5,1,1,1,256.31
104,2,2,1,0,110,9,12,5,2,2,1,347.8
104,2,2,1,0,111,5,8,5,1,1,1,313.36
104,2,2,1,0,112,7,10,5,2,1,0,293.68
104,2,2,1,0,113,9,12,5,2,2,1,414.62
104,2,2,1,0,114,1,4,5,1,1,1,309.87
104,2,2,1,0,115,9,12,5,2,2,1,372.04
104,2,2,1,0,116,11,14,5,2,2,1,289.42
104,2,2,1,0,117,1,4,5,1,1,1,299.56
104,2,2,1,0,118,11,14,5,2,2,1,359.14
104,2,2,1,0,119,1,4,5,1,1,1,359.41
104,2,2,1,0,120,3,6,5,1,1,1,467.74
