101,1,4,1,1,1,3,6,4,1,1,1,2325.4
101,1,4,1,1,2,9,6,7,2,2,1,563.68
101,1,4,1,1,3,3,6,4,1,1,1,643.79
101,1,4,1,1,4,5,6,5,1,1,1,1496.6
101,1,4,1,1,5,9,6,7,2,2,1,493.14
101,1,4,1,1,6,7,6,6,2,2,1,912.12
101,1,4,1,1,7,7,6,6,2,2,1,487.78
101,1,4,1,1,8,1,6,3,1,1,1,700.95
101,1,4,1,1,9,9,6,7,2,2,1,860.3
101,1,4,1,1,10,5,6,5,1,1,1,649.75
101,1,4,1,1,11,1,6,3,1,1,1,640.3
101,1,4,1,1,12,5,6,5,1,1,1,1040.8
101,1,4,1,1,13,7,6,6,2,2,1,465.87
101,1,4,1,1,14,11,6,8,2,2,1,751.56
101,1,4,1,1,15,9,6,7,2,2,1,460.45
101,1,4,1,1,16,11,6,8,2,2,1,397
101,1,4,1,1,17,7,6,6,2,2,1,1466.4
101,1,4,1,1,18,1,6,3,1,1,1,741.55
101,1,4,1,1,19,3,6,4,1,1,1,597.76
101,1,4,1,1,20,11,6,8,2,2,1,516.23
101,1,4,1,1,21,1,6,3,1,1,1,546.91
101,1,4,1,1,22,5,6,5,1,1,1,1283.2
101,1,4,1,1,23,3,6,4,1,1,1,540.38
101,1,4,1,1,24,11,6,8,2,2,1,555.38
101,1,4,1,0,1,1,6,3,1,1,1,742.97
101,1,4,1,0,2,3,6,4,1,1,1,537.83
101,1,4,1,0,3,1,6,3,1,1,1,651.52
101,1,4,1,0,4,3,6,4,1,1,1,543.54
101,1,4,1,0,5,7,6,6,2,2,1,613.93
101,1,4,1,0,6,9,6,7,2,2,1,514.69
101,1,4,1,0,7,3,6,4,1,1,1,542.57
101,1,4,1,0,8,1,6,3,1,1,1,554.31
101,1,4,1,0,9,7,6,6,2,2,1,534.71
101,1,4,1,0,10,1,6,3,1,1,1,606.58
101,1,4,1,0,11,5,6,5,1,1,1,2501
101,1,4,1,0,12,3,6,4,1,1,1,507.48
101,1,4,1,0,13,1,6,3,1,1,1,442.2
101,1,4,1,0,14,9,6,7,2,2,1,459.06
101,1,4,1,0,15,1,6,3,1,1,1,711.91
101,1,4,1,0,16,7,6,6,2,2,1,538.92
101,1,4,1,0,17,11,6,8,2,2,1,469.29
101,1,4,1,0,18,7,6,6,2,2,1,468.17
101,1,4,1,0,19,11,6,8,2,2,1,445.3
101,1,4,1,0,20,11,6,8,2,2,1,528.94
101,1,4,1,0,21,9,6,7,2,2,1,452.03
101,1,4,1,0,22,5,6,5,1,1,1,983.53
101,1,4,1,0,23,9,6,7,2,2,1,645.63
101,1,4,1,0,24,1,6,3,1,1,1,629.02
101,1,4,1,0,25,11,6,8,2,2,1,841.49
101,1,4,1,0,26,7,6,6,2,2,1,682.44
101,1,4,1,0,27,9,6,7,2,2,1,494.81
101,1,4,1,0,28,3,6,4,1,1,1,555.26
101,1,4,1,0,29,7,6,6,2,2,1,730.75
101,1,4,1,0,30,3,6,4,1,1,1,509.87
101,1,4,1,0,31,5,6,5,1,1,1,1399.3
101,1,4,1,0,32,11,6,8,2,2,1,455.77
101,1,4,1,0,33,3,6,4,1,1,1,520.69
101,1,4,1,0,34,7,6,6,2,2,1,514.06
101,1,4,1,0,35,9,6,7,2,2,1,539.22
101,1,4,1,0,36,9,6,7,2,2,1,828.14
101,1,4,1,0,37,11,6,8,2,2,1,437.38
101,1,4,1,0,38,5,6,5,1,1,1,930.93
101,1,4,1,0,39,7,6,6,2,2,1,1319.8
101,1,4,1,0,40,5,6,5,1,1,1,829.06
101,1,4,1,0,41,5,6,5,1,1,1,526.61
101,1,4,1,0,42,3,6,4,1,1,1,719.37
101,1,4,1,0,43,5,6,5,1,1,1,479.08
101,1,4,1,0,44,1,6,3,1,1,1,562.16
101,1,4,1,0,45,11,6,8,2,2,1,711.13
101,1,4,1,0,46,9,6,7,2,2,1,856.3
101,1,4,1,0,47,7,6,6,2,2,1,489.95
101,1,4,1,0,48,1,6,3,1,1,1,605.46
101,1,4,1,0,49,7,6,6,2,2,1,798.62
101,1,4,1,0,50,11,6,8,2,2,1,510.39
101,1,4,1,0,51,11,6,8,2,2,1,393.48
101,1,4,1,0,52,5,6,5,1,1,1,543.88
101,1,4,1,0,53,9,6,7,2,2,1,535.99
101,1,4,1,0,54,1,6,3,1,1,1,633.49
101,1,4,1,0,55,1,6,3,1,1,1,441.75
101,1,4,1,0,56,1,6,3,1,1,1,446
101,1,4,1,0,57,7,6,6,2,2,1,1059.7
101,1,4,1,0,58,3,6,4,1,1,1,1496.5
101,1,4,1,0,59,5,6,5,1,1,1,1226.9
101,1,4,1,0,60,1,6,3,1,1,1,482.87
101,1,4,1,0,61,5,6,5,1,1,1,882.44
101,1,4,1,0,62,1,6,3,1,1,1,488.79
101,1,4,1,0,63,1,6,3,1,1,1,386.95
101,1,4,1,0,64,3,6,4,1,1,1,737.87
101,1,4,1,0,65,7,6,6,2,2,1,561.96
101,1,4,1,0,66,5,6,5,1,1,1,1664.7
101,1,4,1,0,67,9,6,7,2,2,1,463.05
101,1,4,1,0,68,11,6,8,2,2,1,361.4
101,1,4,1,0,69,9,6,7,2,2,1,472.2
101,1,4,1,0,70,3,6,4,1,1,1,483.57
101,1,4,1,0,71,9,6,7,2,2,1,493.03
101,1,4,1,0,72,5,6,5,1,1,1,805.44
101,1,4,1,0,73,5,6,5,1,1,1,583.45
101,1,4,1,0,74,7,6,6,2,2,1,1827.3
101,1,4,1,0,75,11,6,8,2,2,1,473.19
101,1,4,1,0,76,1,6,3,1,1,1,597.85
101,1,4,1,0,77,9,6,7,2,2,1,479.63
101,1,4,1,0,78,11,6,8,2,2,1,441.76
101,1,4,1,0,79,5,6,5,1,1,1,556.56
101,1,4,1,0,80,3,6,4,1,1,1,569.25
101,1,4,1,0,81,9,6,7,2,2,1,479.9
101,1,4,1,0,82,7,6,6,2,2,1,1730.9
101,1,4,1,0,83,5,6,5,1,1,1,506.2
101,1,4,1,0,84,11,6,8,2,2,1,557.87
101,1,4,1,0,85,5,6,5,1,1,1,645.28
101,1,4,1,0,86,11,6,8,2,2,1,461.39
101,1,4,1,0,87,3,6,4,1,1,1,579.9
101,1,4,1,0,88,5,6,5,1,1,1,1616.1
101,1,4,1,0,89,3,6,4,1,1,1,616.36
101,1,4,1,0,90,11,6,8,2,2,1,462.13
101,1,4,1,0,91,7,6,6,2,2,1,1090.5
101,1,4,1,0,92,3,6,4,1,1,1,432.66
101,1,4,1,0,93,9,6,7,2,2,1,789.14
101,1,4,1,0,94,9,6,7,2,2,1,983.23
101,1,4,1,0,95,5,6,5,1,1,1,843.66
101,1,4,1,0,96,3,6,4,1,1,1,987.41
101,1,4,1,0,97,11,6,8,2,2,1,767.4
101,1,4,1,0,98,5,6,5,1,1,1,654.95
101,1,4,1,0,99,11,6,8,2,2,1,479.98
101,1,4,1,0,100,7,6,6,2,2,1,790.2
101,1,4,1,0,101,9,6,7,2,2,1,533.86
101,1,4,1,0,102,7,6,6,2,2,1,1289.7
101,1,4,1,0,103,1,6,3,1,1,1,473.98
101,1,4,1,0,104,9,6,7,2,2,1,676.17
101,1,4,1,0,105,5,6,5,1,1,1,783.91
101,1,4,1,0,106,3,6,4,1,1,1,642.51
101,1,4,1,0,107,11,6,8,2,2,1,540.57
101,1,4,1,0,108,1,6,3,1,1,1,598.69
101,1,4,1,0,109,7,6,6,2,2,1,1054.9
101,1,4,1,0,110,1,6,3,1,1,1,359.05
101,1,4,1,0,111,11,6,8,2,2,1,511.22
101,1,4,1,0,112,11,6,8,2,2,1,572.34
101,1,4,1,0,113,7,6,6,2,2,1,1070.9
101,1,4,1,0,114,9,6,7,2,2,1,479.32
101,1,4,1,0,115,3,6,4,1,1,1,485.97
101,1,4,1,0,116,1,6,3,1,1,1,536.67
101,1,4,1,0,117,3,6,4,1,1,1,470.11
101,1,4,1,0,118,3,6,4,1,1,1,438.81
101,1,4,1,0,119,7,6,6,2,2,1,2149.1
101,1,4,1,0,120,9,6,7,2,2,1,593.54
101,1,4,2,1,1,8,8,6,2,1,0,2627.3
101,1,4,2,1,2,6,8,5,1,1,1,831.79
101,1,4,2,1,3,4,8,4,1,1,1,750.27
101,1,4,2,1,4,8,8,6,2,2,1,819.66
101,1,4,2,1,5,12,8,8,2,2,1,523.15
101,1,4,2,1,6,10,8,7,2,2,1,548.75
101,1,4,2,1,7,6,8,5,1,1,1,644.63
101,1,4,2,1,8,8,8,6,2,1,0,1057.7
101,1,4,2,1,9,10,8,7,2,2,1,563.74
101,1,4,2,1,10,2,8,3,1,1,1,614.85
101,1,4,2,1,11,6,8,5,1,1,1,597.99
101,1,4,2,1,12,10,8,7,2,2,1,641.89
101,1,4,2,1,13,12,8,8,2,2,1,521.1
101,1,4,2,1,14,12,8,8,2,2,1,466.84
101,1,4,2,1,15,4,8,4,1,1,1,2353.5
101,1,4,2,1,16,8,8,6,2,2,1,2405.6
101,1,4,2,1,17,12,8,8,2,2,1,473.42
101,1,4,2,1,18,2,8,3,1,1,1,595.66
101,1,4,2,1,19,2,8,3,1,1,1,554.75
101,1,4,2,1,20,4,8,4,1,1,1,490.82
101,1,4,2,1,21,4,8,4,1,1,1,508.9
101,1,4,2,1,22,10,8,7,2,2,1,857.16
101,1,4,2,1,23,6,8,5,1,1,1,1128.1
101,1,4,2,1,24,2,8,3,1,1,1,620.66
101,1,4,2,0,1,10,8,7,2,2,1,665.49
101,1,4,2,0,2,8,8,6,2,2,1,1431.8
101,1,4,2,0,3,12,8,8,2,2,1,547.52
101,1,4,2,0,4,2,8,3,1,1,1,763.91
101,1,4,2,0,5,10,8,7,2,2,1,574.8
101,1,4,2,0,6,6,8,5,1,1,1,724.26
101,1,4,2,0,7,6,8,5,1,1,1,642.1
101,1,4,2,0,8,10,8,7,2,2,1,453.6
101,1,4,2,0,9,6,8,5,1,1,1,524.68
101,1,4,2,0,10,12,8,8,2,2,1,495.23
101,1,4,2,0,11,2,8,3,1,1,1,574.17
101,1,4,2,0,12,8,8,6,2,2,1,1432.2
101,1,4,2,0,13,6,8,5,1,1,1,928.97
101,1,4,2,0,14,10,8,7,2,2,1,844.89
101,1,4,2,0,15,8,8,6,2,2,1,1634.4
101,1,4,2,0,16,8,8,6,2,2,1,1073
101,1,4,2,0,17,6,8,5,1,1,1,577.15
101,1,4,2,0,18,4,8,4,1,1,1,614.57
101,1,4,2,0,19,10,8,7,2,2,1,1321.8
101,1,4,2,0,20,8,8,6,2,2,1,1752.4
101,1,4,2,0,21,6,8,5,1,1,1,630.66
101,1,4,2,0,22,10,8,7,2,2,1,773.14
101,1,4,2,0,23,2,8,3,1,1,1,557.83
101,1,4,2,0,24,6,8,5,1,1,1,710.63
101,1,4,2,0,25,4,8,4,1,1,1,635.94
101,1,4,2,0,26,2,8,3,1,1,1,526.23
101,1,4,2,0,27,8,8,6,2,2,1,535.12
101,1,4,2,0,28,2,8,3,1,1,1,447.63
101,1,4,2,0,29,4,8,4,1,1,1,504.96
101,1,4,2,0,30,2,8,3,1,1,1,421.68
101,1,4,2,0,31,4,8,4,1,1,1,546.73
101,1,4,2,0,32,4,8,4,1,1,1,539.37
101,1,4,2,0,33,10,8,7,2,2,1,729.71
101,1,4,2,0,34,2,8,3,1,1,1,540.72
101,1,4,2,0,35,10,8,7,2,2,1,619.59
101,1,4,2,0,36,10,8,7,2,2,1,790.82
101,1,4,2,0,37,10,8,7,2,2,1,613.71
101,1,4,2,0,38,4,8,4,1,1,1,533.1
101,1,4,2,0,39,10,8,7,2,2,1,504.63
101,1,4,2,0,40,4,8,4,1,1,1,500.06
101,1,4,2,0,41,12,8,8,2,2,1,475.72
101,1,4,2,0,42,6,8,5,1,1,1,760.73
101,1,4,2,0,43,4,8,4,1,1,1,640.69
101,1,4,2,0,44,8,8,6,2,2,1,920.84
101,1,4,2,0,45,12,8,8,2,2,1,608.55
101,1,4,2,0,46,8,8,6,2,2,1,990.31
101,1,4,2,0,47,10,8,7,2,2,1,613.99
101,1,4,2,0,48,2,8,3,1,1,1,1127.6
101,1,4,2,0,49,8,8,6,2,2,1,1629.9
101,1,4,2,0,50,6,8,5,1,1,1,832.64
101,1,4,2,0,51,4,8,4,1,1,1,443.9
101,1,4,2,0,52,12,8,8,2,2,1,428.21
101,1,4,2,0,53,4,8,4,1,1,1,368.24
101,1,4,2,0,54,2,8,3,1,1,1,402.19
101,1,4,2,0,55,6,8,5,1,1,1,794.13
101,1,4,2,0,56,12,8,8,2,2,1,426.33
101,1,4,2,0,57,6,8,5,1,1,1,549.09
101,1,4,2,0,58,8,8,6,2,2,1,699.54
101,1,4,2,0,59,8,8,6,2,2,1,487.42
101,1,4,2,0,60,6,8,5,1,1,1,466.95
101,1,4,2,0,61,8,8,6,2,2,1,816.85
101,1,4,2,0,62,10,8,7,2,2,1,544.57
101,1,4,2,0,63,8,8,6,2,2,1,525.66
101,1,4,2,0,64,10,8,7,2,2,1,451.13
101,1,4,2,0,65,2,8,3,1,1,1,491.14
101,1,4,2,0,66,4,8,4,1,1,1,640.61
101,1,4,2,0,67,4,8,4,1,1,1,367.33
101,1,4,2,0,68,12,8,8,2,2,1,468.18
101,1,4,2,0,69,4,8,4,1,1,1,597.23
101,1,4,2,0,70,10,8,7,2,2,1,457.56
101,1,4,2,0,71,2,8,3,1,1,1,447.52
101,1,4,2,0,72,4,8,4,1,1,1,443.67
101,1,4,2,0,73,8,8,6,2,2,1,676.28
101,1,4,2,0,74,12,8,8,2,2,1,616.79
101,1,4,2,0,75,12,8,8,2,2,1,770.05
101,1,4,2,0,76,2,8,3,1,1,1,727.5
101,1,4,2,0,77,12,8,8,2,2,1,501.23
101,1,4,2,0,78,6,8,5,1,1,1,593.73
101,1,4,2,0,79,2,8,3,1,1,1,489.01
101,1,4,2,0,80,10,8,7,2,2,1,507.42
101,1,4,2,0,81,12,8,8,2,2,1,581.26
101,1,4,2,0,82,6,8,5,1,1,1,615.88
101,1,4,2,0,83,6,8,5,1,1,1,606.43
101,1,4,2,0,84,8,8,6,2,2,1,615.25
101,1,4,2,0,85,12,8,8,2,2,1,822.39
101,1,4,2,0,86,4,8,4,1,1,1,479.42
101,1,4,2,0,87,12,8,8,2,2,1,468.59
101,1,4,2,0,88,2,8,3,1,1,1,432.73
101,1,4,2,0,89,10,8,7,2,2,1,769.16
101,1,4,2,0,90,2,8,3,1,1,1,388.67
101,1,4,2,0,91,10,8,7,2,2,1,767.47
101,1,4,2,0,92,2,8,3,1,1,1,427.49
101,1,4,2,0,93,6,8,5,1,1,1,1213.7
101,1,4,2,0,94,4,8,4,1,1,1,760.72
101,1,4,2,0,95,12,8,8,2,2,1,508.23
101,1,4,2,0,96,6,8,5,1,1,1,835.94
101,1,4,2,0,97,12,8,8,2,2,1,432.32
101,1,4,2,0,98,4,8,4,1,1,1,625.4
101,1,4,2,0,99,8,8,6,2,2,1,724.51
101,1,4,2,0,100,4,8,4,1,1,1,657.8
101,1,4,2,0,101,6,8,5,1,1,1,1131.2
101,1,4,2,0,102,8,8,6,2,2,1,695.47
101,1,4,2,0,103,10,8,7,2,2,1,634.33
101,1,4,2,0,104,12,8,8,2,2,1,841.57
101,1,4,2,0,105,6,8,5,1,1,1,530.96
101,1,4,2,0,106,8,8,6,2,2,1,742.31
101,1,4,2,0,107,6,8,5,1,1,1,563.09
101,1,4,2,0,108,2,8,3,1,1,1,906.81
101,1,4,2,0,109,8,8,6,2,2,1,1322
101,1,4,2,0,110,4,8,4,1,1,1,440.04
101,1,4,2,0,111,12,8,8,2,2,1,431.92
101,1,4,2,0,112,2,8,3,1,1,1,384.12
101,1,4,2,0,113,12,8,8,2,2,1,442.53
101,1,4,2,0,114,2,8,3,1,1,1,442.13
101,1,4,2,0,115,2,8,3,1,1,1,426.45
101,1,4,2,0,116,12,8,8,2,2,1,475.49
101,1,4,2,0,117,4,8,4,1,1,1,689.62
101,1,4,2,0,118,12,8,8,2,2,1,400.78
101,1,4,2,0,119,10,8,7,2,2,1,675.19
101,1,4,2,0,120,8,8,6,2,2,1,947.18
101,1,4,3,1,1,3,6,4,1,1,1,902.71
101,1,4,3,1,2,8,8,6,2,2,1,2444.6
101,1,4,3,1,3,1,6,3,1,1,1,544.31
101,1,4,3,1,4,1,6,3,1,1,1,554.77
101,1,4,3,1,5,12,8,8,2,2,1,504.83
101,1,4,3,1,6,12,8,8,2,2,1,432.35
101,1,4,3,1,7,5,6,5,1,1,1,1135.6
101,1,4,3,1,8,3,6,4,1,1,1,972.69
101,1,4,3,1,9,5,6,5,1,1,1,1171
101,1,4,3,1,10,5,6,5,1,1,1,575.31
101,1,4,3,1,11,3,6,4,1,1,1,766.03
101,1,4,3,1,12,8,8,6,2,2,1,1605.4
101,1,4,3,1,13,12,8,8,2,2,1,471.79
101,1,4,3,1,14,8,8,6,2,2,1,792.74
101,1,4,3,1,15,5,6,5,1,1,1,553.3
101,1,4,3,1,16,1,6,3,1,1,1,565.88
101,1,4,3,1,17,10,8,7,2,2,1,405.39
101,1,4,3,1,18,3,6,4,1,1,1,639
101,1,4,3,1,19,8,8,6,2,2,1,1342.2
101,1,4,3,1,20,10,8,7,2,2,1,504.45
101,1,4,3,1,21,10,8,7,2,2,1,490.56
101,1,4,3,1,22,1,6,3,1,1,1,875.23
101,1,4,3,1,23,12,8,8,2,2,1,493.93
101,1,4,3,1,24,10,8,7,2,2,1,655
101,1,4,3,0,1,8,8,6,2,1,0,883.19
101,1,4,3,0,2,10,8,7,2,2,1,717.61
101,1,4,3,0,3,10,8,7,2,2,1,783.92
101,1,4,3,0,4,8,8,6,2,2,1,1416.8
101,1,4,3,0,5,1,6,3,1,1,1,576.78
101,1,4,3,0,6,5,6,5,1,1,1,983.8
101,1,4,3,0,7,3,6,4,1,1,1,491.16
101,1,4,3,0,8,1,6,3,1,1,1,574.33
101,1,4,3,0,9,1,6,3,1,1,1,521.42
101,1,4,3,0,10,10,8,7,2,2,1,465.3
101,1,4,3,0,11,12,8,8,2,2,1,562.52
101,1,4,3,0,12,3,6,4,1,1,1,432.24
101,1,4,3,0,13,1,6,3,1,1,1,533.93
101,1,4,3,0,14,12,8,8,2,2,1,661.29
101,1,4,3,0,15,1,6,3,1,1,1,526.79
101,1,4,3,0,16,12,8,8,2,2,1,489.55
101,1,4,3,0,17,1,6,3,1,1,1,446.77
101,1,4,3,0,18,12,8,8,2,2,1,441.2
101,1,4,3,0,19,12,8,8,2,2,1,386.59
101,1,4,3,0,20,3,6,4,1,1,1,460.92
101,1,4,3,0,21,5,6,5,1,1,1,694.33
101,1,4,3,0,22,8,8,6,2,1,0,734.28
101,1,4,3,0,23,3,6,4,1,1,1,674.56
101,1,4,3,0,24,8,8,6,2,2,1,696.43
101,1,4,3,0,25,10,8,7,2,2,1,418.44
101,1,4,3,0,26,3,6,4,1,1,1,485.43
101,1,4,3,0,27,1,6,3,1,1,1,446.69
101,1,4,3,0,28,1,6,3,1,1,1,550.61
101,1,4,3,0,29,3,6,4,1,1,1,486.95
101,1,4,3,0,30,3,6,4,1,1,1,478.95
101,1,4,3,0,31,3,6,4,1,1,1,366.32
101,1,4,3,0,32,1,6,3,1,1,1,413.28
101,1,4,3,0,33,3,6,4,1,1,1,285.6
101,1,4,3,0,34,5,6,5,1,1,1,1043.7
101,1,4,3,0,35,10,8,7,2,2,1,572.68
101,1,4,3,0,36,12,8,8,2,2,1,689.66
101,1,4,3,0,37,12,8,8,2,2,1,687.22
101,1,4,3,0,38,10,8,7,2,2,1,547.44
101,1,4,3,0,39,8,8,6,2,2,1,1417.4
101,1,4,3,0,40,12,8,8,2,2,1,602.1
101,1,4,3,0,41,10,8,7,2,2,1,882.29
101,1,4,3,0,42,8,8,6,2,2,1,777.8
101,1,4,3,0,43,3,6,4,1,1,1,563.37
101,1,4,3,0,44,1,6,3,1,1,1,507.35
101,1,4,3,0,45,10,8,7,2,2,1,637.49
101,1,4,3,0,46,12,8,8,2,2,1,538.65
101,1,4,3,0,47,8,8,6,2,2,1,1101.4
101,1,4,3,0,48,8,8,6,2,2,1,666.71
101,1,4,3,0,49,10,8,7,2,2,1,628.15
101,1,4,3,0,50,3,6,4,1,1,1,623.33
101,1,4,3,0,51,1,6,3,1,1,1,452.45
101,1,4,3,0,52,8,8,6,2,2,1,1133.3
101,1,4,3,0,53,10,8,7,2,2,1,717.51
101,1,4,3,0,54,10,8,7,2,2,1,430.97
101,1,4,3,0,55,8,8,6,2,2,1,1356
101,1,4,3,0,56,12,8,8,2,2,1,595.03
101,1,4,3,0,57,1,6,3,1,1,1,537.72
101,1,4,3,0,58,3,6,4,1,1,1,501.24
101,1,4,3,0,59,8,8,6,2,2,1,873.92
101,1,4,3,0,60,8,8,6,2,2,1,482.3
101,1,4,3,0,61,10,8,7,2,2,1,414.11
101,1,4,3,0,62,12,8,8,2,2,1,479.64
101,1,4,3,0,63,8,8,6,2,2,1,769.36
101,1,4,3,0,64,5,6,5,1,1,1,821.51
101,1,4,3,0,65,5,6,5,1,1,1,845.43
101,1,4,3,0,66,10,8,7,2,2,1,1236.6
101,1,4,3,0,67,1,6,3,1,1,1,489.56
101,1,4,3,0,68,8,8,6,2,2,1,837.71
101,1,4,3,0,69,8,8,6,2,2,1,971.5
101,1,4,3,0,70,1,6,3,1,1,1,420.36
101,1,4,3,0,71,12,8,8,2,2,1,455.87
101,1,4,3,0,72,1,6,3,1,1,1,461.7
101,1,4,3,0,73,12,8,8,2,2,1,504.66
101,1,4,3,0,74,3,6,4,1,1,1,514.88
101,1,4,3,0,75,5,6,5,1,1,1,1089.9
101,1,4,3,0,76,10,8,7,2,2,1,428.85
101,1,4,3,0,77,12,8,8,2,2,1,572.38
101,1,4,3,0,78,12,8,8,2,2,1,364.49
101,1,4,3,0,79,10,8,7,2,2,1,349.5
101,1,4,3,0,80,1,6,3,1,1,1,446.01
101,1,4,3,0,81,10,8,7,2,2,1,427.96
101,1,4,3,0,82,3,6,4,1,1,1,439.31
101,1,4,3,0,83,5,6,5,1,1,1,570.89
101,1,4,3,0,84,5,6,5,1,1,1,463.2
101,1,4,3,0,85,5,6,5,1,1,1,410.52
101,1,4,3,0,86,5,6,5,1,1,1,384.33
101,1,4,3,0,87,1,6,3,1,1,1,393.35
101,1,4,3,0,88,5,6,5,1,1,1,393.39
101,1,4,3,0,89,1,6,3,1,1,1,373.72
101,1,4,3,0,90,5,6,5,1,1,1,899.97
101,1,4,3,0,91,10,8,7,2,2,1,611.12
101,1,4,3,0,92,8,8,6,2,2,1,422.42
101,1,4,3,0,93,10,8,7,2,2,1,678.47
101,1,4,3,0,94,8,8,6,2,2,1,522.94
101,1,4,3,0,95,8,8,6,2,1,0,1254.2
101,1,4,3,0,96,3,6,4,1,1,1,577.83
101,1,4,3,0,97,8,8,6,2,2,1,592.56
101,1,4,3,0,98,10,8,7,2,2,1,496.54
101,1,4,3,0,99,5,6,5,1,1,1,541.05
101,1,4,3,0,100,12,8,8,2,2,1,671.85
101,1,4,3,0,101,10,8,7,2,2,1,542.07
101,1,4,3,0,102,1,6,3,1,1,1,513.79
101,1,4,3,0,103,12,8,8,2,2,1,475.79
101,1,4,3,0,104,5,6,5,1,1,1,754.22
101,1,4,3,0,105,3,6,4,1,1,1,379.13
101,1,4,3,0,106,5,6,5,1,1,1,569.01
101,1,4,3,0,107,3,6,4,1,1,1,433.03
101,1,4,3,0,108,12,8,8,2,2,1,421.63
101,1,4,3,0,109,5,6,5,1,1,1,787.63
101,1,4,3,0,110,5,6,5,1,1,1,476.66
101,1,4,3,0,111,5,6,5,1,1,1,468.76
101,1,4,3,0,112,3,6,4,1,1,1,446.05
101,1,4,3,0,113,5,6,5,1,1,1,516.28
101,1,4,3,0,114,3,6,4,1,1,1,440.78
101,1,4,3,0,115,12,8,8,2,2,1,531.62
101,1,4,3,0,116,1,6,3,1,1,1,614.67
101,1,4,3,0,117,12,8,8,2,2,1,534.06
101,1,4,3,0,118,3,6,4,1,1,1,705.63
101,1,4,3,0,119,5,6,5,1,1,1,493.89
101,1,4,3,0,120,8,8,6,2,2,1,667.45
101,1,4,4,1,1,11,6,8,2,2,1,700.35
101,1,4,4,1,2,2,8,3,1,1,1,449.79
101,1,4,4,1,3,9,6,7,2,2,1,397.52
101,1,4,4,1,4,9,6,7,2,2,1,380.08
101,1,4,4,1,5,9,6,7,2,2,1,406.17
101,1,4,4,1,6,11,6,8,2,2,1,574.43
101,1,4,4,1,7,2,8,3,1,1,1,552.72
101,1,4,4,1,8,7,6,6,2,2,1,1308.7
101,1,4,4,1,9,11,6,8,2,2,1,440.05
101,1,4,4,1,10,7,6,6,2,2,1,459.42
101,1,4,4,1,11,7,6,6,2,2,1,1320.1
101,1,4,4,1,12,6,8,5,1,1,1,643.68
101,1,4,4,1,13,6,8,5,1,1,1,500.72
101,1,4,4,1,14,6,8,5,1,1,1,402.76
101,1,4,4,1,15,7,6,6,2,2,1,604.75
101,1,4,4,1,16,6,8,5,1,1,1,522.87
101,1,4,4,1,17,9,6,7,2,2,1,420.16
101,1,4,4,1,18,11,6,8,2,2,1,440.85
101,1,4,4,1,19,4,8,4,1,1,1,729.16
101,1,4,4,1,20,2,8,3,1,1,1,1151.3
101,1,4,4,1,21,4,8,4,1,1,1,549.12
101,1,4,4,1,22,4,8,4,1,1,1,1443.5
101,1,4,4,1,23,4,8,4,1,1,1,1487.1
101,1,4,4,1,24,2,8,3,1,1,1,738.39
101,1,4,4,0,1,11,6,8,2,2,1,578.25
101,1,4,4,0,2,4,8,4,1,1,1,476.84
101,1,4,4,0,3,7,6,6,2,2,1,859.15
101,1,4,4,0,4,9,6,7,2,2,1,549.31
101,1,4,4,0,5,7,6,6,2,2,1,609.09
101,1,4,4,0,6,11,6,8,2,2,1,587.56
101,1,4,4,0,7,6,8,5,1,1,1,703.1
101,1,4,4,0,8,4,8,4,1,1,1,723.21
101,1,4,4,0,9,9,6,7,2,2,1,865.42
101,1,4,4,0,10,2,8,3,1,1,1,597.11
101,1,4,4,0,11,4,8,4,1,1,1,536.37
101,1,4,4,0,12,6,8,5,1,1,1,578.76
101,1,4,4,0,13,2,8,3,1,1,1,548.53
101,1,4,4,0,14,4,8,4,1,1,1,510.7
101,1,4,4,0,15,2,8,3,1,1,1,685.26
101,1,4,4,0,16,2,8,3,1,1,1,580.61
101,1,4,4,0,17,6,8,5,1,1,1,1253.5
101,1,4,4,0,18,7,6,6,2,2,1,626.83
101,1,4,4,0,19,11,6,8,2,2,1,492.64
101,1,4,4,0,20,6,8,5,1,1,1,3111.5
101,1,4,4,0,21,9,6,7,2,2,1,517.01
101,1,4,4,0,22,11,6,8,2,2,1,471.94
101,1,4,4,0,23,2,8,3,1,1,1,438.76
101,1,4,4,0,24,9,6,7,2,2,1,549.88
101,1,4,4,0,25,4,8,4,1,1,1,434.14
101,1,4,4,0,26,11,6,8,2,2,1,453.99
101,1,4,4,0,27,9,6,7,2,2,1,526.04
101,1,4,4,0,28,11,6,8,2,2,1,769.4
101,1,4,4,0,29,11,6,8,2,2,1,463
101,1,4,4,0,30,6,8,5,1,1,1,1106.6
101,1,4,4,0,31,7,6,6,2,2,1,647.14
101,1,4,4,0,32,2,8,3,1,1,1,546.74
101,1,4,4,0,33,11,6,8,2,2,1,569.97
101,1,4,4,0,34,11,6,8,2,2,1,506.99
101,1,4,4,0,35,7,6,6,2,1,0,573.69
101,1,4,4,0,36,6,8,5,1,1,1,551.45
101,1,4,4,0,37,11,6,8,2,2,1,520.19
101,1,4,4,0,38,7,6,6,2,2,1,755.33
101,1,4,4,0,39,2,8,3,1,1,1,600.51
101,1,4,4,0,40,9,6,7,2,2,1,546.4
101,1,4,4,0,41,6,8,5,1,1,1,603.9
101,1,4,4,0,42,6,8,5,1,1,1,589.45
101,1,4,4,0,43,9,6,7,2,2,1,570.82
101,1,4,4,0,44,2,8,3,1,1,1,546.3
101,1,4,4,0,45,2,8,3,1,1,1,515.17
101,1,4,4,0,46,4,8,4,1,1,1,667.1
101,1,4,4,0,47,7,6,6,2,2,1,561.24
101,1,4,4,0,48,2,8,3,1,1,1,458.08
101,1,4,4,0,49,4,8,4,1,1,1,655.38
101,1,4,4,0,50,11,6,8,2,2,1,442.05
101,1,4,4,0,51,6,8,5,1,1,1,702.01
101,1,4,4,0,52,4,8,4,1,1,1,448.68
101,1,4,4,0,53,9,6,7,2,2,1,500.6
101,1,4,4,0,54,7,6,6,2,2,1,552.43
101,1,4,4,0,55,2,8,3,1,1,1,503.33
101,1,4,4,0,56,6,8,5,1,1,1,595.23
101,1,4,4,0,57,9,6,7,2,2,1,566.76
101,1,4,4,0,58,2,8,3,1,1,1,1096.7
101,1,4,4,0,59,7,6,6,2,2,1,572.1
101,1,4,4,0,60,9,6,7,2,2,1,521.76
101,1,4,4,0,61,2,8,3,1,1,1,510.94
101,1,4,4,0,62,4,8,4,1,1,1,583.15
101,1,4,4,0,63,4,8,4,1,1,1,462.1
101,1,4,4,0,64,9,6,7,2,2,1,526.91
101,1,4,4,0,65,4,8,4,1,1,1,597.48
101,1,4,4,0,66,2,8,3,1,1,1,711.24
101,1,4,4,0,67,11,6,8,2,2,1,418.27
101,1,4,4,0,68,6,8,5,1,2,0,2575.3
101,1,4,4,0,69,11,6,8,2,2,1,565.58
101,1,4,4,0,70,2,8,3,1,1,1,472.41
101,1,4,4,0,71,7,6,6,2,2,1,673.35
101,1,4,4,0,72,7,6,6,2,2,1,666.54
101,1,4,4,0,73,6,8,5,1,1,1,555.8
101,1,4,4,0,74,2,8,3,1,1,1,737.18
101,1,4,4,0,75,2,8,3,1,1,1,651.45
101,1,4,4,0,76,2,8,3,1,1,1,433.93
101,1,4,4,0,77,7,6,6,2,2,1,514.85
101,1,4,4,0,78,11,6,8,2,2,1,584.61
101,1,4,4,0,79,9,6,7,2,2,1,744.91
101,1,4,4,0,80,9,6,7,2,2,1,468.1
101,1,4,4,0,81,7,6,6,2,2,1,635.87
101,1,4,4,0,82,7,6,6,2,2,1,677.69
101,1,4,4,0,83,9,6,7,2,2,1,404.76
101,1,4,4,0,84,4,8,4,1,1,1,503.89
101,1,4,4,0,85,4,8,4,1,1,1,552.04
101,1,4,4,0,86,7,6,6,2,2,1,523.34
101,1,4,4,0,87,6,8,5,1,1,1,562.89
101,1,4,4,0,88,9,6,7,2,2,1,465.15
101,1,4,4,0,89,7,6,6,2,2,1,594.86
101,1,4,4,0,90,7,6,6,2,2,1,664.91
101,1,4,4,0,91,4,8,4,1,1,1,687.58
101,1,4,4,0,92,6,8,5,1,1,1,678.46
101,1,4,4,0,93,9,6,7,2,2,1,462.79
101,1,4,4,0,94,6,8,5,1,1,1,509.51
101,1,4,4,0,95,7,6,6,2,2,1,632.35
101,1,4,4,0,96,9,6,7,2,2,1,470.45
101,1,4,4,0,97,11,6,8,2,2,1,854.89
101,1,4,4,0,98,4,8,4,1,1,1,603.7
101,1,4,4,0,99,11,6,8,2,2,1,492.07
101,1,4,4,0,100,4,8,4,1,1,1,588.3
101,1,4,4,0,101,6,8,5,1,1,1,616.15
101,1,4,4,0,102,11,6,8,2,2,1,456.02
101,1,4,4,0,103,4,8,4,1,1,1,452.92
101,1,4,4,0,104,4,8,4,1,1,1,460.56
101,1,4,4,0,105,4,8,4,1,1,1,454.09
101,1,4,4,0,106,2,8,3,1,1,1,519.56
101,1,4,4,0,107,11,6,8,2,2,1,533.9
101,1,4,4,0,108,6,8,5,1,1,1,567.22
101,1,4,4,0,109,7,6,6,2,2,1,541.4
101,1,4,4,0,110,4,8,4,1,1,1,445.17
101,1,4,4,0,111,9,6,7,2,2,1,593.92
101,1,4,4,0,112,11,6,8,2,2,1,556.37
101,1,4,4,0,113,9,6,7,2,2,1,541.54
101,1,4,4,0,114,6,8,5,1,1,1,697.12
101,1,4,4,0,115,6,8,5,1,1,1,602.07
101,1,4,4,0,116,7,6,6,2,2,1,579.02
101,1,4,4,0,117,9,6,7,2,2,1,446.47
101,1,4,4,0,118,6,8,5,1,1,1,912.62
101,1,4,4,0,119,2,8,3,1,1,1,987.88
101,1,4,4,0,120,11,6,8,2,2,1,518.98
101,1,4,5,1,1,9,6,7,2,2,1,594.91
101,1,4,5,1,2,11,6,8,2,2,1,369.06
101,1,4,5,1,3,10,8,7,2,2,1,717.2
101,1,4,5,1,4,4,8,4,1,1,1,553.64
101,1,4,5,1,5,2,8,3,1,1,1,538
101,1,4,5,1,6,7,6,6,2,2,1,565.93
101,1,4,5,1,7,6,8,5,1,1,1,649.54
101,1,4,5,1,8,5,6,5,1,1,1,1351
101,1,4,5,1,9,8,8,6,2,2,1,1181.1
101,1,4,5,1,10,6,8,5,1,1,1,857.28
101,1,4,5,1,11,11,6,8,2,2,1,457.99
101,1,4,5,1,12,3,6,4,1,1,1,524.13
101,1,4,5,1,13,5,6,5,1,1,1,1704.9
101,1,4,5,1,14,4,8,4,1,1,1,484.53
101,1,4,5,1,15,8,8,6,2,2,1,595.71
101,1,4,5,1,16,12,8,8,2,2,1,522.4
101,1,4,5,1,17,1,6,3,1,1,1,609.77
101,1,4,5,1,18,3,6,4,1,1,1,636.39
101,1,4,5,1,19,9,6,7,2,2,1,553.75
101,1,4,5,1,20,1,6,3,1,1,1,546.14
101,1,4,5,1,21,10,8,7,2,2,1,695.73
101,1,4,5,1,22,7,6,6,2,2,1,807.53
101,1,4,5,1,23,2,8,3,1,1,1,432.29
101,1,4,5,1,24,12,8,8,2,2,1,692.5
101,1,4,5,0,1,3,6,4,1,1,1,941.18
101,1,4,5,0,2,7,6,6,2,2,1,509.15
101,1,4,5,0,3,2,8,3,1,1,1,676.28
101,1,4,5,0,4,7,6,6,2,2,1,581.89
101,1,4,5,0,5,4,8,4,1,1,1,774.65
101,1,4,5,0,6,12,8,8,2,2,1,1245.4
101,1,4,5,0,7,12,8,8,2,2,1,803.66
101,1,4,5,0,8,1,6,3,1,1,1,840.79
101,1,4,5,0,9,8,8,6,2,2,1,1011.7
101,1,4,5,0,10,10,8,7,2,2,1,760.62
101,1,4,5,0,11,9,6,7,2,2,1,700.89
101,1,4,5,0,12,8,8,6,2,2,1,787.75
101,1,4,5,0,13,5,6,5,1,1,1,911.31
101,1,4,5,0,14,12,8,8,2,2,1,435.07
101,1,4,5,0,15,6,8,5,1,1,1,818.48
101,1,4,5,0,16,12,8,8,2,2,1,475.19
101,1,4,5,0,17,4,8,4,1,1,1,586.73
101,1,4,5,0,18,1,6,3,1,1,1,655.08
101,1,4,5,0,19,10,8,7,2,2,1,476.13
101,1,4,5,0,20,4,8,4,1,1,1,650.03
101,1,4,5,0,21,3,6,4,1,1,1,774.41
101,1,4,5,0,22,6,8,5,1,1,1,926.55
101,1,4,5,0,23,9,6,7,2,2,1,427.82
101,1,4,5,0,24,6,8,5,1,1,1,597.96
101,1,4,5,0,25,10,8,7,2,2,1,787.01
101,1,4,5,0,26,1,6,3,1,1,1,551.98
101,1,4,5,0,27,2,8,3,1,1,1,771.29
101,1,4,5,0,28,5,6,5,1,2,0,2059.4
101,1,4,5,0,29,3,6,4,1,1,1,686.76
101,1,4,5,0,30,8,8,6,2,2,1,771.16
101,1,4,5,0,31,7,6,6,2,2,1,639.37
101,1,4,5,0,32,2,8,3,1,1,1,525.26
101,1,4,5,0,33,8,8,6,2,2,1,749.63
101,1,4,5,0,34,6,8,5,1,1,1,1007.9
101,1,4,5,0,35,3,6,4,1,1,1,595.76
101,1,4,5,0,36,4,8,4,1,1,1,500.95
101,1,4,5,0,37,11,6,8,2,2,1,489.81
101,1,4,5,0,38,2,8,3,1,1,1,462.04
101,1,4,5,0,39,8,8,6,2,2,1,1048.5
101,1,4,5,0,40,12,8,8,2,2,1,467.8
101,1,4,5,0,41,4,8,4,1,1,1,524.48
101,1,4,5,0,42,12,8,8,2,2,1,648.05
101,1,4,5,0,43,11,6,8,2,2,1,585.01
101,1,4,5,0,44,5,6,5,1,1,1,2307.7
101,1,4,5,0,45,1,6,3,1,1,1,1255.3
101,1,4,5,0,46,9,6,7,2,2,1,577.82
101,1,4,5,0,47,4,8,4,1,1,1,995.52
101,1,4,5,0,48,12,8,8,2,2,1,424.61
101,1,4,5,0,49,5,6,5,1,2,0,892.1
101,1,4,5,0,50,3,6,4,1,1,1,542.39
101,1,4,5,0,51,3,6,4,1,1,1,508.57
101,1,4,5,0,52,1,6,3,1,1,1,467.06
101,1,4,5,0,53,1,6,3,1,1,1,473.96
101,1,4,5,0,54,2,8,3,1,1,1,476.49
101,1,4,5,0,55,11,6,8,2,2,1,682.11
101,1,4,5,0,56,6,8,5,1,1,1,1172.6
101,1,4,5,0,57,10,8,7,2,2,1,509.14
101,1,4,5,0,58,5,6,5,1,1,1,1372.1
101,1,4,5,0,59,2,8,3,1,1,1,586.87
101,1,4,5,0,60,10,8,7,2,2,1,451.54
101,1,4,5,0,61,2,8,3,1,1,1,497.39
101,1,4,5,0,62,10,8,7,2,2,1,1092.2
101,1,4,5,0,63,7,6,6,2,2,1,587.99
101,1,4,5,0,64,2,8,3,1,1,1,537.66
101,1,4,5,0,65,5,6,5,1,1,1,755.59
101,1,4,5,0,66,3,6,4,1,1,1,501.21
101,1,4,5,0,67,11,6,8,2,2,1,491.43
101,1,4,5,0,68,12,8,8,2,2,1,693.08
101,1,4,5,0,69,4,8,4,1,1,1,777.32
101,1,4,5,0,70,9,6,7,2,2,1,598.5
101,1,4,5,0,71,12,8,8,2,2,1,453.91
101,1,4,5,0,72,8,8,6,2,2,1,808.96
101,1,4,5,0,73,3,6,4,1,1,1,535.38
101,1,4,5,0,74,9,6,7,2,2,1,643.36
101,1,4,5,0,75,11,6,8,2,2,1,430.65
101,1,4,5,0,76,6,8,5,1,1,1,589.4
101,1,4,5,0,77,11,6,8,2,2,1,459.79
101,1,4,5,0,78,2,8,3,1,1,1,498.05
101,1,4,5,0,79,11,6,8,2,2,1,582.59
101,1,4,5,0,80,7,6,6,2,2,1,824.97
101,1,4,5,0,81,7,6,6,2,2,1,658.89
101,1,4,5,0,82,9,6,7,2,2,1,997.19
101,1,4,5,0,83,9,6,7,2,2,1,654.15
101,1,4,5,0,84,10,8,7,2,2,1,789.5
101,1,4,5,0,85,9,6,7,2,2,1,465.99
101,1,4,5,0,86,1,6,3,1,1,1,688.81
101,1,4,5,0,87,6,8,5,1,1,1,1175.2
101,1,4,5,0,88,6,8,5,1,1,1,582.05
101,1,4,5,0,89,7,6,6,2,2,1,836.72
101,1,4,5,0,90,8,8,6,2,2,1,872.5
101,1,4,5,0,91,1,6,3,1,1,1,592.97
101,1,4,5,0,92,7,6,6,2,2,1,617.59
101,1,4,5,0,93,5,6,5,1,1,1,830.07
101,1,4,5,0,94,5,6,5,1,1,1,466.38
101,1,4,5,0,95,9,6,7,2,2,1,586.42
101,1,4,5,0,96,11,6,8,2,2,1,456.81
101,1,4,5,0,97,11,6,8,2,2,1,522.69
101,1,4,5,0,98,5,6,5,1,1,1,975.77
101,1,4,5,0,99,11,6,8,2,2,1,517.03
101,1,4,5,0,100,10,8,7,2,2,1,698.63
101,1,4,5,0,101,7,6,6,2,2,1,874.95
101,1,4,5,0,102,4,8,4,1,1,1,825.71
101,1,4,5,0,103,6,8,5,1,1,1,1717.6
101,1,4,5,0,104,4,8,4,1,1,1,591.24
101,1,4,5,0,105,3,6,4,1,1,1,630.55
101,1,4,5,0,106,12,8,8,2,2,1,741.83
101,1,4,5,0,107,9,6,7,2,2,1,1664.4
101,1,4,5,0,108,7,6,6,2,2,1,887.08
101,1,4,5,0,109,2,8,3,1,1,1,462.98
101,1,4,5,0,110,10,8,7,2,2,1,474.06
101,1,4,5,0,111,8,8,6,2,2,1,1379.5
101,1,4,5,0,112,10,8,7,2,2,1,553.24
101,1,4,5,0,113,3,6,4,1,1,1,524.83
101,1,4,5,0,114,6,8,5,1,1,1,497.54
101,1,4,5,0,115,1,6,3,1,1,1,503.21
101,1,4,5,0,116,8,8,6,2,2,1,599.64
101,1,4,5,0,117,5,6,5,1,1,1,520.66
101,1,4,5,0,118,4,8,4,1,1,1,459.55
101,1,4,5,0,119,1,6,3,1,1,1,390.58
101,1,4,5,0,120,8,8,6,2,2,1,621
101,1,4,6,0,1,5,6,5,1,1,1,1459.6
101,1,4,6,0,2,9,6,7,2,2,1,419.91
101,1,4,6,0,3,1,6,3,1,1,1,417.8
101,1,4,6,0,4,12,8,8,2,2,1,480.17
101,1,4,6,0,5,6,8,5,1,1,1,530.48
101,1,4,6,0,6,3,6,4,1,1,1,439.26
101,1,4,6,0,7,4,8,4,1,1,1,433.5
101,1,4,6,0,8,11,6,8,2,2,1,377.38
101,1,4,6,0,9,4,8,4,1,1,1,473.24
101,1,4,6,0,10,2,8,3,1,1,1,501.07
101,1,4,6,0,11,11,6,8,2,2,1,471.14
101,1,4,6,0,12,6,8,5,1,1,1,514.97
101,1,4,6,0,13,7,6,6,2,2,1,587.09
101,1,4,6,0,14,8,8,6,2,1,0,520.01
101,1,4,6,0,15,4,8,4,1,1,1,832.55
101,1,4,6,0,16,3,6,4,1,1,1,547.63
101,1,4,6,0,17,4,8,4,1,1,1,503.4
101,1,4,6,0,18,6,8,5,1,1,1,474.56
101,1,4,6,0,19,7,6,6,2,2,1,625.74
101,1,4,6,0,20,6,8,5,1,1,1,629.78
101,1,4,6,0,21,7,6,6,2,2,1,1050.3
101,1,4,6,0,22,3,6,4,1,1,1,1126.4
101,1,4,6,0,23,11,6,8,2,2,1,1637.7
101,1,4,6,0,24,2,8,3,1,1,1,454.83
101,1,4,6,0,25,7,6,6,2,2,1,804.18
101,1,4,6,0,26,10,8,7,2,2,1,2422.9
101,1,4,6,0,27,9,6,7,2,2,1,679.55
101,1,4,6,0,28,3,6,4,1,1,1,495.91
101,1,4,6,0,29,6,8,5,1,1,1,964.9
101,1,4,6,0,30,7,6,6,2,2,1,561.18
101,1,4,6,0,31,3,6,4,1,1,1,516.91
101,1,4,6,0,32,5,6,5,1,1,1,488.76
101,1,4,6,0,33,5,6,5,1,1,1,447.07
101,1,4,6,0,34,11,6,8,2,2,1,443.55
101,1,4,6,0,35,8,8,6,2,2,1,1148.5
101,1,4,6,0,36,10,8,7,2,2,1,528.29
101,1,4,6,0,37,2,8,3,1,1,1,600.25
101,1,4,6,0,38,2,8,3,1,1,1,496.49
101,1,4,6,0,39,1,6,3,1,1,1,455.01
101,1,4,6,0,40,11,6,8,2,2,1,596.92
101,1,4,6,0,41,3,6,4,1,1,1,557.14
101,1,4,6,0,42,5,6,5,1,1,1,1265.2
101,1,4,6,0,43,9,6,7,2,2,1,525.57
101,1,4,6,0,44,6,8,5,1,1,1,479.8
101,1,4,6,0,45,8,8,6,2,2,1,527.36
101,1,4,6,0,46,8,8,6,2,2,1,751.34
101,1,4,6,0,47,12,8,8,2,2,1,428.82
101,1,4,6,0,48,7,6,6,2,2,1,757.61
101,1,4,6,0,49,2,8,3,1,1,1,508.96
101,1,4,6,0,50,3,6,4,1,1,1,629.64
101,1,4,6,0,51,12,8,8,2,2,1,470.35
101,1,4,6,0,52,7,6,6,2,2,1,1389.5
101,1,4,6,0,53,5,6,5,1,1,1,548.59
101,1,4,6,0,54,2,8,3,1,1,1,646.54
101,1,4,6,0,55,7,6,6,2,2,1,635.67
101,1,4,6,0,56,11,6,8,2,2,1,413.59
101,1,4,6,0,57,12,8,8,2,2,1,454.66
101,1,4,6,0,58,5,6,5,1,1,1,1002.4
101,1,4,6,0,59,1,6,3,1,1,1,428.59
101,1,4,6,0,60,11,6,8,2,2,1,597.43
101,1,4,6,0,61,4,8,4,1,1,1,728.6
101,1,4,6,0,62,10,8,7,2,2,1,417.22
101,1,4,6,0,63,2,8,3,1,1,1,489.86
101,1,4,6,0,64,10,8,7,2,2,1,792.18
101,1,4,6,0,65,3,6,4,1,1,1,496.66
101,1,4,6,0,66,4,8,4,1,1,1,385.68
101,1,4,6,0,67,4,8,4,1,1,1,378.48
101,1,4,6,0,68,12,8,8,2,2,1,404.12
101,1,4,6,0,69,10,8,7,2,2,1,446.86
101,1,4,6,0,70,10,8,7,2,2,1,511.61
101,1,4,6,0,71,2,8,3,1,1,1,479.91
101,1,4,6,0,72,6,8,5,1,1,1,507.77
101,1,4,6,0,73,5,6,5,1,1,1,437.41
101,1,4,6,0,74,1,6,3,1,1,1,491.8
101,1,4,6,0,75,4,8,4,1,1,1,328.7
101,1,4,6,0,76,10,8,7,2,2,1,601.28
101,1,4,6,0,77,12,8,8,2,2,1,380.65
101,1,4,6,0,78,9,6,7,2,2,1,397.62
101,1,4,6,0,79,1,6,3,1,1,1,569.86
101,1,4,6,0,80,12,8,8,2,2,1,507.59
101,1,4,6,0,81,7,6,6,2,2,1,723.48
101,1,4,6,0,82,8,8,6,2,2,1,1048.2
101,1,4,6,0,83,10,8,7,2,2,1,365.33
101,1,4,6,0,84,9,6,7,2,2,1,386.17
101,1,4,6,0,85,11,6,8,2,2,1,346.67
101,1,4,6,0,86,5,6,5,1,1,1,761.22
101,1,4,6,0,87,6,8,5,1,1,1,435.8
101,1,4,6,0,88,1,6,3,1,1,1,462.57
101,1,4,6,0,89,5,6,5,1,1,1,423.18
101,1,4,6,0,90,4,8,4,1,1,1,335.42
101,1,4,6,0,91,1,6,3,1,1,1,460.73
101,1,4,6,0,92,12,8,8,2,2,1,491.67
101,1,4,6,0,93,11,6,8,2,2,1,636.62
101,1,4,6,0,94,10,8,7,2,2,1,346
101,1,4,6,0,95,5,6,5,1,1,1,1523.3
101,1,4,6,0,96,1,6,3,1,1,1,521.9
101,1,4,6,0,97,8,8,6,2,2,1,1151.8
101,1,4,6,0,98,12,8,8,2,2,1,372.59
101,1,4,6,0,99,8,8,6,2,1,0,1725.5
101,1,4,6,0,100,9,6,7,2,2,1,515.34
101,1,4,6,0,101,11,6,8,2,2,1,381.3
101,1,4,6,0,102,6,8,5,1,1,1,664.26
101,1,4,6,0,103,7,6,6,2,2,1,576
101,1,4,6,0,104,2,8,3,1,1,1,467.9
101,1,4,6,0,105,3,6,4,1,1,1,548.79
101,1,4,6,0,106,9,6,7,2,2,1,564.55
101,1,4,6,0,107,8,8,6,2,2,1,1115.4
101,1,4,6,0,108,10,8,7,2,2,1,468.32
101,1,4,6,0,109,12,8,8,2,2,1,400.74
101,1,4,6,0,110,4,8,4,1,1,1,512.75
101,1,4,6,0,111,9,6,7,2,2,1,401.38
101,1,4,6,0,112,8,8,6,2,2,1,739.01
101,1,4,6,0,113,6,8,5,1,1,1,474.76
101,1,4,6,0,114,3,6,4,1,1,1,602.25
101,1,4,6,0,115,2,8,3,1,1,1,471.79
101,1,4,6,0,116,1,6,3,1,1,1,438.33
101,1,4,6,0,117,8,8,6,2,2,1,703.94
101,1,4,6,0,118,9,6,7,2,2,1,532.54
101,1,4,6,0,119,9,6,7,2,2,1,486.41
101,1,4,6,0,120,1,6,3,1,1,1,590.04
