102,2,2,3,1,1,10,12,6,2,1,0,1415.2
102,2,2,3,1,2,12,14,6,2,2,1,735.66
102,2,2,3,1,3,3,6,5,1,1,1,652.36
102,2,2,3,1,4,1,4,5,1,1,1,899.56
102,2,2,3,1,5,3,6,5,1,1,1,930.74
102,2,2,3,1,6,1,4,5,1,1,1,479.49
102,2,2,3,1,7,3,6,5,1,1,1,522.18
102,2,2,3,1,8,1,4,5,1,1,1,592
102,2,2,3,1,9,5,8,5,1,2,0,1010.6
102,2,2,3,1,10,8,10,6,2,2,1,879.88
102,2,2,3,1,11,10,12,6,2,2,1,453.18
102,2,2,3,1,12,12,14,6,2,2,1,443.82
102,2,2,3,1,13,8,10,6,2,2,1,691.87
102,2,2,3,1,14,5,8,5,1,1,1,680.75
102,2,2,3,1,15,8,10,6,2,2,1,478.71
102,2,2,3,1,16,1,4,5,1,1,1,393.5
102,2,2,3,1,17,3,6,5,1,1,1,399.08
102,2,2,3,1,18,10,12,6,2,2,1,395.52
102,2,2,3,1,19,12,14,6,2,2,1,373.77
102,2,2,3,1,20,5,8,5,1,1,1,454.31
102,2,2,3,1,21,5,8,5,1,1,1,643.29
102,2,2,3,1,22,10,12,6,2,2,1,414.97
102,2,2,3,1,23,8,10,6,2,2,1,782.94
102,2,2,3,1,24,12,14,6,2,2,1,479.53
102,2,2,3,0,1,1,4,5,1,1,1,381.87
102,2,2,3,0,2,12,14,6,2,2,1,489.78
102,2,2,3,0,3,1,4,5,1,1,1,410.09
102,2,2,3,0,4,5,8,5,1,1,1,972.51
102,2,2,3,0,5,8,10,6,2,2,1,559.55
102,2,2,3,0,6,1,4,5,1,1,1,606.48
102,2,2,3,0,7,1,4,5,1,1,1,581.27
102,2,2,3,0,8,3,6,5,1,1,1,507.45
102,2,2,3,0,9,3,6,5,1,1,1,556.4
102,2,2,3,0,10,1,4,5,1,1,1,603.32
102,2,2,3,0,11,3,6,5,1,1,1,570.39
102,2,2,3,0,12,5,8,5,1,1,1,668.48
102,2,2,3,0,13,12,14,6,2,2,1,369.24
102,2,2,3,0,14,3,6,5,1,1,1,434.76
102,2,2,3,0,15,5,8,5,1,1,1,585.28
102,2,2,3,0,16,5,8,5,1,1,1,475.78
102,2,2,3,0,17,8,10,6,2,2,1,440.76
102,2,2,3,0,18,10,12,6,2,2,1,459.4
102,2,2,3,0,19,8,10,6,2,2,1,451.94
102,2,2,3,0,20,10,12,6,2,2,1,463.24
102,2,2,3,0,21,5,8,5,1,1,1,735.94
102,2,2,3,0,22,5,8,5,1,1,1,473.3
102,2,2,3,0,23,12,14,6,2,2,1,465.42
102,2,2,3,0,24,3,6,5,1,1,1,479.02
102,2,2,3,0,25,1,4,5,1,1,1,468.66
102,2,2,3,0,26,12,14,6,2,2,1,585.87
102,2,2,3,0,27,5,8,5,1,1,1,533.57
102,2,2,3,0,28,3,6,5,1,1,1,519.3
102,2,2,3,0,29,12,14,6,2,2,1,434.02
102,2,2,3,0,30,1,4,5,1,1,1,379.6
102,2,2,3,0,31,5,8,5,1,1,1,435.1
102,2,2,3,0,32,12,14,6,2,2,1,385.72
102,2,2,3,0,33,8,10,6,2,2,1,576.15
102,2,2,3,0,34,10,12,6,2,2,1,324.97
102,2,2,3,0,35,3,6,5,1,1,1,442.21
102,2,2,3,0,36,8,10,6,2,2,1,519.77
102,2,2,3,0,37,5,8,5,1,1,1,545.76
102,2,2,3,0,38,3,6,5,1,1,1,456.19
102,2,2,3,0,39,5,8,5,1,1,1,392.74
102,2,2,3,0,40,10,12,6,2,2,1,313.81
102,2,2,3,0,41,12,14,6,2,2,1,302.86
102,2,2,3,0,42,1,4,5,1,1,1,405.36
102,2,2,3,0,43,3,6,5,1,1,1,441.49
102,2,2,3,0,44,8,10,6,2,2,1,460.24
102,2,2,3,0,45,8,10,6,2,2,1,414.24
102,2,2,3,0,46,10,12,6,2,2,1,419.94
102,2,2,3,0,47,8,10,6,2,2,1,642.36
102,2,2,3,0,48,10,12,6,2,2,1,529.71
102,2,2,3,0,49,8,10,6,2,2,1,451.07
102,2,2,3,0,50,10,12,6,2,2,1,397.59
102,2,2,3,0,51,5,8,5,1,1,1,432.2
102,2,2,3,0,52,8,10,6,2,2,1,585.59
102,2,2,3,0,53,1,4,5,1,1,1,432.52
102,2,2,3,0,54,8,10,6,2,2,1,487.15
102,2,2,3,0,55,10,12,6,2,2,1,535.17
102,2,2,3,0,56,12,14,6,2,2,1,435.06
102,2,2,3,0,57,1,4,5,1,1,1,375
102,2,2,3,0,58,10,12,6,2,2,1,405.56
102,2,2,3,0,59,1,4,5,1,1,1,478.31
102,2,2,3,0,60,5,8,5,1,1,1,401.97
102,2,2,3,0,61,1,4,5,1,1,1,342.65
102,2,2,3,0,62,5,8,5,1,1,1,426.57
102,2,2,3,0,63,5,8,5,1,1,1,495.68
102,2,2,3,0,64,5,8,5,1,1,1,430.87
102,2,2,3,0,65,1,4,5,1,1,1,402.33
102,2,2,3,0,66,12,14,6,2,2,1,455.72
102,2,2,3,0,67,8,10,6,2,2,1,470.91
102,2,2,3,0,68,12,14,6,2,2,1,394.32
102,2,2,3,0,69,10,12,6,2,2,1,553.99
102,2,2,3,0,70,12,14,6,2,2,1,438.82
102,2,2,3,0,71,1,4,5,1,1,1,475.91
102,2,2,3,0,72,8,10,6,2,2,1,503.69
102,2,2,3,0,73,3,6,5,1,1,1,423.32
102,2,2,3,0,74,8,10,6,2,2,1,548.57
102,2,2,3,0,75,12,14,6,2,2,1,453.09
102,2,2,3,0,76,12,14,6,2,2,1,528.2
102,2,2,3,0,77,10,12,6,2,2,1,702.95
102,2,2,3,0,78,12,14,6,2,2,1,546.81
102,2,2,3,0,79,3,6,5,1,1,1,526.79
102,2,2,3,0,80,12,14,6,2,2,1,407.35
102,2,2,3,0,81,10,12,6,2,2,1,363.66
102,2,2,3,0,82,5,8,5,1,1,1,325.88
102,2,2,3,0,83,5,8,5,1,1,1,458.73
102,2,2,3,0,84,8,10,6,2,2,1,474.06
102,2,2,3,0,85,12,14,6,2,2,1,435.28
102,2,2,3,0,86,10,12,6,2,2,1,322.4
102,2,2,3,0,87,1,4,5,1,1,1,357.18
102,2,2,3,0,88,10,12,6,2,2,1,379.66
102,2,2,3,0,89,3,6,5,1,1,1,316.36
102,2,2,3,0,90,10,12,6,2,2,1,313.23
102,2,2,3,0,91,3,6,5,1,1,1,306.61
102,2,2,3,0,92,10,12,6,2,2,1,357.55
102,2,2,3,0,93,3,6,5,1,1,1,445.62
102,2,2,3,0,94,1,4,5,1,1,1,475.22
102,2,2,3,0,95,8,10,6,2,2,1,410.99
102,2,2,3,0,96,5,8,5,1,1,1,884.07
102,2,2,3,0,97,8,10,6,2,2,1,404.12
102,2,2,3,0,98,8,10,6,2,2,1,467.77
102,2,2,3,0,99,1,4,5,1,1,1,366.2
102,2,2,3,0,100,10,12,6,2,2,1,419.33
102,2,2,3,0,101,3,6,5,1,1,1,438.53
102,2,2,3,0,102,8,10,6,2,2,1,535.08
102,2,2,3,0,103,3,6,5,1,1,1,638.59
102,2,2,3,0,104,10,12,6,2,2,1,404.63
102,2,2,3,0,105,12,14,6,2,2,1,451.56
102,2,2,3,0,106,12,14,6,2,2,1,526.69
102,2,2,3,0,107,5,8,5,1,1,1,849.62
102,2,2,3,0,108,3,6,5,1,1,1,441.1
102,2,2,3,0,109,10,12,6,2,2,1,400.98
102,2,2,3,0,110,1,4,5,1,1,1,354.65
102,2,2,3,0,111,12,14,6,2,2,1,402.09
102,2,2,3,0,112,10,12,6,2,2,1,411.74
102,2,2,3,0,113,1,4,5,1,1,1,365.8
102,2,2,3,0,114,3,6,5,1,1,1,492.86
102,2,2,3,0,115,1,4,5,1,1,1,328.68
102,2,2,3,0,116,5,8,5,1,1,1,468.9
102,2,2,3,0,117,12,14,6,2,2,1,464.93
102,2,2,3,0,118,3,6,5,1,1,1,653.49
102,2,2,3,0,119,3,6,5,1,1,1,484.29
102,2,2,3,0,120,8,10,6,2,2,1,472.94
102,2,2,4,1,1,11,14,5,2,2,1,472.22
102,2,2,4,1,2,9,12,5,2,2,1,992.17
102,2,2,4,1,3,6,8,6,1,2,0,853.61
102,2,2,4,1,4,9,12,5,2,2,1,364.59
102,2,2,4,1,5,6,8,6,1,1,1,591.22
102,2,2,4,1,6,11,14,5,2,2,1,377.93
102,2,2,4,1,7,9,12,5,2,2,1,574.32
102,2,2,4,1,8,4,6,6,1,1,1,406.2
102,2,2,4,1,9,4,6,6,1,1,1,493.42
102,2,2,4,1,10,11,14,5,2,2,1,396.12
102,2,2,4,1,11,6,8,6,1,1,1,718.49
102,2,2,4,1,12,2,4,6,1,1,1,450.02
102,2,2,4,1,13,9,12,5,2,2,1,405.51
102,2,2,4,1,14,7,10,5,2,2,1,546.21
102,2,2,4,1,15,7,10,5,2,2,1,463.75
102,2,2,4,1,16,2,4,6,1,1,1,381.78
102,2,2,4,1,17,11,14,5,2,2,1,408.66
102,2,2,4,1,18,4,6,6,1,1,1,435.05
102,2,2,4,1,19,7,10,5,2,2,1,633.09
102,2,2,4,1,20,2,4,6,1,1,1,412.52
102,2,2,4,1,21,6,8,6,1,2,0,853.31
102,2,2,4,1,22,2,4,6,1,1,1,807.35
102,2,2,4,1,23,4,6,6,1,1,1,462.01
102,2,2,4,1,24,7,10,5,2,2,1,574.79
102,2,2,4,0,1,9,12,5,2,2,1,872.26
102,2,2,4,0,2,7,10,5,2,2,1,667.78
102,2,2,4,0,3,9,12,5,2,2,1,537.51
102,2,2,4,0,4,4,6,6,1,1,1,955.44
102,2,2,4,0,5,2,4,6,1,1,1,387.43
102,2,2,4,0,6,11,14,5,2,2,1,409.09
102,2,2,4,0,7,4,6,6,1,1,1,463.51
102,2,2,4,0,8,4,6,6,1,1,1,747.56
102,2,2,4,0,9,2,4,6,1,1,1,470.84
102,2,2,4,0,10,2,4,6,1,1,1,463.19
102,2,2,4,0,11,2,4,6,1,1,1,609
102,2,2,4,0,12,7,10,5,2,2,1,488.28
102,2,2,4,0,13,4,6,6,1,1,1,511.44
102,2,2,4,0,14,7,10,5,2,2,1,653.18
102,2,2,4,0,15,11,14,5,2,2,1,519.49
102,2,2,4,0,16,6,8,6,1,1,1,894.53
102,2,2,4,0,17,6,8,6,1,1,1,726.67
102,2,2,4,0,18,11,14,5,2,2,1,445.73
102,2,2,4,0,19,11,14,5,2,2,1,539.19
102,2,2,4,0,20,11,14,5,2,2,1,490.18
102,2,2,4,0,21,9,12,5,2,2,1,500.36
102,2,2,4,0,22,9,12,5,2,2,1,338.09
102,2,2,4,0,23,11,14,5,2,2,1,426.22
102,2,2,4,0,24,2,4,6,1,1,1,438.16
102,2,2,4,0,25,7,10,5,2,2,1,691.49
102,2,2,4,0,26,7,10,5,2,2,1,636.04
102,2,2,4,0,27,4,6,6,1,1,1,471.03
102,2,2,4,0,28,9,12,5,2,2,1,454.14
102,2,2,4,0,29,4,6,6,1,1,1,470.6
102,2,2,4,0,30,11,14,5,2,2,1,401.67
102,2,2,4,0,31,6,8,6,1,1,1,997.94
102,2,2,4,0,32,11,14,5,2,2,1,400.05
102,2,2,4,0,33,9,12,5,2,2,1,488.57
102,2,2,4,0,34,11,14,5,2,2,1,383.89
102,2,2,4,0,35,9,12,5,2,2,1,365.39
102,2,2,4,0,36,7,10,5,2,2,1,1483.6
102,2,2,4,0,37,4,6,6,1,1,1,727.37
102,2,2,4,0,38,6,8,6,1,1,1,555.74
102,2,2,4,0,39,7,10,5,2,2,1,573.35
102,2,2,4,0,40,6,8,6,1,1,1,829.54
102,2,2,4,0,41,4,6,6,1,1,1,432.95
102,2,2,4,0,42,9,12,5,2,2,1,413.82
102,2,2,4,0,43,4,6,6,1,1,1,433.35
102,2,2,4,0,44,2,4,6,1,1,1,516.06
102,2,2,4,0,45,7,10,5,2,2,1,354.98
102,2,2,4,0,46,7,10,5,2,2,1,420.34
102,2,2,4,0,47,2,4,6,1,1,1,422.57
102,2,2,4,0,48,11,14,5,2,2,1,419.68
102,2,2,4,0,49,7,10,5,2,2,1,724.74
102,2,2,4,0,50,4,6,6,1,1,1,456.82
102,2,2,4,0,51,2,4,6,1,1,1,488.16
102,2,2,4,0,52,7,10,5,2,2,1,421.65
102,2,2,4,0,53,9,12,5,2,2,1,436.91
102,2,2,4,0,54,7,10,5,2,2,1,353.47
102,2,2,4,0,55,7,10,5,2,2,1,355.09
102,2,2,4,0,56,9,12,5,2,2,1,444.46
102,2,2,4,0,57,6,8,6,1,1,1,1200.6
102,2,2,4,0,58,4,6,6,1,1,1,617.48
102,2,2,4,0,59,2,4,6,1,1,1,540.94
102,2,2,4,0,60,2,4,6,1,1,1,633.75
102,2,2,4,0,61,4,6,6,1,1,1,583.31
102,2,2,4,0,62,7,10,5,2,2,1,514.54
102,2,2,4,0,63,4,6,6,1,1,1,751.86
102,2,2,4,0,64,4,6,6,1,1,1,401.34
102,2,2,4,0,65,7,10,5,2,2,1,447.38
102,2,2,4,0,66,6,8,6,1,1,1,720.11
102,2,2,4,0,67,11,14,5,2,2,1,407.7
102,2,2,4,0,68,9,12,5,2,2,1,590.27
102,2,2,4,0,69,6,8,6,1,1,1,614.02
102,2,2,4,0,70,2,4,6,1,1,1,446.84
102,2,2,4,0,71,2,4,6,1,1,1,464.29
102,2,2,4,0,72,11,14,5,2,2,1,414.77
102,2,2,4,0,73,2,4,6,1,1,1,503.76
102,2,2,4,0,74,11,14,5,2,2,1,525.66
102,2,2,4,0,75,4,6,6,1,1,1,866.67
102,2,2,4,0,76,7,10,5,2,2,1,513.72
102,2,2,4,0,77,11,14,5,2,2,1,575.71
102,2,2,4,0,78,4,6,6,1,1,1,395.6
102,2,2,4,0,79,11,14,5,2,2,1,405.01
102,2,2,4,0,80,4,6,6,1,1,1,473.91
102,2,2,4,0,81,9,12,5,2,2,1,339.12
102,2,2,4,0,82,4,6,6,1,1,1,422.16
102,2,2,4,0,83,9,12,5,2,2,1,343.41
102,2,2,4,0,84,9,12,5,2,2,1,570.39
102,2,2,4,0,85,6,8,6,1,1,1,850.62
102,2,2,4,0,86,9,12,5,2,2,1,742.63
102,2,2,4,0,87,6,8,6,1,1,1,714.78
102,2,2,4,0,88,9,12,5,2,2,1,452.07
102,2,2,4,0,89,9,12,5,2,2,1,401.11
102,2,2,4,0,90,2,4,6,1,1,1,397.61
102,2,2,4,0,91,11,14,5,2,2,1,385.67
102,2,2,4,0,92,4,6,6,1,1,1,473.2
102,2,2,4,0,93,6,8,6,1,1,1,534.82
102,2,2,4,0,94,6,8,6,1,1,1,412.37
102,2,2,4,0,95,9,12,5,2,2,1,376.95
102,2,2,4,0,96,2,4,6,1,1,1,434.99
102,2,2,4,0,97,6,8,6,1,1,1,717.72
102,2,2,4,0,98,2,4,6,1,1,1,411.16
102,2,2,4,0,99,6,8,6,1,1,1,542.69
102,2,2,4,0,100,7,10,5,2,2,1,491.83
102,2,2,4,0,101,6,8,6,1,1,1,485.02
102,2,2,4,0,102,7,10,5,2,2,1,589.88
102,2,2,4,0,103,6,8,6,1,1,1,816.55
102,2,2,4,0,104,2,4,6,1,1,1,496.1
102,2,2,4,0,105,6,8,6,1,1,1,575.91
102,2,2,4,0,106,2,4,6,1,1,1,397.59
102,2,2,4,0,107,6,8,6,1,1,1,467.8
102,2,2,4,0,108,11,14,5,2,2,1,399.83
102,2,2,4,0,109,2,4,6,1,1,1,326.77
102,2,2,4,0,110,11,14,5,2,2,1,450.47
102,2,2,4,0,111,7,10,5,2,2,1,498.22
102,2,2,4,0,112,11,14,5,2,2,1,440.11
102,2,2,4,0,113,9,12,5,2,2,1,547.66
102,2,2,4,0,114,4,6,6,1,1,1,465.73
102,2,2,4,0,115,7,10,5,2,2,1,491.62
102,2,2,4,0,116,6,8,6,1,1,1,473.56
102,2,2,4,0,117,11,14,5,2,2,1,347.62
102,2,2,4,0,118,9,12,5,2,2,1,347.19
102,2,2,4,0,119,6,8,6,1,1,1,545.87
102,2,2,4,0,120,2,4,6,1,1,1,539.99
102,2,2,5,1,1,8,10,6,2,2,1,614.46
102,2,2,5,1,2,8,10,6,2,2,1,497.78
102,2,2,5,1,3,5,8,5,1,1,1,687.58
102,2,2,5,1,4,1,4,5,1,1,1,401.86
102,2,2,5,1,5,9,12,5,2,2,1,419.1
102,2,2,5,1,6,3,6,5,1,1,1,490.28
102,2,2,5,1,7,4,6,6,1,1,1,337.95
102,2,2,5,1,8,6,8,6,1,1,1,348.83
102,2,2,5,1,9,2,4,6,1,1,1,379.7
102,2,2,5,1,10,11,14,5,2,2,1,423.63
102,2,2,5,1,11,6,8,6,1,1,1,361.57
102,2,2,5,1,12,11,14,5,2,2,1,375.91
102,2,2,5,1,13,12,14,6,2,2,1,493.61
102,2,2,5,1,14,2,4,6,1,1,1,348.77
102,2,2,5,1,15,9,12,5,2,2,1,425.37
102,2,2,5,1,16,1,4,5,1,1,1,307.82
102,2,2,5,1,17,10,12,6,2,2,1,718.84
102,2,2,5,1,18,7,10,5,2,2,1,631.47
102,2,2,5,1,19,4,6,6,1,1,1,414.83
102,2,2,5,1,20,5,8,5,1,1,1,743.49
102,2,2,5,1,21,10,12,6,2,2,1,499.01
102,2,2,5,1,22,12,14,6,2,2,1,552.59
102,2,2,5,1,23,7,10,5,2,2,1,742.25
102,2,2,5,1,24,3,6,5,1,1,1,1101.1
102,2,2,5,0,1,2,4,6,1,1,1,1046.5
102,2,2,5,0,2,3,6,5,1,1,1,495.58
102,2,2,5,0,3,1,4,5,1,1,1,378.77
102,2,2,5,0,4,4,6,6,1,1,1,662.72
102,2,2,5,0,5,12,14,6,2,2,1,496.12
102,2,2,5,0,6,1,4,5,1,1,1,405.41
102,2,2,5,0,7,5,8,5,1,1,1,1111.6
102,2,2,5,0,8,12,14,6,2,2,1,485.75
102,2,2,5,0,9,12,14,6,2,2,1,526.49
102,2,2,5,0,10,8,10,6,2,2,1,492.74
102,2,2,5,0,11,10,12,6,2,2,1,528.32
102,2,2,5,0,12,1,4,5,1,1,1,383.03
102,2,2,5,0,13,11,14,5,2,2,1,979.01
102,2,2,5,0,14,10,12,6,2,2,1,366.65
102,2,2,5,0,15,6,8,6,1,1,1,587.11
102,2,2,5,0,16,10,12,6,2,2,1,421.12
102,2,2,5,0,17,7,10,5,2,2,1,1125.5
102,2,2,5,0,18,12,14,6,2,2,1,405.47
102,2,2,5,0,19,9,12,5,2,2,1,303.87
102,2,2,5,0,20,12,14,6,2,2,1,361.89
102,2,2,5,0,21,12,14,6,2,2,1,297.98
102,2,2,5,0,22,6,8,6,1,1,1,943.62
102,2,2,5,0,23,7,10,5,2,2,1,1403.9
102,2,2,5,0,24,3,6,5,1,1,1,515.26
102,2,2,5,0,25,9,12,5,2,2,1,587.93
102,2,2,5,0,26,4,6,6,1,1,1,481.73
102,2,2,5,0,27,6,8,6,1,1,1,603.67
102,2,2,5,0,28,4,6,6,1,1,1,427.52
102,2,2,5,0,29,2,4,6,1,1,1,338.09
102,2,2,5,0,30,11,14,5,2,2,1,368.96
102,2,2,5,0,31,2,4,6,1,1,1,383.18
102,2,2,5,0,32,10,12,6,2,2,1,394.96
102,2,2,5,0,33,4,6,6,1,1,1,295.42
102,2,2,5,0,34,3,6,5,1,1,1,453.35
102,2,2,5,0,35,8,10,6,2,2,1,404.22
102,2,2,5,0,36,11,14,5,2,2,1,467.33
102,2,2,5,0,37,8,10,6,2,2,1,610.98
102,2,2,5,0,38,9,12,5,2,2,1,344.71
102,2,2,5,0,39,3,6,5,1,1,1,404.35
102,2,2,5,0,40,5,8,5,1,1,1,660.18
102,2,2,5,0,41,11,14,5,2,2,1,408.4
102,2,2,5,0,42,7,10,5,2,2,1,988.72
102,2,2,5,0,43,7,10,5,2,2,1,367.35
102,2,2,5,0,44,8,10,6,2,2,1,437.04
102,2,2,5,0,45,5,8,5,1,1,1,835.43
102,2,2,5,0,46,3,6,5,1,1,1,746.77
102,2,2,5,0,47,7,10,5,2,2,1,753.41
102,2,2,5,0,48,1,4,5,1,1,1,415.96
102,2,2,5,0,49,9,12,5,2,2,1,450.97
102,2,2,5,0,50,8,10,6,2,2,1,549.22
102,2,2,5,0,51,12,14,6,2,2,1,477.45
102,2,2,5,0,52,10,12,6,2,2,1,374.55
102,2,2,5,0,53,12,14,6,2,2,1,366.63
102,2,2,5,0,54,6,8,6,1,1,1,385.29
102,2,2,5,0,55,8,10,6,2,1,0,587.95
102,2,2,5,0,56,10,12,6,2,2,1,1171.4
102,2,2,5,0,57,5,8,5,1,1,1,413.07
102,2,2,5,0,58,5,8,5,1,1,1,456.86
102,2,2,5,0,59,9,12,5,2,2,1,503.54
102,2,2,5,0,60,5,8,5,1,1,1,1178.4
102,2,2,5,0,61,2,4,6,1,1,1,478.95
102,2,2,5,0,62,5,8,5,1,1,1,745.37
102,2,2,5,0,63,2,4,6,1,1,1,546.66
102,2,2,5,0,64,1,4,5,1,1,1,615.91
102,2,2,5,0,65,12,14,6,2,2,1,425.97
102,2,2,5,0,66,4,6,6,1,1,1,445.38
102,2,2,5,0,67,11,14,5,2,2,1,498.37
102,2,2,5,0,68,6,8,6,1,1,1,532.25
102,2,2,5,0,69,6,8,6,1,1,1,672.15
102,2,2,5,0,70,10,12,6,2,2,1,418.26
102,2,2,5,0,71,2,4,6,1,1,1,428.79
102,2,2,5,0,72,2,4,6,1,1,1,362.52
102,2,2,5,0,73,10,12,6,2,2,1,404.9
102,2,2,5,0,74,9,12,5,2,2,1,520.09
102,2,2,5,0,75,6,8,6,1,1,1,1024.5
102,2,2,5,0,76,1,4,5,1,1,1,447.66
102,2,2,5,0,77,9,12,5,2,2,1,488.78
102,2,2,5,0,78,1,4,5,1,1,1,341.38
102,2,2,5,0,79,2,4,6,1,1,1,300.18
102,2,2,5,0,80,11,14,5,2,2,1,388.66
102,2,2,5,0,81,3,6,5,1,1,1,403.35
102,2,2,5,0,82,11,14,5,2,2,1,455.24
102,2,2,5,0,83,4,6,6,1,1,1,331.33
102,2,2,5,0,84,9,12,5,2,2,1,321.02
102,2,2,5,0,85,8,10,6,2,2,1,913.17
102,2,2,5,0,86,3,6,5,1,1,1,394.55
102,2,2,5,0,87,11,14,5,2,2,1,401.64
102,2,2,5,0,88,2,4,6,1,1,1,403.78
102,2,2,5,0,89,6,8,6,1,1,1,718.51
102,2,2,5,0,90,1,4,5,1,1,1,361.27
102,2,2,5,0,91,8,10,6,2,2,1,697.4
102,2,2,5,0,92,5,8,5,1,1,1,1075.6
102,2,2,5,0,93,3,6,5,1,1,1,421.2
102,2,2,5,0,94,1,4,5,1,1,1,372.25
102,2,2,5,0,95,7,10,5,2,2,1,423.47
102,2,2,5,0,96,8,10,6,2,2,1,446.67
102,2,2,5,0,97,5,8,5,1,1,1,538.64
102,2,2,5,0,98,6,8,6,1,1,1,1451.2
102,2,2,5,0,99,4,6,6,1,1,1,380.19
102,2,2,5,0,100,4,6,6,1,1,1,314.62
102,2,2,5,0,101,11,14,5,2,2,1,427.55
102,2,2,5,0,102,3,6,5,1,1,1,473.47
102,2,2,5,0,103,8,10,6,2,2,1,721.59
102,2,2,5,0,104,3,6,5,1,1,1,389.57
102,2,2,5,0,105,7,10,5,2,2,1,435.98
102,2,2,5,0,106,4,6,6,1,1,1,662.17
102,2,2,5,0,107,7,10,5,2,2,1,518.39
102,2,2,5,0,108,6,8,6,1,1,1,577.77
102,2,2,5,0,109,7,10,5,2,2,1,589.19
102,2,2,5,0,110,7,10,5,2,2,1,538.77
102,2,2,5,0,111,10,12,6,2,2,1,549.29
102,2,2,5,0,112,2,4,6,1,1,1,483.14
102,2,2,5,0,113,11,14,5,2,2,1,472.24
102,2,2,5,0,114,10,12,6,2,2,1,449.54
102,2,2,5,0,115,5,8,5,1,1,1,870.8
102,2,2,5,0,116,9,12,5,2,2,1,702.87
102,2,2,5,0,117,4,6,6,1,1,1,480.64
102,2,2,5,0,118,1,4,5,1,1,1,481.14
102,2,2,5,0,119,9,12,5,2,2,1,389.74
102,2,2,5,0,120,12,14,6,2,2,1,885.3
102,2,2,6,0,1,1,4,5,1,1,1,424.99
102,2,2,6,0,2,3,6,5,1,1,1,445.99
102,2,2,6,0,3,4,6,6,1,1,1,408.62
102,2,2,6,0,4,3,6,5,1,1,1,381.99
102,2,2,6,0,5,1,4,5,1,1,1,288.12
102,2,2,6,0,6,7,10,5,2,2,1,399.17
102,2,2,6,0,7,5,8,5,1,1,1,824.81
102,2,2,6,0,8,6,8,6,1,1,1,620.74
102,2,2,6,0,9,10,12,6,2,2,1,395.94
102,2,2,6,0,10,3,6,5,1,1,1,394.8
102,2,2,6,0,11,6,8,6,1,1,1,456.9
102,2,2,6,0,12,8,10,6,2,2,1,820.51
102,2,2,6,0,13,8,10,6,2,2,1,480.88
102,2,2,6,0,14,4,6,6,1,1,1,511.11
102,2,2,6,0,15,4,6,6,1,1,1,496.98
102,2,2,6,0,16,12,14,6,2,2,1,485.36
102,2,2,6,0,17,6,8,6,1,1,1,835.88
102,2,2,6,0,18,3,6,5,1,1,1,405.85
102,2,2,6,0,19,11,14,5,2,2,1,465.26
102,2,2,6,0,20,6,8,6,1,1,1,364.92
102,2,2,6,0,21,9,12,5,2,2,1,430.49
102,2,2,6,0,22,9,12,5,2,2,1,400.16
102,2,2,6,0,23,1,4,5,1,1,1,335.81
102,2,2,6,0,24,4,6,6,1,1,1,393.06
102,2,2,6,0,25,12,14,6,2,2,1,413.48
102,2,2,6,0,26,8,10,6,2,1,0,910.58
102,2,2,6,0,27,3,6,5,1,1,1,446.23
102,2,2,6,0,28,5,8,5,1,1,1,657.19
102,2,2,6,0,29,7,10,5,2,2,1,595.51
102,2,2,6,0,30,6,8,6,1,1,1,548.9
102,2,2,6,0,31,8,10,6,2,2,1,1179.9
102,2,2,6,0,32,11,14,5,2,2,1,362.73
102,2,2,6,0,33,10,12,6,2,2,1,425.92
102,2,2,6,0,34,9,12,5,2,2,1,977.08
102,2,2,6,0,35,2,4,6,1,1,1,423.21
102,2,2,6,0,36,2,4,6,1,1,1,398.5
102,2,2,6,0,37,11,14,5,2,2,1,410.93
102,2,2,6,0,38,1,4,5,1,1,1,352.54
102,2,2,6,0,39,7,10,5,2,2,1,651.82
102,2,2,6,0,40,3,6,5,1,1,1,384.5
102,2,2,6,0,41,2,4,6,1,1,1,538.25
102,2,2,6,0,42,4,6,6,1,1,1,447.83
102,2,2,6,0,43,4,6,6,1,1,1,413.22
102,2,2,6,0,44,9,12,5,2,2,1,437.83
102,2,2,6,0,45,6,8,6,1,1,1,949.32
102,2,2,6,0,46,11,14,5,2,2,1,372.54
102,2,2,6,0,47,9,12,5,2,2,1,544.99
102,2,2,6,0,48,5,8,5,1,1,1,914.41
102,2,2,6,0,49,2,4,6,1,1,1,436.94
102,2,2,6,0,50,4,6,6,1,1,1,430.16
102,2,2,6,0,51,8,10,6,2,2,1,1115.8
102,2,2,6,0,52,1,4,5,1,1,1,514.48
102,2,2,6,0,53,12,14,6,2,2,1,543.28
102,2,2,6,0,54,11,14,5,2,2,1,433.58
102,2,2,6,0,55,5,8,5,1,1,1,517.66
102,2,2,6,0,56,5,8,5,1,1,1,529.61
102,2,2,6,0,57,11,14,5,2,2,1,471.37
102,2,2,6,0,58,8,10,6,2,2,1,1130
102,2,2,6,0,59,5,8,5,1,1,1,1176
102,2,2,6,0,60,1,4,5,1,1,1,360.79
102,2,2,6,0,61,4,6,6,1,1,1,331.93
102,2,2,6,0,62,12,14,6,2,2,1,926.22
102,2,2,6,0,63,11,14,5,2,2,1,328.4
102,2,2,6,0,64,12,14,6,2,2,1,329.99
102,2,2,6,0,65,12,14,6,2,2,1,315.41
102,2,2,6,0,66,4,6,6,1,1,1,424.24
102,2,2,6,0,67,12,14,6,2,2,1,381.53
102,2,2,6,0,68,2,4,6,1,1,1,434.32
102,2,2,6,0,69,3,6,5,1,1,1,388.5
102,2,2,6,0,70,11,14,5,2,2,1,380.44
102,2,2,6,0,71,12,14,6,2,2,1,470.03
102,2,2,6,0,72,7,10,5,2,2,1,684.1
102,2,2,6,0,73,10,12,6,2,2,1,393.16
102,2,2,6,0,74,1,4,5,1,1,1,322.89
102,2,2,6,0,75,5,8,5,1,1,1,423.8
102,2,2,6,0,76,12,14,6,2,2,1,400.94
102,2,2,6,0,77,5,8,5,1,1,1,707.37
102,2,2,6,0,78,6,8,6,1,1,1,576.91
102,2,2,6,0,79,11,14,5,2,2,1,490.67
102,2,2,6,0,80,8,10,6,2,2,1,1022.8
102,2,2,6,0,81,9,12,5,2,2,1,469.21
102,2,2,6,0,82,11,14,5,2,2,1,366.81
102,2,2,6,0,83,2,4,6,1,1,1,390.43
102,2,2,6,0,84,2,4,6,1,1,1,359.52
102,2,2,6,0,85,10,12,6,2,2,1,428.52
102,2,2,6,0,86,8,10,6,2,2,1,748.44
102,2,2,6,0,87,9,12,5,2,2,1,402.94
102,2,2,6,0,88,6,8,6,1,1,1,708.68
102,2,2,6,0,89,9,12,5,2,2,1,442.7
102,2,2,6,0,90,7,10,5,2,2,1,1046.3
102,2,2,6,0,91,1,4,5,1,1,1,453.59
102,2,2,6,0,92,7,10,5,2,2,1,410.66
102,2,2,6,0,93,9,12,5,2,2,1,388.38
102,2,2,6,0,94,7,10,5,2,2,1,515.22
102,2,2,6,0,95,10,12,6,2,2,1,480.94
102,2,2,6,0,96,2,4,6,1,1,1,377.47
102,2,2,6,0,97,7,10,5,2,2,1,744.71
102,2,2,6,0,98,2,4,6,1,1,1,425.15
102,2,2,6,0,99,2,4,6,1,1,1,437.02
102,2,2,6,0,100,6,8,6,1,1,1,1694.3
102,2,2,6,0,101,1,4,5,1,1,1,450.89
102,2,2,6,0,102,3,6,5,1,1,1,499.87
102,2,2,6,0,103,7,10,5,2,2,1,555.3
102,2,2,6,0,104,7,10,5,2,2,1,548.59
102,2,2,6,0,105,6,8,6,1,1,1,885.24
102,2,2,6,0,106,5,8,5,1,1,1,981.92
102,2,2,6,0,107,5,8,5,1,1,1,1311
102,2,2,6,0,108,10,12,6,2,2,1,469.76
102,2,2,6,0,109,4,6,6,1,1,1,428.78
102,2,2,6,0,110,3,6,5,1,1,1,483.67
102,2,2,6,0,111,10,12,6,2,2,1,409.48
102,2,2,6,0,112,8,10,6,2,2,1,507.86
102,2,2,6,0,113,9,12,5,2,2,1,406.27
102,2,2,6,0,114,12,14,6,2,2,1,410.08
102,2,2,6,0,115,8,10,6,2,2,1,1009.1
102,2,2,6,0,116,10,12,6,2,2,1,387.69
102,2,2,6,0,117,10,12,6,2,2,1,429.93
102,2,2,6,0,118,10,12,6,2,2,1,434.2
102,2,2,6,0,119,1,4,5,1,1,1,383.61
102,2,2,6,0,120,3,6,5,1,1,1,420.75
102,2,2,1,1,1,1,4,5,1,1,1,480.58
102,2,2,1,1,2,1,4,5,1,1,1,294.55
102,2,2,1,1,3,7,10,5,2,2,1,363.18
102,2,2,1,1,4,11,14,5,2,2,1,488.21
102,2,2,1,1,5,3,6,5,1,1,1,426.18
102,2,2,1,1,6,1,4,5,1,1,1,450
102,2,2,1,1,7,7,10,5,2,2,1,393.89
102,2,2,1,1,8,11,14,5,2,2,1,439.06
102,2,2,1,1,9,9,12,5,2,2,1,310.51
102,2,2,1,1,10,3,6,5,1,1,1,324.97
102,2,2,1,1,11,9,12,5,2,2,1,425.53
102,2,2,1,1,12,11,14,5,2,2,1,370.05
102,2,2,1,1,13,5,8,5,1,1,1,788.46
102,2,2,1,1,14,11,14,5,2,2,1,497.96
102,2,2,1,1,15,1,4,5,1,1,1,412.31
102,2,2,1,1,16,5,8,5,1,1,1,593.8
102,2,2,1,1,17,5,8,5,1,1,1,639.06
102,2,2,1,1,18,9,12,5,2,2,1,343.82
102,2,2,1,1,19,5,8,5,1,1,1,614.41
102,2,2,1,1,20,7,10,5,2,1,0,866.79
102,2,2,1,1,21,3,6,5,1,1,1,613.01
102,2,2,1,1,22,3,6,5,1,1,1,476.68
102,2,2,1,1,23,7,10,5,2,2,1,458.2
102,2,2,1,1,24,9,12,5,2,2,1,518.01
102,2,2,1,0,1,9,12,5,2,2,1,421.49
102,2,2,1,0,2,1,4,5,1,1,1,384.82
102,2,2,1,0,3,11,14,5,2,2,1,503.83
102,2,2,1,0,4,9,12,5,2,2,1,893.28
102,2,2,1,0,5,3,6,5,1,1,1,528.43
102,2,2,1,0,6,9,12,5,2,2,1,392.54
102,2,2,1,0,7,7,10,5,2,1,0,719.84
102,2,2,1,0,8,11,14,5,2,2,1,430.19
102,2,2,1,0,9,3,6,5,1,1,1,561.57
102,2,2,1,0,10,1,4,5,1,1,1,487.2
102,2,2,1,0,11,1,4,5,1,1,1,391.26
102,2,2,1,0,12,9,12,5,2,2,1,410.85
102,2,2,1,0,13,3,6,5,1,1,1,458.81
102,2,2,1,0,14,1,4,5,1,1,1,475.99
102,2,2,1,0,15,3,6,5,1,1,1,400.35
102,2,2,1,0,16,3,6,5,1,1,1,450.65
102,2,2,1,0,17,3,6,5,1,1,1,662.29
102,2,2,1,0,18,1,4,5,1,1,1,344.55
102,2,2,1,0,19,11,14,5,2,2,1,351.19
102,2,2,1,0,20,7,10,5,2,2,1,466.78
102,2,2,1,0,21,7,10,5,2,2,1,405.49
102,2,2,1,0,22,11,14,5,2,2,1,428.38
102,2,2,1,0,23,7,10,5,2,2,1,499.73
102,2,2,1,0,24,11,14,5,2,2,1,403.53
102,2,2,1,0,25,7,10,5,2,2,1,444.69
102,2,2,1,0,26,5,8,5,1,1,1,523.82
102,2,2,1,0,27,7,10,5,2,2,1,659.51
102,2,2,1,0,28,9,12,5,2,2,1,439.39
102,2,2,1,0,29,5,8,5,1,1,1,763.61
102,2,2,1,0,30,5,8,5,1,1,1,434.03
102,2,2,1,0,31,7,10,5,2,2,1,939.04
102,2,2,1,0,32,5,8,5,1,1,1,617.53
102,2,2,1,0,33,1,4,5,1,1,1,495.8
102,2,2,1,0,34,3,6,5,1,1,1,410.95
102,2,2,1,0,35,9,12,5,2,2,1,431.96
102,2,2,1,0,36,5,8,5,1,1,1,767.31
102,2,2,1,0,37,3,6,5,1,1,1,442.34
102,2,2,1,0,38,7,10,5,2,2,1,958.83
102,2,2,1,0,39,3,6,5,1,1,1,556.54
102,2,2,1,0,40,5,8,5,1,1,1,790.32
102,2,2,1,0,41,11,14,5,2,2,1,341.42
102,2,2,1,0,42,9,12,5,2,2,1,343.91
102,2,2,1,0,43,5,8,5,1,1,1,722.67
102,2,2,1,0,44,9,12,5,2,2,1,447.03
102,2,2,1,0,45,9,12,5,2,2,1,507.18
102,2,2,1,0,46,3,6,5,1,1,1,397.98
102,2,2,1,0,47,5,8,5,1,1,1,494.17
102,2,2,1,0,48,11,14,5,2,2,1,361.83
102,2,2,1,0,49,3,6,5,1,1,1,296.29
102,2,2,1,0,50,5,8,5,1,1,1,2475.2
102,2,2,1,0,51,11,14,5,2,2,1,458.21
102,2,2,1,0,52,1,4,5,1,1,1,470.74
102,2,2,1,0,53,1,4,5,1,1,1,447.84
102,2,2,1,0,54,5,8,5,1,1,1,814.45
102,2,2,1,0,55,7,10,5,2,2,1,441.48
102,2,2,1,0,56,11,14,5,2,2,1,520.96
102,2,2,1,0,57,3,6,5,1,1,1,392.62
102,2,2,1,0,58,3,6,5,1,1,1,433.81
102,2,2,1,0,59,11,14,5,2,2,1,453.04
102,2,2,1,0,60,5,8,5,1,1,1,2104.7
102,2,2,1,0,61,7,10,5,2,2,1,758.02
102,2,2,1,0,62,11,14,5,2,2,1,539.23
102,2,2,1,0,63,11,14,5,2,2,1,331.74
102,2,2,1,0,64,3,6,5,1,1,1,514.95
102,2,2,1,0,65,11,14,5,2,2,1,487.35
102,2,2,1,0,66,7,10,5,2,2,1,736.92
102,2,2,1,0,67,7,10,5,2,2,1,889.03
102,2,2,1,0,68,11,14,5,2,2,1,578.76
102,2,2,1,0,69,11,14,5,2,2,1,363.07
102,2,2,1,0,70,1,4,5,1,1,1,378.27
102,2,2,1,0,71,5,8,5,1,1,1,1190.6
102,2,2,1,0,72,7,10,5,2,2,1,792.4
102,2,2,1,0,73,5,8,5,1,1,1,933.68
102,2,2,1,0,74,9,12,5,2,2,1,574.76
102,2,2,1,0,75,1,4,5,1,1,1,726.9
102,2,2,1,0,76,1,4,5,1,1,1,1709.5
102,2,2,1,0,77,5,8,5,1,1,1,752.76
102,2,2,1,0,78,11,14,5,2,2,1,404.5
102,2,2,1,0,79,9,12,5,2,2,1,343.98
102,2,2,1,0,80,11,14,5,2,2,1,340.69
102,2,2,1,0,81,9,12,5,2,2,1,304.6
102,2,2,1,0,82,9,12,5,2,2,1,369.65
102,2,2,1,0,83,9,12,5,2,2,1,346.66
102,2,2,1,0,84,7,10,5,2,2,1,1408.7
102,2,2,1,0,85,5,8,5,1,1,1,539.11
102,2,2,1,0,86,11,14,5,2,2,1,448.97
102,2,2,1,0,87,1,4,5,1,1,1,407.48
102,2,2,1,0,88,1,4,5,1,1,1,360.76
102,2,2,1,0,89,5,8,5,1,1,1,617.57
102,2,2,1,0,90,9,12,5,2,2,1,396.88
102,2,2,1,0,91,9,12,5,2,2,1,487.92
102,2,2,1,0,92,7,10,5,2,2,1,848.45
102,2,2,1,0,93,7,10,5,2,2,1,388.37
102,2,2,1,0,94,1,4,5,1,1,1,408.81
102,2,2,1,0,95,11,14,5,2,2,1,415.4
102,2,2,1,0,96,9,12,5,2,2,1,479.59
102,2,2,1,0,97,7,10,5,2,2,1,912.77
102,2,2,1,0,98,1,4,5,1,1,1,421.29
102,2,2,1,0,99,7,10,5,2,2,1,589.7
102,2,2,1,0,100,9,12,5,2,2,1,893.85
102,2,2,1,0,101,7,10,5,2,2,1,1188
102,2,2,1,0,102,5,8,5,1,1,1,562.55
102,2,2,1,0,103,3,6,5,1,1,1,424.92
102,2,2,1,0,104,3,6,5,1,1,1,328.69
102,2,2,1,0,105,1,4,5,1,1,1,325.17
102,2,2,1,0,106,3,6,5,1,1,1,330.06
102,2,2,1,0,107,9,12,5,2,2,1,442.93
102,2,2,1,0,108,3,6,5,1,1,1,515.29
102,2,2,1,0,109,5,8,5,1,1,1,700.78
102,2,2,1,0,110,1,4,5,1,1,1,455.67
102,2,2,1,0,111,5,8,5,1,1,1,1217.1
102,2,2,1,0,112,3,6,5,1,1,1,355.58
102,2,2,1,0,113,7,10,5,2,2,1,555.46
102,2,2,1,0,114,1,4,5,1,1,1,394.96
102,2,2,1,0,115,5,8,5,1,1,1,845.99
102,2,2,1,0,116,9,12,5,2,2,1,482.42
102,2,2,1,0,117,11,14,5,2,2,1,503.2
102,2,2,1,0,118,1,4,5,1,1,1,666.11
102,2,2,1,0,119,3,6,5,1,1,1,1271.4
102,2,2,1,0,120,1,4,5,1,1,1,361.61
102,2,2,2,1,1,12,14,6,2,2,1,643.07
102,2,2,2,1,2,4,6,6,1,1,1,866.4
102,2,2,2,1,3,2,4,6,1,1,1,480.71
102,2,2,2,1,4,12,14,6,2,2,1,425.19
102,2,2,2,1,5,8,10,6,2,2,1,1213
102,2,2,2,1,6,6,8,6,1,1,1,611.75
102,2,2,2,1,7,12,14,6,2,2,1,417.96
102,2,2,2,1,8,12,14,6,2,2,1,504.45
102,2,2,2,1,9,6,8,6,1,1,1,583.85
102,2,2,2,1,10,4,6,6,1,1,1,399.02
102,2,2,2,1,11,10,12,6,2,2,1,408.53
102,2,2,2,1,12,8,10,6,2,2,1,577.06
102,2,2,2,1,13,10,12,6,2,2,1,489.37
102,2,2,2,1,14,2,4,6,1,1,1,439.17
102,2,2,2,1,15,8,10,6,2,2,1,431.06
102,2,2,2,1,16,2,4,6,1,1,1,452.6
102,2,2,2,1,17,2,4,6,1,1,1,574.91
102,2,2,2,1,18,4,6,6,1,1,1,490.76
102,2,2,2,1,19,8,10,6,2,2,1,452.08
102,2,2,2,1,20,6,8,6,1,1,1,780.26
102,2,2,2,1,21,6,8,6,1,1,1,384.42
102,2,2,2,1,22,10,12,6,2,2,1,426.01
102,2,2,2,1,23,10,12,6,2,2,1,415.26
102,2,2,2,1,24,4,6,6,1,1,1,836.57
102,2,2,2,0,1,10,12,6,2,2,1,473.68
102,2,2,2,0,2,10,12,6,2,2,1,518.92
102,2,2,2,0,3,8,10,6,2,2,1,739.6
102,2,2,2,0,4,6,8,6,1,1,1,677.91
102,2,2,2,0,5,4,6,6,1,1,1,470.26
102,2,2,2,0,6,6,8,6,1,1,1,1192.6
102,2,2,2,0,7,8,10,6,2,2,1,545.22
102,2,2,2,0,8,10,12,6,2,2,1,572.66
102,2,2,2,0,9,12,14,6,2,2,1,457.87
102,2,2,2,0,10,2,4,6,1,1,1,454.43
102,2,2,2,0,11,8,10,6,2,2,1,537.39
102,2,2,2,0,12,12,14,6,2,2,1,421.65
102,2,2,2,0,13,4,6,6,1,1,1,441.19
102,2,2,2,0,14,2,4,6,1,1,1,438.51
102,2,2,2,0,15,6,8,6,1,1,1,467.73
102,2,2,2,0,16,6,8,6,1,1,1,614.22
102,2,2,2,0,17,8,10,6,2,2,1,459.39
102,2,2,2,0,18,2,4,6,1,1,1,405.78
102,2,2,2,0,19,10,12,6,2,2,1,421.7
102,2,2,2,0,20,12,14,6,2,2,1,484.7
102,2,2,2,0,21,12,14,6,2,2,1,459.28
102,2,2,2,0,22,6,8,6,1,1,1,696.81
102,2,2,2,0,23,10,12,6,2,2,1,367.76
102,2,2,2,0,24,2,4,6,1,1,1,376.84
102,2,2,2,0,25,10,12,6,2,2,1,403.93
102,2,2,2,0,26,6,8,6,1,1,1,449.58
102,2,2,2,0,27,8,10,6,2,2,1,531.35
102,2,2,2,0,28,2,4,6,1,1,1,372.34
102,2,2,2,0,29,10,12,6,2,2,1,476.28
102,2,2,2,0,30,4,6,6,1,1,1,483.93
102,2,2,2,0,31,8,10,6,2,2,1,581.16
102,2,2,2,0,32,10,12,6,2,2,1,500.75
102,2,2,2,0,33,4,6,6,1,1,1,658.15
102,2,2,2,0,34,12,14,6,2,2,1,393.23
102,2,2,2,0,35,12,14,6,2,2,1,605.07
102,2,2,2,0,36,6,8,6,1,1,1,844.53
102,2,2,2,0,37,10,12,6,2,2,1,350.33
102,2,2,2,0,38,4,6,6,1,1,1,430.72
102,2,2,2,0,39,8,10,6,2,2,1,356.35
102,2,2,2,0,40,6,8,6,1,1,1,586.16
102,2,2,2,0,41,4,6,6,1,1,1,644.45
102,2,2,2,0,42,2,4,6,1,1,1,383.19
102,2,2,2,0,43,10,12,6,2,2,1,1036.2
102,2,2,2,0,44,8,10,6,2,2,1,814.36
102,2,2,2,0,45,4,6,6,1,1,1,496.8
102,2,2,2,0,46,2,4,6,1,1,1,469.88
102,2,2,2,0,47,12,14,6,2,2,1,408.27
102,2,2,2,0,48,4,6,6,1,1,1,313.73
102,2,2,2,0,49,4,6,6,1,1,1,341.13
102,2,2,2,0,50,2,4,6,1,1,1,333.78
102,2,2,2,0,51,8,10,6,2,2,1,508.81
102,2,2,2,0,52,10,12,6,2,2,1,459.31
102,2,2,2,0,53,6,8,6,1,1,1,740.84
102,2,2,2,0,54,8,10,6,2,2,1,499.91
102,2,2,2,0,55,4,6,6,1,1,1,598.04
102,2,2,2,0,56,12,14,6,2,2,1,426.96
102,2,2,2,0,57,8,10,6,2,1,0,527.81
102,2,2,2,0,58,12,14,6,2,2,1,352.44
102,2,2,2,0,59,2,4,6,1,1,1,366.07
102,2,2,2,0,60,12,14,6,2,2,1,456.6
102,2,2,2,0,61,6,8,6,1,1,1,395.77
102,2,2,2,0,62,2,4,6,1,1,1,436.6
102,2,2,2,0,63,12,14,6,2,2,1,366.69
102,2,2,2,0,64,8,10,6,2,2,1,520.63
102,2,2,2,0,65,2,4,6,1,1,1,403.56
102,2,2,2,0,66,2,4,6,1,1,1,386.22
102,2,2,2,0,67,2,4,6,1,1,1,336.23
102,2,2,2,0,68,2,4,6,1,1,1,355.87
102,2,2,2,0,69,6,8,6,1,1,1,804.83
102,2,2,2,0,70,10,12,6,2,2,1,424.9
102,2,2,2,0,71,4,6,6,1,1,1,547.04
102,2,2,2,0,72,4,6,6,1,1,1,735.94
102,2,2,2,0,73,6,8,6,1,1,1,451.78
102,2,2,2,0,74,10,12,6,2,2,1,374.07
102,2,2,2,0,75,2,4,6,1,1,1,501.26
102,2,2,2,0,76,12,14,6,2,2,1,377.8
102,2,2,2,0,77,6,8,6,1,1,1,764.43
102,2,2,2,0,78,8,10,6,2,2,1,605.7
102,2,2,2,0,79,6,8,6,1,1,1,555.47
102,2,2,2,0,80,2,4,6,1,1,1,517.49
102,2,2,2,0,81,2,4,6,1,1,1,384.81
102,2,2,2,0,82,4,6,6,1,1,1,680.5
102,2,2,2,0,83,4,6,6,1,1,1,430.81
102,2,2,2,0,84,6,8,6,1,1,1,349.92
102,2,2,2,0,85,8,10,6,2,2,1,376.02
102,2,2,2,0,86,8,10,6,2,2,1,521.89
102,2,2,2,0,87,4,6,6,1,1,1,815.79
102,2,2,2,0,88,8,10,6,2,2,1,493.89
102,2,2,2,0,89,8,10,6,2,2,1,379.59
102,2,2,2,0,90,12,14,6,2,2,1,511.7
102,2,2,2,0,91,8,10,6,2,2,1,541.07
102,2,2,2,0,92,2,4,6,1,1,1,486.16
102,2,2,2,0,93,10,12,6,2,2,1,452.15
102,2,2,2,0,94,10,12,6,2,2,1,432.26
102,2,2,2,0,95,10,12,6,2,2,1,404.78
102,2,2,2,0,96,12,14,6,2,2,1,361.49
102,2,2,2,0,97,6,8,6,1,1,1,640.23
102,2,2,2,0,98,4,6,6,1,1,1,466.95
102,2,2,2,0,99,10,12,6,2,2,1,348.72
102,2,2,2,0,100,4,6,6,1,1,1,420.88
102,2,2,2,0,101,6,8,6,1,1,1,478.8
102,2,2,2,0,102,12,14,6,2,2,1,420.63
102,2,2,2,0,103,2,4,6,1,1,1,417.28
102,2,2,2,0,104,10,12,6,2,2,1,464.83
102,2,2,2,0,105,4,6,6,1,1,1,423.04
102,2,2,2,0,106,8,10,6,2,2,1,394.07
102,2,2,2,0,107,6,8,6,1,1,1,632.87
102,2,2,2,0,108,12,14,6,2,2,1,347.36
102,2,2,2,0,109,4,6,6,1,1,1,424.38
102,2,2,2,0,110,6,8,6,1,1,1,659.28
102,2,2,2,0,111,2,4,6,1,1,1,420.14
102,2,2,2,0,112,10,12,6,2,2,1,549.16
102,2,2,2,0,113,10,12,6,2,2,1,490.65
102,2,2,2,0,114,12,14,6,2,2,1,341.15
102,2,2,2,0,115,8,10,6,2,2,1,571.88
102,2,2,2,0,116,6,8,6,1,1,1,833.92
102,2,2,2,0,117,12,14,6,2,2,1,390.72
102,2,2,2,0,118,12,14,6,2,2,1,432.13
102,2,2,2,0,119,12,14,6,2,2,1,337.67
102,2,2,2,0,120,4,6,6,1,1,1,423.13
