108,2,6,2,1,1,4,6,6,1,1,1,332.16
108,2,6,2,1,2,12,14,6,2,2,1,346.29
108,2,6,2,1,3,8,10,6,2,2,1,308.43
108,2,6,2,1,4,10,12,6,2,2,1,320.3
108,2,6,2,1,5,6,8,6,1,1,1,596.13
108,2,6,2,1,6,10,12,6,2,2,1,383.88
108,2,6,2,1,7,6,8,6,1,1,1,697.16
108,2,6,2,1,8,12,14,6,2,2,1,473.06
108,2,6,2,1,9,12,14,6,2,2,1,438.49
108,2,6,2,1,10,2,4,6,1,1,1,418.92
108,2,6,2,1,11,6,8,6,1,1,1,693.08
108,2,6,2,1,12,4,6,6,1,1,1,427.9
108,2,6,2,1,13,8,10,6,2,2,1,422.96
108,2,6,2,1,14,12,14,6,2,2,1,325.09
108,2,6,2,1,15,4,6,6,1,1,1,469.56
108,2,6,2,1,16,2,4,6,1,1,1,436.87
108,2,6,2,1,17,6,8,6,1,1,1,598.18
108,2,6,2,1,18,2,4,6,1,1,1,464.22
108,2,6,2,1,19,2,4,6,1,1,1,466.84
108,2,6,2,1,20,8,10,6,2,2,1,457.77
108,2,6,2,1,21,4,6,6,1,1,1,516.78
108,2,6,2,1,22,10,12,6,2,2,1,476.39
108,2,6,2,1,23,8,10,6,2,2,1,513.18
108,2,6,2,1,24,10,12,6,2,2,1,748.15
108,2,6,2,0,1,10,12,6,2,2,1,533.72
108,2,6,2,0,2,10,12,6,2,2,1,420.19
108,2,6,2,0,3,8,10,6,2,2,1,606.68
108,2,6,2,0,4,6,8,6,1,1,1,458.09
108,2,6,2,0,5,2,4,6,1,1,1,771.88
108,2,6,2,0,6,10,12,6,2,2,1,446.65
108,2,6,2,0,7,2,4,6,1,1,1,415.02
108,2,6,2,0,8,6,8,6,1,1,1,505.89
108,2,6,2,0,9,2,4,6,1,1,1,430.99
108,2,6,2,0,10,8,10,6,2,2,1,356.75
108,2,6,2,0,11,6,8,6,1,1,1,1961
108,2,6,2,0,12,6,8,6,1,1,1,363.8
108,2,6,2,0,13,10,12,6,2,2,1,424.51
108,2,6,2,0,14,6,8,6,1,1,1,483.85
108,2,6,2,0,15,8,10,6,2,2,1,389.5
108,2,6,2,0,16,4,6,6,1,1,1,449.42
108,2,6,2,0,17,4,6,6,1,1,1,422
108,2,6,2,0,18,6,8,6,1,1,1,437.72
108,2,6,2,0,19,10,12,6,2,2,1,413.81
108,2,6,2,0,20,4,6,6,1,1,1,438.78
108,2,6,2,0,21,2,4,6,1,1,1,347.12
108,2,6,2,0,22,8,10,6,2,2,1,463.99
108,2,6,2,0,23,6,8,6,1,1,1,774.53
108,2,6,2,0,24,2,4,6,1,1,1,799.64
108,2,6,2,0,25,8,10,6,2,2,1,430.43
108,2,6,2,0,26,6,8,6,1,1,1,747.49
108,2,6,2,0,27,10,12,6,2,2,1,392.36
108,2,6,2,0,28,2,4,6,1,1,1,535.8
108,2,6,2,0,29,12,14,6,2,2,1,554.12
108,2,6,2,0,30,6,8,6,1,1,1,336.9
108,2,6,2,0,31,10,12,6,2,2,1,460.5
108,2,6,2,0,32,4,6,6,1,1,1,370.95
108,2,6,2,0,33,10,12,6,2,2,1,674.48
108,2,6,2,0,34,10,12,6,2,2,1,570.03
108,2,6,2,0,35,12,14,6,2,2,1,836.86
108,2,6,2,0,36,12,14,6,2,2,1,479.87
108,2,6,2,0,37,4,6,6,1,1,1,370.98
108,2,6,2,0,38,12,14,6,2,2,1,384.08
108,2,6,2,0,39,4,6,6,1,1,1,374.29
108,2,6,2,0,40,12,14,6,2,2,1,401.27
108,2,6,2,0,41,6,8,6,1,1,1,329.17
108,2,6,2,0,42,2,4,6,1,1,1,292.64
108,2,6,2,0,43,10,12,6,2,2,1,389.17
108,2,6,2,0,44,12,14,6,2,2,1,417.13
108,2,6,2,0,45,6,8,6,1,1,1,294.82
108,2,6,2,0,46,6,8,6,1,1,1,318.4
108,2,6,2,0,47,2,4,6,1,1,1,468.78
108,2,6,2,0,48,8,10,6,2,2,1,437.66
108,2,6,2,0,49,10,12,6,2,2,1,360.13
108,2,6,2,0,50,2,4,6,1,1,1,379.58
108,2,6,2,0,51,8,10,6,2,2,1,457.25
108,2,6,2,0,52,12,14,6,2,2,1,682.94
108,2,6,2,0,53,4,6,6,1,1,1,492.56
108,2,6,2,0,54,4,6,6,1,1,1,812.92
108,2,6,2,0,55,10,12,6,2,2,1,804.37
108,2,6,2,0,56,10,12,6,2,2,1,493.86
108,2,6,2,0,57,2,4,6,1,1,1,379.38
108,2,6,2,0,58,2,4,6,1,1,1,303.81
108,2,6,2,0,59,4,6,6,1,1,1,369.98
108,2,6,2,0,60,2,4,6,1,1,1,389.37
108,2,6,2,0,61,12,14,6,2,2,1,369.85
108,2,6,2,0,62,4,6,6,1,1,1,244.21
108,2,6,2,0,63,10,12,6,2,2,1,368.23
108,2,6,2,0,64,12,14,6,2,2,1,360.74
108,2,6,2,0,65,4,6,6,1,1,1,386.61
108,2,6,2,0,66,8,10,6,2,1,0,426.47
108,2,6,2,0,67,12,14,6,2,2,1,733.99
108,2,6,2,0,68,4,6,6,1,1,1,327.96
108,2,6,2,0,69,8,10,6,2,2,1,559.73
108,2,6,2,0,70,10,12,6,2,2,1,507.73
108,2,6,2,0,71,8,10,6,2,2,1,400.71
108,2,6,2,0,72,8,10,6,2,2,1,446.96
108,2,6,2,0,73,2,4,6,1,1,1,381.95
108,2,6,2,0,74,4,6,6,1,1,1,334.61
108,2,6,2,0,75,8,10,6,2,2,1,358.15
108,2,6,2,0,76,10,12,6,2,2,1,340.3
108,2,6,2,0,77,12,14,6,2,2,1,357.23
108,2,6,2,0,78,2,4,6,1,1,1,346.82
108,2,6,2,0,79,2,4,6,1,1,1,316.94
108,2,6,2,0,80,10,12,6,2,2,1,389.32
108,2,6,2,0,81,6,8,6,1,1,1,416.03
108,2,6,2,0,82,10,12,6,2,2,1,370.28
108,2,6,2,0,83,6,8,6,1,1,1,380.17
108,2,6,2,0,84,4,6,6,1,1,1,367.48
108,2,6,2,0,85,4,6,6,1,1,1,338.35
108,2,6,2,0,86,12,14,6,2,2,1,355.42
108,2,6,2,0,87,12,14,6,2,2,1,349.52
108,2,6,2,0,88,6,8,6,1,1,1,395.5
108,2,6,2,0,89,2,4,6,1,1,1,603.39
108,2,6,2,0,90,12,14,6,2,2,1,372.42
108,2,6,2,0,91,4,6,6,1,1,1,485.48
108,2,6,2,0,92,12,14,6,2,2,1,408.49
108,2,6,2,0,93,8,10,6,2,2,1,538.32
108,2,6,2,0,94,8,10,6,2,2,1,538.94
108,2,6,2,0,95,4,6,6,1,1,1,387.51
108,2,6,2,0,96,8,10,6,2,2,1,344.65
108,2,6,2,0,97,2,4,6,1,1,1,311.28
108,2,6,2,0,98,2,4,6,1,1,1,330.28
108,2,6,2,0,99,10,12,6,2,2,1,413.4
108,2,6,2,0,100,4,6,6,1,1,1,375.4
108,2,6,2,0,101,8,10,6,2,2,1,397.78
108,2,6,2,0,102,6,8,6,1,1,1,328.11
108,2,6,2,0,103,2,4,6,1,1,1,319.01
108,2,6,2,0,104,12,14,6,2,2,1,451.28
108,2,6,2,0,105,12,14,6,2,2,1,324.22
108,2,6,2,0,106,2,4,6,1,1,1,297.71
108,2,6,2,0,107,6,8,6,1,1,1,353.3
108,2,6,2,0,108,4,6,6,1,1,1,282.07
108,2,6,2,0,109,6,8,6,1,1,1,293.29
108,2,6,2,0,110,12,14,6,2,2,1,367.15
108,2,6,2,0,111,12,14,6,2,2,1,347.18
108,2,6,2,0,112,8,10,6,2,2,1,526.61
108,2,6,2,0,113,10,12,6,2,2,1,360.78
108,2,6,2,0,114,6,8,6,1,1,1,778.89
108,2,6,2,0,115,4,6,6,1,1,1,577.67
108,2,6,2,0,116,12,14,6,2,2,1,390.59
108,2,6,2,0,117,8,10,6,2,2,1,508.06
108,2,6,2,0,118,6,8,6,1,1,1,357.62
108,2,6,2,0,119,8,10,6,2,2,1,570.81
108,2,6,2,0,120,8,10,6,2,2,1,438.98
108,2,6,1,1,1,5,8,5,1,1,1,616.89
108,2,6,1,1,2,9,12,5,2,2,1,393.7
108,2,6,1,1,3,1,4,5,1,1,1,502.06
108,2,6,1,1,4,5,8,5,1,2,0,2454.6
108,2,6,1,1,5,11,14,5,2,2,1,394.33
108,2,6,1,1,6,1,4,5,1,1,1,434.62
108,2,6,1,1,7,3,6,5,1,1,1,376.52
108,2,6,1,1,8,9,12,5,2,2,1,345.23
108,2,6,1,1,9,7,10,5,2,2,1,500.24
108,2,6,1,1,10,7,10,5,2,2,1,456.58
108,2,6,1,1,11,5,8,5,1,1,1,750.84
108,2,6,1,1,12,1,4,5,1,1,1,406.93
108,2,6,1,1,13,1,4,5,1,1,1,434.65
108,2,6,1,1,14,11,14,5,2,2,1,432.03
108,2,6,1,1,15,9,12,5,2,2,1,322.37
108,2,6,1,1,16,7,10,5,2,2,1,338.68
108,2,6,1,1,17,3,6,5,1,1,1,316
108,2,6,1,1,18,7,10,5,2,2,1,502.03
108,2,6,1,1,19,11,14,5,2,2,1,369.3
108,2,6,1,1,20,3,6,5,1,1,1,333.58
108,2,6,1,1,21,9,12,5,2,2,1,743.95
108,2,6,1,1,22,11,14,5,2,2,1,444.06
108,2,6,1,1,23,3,6,5,1,1,1,365.82
108,2,6,1,1,24,5,8,5,1,1,1,425.42
108,2,6,1,0,1,5,8,5,1,1,1,514.66
108,2,6,1,0,2,1,4,5,1,1,1,387.25
108,2,6,1,0,3,3,6,5,1,1,1,374.13
108,2,6,1,0,4,5,8,5,1,1,1,656.91
108,2,6,1,0,5,9,12,5,2,2,1,413.58
108,2,6,1,0,6,1,4,5,1,1,1,325.57
108,2,6,1,0,7,7,10,5,2,2,1,360.98
108,2,6,1,0,8,3,6,5,1,1,1,317.53
108,2,6,1,0,9,11,14,5,2,2,1,352.94
108,2,6,1,0,10,5,8,5,1,1,1,443.11
108,2,6,1,0,11,5,8,5,1,1,1,501.72
108,2,6,1,0,12,9,12,5,2,2,1,383.42
108,2,6,1,0,13,7,10,5,2,2,1,387.38
108,2,6,1,0,14,7,10,5,2,2,1,666.64
108,2,6,1,0,15,7,10,5,2,2,1,366.16
108,2,6,1,0,16,1,4,5,1,1,1,327.66
108,2,6,1,0,17,11,14,5,2,2,1,313.19
108,2,6,1,0,18,7,10,5,2,2,1,422.95
108,2,6,1,0,19,3,6,5,1,1,1,379.11
108,2,6,1,0,20,5,8,5,1,1,1,386.8
108,2,6,1,0,21,7,10,5,2,2,1,484.32
108,2,6,1,0,22,1,4,5,1,1,1,336.01
108,2,6,1,0,23,5,8,5,1,1,1,459.99
108,2,6,1,0,24,1,4,5,1,1,1,326.86
108,2,6,1,0,25,7,10,5,2,2,1,362.35
108,2,6,1,0,26,7,10,5,2,2,1,323.9
108,2,6,1,0,27,7,10,5,2,2,1,308.68
108,2,6,1,0,28,5,8,5,1,1,1,518.51
108,2,6,1,0,29,3,6,5,1,1,1,352.57
108,2,6,1,0,30,11,14,5,2,2,1,395.22
108,2,6,1,0,31,7,10,5,2,2,1,788.92
108,2,6,1,0,32,11,14,5,2,2,1,332.22
108,2,6,1,0,33,11,14,5,2,2,1,422.04
108,2,6,1,0,34,11,14,5,2,2,1,335.04
108,2,6,1,0,35,1,4,5,1,1,1,382.16
108,2,6,1,0,36,7,10,5,2,2,1,315.82
108,2,6,1,0,37,1,4,5,1,1,1,317.01
108,2,6,1,0,38,3,6,5,1,1,1,407.39
108,2,6,1,0,39,3,6,5,1,1,1,348.64
108,2,6,1,0,40,1,4,5,1,1,1,342.05
108,2,6,1,0,41,7,10,5,2,2,1,385.82
108,2,6,1,0,42,7,10,5,2,2,1,344.83
108,2,6,1,0,43,9,12,5,2,2,1,327.12
108,2,6,1,0,44,9,12,5,2,2,1,337.71
108,2,6,1,0,45,11,14,5,2,2,1,296.4
108,2,6,1,0,46,7,10,5,2,2,1,523.19
108,2,6,1,0,47,3,6,5,1,1,1,327
108,2,6,1,0,48,11,14,5,2,2,1,374.03
108,2,6,1,0,49,9,12,5,2,2,1,323.02
108,2,6,1,0,50,11,14,5,2,2,1,347.89
108,2,6,1,0,51,3,6,5,1,1,1,565.49
108,2,6,1,0,52,9,12,5,2,2,1,390.37
108,2,6,1,0,53,3,6,5,1,1,1,417.19
108,2,6,1,0,54,9,12,5,2,2,1,363.67
108,2,6,1,0,55,3,6,5,1,1,1,369.19
108,2,6,1,0,56,3,6,5,1,1,1,340.78
108,2,6,1,0,57,11,14,5,2,2,1,359.49
108,2,6,1,0,58,9,12,5,2,2,1,324.16
108,2,6,1,0,59,5,8,5,1,1,1,360.17
108,2,6,1,0,60,3,6,5,1,1,1,325.4
108,2,6,1,0,61,5,8,5,1,1,1,318.17
108,2,6,1,0,62,3,6,5,1,1,1,331.08
108,2,6,1,0,63,9,12,5,2,2,1,329.52
108,2,6,1,0,64,9,12,5,2,2,1,286.16
108,2,6,1,0,65,9,12,5,2,2,1,303.46
108,2,6,1,0,66,1,4,5,1,1,1,356.4
108,2,6,1,0,67,9,12,5,2,2,1,372.04
108,2,6,1,0,68,9,12,5,2,2,1,784.07
108,2,6,1,0,69,9,12,5,2,2,1,373.97
108,2,6,1,0,70,5,8,5,1,1,1,422.6
108,2,6,1,0,71,9,12,5,2,2,1,503.39
108,2,6,1,0,72,5,8,5,1,1,1,327.3
108,2,6,1,0,73,1,4,5,1,1,1,384.71
108,2,6,1,0,74,3,6,5,1,1,1,316.31
108,2,6,1,0,75,11,14,5,2,2,1,384.76
108,2,6,1,0,76,3,6,5,1,1,1,327.62
108,2,6,1,0,77,11,14,5,2,2,1,285.14
108,2,6,1,0,78,1,4,5,1,1,1,377.31
108,2,6,1,0,79,5,8,5,1,1,1,491.79
108,2,6,1,0,80,5,8,5,1,1,1,777.94
108,2,6,1,0,81,7,10,5,2,2,1,420.99
108,2,6,1,0,82,5,8,5,1,2,0,609.34
108,2,6,1,0,83,11,14,5,2,2,1,425.94
108,2,6,1,0,84,11,14,5,2,2,1,352.82
108,2,6,1,0,85,9,12,5,2,2,1,343.39
108,2,6,1,0,86,11,14,5,2,2,1,304.42
108,2,6,1,0,87,3,6,5,1,1,1,352.46
108,2,6,1,0,88,5,8,5,1,1,1,895.04
108,2,6,1,0,89,3,6,5,1,1,1,757.37
108,2,6,1,0,90,11,14,5,2,2,1,414.46
108,2,6,1,0,91,1,4,5,1,1,1,400.9
108,2,6,1,0,92,5,8,5,1,1,1,307.11
108,2,6,1,0,93,3,6,5,1,1,1,304.54
108,2,6,1,0,94,5,8,5,1,1,1,241.68
108,2,6,1,0,95,11,14,5,2,2,1,426.25
108,2,6,1,0,96,5,8,5,1,1,1,325.36
108,2,6,1,0,97,7,10,5,2,2,1,937.18
108,2,6,1,0,98,7,10,5,2,2,1,375.97
108,2,6,1,0,99,11,14,5,2,2,1,354.18
108,2,6,1,0,100,1,4,5,1,1,1,381.64
108,2,6,1,0,101,7,10,5,2,2,1,354.19
108,2,6,1,0,102,5,8,5,1,1,1,530.05
108,2,6,1,0,103,7,10,5,2,2,1,320.04
108,2,6,1,0,104,9,12,5,2,2,1,351.16
108,2,6,1,0,105,3,6,5,1,1,1,294.78
108,2,6,1,0,106,1,4,5,1,1,1,402.71
108,2,6,1,0,107,9,12,5,2,2,1,344.25
108,2,6,1,0,108,1,4,5,1,1,1,294.51
108,2,6,1,0,109,1,4,5,1,1,1,339.38
108,2,6,1,0,110,9,12,5,2,2,1,360.1
108,2,6,1,0,111,1,4,5,1,1,1,311.73
108,2,6,1,0,112,1,4,5,1,1,1,319.4
108,2,6,1,0,113,7,10,5,2,2,1,345.56
108,2,6,1,0,114,11,14,5,2,2,1,323.15
108,2,6,1,0,115,9,12,5,2,1,0,301.36
108,2,6,1,0,116,5,8,5,1,1,1,488.89
108,2,6,1,0,117,11,14,5,2,2,1,386.37
108,2,6,1,0,118,1,4,5,1,1,1,343.88
108,2,6,1,0,119,1,4,5,1,1,1,372.65
108,2,6,1,0,120,3,6,5,1,1,1,310.6
108,2,6,4,1,1,9,12,5,2,2,1,379.01
108,2,6,4,1,2,6,8,6,1,2,0,543.76
108,2,6,4,1,3,11,14,5,2,2,1,448.16
108,2,6,4,1,4,7,10,5,2,1,0,354
108,2,6,4,1,5,4,6,6,1,1,1,462.24
108,2,6,4,1,6,9,12,5,2,1,0,375.18
108,2,6,4,1,7,11,14,5,2,2,1,334.89
108,2,6,4,1,8,2,4,6,1,1,1,393.01
108,2,6,4,1,9,4,6,6,1,1,1,354.28
108,2,6,4,1,10,11,14,5,2,2,1,411.55
108,2,6,4,1,11,2,4,6,1,1,1,564.28
108,2,6,4,1,12,9,12,5,2,2,1,420.67
108,2,6,4,1,13,7,10,5,2,2,1,426.82
108,2,6,4,1,14,6,8,6,1,1,1,1324.9
108,2,6,4,1,15,4,6,6,1,1,1,391.98
108,2,6,4,1,16,6,8,6,1,1,1,428.5
108,2,6,4,1,17,2,4,6,1,1,1,369.99
108,2,6,4,1,18,4,6,6,1,1,1,369.43
108,2,6,4,1,19,7,10,5,2,2,1,1425
108,2,6,4,1,20,7,10,5,2,2,1,626.97
108,2,6,4,1,21,11,14,5,2,2,1,893.51
108,2,6,4,1,22,9,12,5,2,2,1,392.13
108,2,6,4,1,23,6,8,6,1,1,1,794.27
108,2,6,4,1,24,2,4,6,1,1,1,369.38
108,2,6,4,0,1,9,12,5,2,2,1,435.04
108,2,6,4,0,2,9,12,5,2,2,1,316.31
108,2,6,4,0,3,9,12,5,2,2,1,333.55
108,2,6,4,0,4,7,10,5,2,2,1,411.38
108,2,6,4,0,5,9,12,5,2,2,1,304.86
108,2,6,4,0,6,11,14,5,2,2,1,280.55
108,2,6,4,0,7,9,12,5,2,2,1,311.33
108,2,6,4,0,8,4,6,6,1,1,1,390.31
108,2,6,4,0,9,11,14,5,2,2,1,332.22
108,2,6,4,0,10,11,14,5,2,2,1,338.42
108,2,6,4,0,11,7,10,5,2,2,1,452.16
108,2,6,4,0,12,4,6,6,1,1,1,414.03
108,2,6,4,0,13,2,4,6,1,1,1,352.31
108,2,6,4,0,14,9,12,5,2,2,1,351.8
108,2,6,4,0,15,7,10,5,2,2,1,326.14
108,2,6,4,0,16,7,10,5,2,2,1,296.03
108,2,6,4,0,17,4,6,6,1,1,1,522.1
108,2,6,4,0,18,2,4,6,1,1,1,947.65
108,2,6,4,0,19,7,10,5,2,2,1,675.03
108,2,6,4,0,20,11,14,5,2,2,1,500.89
108,2,6,4,0,21,2,4,6,1,1,1,394.13
108,2,6,4,0,22,11,14,5,2,2,1,348.25
108,2,6,4,0,23,7,10,5,2,2,1,402.4
108,2,6,4,0,24,4,6,6,1,1,1,532.41
108,2,6,4,0,25,7,10,5,2,2,1,355.73
108,2,6,4,0,26,11,14,5,2,2,1,384.89
108,2,6,4,0,27,2,4,6,1,1,1,407.78
108,2,6,4,0,28,2,4,6,1,1,1,414.37
108,2,6,4,0,29,7,10,5,2,2,1,927.51
108,2,6,4,0,30,11,14,5,2,2,1,437.54
108,2,6,4,0,31,7,10,5,2,2,1,376.23
108,2,6,4,0,32,9,12,5,2,2,1,274.13
108,2,6,4,0,33,6,8,6,1,1,1,956.21
108,2,6,4,0,34,4,6,6,1,1,1,888.57
108,2,6,4,0,35,4,6,6,1,1,1,454.86
108,2,6,4,0,36,9,12,5,2,2,1,337.19
108,2,6,4,0,37,11,14,5,2,2,1,318.27
108,2,6,4,0,38,9,12,5,2,2,1,289.55
108,2,6,4,0,39,6,8,6,1,1,1,1829.5
108,2,6,4,0,40,9,12,5,2,2,1,487.6
108,2,6,4,0,41,6,8,6,1,1,1,571.2
108,2,6,4,0,42,9,12,5,2,2,1,401.47
108,2,6,4,0,43,11,14,5,2,2,1,340.67
108,2,6,4,0,44,4,6,6,1,1,1,368.11
108,2,6,4,0,45,11,14,5,2,2,1,309.47
108,2,6,4,0,46,6,8,6,1,1,1,532.5
108,2,6,4,0,47,4,6,6,1,1,1,345.1
108,2,6,4,0,48,2,4,6,1,1,1,410.89
108,2,6,4,0,49,4,6,6,1,1,1,562.25
108,2,6,4,0,50,4,6,6,1,1,1,924.33
108,2,6,4,0,51,6,8,6,1,1,1,377.25
108,2,6,4,0,52,2,4,6,1,1,1,356.41
108,2,6,4,0,53,2,4,6,1,1,1,309.86
108,2,6,4,0,54,7,10,5,2,2,1,431.22
108,2,6,4,0,55,4,6,6,1,1,1,357.48
108,2,6,4,0,56,2,4,6,1,1,1,427.79
108,2,6,4,0,57,2,4,6,1,1,1,364.31
108,2,6,4,0,58,9,12,5,2,2,1,432.79
108,2,6,4,0,59,2,4,6,1,1,1,312.69
108,2,6,4,0,60,9,12,5,2,2,1,368.05
108,2,6,4,0,61,7,10,5,2,2,1,383.08
108,2,6,4,0,62,4,6,6,1,1,1,366.63
108,2,6,4,0,63,2,4,6,1,1,1,363.07
108,2,6,4,0,64,7,10,5,2,2,1,431.51
108,2,6,4,0,65,11,14,5,2,2,1,340.24
108,2,6,4,0,66,7,10,5,2,2,1,317.45
108,2,6,4,0,67,4,6,6,1,1,1,425.22
108,2,6,4,0,68,7,10,5,2,2,1,308.43
108,2,6,4,0,69,2,4,6,1,1,1,358.6
108,2,6,4,0,70,9,12,5,2,2,1,303.37
108,2,6,4,0,71,6,8,6,1,1,1,408.14
108,2,6,4,0,72,9,12,5,2,1,0,373.88
108,2,6,4,0,73,7,10,5,2,2,1,920.71
108,2,6,4,0,74,11,14,5,2,2,1,409.53
108,2,6,4,0,75,11,14,5,2,2,1,350.27
108,2,6,4,0,76,11,14,5,2,2,1,315.32
108,2,6,4,0,77,6,8,6,1,1,1,392.83
108,2,6,4,0,78,9,12,5,2,2,1,386.35
108,2,6,4,0,79,11,14,5,2,2,1,306.3
108,2,6,4,0,80,2,4,6,1,1,1,372.21
108,2,6,4,0,81,6,8,6,1,2,0,784.8
108,2,6,4,0,82,11,14,5,2,2,1,591
108,2,6,4,0,83,6,8,6,1,1,1,1357.5
108,2,6,4,0,84,11,14,5,2,2,1,491.71
108,2,6,4,0,85,9,12,5,2,2,1,443.47
108,2,6,4,0,86,6,8,6,1,1,1,549.96
108,2,6,4,0,87,6,8,6,1,1,1,533.35
108,2,6,4,0,88,2,4,6,1,1,1,382.59
108,2,6,4,0,89,11,14,5,2,2,1,393.71
108,2,6,4,0,90,4,6,6,1,1,1,345.7
108,2,6,4,0,91,4,6,6,1,1,1,695
108,2,6,4,0,92,4,6,6,1,1,1,419.72
108,2,6,4,0,93,6,8,6,1,1,1,407.58
108,2,6,4,0,94,7,10,5,2,2,1,443.48
108,2,6,4,0,95,6,8,6,1,1,1,382.89
108,2,6,4,0,96,2,4,6,1,1,1,335.17
108,2,6,4,0,97,7,10,5,2,2,1,338.82
108,2,6,4,0,98,11,14,5,2,2,1,338.71
108,2,6,4,0,99,4,6,6,1,1,1,374.65
108,2,6,4,0,100,6,8,6,1,1,1,404.56
108,2,6,4,0,101,6,8,6,1,1,1,370.88
108,2,6,4,0,102,6,8,6,1,1,1,425.82
108,2,6,4,0,103,4,6,6,1,1,1,835.85
108,2,6,4,0,104,2,4,6,1,1,1,420.25
108,2,6,4,0,105,2,4,6,1,1,1,338.94
108,2,6,4,0,106,6,8,6,1,1,1,338
108,2,6,4,0,107,9,12,5,2,2,1,402.18
108,2,6,4,0,108,6,8,6,1,1,1,382.75
108,2,6,4,0,109,11,14,5,2,2,1,369.26
108,2,6,4,0,110,6,8,6,1,1,1,359.22
108,2,6,4,0,111,9,12,5,2,2,1,495.09
108,2,6,4,0,112,6,8,6,1,1,1,582.03
108,2,6,4,0,113,4,6,6,1,1,1,354.45
108,2,6,4,0,114,7,10,5,2,2,1,418.78
108,2,6,4,0,115,2,4,6,1,1,1,347.34
108,2,6,4,0,116,7,10,5,2,2,1,396.63
108,2,6,4,0,117,2,4,6,1,1,1,367.69
108,2,6,4,0,118,7,10,5,2,2,1,348.63
108,2,6,4,0,119,4,6,6,1,1,1,305.83
108,2,6,4,0,120,9,12,5,2,2,1,863.07
108,2,6,3,1,1,12,14,6,2,2,1,366.88
108,2,6,3,1,2,8,10,6,2,2,1,431.28
108,2,6,3,1,3,10,12,6,2,2,1,336.71
108,2,6,3,1,4,5,8,5,1,1,1,348.32
108,2,6,3,1,5,5,8,5,1,1,1,301.17
108,2,6,3,1,6,8,10,6,2,2,1,445.19
108,2,6,3,1,7,12,14,6,2,2,1,418.8
108,2,6,3,1,8,3,6,5,1,1,1,437.12
108,2,6,3,1,9,1,4,5,1,1,1,436.82
108,2,6,3,1,10,5,8,5,1,1,1,926.86
108,2,6,3,1,11,8,10,6,2,2,1,574.6
108,2,6,3,1,12,10,12,6,2,2,1,358.63
108,2,6,3,1,13,12,14,6,2,2,1,319.77
108,2,6,3,1,14,3,6,5,1,1,1,313.68
108,2,6,3,1,15,3,6,5,1,1,1,315.19
108,2,6,3,1,16,8,10,6,2,2,1,504.48
108,2,6,3,1,17,12,14,6,2,2,1,389.86
108,2,6,3,1,18,5,8,5,1,1,1,368.16
108,2,6,3,1,19,10,12,6,2,2,1,449.38
108,2,6,3,1,20,10,12,6,2,2,1,407.36
108,2,6,3,1,21,1,4,5,1,1,1,354.26
108,2,6,3,1,22,3,6,5,1,1,1,317.14
108,2,6,3,1,23,1,4,5,1,1,1,286.19
108,2,6,3,1,24,1,4,5,1,1,1,342.49
108,2,6,3,0,1,12,14,6,2,2,1,850.23
108,2,6,3,0,2,8,10,6,2,2,1,1139.3
108,2,6,3,0,3,12,14,6,2,2,1,479.53
108,2,6,3,0,4,12,14,6,2,2,1,362.93
108,2,6,3,0,5,1,4,5,1,1,1,329.06
108,2,6,3,0,6,12,14,6,2,2,1,368.45
108,2,6,3,0,7,10,12,6,2,2,1,375.28
108,2,6,3,0,8,1,4,5,1,1,1,377
108,2,6,3,0,9,3,6,5,1,1,1,373.15
108,2,6,3,0,10,8,10,6,2,2,1,360.41
108,2,6,3,0,11,10,12,6,2,2,1,336.63
108,2,6,3,0,12,12,14,6,2,2,1,383.91
108,2,6,3,0,13,10,12,6,2,2,1,313.02
108,2,6,3,0,14,1,4,5,1,1,1,366.5
108,2,6,3,0,15,5,8,5,1,1,1,458.57
108,2,6,3,0,16,5,8,5,1,1,1,335.25
108,2,6,3,0,17,3,6,5,1,1,1,293.65
108,2,6,3,0,18,5,8,5,1,1,1,310.58
108,2,6,3,0,19,10,12,6,2,2,1,694.34
108,2,6,3,0,20,1,4,5,1,1,1,441.32
108,2,6,3,0,21,3,6,5,1,1,1,387.15
108,2,6,3,0,22,5,8,5,1,1,1,345.82
108,2,6,3,0,23,3,6,5,1,1,1,385.65
108,2,6,3,0,24,5,8,5,1,1,1,341.54
108,2,6,3,0,25,10,12,6,2,2,1,452.76
108,2,6,3,0,26,8,10,6,2,2,1,550.62
108,2,6,3,0,27,5,8,5,1,1,1,410.12
108,2,6,3,0,28,10,12,6,2,2,1,395.75
108,2,6,3,0,29,12,14,6,2,2,1,399.58
108,2,6,3,0,30,5,8,5,1,1,1,329.52
108,2,6,3,0,31,3,6,5,1,1,1,309.18
108,2,6,3,0,32,10,12,6,2,2,1,375.16
108,2,6,3,0,33,1,4,5,1,1,1,319.4
108,2,6,3,0,34,5,8,5,1,1,1,348.01
108,2,6,3,0,35,12,14,6,2,2,1,344.44
108,2,6,3,0,36,1,4,5,1,1,1,384.55
108,2,6,3,0,37,10,12,6,2,2,1,1134.3
108,2,6,3,0,38,10,12,6,2,2,1,387.63
108,2,6,3,0,39,12,14,6,2,2,1,328.24
108,2,6,3,0,40,5,8,5,1,1,1,352.92
108,2,6,3,0,41,12,14,6,2,2,1,397.47
108,2,6,3,0,42,3,6,5,1,1,1,299.97
108,2,6,3,0,43,10,12,6,2,2,1,386.53
108,2,6,3,0,44,10,12,6,2,2,1,427.36
108,2,6,3,0,45,3,6,5,1,1,1,378.89
108,2,6,3,0,46,5,8,5,1,1,1,410.88
108,2,6,3,0,47,8,10,6,2,2,1,464.38
108,2,6,3,0,48,1,4,5,1,1,1,337.27
108,2,6,3,0,49,5,8,5,1,1,1,501.74
108,2,6,3,0,50,12,14,6,2,2,1,420.24
108,2,6,3,0,51,1,4,5,1,1,1,296.03
108,2,6,3,0,52,10,12,6,2,2,1,354.53
108,2,6,3,0,53,3,6,5,1,1,1,336.16
108,2,6,3,0,54,8,10,6,2,2,1,391.56
108,2,6,3,0,55,3,6,5,1,1,1,357.22
108,2,6,3,0,56,1,4,5,1,1,1,311.88
108,2,6,3,0,57,10,12,6,2,2,1,387.25
108,2,6,3,0,58,3,6,5,1,1,1,392.31
108,2,6,3,0,59,8,10,6,2,2,1,465.32
108,2,6,3,0,60,8,10,6,2,2,1,363.79
108,2,6,3,0,61,1,4,5,1,1,1,324.28
108,2,6,3,0,62,3,6,5,1,1,1,361.45
108,2,6,3,0,63,1,4,5,1,1,1,327.85
108,2,6,3,0,64,8,10,6,2,2,1,415.67
108,2,6,3,0,65,5,8,5,1,1,1,369.96
108,2,6,3,0,66,10,12,6,2,2,1,366.06
108,2,6,3,0,67,12,14,6,2,2,1,333.68
108,2,6,3,0,68,10,12,6,2,2,1,329.94
108,2,6,3,0,69,1,4,5,1,1,1,331.18
108,2,6,3,0,70,10,12,6,2,2,1,395.74
108,2,6,3,0,71,3,6,5,1,1,1,425.59
108,2,6,3,0,72,8,10,6,2,2,1,361.47
108,2,6,3,0,73,1,4,5,1,1,1,309.74
108,2,6,3,0,74,5,8,5,1,1,1,343.07
108,2,6,3,0,75,12,14,6,2,2,1,337.86
108,2,6,3,0,76,12,14,6,2,2,1,382.04
108,2,6,3,0,77,8,10,6,2,2,1,282.24
108,2,6,3,0,78,8,10,6,2,2,1,376.26
108,2,6,3,0,79,5,8,5,1,1,1,413.17
108,2,6,3,0,80,10,12,6,2,2,1,394.91
108,2,6,3,0,81,10,12,6,2,2,1,310.05
108,2,6,3,0,82,1,4,5,1,1,1,401.61
108,2,6,3,0,83,3,6,5,1,1,1,314.23
108,2,6,3,0,84,5,8,5,1,1,1,289.8
108,2,6,3,0,85,5,8,5,1,1,1,285.01
108,2,6,3,0,86,1,4,5,1,1,1,285.38
108,2,6,3,0,87,3,6,5,1,1,1,311.62
108,2,6,3,0,88,12,14,6,2,2,1,880.01
108,2,6,3,0,89,1,4,5,1,1,1,340.76
108,2,6,3,0,90,12,14,6,2,2,1,425.58
108,2,6,3,0,91,8,10,6,2,2,1,1106
108,2,6,3,0,92,5,8,5,1,1,1,749.84
108,2,6,3,0,93,3,6,5,1,1,1,624.88
108,2,6,3,0,94,3,6,5,1,1,1,868.82
108,2,6,3,0,95,3,6,5,1,1,1,354.22
108,2,6,3,0,96,8,10,6,2,2,1,450.27
108,2,6,3,0,97,3,6,5,1,1,1,316.06
108,2,6,3,0,98,8,10,6,2,2,1,427.37
108,2,6,3,0,99,12,14,6,2,2,1,407.32
108,2,6,3,0,100,12,14,6,2,2,1,347.05
108,2,6,3,0,101,8,10,6,2,2,1,1151.9
108,2,6,3,0,102,10,12,6,2,2,1,379.83
108,2,6,3,0,103,1,4,5,1,1,1,332.77
108,2,6,3,0,104,8,10,6,2,2,1,394.89
108,2,6,3,0,105,5,8,5,1,1,1,531.54
108,2,6,3,0,106,8,10,6,2,2,1,431.97
108,2,6,3,0,107,1,4,5,1,1,1,347.93
108,2,6,3,0,108,8,10,6,2,2,1,372.79
108,2,6,3,0,109,10,12,6,2,2,1,339.28
108,2,6,3,0,110,1,4,5,1,1,1,339.6
108,2,6,3,0,111,8,10,6,2,2,1,350.6
108,2,6,3,0,112,12,14,6,2,2,1,430.4
108,2,6,3,0,113,5,8,5,1,1,1,516.29
108,2,6,3,0,114,1,4,5,1,1,1,364.55
108,2,6,3,0,115,3,6,5,1,1,1,326.81
108,2,6,3,0,116,12,14,6,2,2,1,369.7
108,2,6,3,0,117,3,6,5,1,1,1,321.22
108,2,6,3,0,118,12,14,6,2,2,1,377.91
108,2,6,3,0,119,5,8,5,1,1,1,851.46
108,2,6,3,0,120,8,10,6,2,2,1,507.05
108,2,6,5,1,1,12,14,6,2,2,1,354.81
108,2,6,5,1,2,4,6,6,1,1,1,407.14
108,2,6,5,1,3,5,8,5,1,1,1,381.6
108,2,6,5,1,4,10,12,6,2,2,1,501.38
108,2,6,5,1,5,11,14,5,2,2,1,421.78
108,2,6,5,1,6,8,10,6,2,2,1,673.68
108,2,6,5,1,7,10,12,6,2,2,1,398.33
108,2,6,5,1,8,11,14,5,2,2,1,305.49
108,2,6,5,1,9,12,14,6,2,2,1,324.05
108,2,6,5,1,10,2,4,6,1,1,1,1007.8
108,2,6,5,1,11,7,10,5,2,2,1,462.72
108,2,6,5,1,12,2,4,6,1,1,1,361.86
108,2,6,5,1,13,1,4,5,1,1,1,544.83
108,2,6,5,1,14,5,8,5,1,1,1,479.6
108,2,6,5,1,15,7,10,5,2,2,1,725.77
108,2,6,5,1,16,1,4,5,1,1,1,434.63
108,2,6,5,1,17,8,10,6,2,2,1,501.42
108,2,6,5,1,18,3,6,5,1,1,1,419.85
108,2,6,5,1,19,3,6,5,1,1,1,385.18
108,2,6,5,1,20,4,6,6,1,1,1,351.33
108,2,6,5,1,21,6,8,6,1,1,1,328.24
108,2,6,5,1,22,6,8,6,1,1,1,425.23
108,2,6,5,1,23,9,12,5,2,2,1,390.7
108,2,6,5,1,24,9,12,5,2,2,1,305.18
108,2,6,5,0,1,12,14,6,2,2,1,322.62
108,2,6,5,0,2,7,10,5,2,2,1,317.12
108,2,6,5,0,3,5,8,5,1,1,1,497.66
108,2,6,5,0,4,9,12,5,2,2,1,314.93
108,2,6,5,0,5,11,14,5,2,2,1,316.2
108,2,6,5,0,6,4,6,6,1,1,1,300.56
108,2,6,5,0,7,4,6,6,1,1,1,413.8
108,2,6,5,0,8,10,12,6,2,2,1,375.29
108,2,6,5,0,9,6,8,6,1,1,1,376.28
108,2,6,5,0,10,5,8,5,1,1,1,358.07
108,2,6,5,0,11,6,8,6,1,1,1,361.63
108,2,6,5,0,12,10,12,6,2,2,1,418.29
108,2,6,5,0,13,10,12,6,2,2,1,304.54
108,2,6,5,0,14,2,4,6,1,1,1,352.79
108,2,6,5,0,15,5,8,5,1,2,0,430.13
108,2,6,5,0,16,12,14,6,2,2,1,435.05
108,2,6,5,0,17,4,6,6,1,1,1,447.04
108,2,6,5,0,18,3,6,5,1,1,1,336.96
108,2,6,5,0,19,6,8,6,1,1,1,675.65
108,2,6,5,0,20,3,6,5,1,1,1,359.07
108,2,6,5,0,21,2,4,6,1,1,1,320.87
108,2,6,5,0,22,4,6,6,1,1,1,302.21
108,2,6,5,0,23,6,8,6,1,1,1,373.04
108,2,6,5,0,24,9,12,5,2,2,1,423.9
108,2,6,5,0,25,10,12,6,2,2,1,481.45
108,2,6,5,0,26,10,12,6,2,2,1,576.77
108,2,6,5,0,27,11,14,5,2,2,1,381.5
108,2,6,5,0,28,2,4,6,1,1,1,380.59
108,2,6,5,0,29,10,12,6,2,2,1,420.01
108,2,6,5,0,30,5,8,5,1,1,1,365.6
108,2,6,5,0,31,5,8,5,1,1,1,508.31
108,2,6,5,0,32,9,12,5,2,2,1,458.21
108,2,6,5,0,33,12,14,6,2,2,1,410.57
108,2,6,5,0,34,11,14,5,2,2,1,639.55
108,2,6,5,0,35,6,8,6,1,1,1,357.18
108,2,6,5,0,36,8,10,6,2,1,0,683.28
108,2,6,5,0,37,2,4,6,1,1,1,479.48
108,2,6,5,0,38,2,4,6,1,1,1,875.06
108,2,6,5,0,39,9,12,5,2,2,1,455.55
108,2,6,5,0,40,12,14,6,2,2,1,315.99
108,2,6,5,0,41,9,12,5,2,2,1,321.48
108,2,6,5,0,42,11,14,5,2,2,1,296.88
108,2,6,5,0,43,11,14,5,2,2,1,300.18
108,2,6,5,0,44,7,10,5,2,2,1,955.31
108,2,6,5,0,45,3,6,5,1,1,1,518.92
108,2,6,5,0,46,8,10,6,2,2,1,645.03
108,2,6,5,0,47,7,10,5,2,2,1,447.28
108,2,6,5,0,48,12,14,6,2,2,1,333.46
108,2,6,5,0,49,8,10,6,2,2,1,486.41
108,2,6,5,0,50,11,14,5,2,2,1,407.14
108,2,6,5,0,51,7,10,5,2,2,1,471.3
108,2,6,5,0,52,2,4,6,1,1,1,364.01
108,2,6,5,0,53,3,6,5,1,1,1,454.3
108,2,6,5,0,54,4,6,6,1,1,1,371.1
108,2,6,5,0,55,1,4,5,1,1,1,333.14
108,2,6,5,0,56,9,12,5,2,2,1,404.24
108,2,6,5,0,57,6,8,6,1,1,1,560.37
108,2,6,5,0,58,8,10,6,2,2,1,987.77
108,2,6,5,0,59,1,4,5,1,1,1,413.93
108,2,6,5,0,60,9,12,5,2,2,1,357.48
108,2,6,5,0,61,9,12,5,2,2,1,408.52
108,2,6,5,0,62,5,8,5,1,1,1,562.28
108,2,6,5,0,63,3,6,5,1,1,1,375.72
108,2,6,5,0,64,7,10,5,2,2,1,430.45
108,2,6,5,0,65,5,8,5,1,1,1,472.95
108,2,6,5,0,66,12,14,6,2,2,1,335.71
108,2,6,5,0,67,6,8,6,1,1,1,467.67
108,2,6,5,0,68,8,10,6,2,2,1,445.82
108,2,6,5,0,69,1,4,5,1,1,1,388.71
108,2,6,5,0,70,7,10,5,2,2,1,410.41
108,2,6,5,0,71,4,6,6,1,1,1,410.17
108,2,6,5,0,72,7,10,5,2,2,1,298.02
108,2,6,5,0,73,6,8,6,1,1,1,462.74
108,2,6,5,0,74,10,12,6,2,2,1,328.32
108,2,6,5,0,75,2,4,6,1,1,1,345.59
108,2,6,5,0,76,3,6,5,1,1,1,380.55
108,2,6,5,0,77,11,14,5,2,2,1,382.62
108,2,6,5,0,78,5,8,5,1,1,1,345.28
108,2,6,5,0,79,3,6,5,1,1,1,367.37
108,2,6,5,0,80,8,10,6,2,2,1,466.94
108,2,6,5,0,81,1,4,5,1,1,1,331.08
108,2,6,5,0,82,3,6,5,1,1,1,785.93
108,2,6,5,0,83,12,14,6,2,2,1,437.51
108,2,6,5,0,84,1,4,5,1,1,1,316.08
108,2,6,5,0,85,7,10,5,2,2,1,797.37
108,2,6,5,0,86,10,12,6,2,2,1,397.89
108,2,6,5,0,87,7,10,5,2,2,1,661.41
108,2,6,5,0,88,4,6,6,1,1,1,509.62
108,2,6,5,0,89,2,4,6,1,1,1,463.93
108,2,6,5,0,90,5,8,5,1,2,0,494.4
108,2,6,5,0,91,11,14,5,2,2,1,505.62
108,2,6,5,0,92,10,12,6,2,2,1,958.5
108,2,6,5,0,93,9,12,5,2,2,1,356.18
108,2,6,5,0,94,2,4,6,1,1,1,384.37
108,2,6,5,0,95,3,6,5,1,1,1,415.46
108,2,6,5,0,96,9,12,5,2,2,1,678.96
108,2,6,5,0,97,1,4,5,1,1,1,817.13
108,2,6,5,0,98,6,8,6,1,2,0,413.03
108,2,6,5,0,99,3,6,5,1,1,1,475.95
108,2,6,5,0,100,6,8,6,1,1,1,657.65
108,2,6,5,0,101,11,14,5,2,2,1,487.45
108,2,6,5,0,102,4,6,6,1,1,1,851.7
108,2,6,5,0,103,5,8,5,1,1,1,364.2
108,2,6,5,0,104,1,4,5,1,1,1,368.23
108,2,6,5,0,105,11,14,5,2,2,1,418.1
108,2,6,5,0,106,8,10,6,2,2,1,455.6
108,2,6,5,0,107,8,10,6,2,2,1,326.53
108,2,6,5,0,108,12,14,6,2,2,1,349
108,2,6,5,0,109,1,4,5,1,1,1,398.99
108,2,6,5,0,110,4,6,6,1,1,1,347.95
108,2,6,5,0,111,12,14,6,2,2,1,414.12
108,2,6,5,0,112,1,4,5,1,1,1,362.93
108,2,6,5,0,113,7,10,5,2,2,1,799.09
108,2,6,5,0,114,2,4,6,1,1,1,361.05
108,2,6,5,0,115,10,12,6,2,2,1,416.19
108,2,6,5,0,116,1,4,5,1,1,1,322.27
108,2,6,5,0,117,8,10,6,2,2,1,473.59
108,2,6,5,0,118,8,10,6,2,2,1,440.25
108,2,6,5,0,119,12,14,6,2,2,1,421.86
108,2,6,5,0,120,4,6,6,1,1,1,373.83
108,2,6,6,0,1,9,12,5,2,2,1,355.22
108,2,6,6,0,2,6,8,6,1,1,1,824.69
108,2,6,6,0,3,10,12,6,2,2,1,569
108,2,6,6,0,4,4,6,6,1,1,1,394.88
108,2,6,6,0,5,8,10,6,2,2,1,1014.5
108,2,6,6,0,6,10,12,6,2,2,1,317.27
108,2,6,6,0,7,9,12,5,2,2,1,376.59
108,2,6,6,0,8,11,14,5,2,2,1,293.35
108,2,6,6,0,9,7,10,5,2,2,1,323.28
108,2,6,6,0,10,7,10,5,2,2,1,791.06
108,2,6,6,0,11,9,12,5,2,2,1,363.19
108,2,6,6,0,12,5,8,5,1,2,0,304.83
108,2,6,6,0,13,2,4,6,1,1,1,473.79
108,2,6,6,0,14,10,12,6,2,2,1,1080.4
108,2,6,6,0,15,3,6,5,1,1,1,452.39
108,2,6,6,0,16,4,6,6,1,1,1,363.88
108,2,6,6,0,17,12,14,6,2,2,1,454.62
108,2,6,6,0,18,1,4,5,1,1,1,348.61
108,2,6,6,0,19,4,6,6,1,1,1,313.47
108,2,6,6,0,20,9,12,5,2,2,1,520.4
108,2,6,6,0,21,6,8,6,1,1,1,542.18
108,2,6,6,0,22,2,4,6,1,1,1,362.61
108,2,6,6,0,23,10,12,6,2,2,1,390.44
108,2,6,6,0,24,12,14,6,2,2,1,367.84
108,2,6,6,0,25,4,6,6,1,1,1,359.83
108,2,6,6,0,26,6,8,6,1,1,1,368.74
108,2,6,6,0,27,11,14,5,2,2,1,502.07
108,2,6,6,0,28,3,6,5,1,1,1,493.83
108,2,6,6,0,29,11,14,5,2,2,1,381.26
108,2,6,6,0,30,4,6,6,1,1,1,325.95
108,2,6,6,0,31,12,14,6,2,2,1,408.25
108,2,6,6,0,32,7,10,5,2,1,0,374.74
108,2,6,6,0,33,5,8,5,1,1,1,537.89
108,2,6,6,0,34,4,6,6,1,1,1,558.97
108,2,6,6,0,35,8,10,6,2,2,1,696.94
108,2,6,6,0,36,5,8,5,1,1,1,505.38
108,2,6,6,0,37,8,10,6,2,2,1,460.69
108,2,6,6,0,38,9,12,5,2,2,1,477.56
108,2,6,6,0,39,11,14,5,2,2,1,388.36
108,2,6,6,0,40,5,8,5,1,1,1,436.17
108,2,6,6,0,41,1,4,5,1,1,1,392.87
108,2,6,6,0,42,9,12,5,2,2,1,862.76
108,2,6,6,0,43,2,4,6,1,1,1,336.65
108,2,6,6,0,44,1,4,5,1,1,1,397.71
108,2,6,6,0,45,1,4,5,1,1,1,412.53
108,2,6,6,0,46,9,12,5,2,2,1,845.16
108,2,6,6,0,47,10,12,6,2,2,1,351.78
108,2,6,6,0,48,7,10,5,2,2,1,586.3
108,2,6,6,0,49,2,4,6,1,1,1,429.61
108,2,6,6,0,50,3,6,5,1,1,1,375.44
108,2,6,6,0,51,1,4,5,1,1,1,419.87
108,2,6,6,0,52,7,10,5,2,2,1,398.88
108,2,6,6,0,53,8,10,6,2,2,1,308.74
108,2,6,6,0,54,6,8,6,1,1,1,461.94
108,2,6,6,0,55,2,4,6,1,1,1,415.48
108,2,6,6,0,56,10,12,6,2,2,1,427.27
108,2,6,6,0,57,1,4,5,1,1,1,328.55
108,2,6,6,0,58,5,8,5,1,1,1,785.77
108,2,6,6,0,59,2,4,6,1,1,1,339.35
108,2,6,6,0,60,4,6,6,1,1,1,364.71
108,2,6,6,0,61,6,8,6,1,1,1,535.75
108,2,6,6,0,62,7,10,5,2,2,1,416.01
108,2,6,6,0,63,1,4,5,1,1,1,348.96
108,2,6,6,0,64,11,14,5,2,2,1,382.44
108,2,6,6,0,65,4,6,6,1,1,1,462.86
108,2,6,6,0,66,2,4,6,1,1,1,352.14
108,2,6,6,0,67,10,12,6,2,2,1,402.6
108,2,6,6,0,68,7,10,5,2,2,1,489.54
108,2,6,6,0,69,4,6,6,1,1,1,376.64
108,2,6,6,0,70,2,4,6,1,1,1,305.69
108,2,6,6,0,71,2,4,6,1,1,1,311.76
108,2,6,6,0,72,5,8,5,1,1,1,391.79
108,2,6,6,0,73,10,12,6,2,2,1,790.27
108,2,6,6,0,74,11,14,5,2,2,1,331.47
108,2,6,6,0,75,11,14,5,2,2,1,306.6
108,2,6,6,0,76,9,12,5,2,2,1,287.65
108,2,6,6,0,77,6,8,6,1,1,1,392.26
108,2,6,6,0,78,8,10,6,2,2,1,588.38
108,2,6,6,0,79,10,12,6,2,2,1,333.74
108,2,6,6,0,80,1,4,5,1,1,1,346.18
108,2,6,6,0,81,12,14,6,2,2,1,331.74
108,2,6,6,0,82,8,10,6,2,2,1,621.94
108,2,6,6,0,83,9,12,5,2,2,1,403.28
108,2,6,6,0,84,3,6,5,1,1,1,440.28
108,2,6,6,0,85,12,14,6,2,2,1,405.84
108,2,6,6,0,86,6,8,6,1,2,0,866.38
108,2,6,6,0,87,3,6,5,1,1,1,397.67
108,2,6,6,0,88,3,6,5,1,1,1,377.83
108,2,6,6,0,89,4,6,6,1,1,1,346.22
108,2,6,6,0,90,5,8,5,1,1,1,461.77
108,2,6,6,0,91,1,4,5,1,1,1,353.58
108,2,6,6,0,92,7,10,5,2,2,1,421.52
108,2,6,6,0,93,12,14,6,2,2,1,352.85
108,2,6,6,0,94,6,8,6,1,1,1,419.11
108,2,6,6,0,95,8,10,6,2,2,1,374.05
108,2,6,6,0,96,3,6,5,1,1,1,432.31
108,2,6,6,0,97,8,10,6,2,2,1,294.41
108,2,6,6,0,98,3,6,5,1,1,1,373.68
108,2,6,6,0,99,7,10,5,2,2,1,431.91
108,2,6,6,0,100,6,8,6,1,2,0,472.62
108,2,6,6,0,101,2,4,6,1,1,1,579.22
108,2,6,6,0,102,8,10,6,2,2,1,595.48
108,2,6,6,0,103,12,14,6,2,2,1,502.34
108,2,6,6,0,104,5,8,5,1,1,1,702.61
108,2,6,6,0,105,1,4,5,1,1,1,560.35
108,2,6,6,0,106,5,8,5,1,1,1,750.15
108,2,6,6,0,107,8,10,6,2,2,1,443.6
108,2,6,6,0,108,7,10,5,2,2,1,344.81
108,2,6,6,0,109,12,14,6,2,2,1,329.2
108,2,6,6,0,110,11,14,5,2,2,1,330.14
108,2,6,6,0,111,5,8,5,1,1,1,433.35
108,2,6,6,0,112,3,6,5,1,1,1,336.99
108,2,6,6,0,113,11,14,5,2,2,1,417.79
108,2,6,6,0,114,11,14,5,2,2,1,548.82
108,2,6,6,0,115,3,6,5,1,1,1,474.44
108,2,6,6,0,116,10,12,6,2,1,0,413.39
108,2,6,6,0,117,6,8,6,1,1,1,540.45
108,2,6,6,0,118,12,14,6,2,2,1,364.82
108,2,6,6,0,119,12,14,6,2,2,1,342.62
108,2,6,6,0,120,9,12,5,2,2,1,1165.1
