101,1,1,5,1,1,12,8,8,2,1,0,2346.5
101,1,1,5,1,2,2,8,3,1,1,1,1676.3
101,1,1,5,1,3,8,8,6,2,2,1,1204.5
101,1,1,5,1,4,6,8,5,1,1,1,1211.9
101,1,1,5,1,5,5,6,5,1,1,1,1169
101,1,1,5,1,6,11,6,8,2,2,1,3119.3
101,1,1,5,1,7,12,8,8,2,2,1,3665.8
101,1,1,5,1,8,4,8,4,1,1,1,915.05
101,1,1,5,1,9,11,6,8,2,2,1,966.95
101,1,1,5,1,10,3,6,4,1,1,1,651.99
101,1,1,5,1,11,6,8,5,1,1,1,511.1
101,1,1,5,1,12,1,6,3,1,1,1,560.82
101,1,1,5,1,13,10,8,7,2,2,1,810.63
101,1,1,5,1,14,9,6,7,2,2,1,674.35
101,1,1,5,1,15,2,8,3,1,1,1,482.95
101,1,1,5,1,16,4,8,4,1,1,1,645.11
101,1,1,5,1,17,3,6,4,1,1,1,560.92
101,1,1,5,1,18,7,6,6,2,1,0,983.8
101,1,1,5,1,19,7,6,6,2,2,1,857.31
101,1,1,5,1,20,5,6,5,1,1,1,674.1
101,1,1,5,1,21,1,6,3,1,1,1,683.21
101,1,1,5,1,22,9,6,7,2,2,1,790.76
101,1,1,5,1,23,10,8,7,2,2,1,835.51
101,1,1,5,1,24,8,8,6,2,2,1,1224.8
101,1,1,5,0,1,6,8,5,1,1,1,829.8
101,1,1,5,0,2,1,6,3,1,1,1,800.8
101,1,1,5,0,3,9,6,7,2,2,1,1260.5
101,1,1,5,0,4,3,6,4,1,1,1,952.15
101,1,1,5,0,5,11,6,8,2,2,1,786.55
101,1,1,5,0,6,7,6,6,2,2,1,1724.2
101,1,1,5,0,7,4,8,4,1,1,1,613.41
101,1,1,5,0,8,4,8,4,1,1,1,1446.8
101,1,1,5,0,9,9,6,7,2,2,1,854.82
101,1,1,5,0,10,9,6,7,2,2,1,672.88
101,1,1,5,0,11,1,6,3,1,1,1,681.73
101,1,1,5,0,12,5,6,5,1,1,1,1207.6
101,1,1,5,0,13,10,8,7,2,2,1,567.36
101,1,1,5,0,14,5,6,5,1,1,1,1834.5
101,1,1,5,0,15,2,8,3,1,1,1,719.79
101,1,1,5,0,16,10,8,7,2,2,1,1387.1
101,1,1,5,0,17,1,6,3,1,1,1,696.22
101,1,1,5,0,18,5,6,5,1,1,1,1738
101,1,1,5,0,19,9,6,7,2,2,1,626.18
101,1,1,5,0,20,8,8,6,2,2,1,1061.8
101,1,1,5,0,21,8,8,6,2,2,1,883.58
101,1,1,5,0,22,7,6,6,2,1,0,1493.3
101,1,1,5,0,23,8,8,6,2,1,0,1120.3
101,1,1,5,0,24,8,8,6,2,2,1,1064.4
101,1,1,5,0,25,12,8,8,2,2,1,746.91
101,1,1,5,0,26,11,6,8,2,2,1,1640
101,1,1,5,0,27,8,8,6,2,1,0,2796.4
101,1,1,5,0,28,5,6,5,1,1,1,880.04
101,1,1,5,0,29,1,6,3,1,1,1,820.88
101,1,1,5,0,30,1,6,3,1,1,1,709.53
101,1,1,5,0,31,6,8,5,1,2,0,1252.4
101,1,1,5,0,32,12,8,8,2,2,1,1088.7
101,1,1,5,0,33,2,8,3,1,1,1,863.85
101,1,1,5,0,34,6,8,5,1,2,0,3334.5
101,1,1,5,0,35,5,6,5,1,1,1,843.67
101,1,1,5,0,36,11,6,8,2,2,1,853.16
101,1,1,5,0,37,4,8,4,1,1,1,715.84
101,1,1,5,0,38,10,8,7,2,2,1,829.31
101,1,1,5,0,39,10,8,7,2,2,1,791.02
101,1,1,5,0,40,5,6,5,1,1,1,921.63
101,1,1,5,0,41,6,8,5,1,1,1,1862
101,1,1,5,0,42,12,8,8,2,2,1,696.77
101,1,1,5,0,43,4,8,4,1,1,1,817.9
101,1,1,5,0,44,9,6,7,2,2,1,1175.2
101,1,1,5,0,45,11,6,8,2,2,1,853.97
101,1,1,5,0,46,11,6,8,2,2,1,703.36
101,1,1,5,0,47,7,6,6,2,1,0,1427.8
101,1,1,5,0,48,7,6,6,2,2,1,995.81
101,1,1,5,0,49,3,6,4,1,1,1,1003.1
101,1,1,5,0,50,12,8,8,2,2,1,1032.2
101,1,1,5,0,51,5,6,5,1,1,1,897.71
101,1,1,5,0,52,3,6,4,1,1,1,928.54
101,1,1,5,0,53,12,8,8,2,2,1,853.85
101,1,1,5,0,54,3,6,4,1,1,1,753.92
101,1,1,5,0,55,2,8,3,1,1,1,1162.6
101,1,1,5,0,56,7,6,6,2,2,1,2302
101,1,1,5,0,57,2,8,3,1,1,1,809.52
101,1,1,5,0,58,2,8,3,1,1,1,687.95
101,1,1,5,0,59,4,8,4,1,1,1,953.29
101,1,1,5,0,60,2,8,3,1,1,1,806.19
101,1,1,5,0,61,9,6,7,2,2,1,936.8
101,1,1,5,0,62,4,8,4,1,1,1,740.84
101,1,1,5,0,63,3,6,4,1,1,1,699.8
101,1,1,5,0,64,8,8,6,2,2,1,923.45
101,1,1,5,0,65,7,6,6,2,2,1,1109.7
101,1,1,5,0,66,4,8,4,1,1,1,864.26
101,1,1,5,0,67,9,6,7,2,2,1,858.56
101,1,1,5,0,68,10,8,7,2,2,1,1170.5
101,1,1,5,0,69,2,8,3,1,1,1,811.01
101,1,1,5,0,70,9,6,7,2,2,1,858.62
101,1,1,5,0,71,3,6,4,1,1,1,752.91
101,1,1,5,0,72,2,8,3,1,1,1,837.11
101,1,1,5,0,73,11,6,8,2,2,1,944.7
101,1,1,5,0,74,6,8,5,1,1,1,2579.8
101,1,1,5,0,75,6,8,5,1,1,1,714.87
101,1,1,5,0,76,4,8,4,1,1,1,684.27
101,1,1,5,0,77,3,6,4,1,1,1,677.02
101,1,1,5,0,78,3,6,4,1,1,1,690.44
101,1,1,5,0,79,12,8,8,2,2,1,660.16
101,1,1,5,0,80,10,8,7,2,2,1,583.55
101,1,1,5,0,81,5,6,5,1,1,1,1160
101,1,1,5,0,82,1,6,3,1,1,1,687.96
101,1,1,5,0,83,6,8,5,1,1,1,1947.5
101,1,1,5,0,84,4,8,4,1,1,1,821.94
101,1,1,5,0,85,8,8,6,2,2,1,844.82
101,1,1,5,0,86,7,6,6,2,2,1,4782.1
101,1,1,5,0,87,8,8,6,2,2,1,1000.9
101,1,1,5,0,88,1,6,3,1,1,1,735.77
101,1,1,5,0,89,10,8,7,2,2,1,593.71
101,1,1,5,0,90,12,8,8,2,2,1,585.68
101,1,1,5,0,91,8,8,6,2,2,1,811.01
101,1,1,5,0,92,12,8,8,2,2,1,724.78
101,1,1,5,0,93,10,8,7,2,2,1,487.98
101,1,1,5,0,94,1,6,3,1,1,1,724.45
101,1,1,5,0,95,6,8,5,1,1,1,1753.4
101,1,1,5,0,96,7,6,6,2,2,1,2531.8
101,1,1,5,0,97,12,8,8,2,2,1,1483
101,1,1,5,0,98,11,6,8,2,2,1,713.52
101,1,1,5,0,99,2,8,3,1,1,1,919.1
101,1,1,5,0,100,11,6,8,2,2,1,651.26
101,1,1,5,0,101,10,8,7,2,2,1,1248.7
101,1,1,5,0,102,10,8,7,2,2,1,734.02
101,1,1,5,0,103,3,6,4,1,1,1,1445.6
101,1,1,5,0,104,7,6,6,2,2,1,2956.6
101,1,1,5,0,105,3,6,4,1,1,1,924.61
101,1,1,5,0,106,1,6,3,1,1,1,786.15
101,1,1,5,0,107,5,6,5,1,1,1,2406.1
101,1,1,5,0,108,6,8,5,1,1,1,1187.2
101,1,1,5,0,109,1,6,3,1,1,1,696.42
101,1,1,5,0,110,9,6,7,2,2,1,786
101,1,1,5,0,111,8,8,6,2,2,1,3525.1
101,1,1,5,0,112,11,6,8,2,2,1,724.14
101,1,1,5,0,113,6,8,5,1,1,1,1970.2
101,1,1,5,0,114,4,8,4,1,1,1,804.92
101,1,1,5,0,115,7,6,6,2,2,1,2379.4
101,1,1,5,0,116,9,6,7,2,2,1,781.64
101,1,1,5,0,117,11,6,8,2,2,1,1437.3
101,1,1,5,0,118,2,8,3,1,1,1,776.25
101,1,1,5,0,119,12,8,8,2,2,1,636.98
101,1,1,5,0,120,5,6,5,1,1,1,2086.6
101,1,1,6,0,1,1,6,3,1,1,1,1194.1
101,1,1,6,0,2,10,8,7,2,2,1,831.76
101,1,1,6,0,3,10,8,7,2,2,1,630.84
101,1,1,6,0,4,1,6,3,1,1,1,861.89
101,1,1,6,0,5,10,8,7,2,2,1,565.17
101,1,1,6,0,6,8,8,6,2,2,1,847.92
101,1,1,6,0,7,6,8,5,1,1,1,1652.4
101,1,1,6,0,8,5,6,5,1,2,0,1112.1
101,1,1,6,0,9,6,8,5,1,1,1,969.59
101,1,1,6,0,10,11,6,8,2,2,1,655.22
101,1,1,6,0,11,7,6,6,2,2,1,1635.7
101,1,1,6,0,12,7,6,6,2,2,1,710.63
101,1,1,6,0,13,5,6,5,1,1,1,3411.7
101,1,1,6,0,14,12,8,8,2,2,1,583.24
101,1,1,6,0,15,8,8,6,2,2,1,2194.6
101,1,1,6,0,16,4,8,4,1,1,1,1050.1
101,1,1,6,0,17,10,8,7,2,2,1,664.83
101,1,1,6,0,18,12,8,8,2,2,1,628.97
101,1,1,6,0,19,11,6,8,2,2,1,596.76
101,1,1,6,0,20,2,8,3,1,1,1,779.38
101,1,1,6,0,21,6,8,5,1,1,1,9006.9
101,1,1,6,0,22,2,8,3,1,1,1,854.54
101,1,1,6,0,23,1,6,3,1,1,1,830.95
101,1,1,6,0,24,12,8,8,2,2,1,912.04
101,1,1,6,0,25,11,6,8,2,2,1,1989.4
101,1,1,6,0,26,1,6,3,1,1,1,930.96
101,1,1,6,0,27,11,6,8,2,2,1,734.91
101,1,1,6,0,28,5,6,5,1,2,0,3019.7
101,1,1,6,0,29,8,8,6,2,2,1,3111.2
101,1,1,6,0,30,10,8,7,2,2,1,627
101,1,1,6,0,31,8,8,6,2,1,0,1987.8
101,1,1,6,0,32,4,8,4,1,1,1,896.38
101,1,1,6,0,33,10,8,7,2,2,1,563.57
101,1,1,6,0,34,1,6,3,1,1,1,764.78
101,1,1,6,0,35,10,8,7,2,2,1,719.03
101,1,1,6,0,36,9,6,7,2,2,1,597.68
101,1,1,6,0,37,2,8,3,1,1,1,762.69
101,1,1,6,0,38,5,6,5,1,1,1,3930.3
101,1,1,6,0,39,3,6,4,1,1,1,926.48
101,1,1,6,0,40,2,8,3,1,1,1,657.67
101,1,1,6,0,41,12,8,8,2,2,1,726.14
101,1,1,6,0,42,9,6,7,2,2,1,955.23
101,1,1,6,0,43,11,6,8,2,2,1,671.2
101,1,1,6,0,44,5,6,5,1,1,1,2560.4
101,1,1,6,0,45,11,6,8,2,2,1,665.1
101,1,1,6,0,46,6,8,5,1,1,1,1602.2
101,1,1,6,0,47,10,8,7,2,2,1,788
101,1,1,6,0,48,7,6,6,2,2,1,3127.5
101,1,1,6,0,49,2,8,3,1,1,1,926.57
101,1,1,6,0,50,7,6,6,2,2,1,1549.1
101,1,1,6,0,51,4,8,4,1,1,1,826.38
101,1,1,6,0,52,3,6,4,1,1,1,1471.6
101,1,1,6,0,53,8,8,6,2,2,1,1074.7
101,1,1,6,0,54,9,6,7,2,2,1,2007.8
101,1,1,6,0,55,6,8,5,1,1,1,1535.2
101,1,1,6,0,56,3,6,4,1,1,1,644.51
101,1,1,6,0,57,8,8,6,2,2,1,717.8
101,1,1,6,0,58,5,6,5,1,1,1,1204.7
101,1,1,6,0,59,4,8,4,1,1,1,846.39
101,1,1,6,0,60,9,6,7,2,2,1,606.78
101,1,1,6,0,61,11,6,8,2,2,1,574.76
101,1,1,6,0,62,1,6,3,1,1,1,572.6
101,1,1,6,0,63,9,6,7,2,2,1,454.52
101,1,1,6,0,64,12,8,8,2,2,1,707.63
101,1,1,6,0,65,3,6,4,1,1,1,586
101,1,1,6,0,66,12,8,8,2,2,1,676.91
101,1,1,6,0,67,6,8,5,1,1,1,1083.8
101,1,1,6,0,68,10,8,7,2,2,1,520.74
101,1,1,6,0,69,12,8,8,2,2,1,750.55
101,1,1,6,0,70,2,8,3,1,1,1,715.22
101,1,1,6,0,71,3,6,4,1,1,1,837.13
101,1,1,6,0,72,5,6,5,1,1,1,2085.4
101,1,1,6,0,73,3,6,4,1,1,1,966.1
101,1,1,6,0,74,11,6,8,2,2,1,743.9
101,1,1,6,0,75,6,8,5,1,1,1,1093.2
101,1,1,6,0,76,8,8,6,2,2,1,1319
101,1,1,6,0,77,9,6,7,2,2,1,727.64
101,1,1,6,0,78,6,8,5,1,1,1,1159.4
101,1,1,6,0,79,1,6,3,1,1,1,758.9
101,1,1,6,0,80,12,8,8,2,2,1,604.46
101,1,1,6,0,81,7,6,6,2,2,1,760.54
101,1,1,6,0,82,4,8,4,1,1,1,838.87
101,1,1,6,0,83,12,8,8,2,2,1,692.74
101,1,1,6,0,84,9,6,7,2,2,1,644.41
101,1,1,6,0,85,7,6,6,2,2,1,1451.3
101,1,1,6,0,86,6,8,5,1,1,1,995.35
101,1,1,6,0,87,7,6,6,2,2,1,1037.4
101,1,1,6,0,88,8,8,6,2,1,0,1068.8
101,1,1,6,0,89,4,8,4,1,1,1,807.55
101,1,1,6,0,90,2,8,3,1,1,1,807.13
101,1,1,6,0,91,9,6,7,2,2,1,641.51
101,1,1,6,0,92,3,6,4,1,1,1,722.83
101,1,1,6,0,93,3,6,4,1,1,1,753.8
101,1,1,6,0,94,9,6,7,2,2,1,645.32
101,1,1,6,0,95,11,6,8,2,2,1,567.29
101,1,1,6,0,96,7,6,6,2,2,1,1056.5
101,1,1,6,0,97,12,8,8,2,2,1,595.45
101,1,1,6,0,98,3,6,4,1,1,1,737.84
101,1,1,6,0,99,1,6,3,1,1,1,737.71
101,1,1,6,0,100,4,8,4,1,1,1,712.1
101,1,1,6,0,101,7,6,6,2,2,1,897.71
101,1,1,6,0,102,6,8,5,1,1,1,1138
101,1,1,6,0,103,8,8,6,2,2,1,1224.9
101,1,1,6,0,104,8,8,6,2,2,1,966.79
101,1,1,6,0,105,1,6,3,1,1,1,766.12
101,1,1,6,0,106,7,6,6,2,2,1,1109.4
101,1,1,6,0,107,5,6,5,1,1,1,1057.7
101,1,1,6,0,108,9,6,7,2,2,1,797.24
101,1,1,6,0,109,2,8,3,1,1,1,806.56
101,1,1,6,0,110,4,8,4,1,1,1,1066.5
101,1,1,6,0,111,2,8,3,1,1,1,1039.6
101,1,1,6,0,112,4,8,4,1,1,1,916.98
101,1,1,6,0,113,5,6,5,1,2,0,2726.8
101,1,1,6,0,114,1,6,3,1,1,1,605.8
101,1,1,6,0,115,3,6,4,1,1,1,639
101,1,1,6,0,116,4,8,4,1,1,1,652.73
101,1,1,6,0,117,2,8,3,1,1,1,825.17
101,1,1,6,0,118,10,8,7,2,2,1,858.61
101,1,1,6,0,119,11,6,8,2,2,1,617.06
101,1,1,6,0,120,5,6,5,1,2,0,1339.9
101,1,1,1,1,1,9,6,7,2,2,1,698.42
101,1,1,1,1,2,1,6,3,1,1,1,589.99
101,1,1,1,1,3,9,6,7,2,2,1,561.45
101,1,1,1,1,4,11,6,8,2,2,1,556.05
101,1,1,1,1,5,5,6,5,1,1,1,3366.2
101,1,1,1,1,6,3,6,4,1,1,1,670.97
101,1,1,1,1,7,7,6,6,2,2,1,1155.2
101,1,1,1,1,8,9,6,7,2,2,1,575.36
101,1,1,1,1,9,11,6,8,2,2,1,593.64
101,1,1,1,1,10,3,6,4,1,1,1,865.22
101,1,1,1,1,11,11,6,8,2,2,1,738.82
101,1,1,1,1,12,1,6,3,1,1,1,981.3
101,1,1,1,1,13,11,6,8,2,2,1,664.36
101,1,1,1,1,14,7,6,6,2,2,1,1286.1
101,1,1,1,1,15,1,6,3,1,1,1,727.75
101,1,1,1,1,16,9,6,7,2,2,1,578.45
101,1,1,1,1,17,7,6,6,2,2,1,596.09
101,1,1,1,1,18,7,6,6,2,1,0,2162.1
101,1,1,1,1,19,1,6,3,1,1,1,838.06
101,1,1,1,1,20,3,6,4,1,1,1,754.55
101,1,1,1,1,21,5,6,5,1,2,0,1457.9
101,1,1,1,1,22,3,6,4,1,1,1,767.6
101,1,1,1,1,23,5,6,5,1,1,1,920.38
101,1,1,1,1,24,5,6,5,1,1,1,676.28
101,1,1,1,0,1,11,6,8,2,2,1,604.13
101,1,1,1,0,2,11,6,8,2,2,1,593.55
101,1,1,1,0,3,3,6,4,1,1,1,684.56
101,1,1,1,0,4,11,6,8,2,2,1,566.35
101,1,1,1,0,5,5,6,5,1,1,1,1971.1
101,1,1,1,0,6,1,6,3,1,1,1,692.31
101,1,1,1,0,7,7,6,6,2,2,1,1723.1
101,1,1,1,0,8,11,6,8,2,2,1,909.41
101,1,1,1,0,9,1,6,3,1,1,1,846.67
101,1,1,1,0,10,1,6,3,1,1,1,771.02
101,1,1,1,0,11,9,6,7,2,2,1,612.63
101,1,1,1,0,12,5,6,5,1,1,1,2012
101,1,1,1,0,13,3,6,4,1,1,1,827.57
101,1,1,1,0,14,7,6,6,2,2,1,1020.3
101,1,1,1,0,15,7,6,6,2,2,1,919.3
101,1,1,1,0,16,7,6,6,2,2,1,942.83
101,1,1,1,0,17,11,6,8,2,2,1,795.09
101,1,1,1,0,18,7,6,6,2,2,1,1469.1
101,1,1,1,0,19,9,6,7,2,2,1,799.75
101,1,1,1,0,20,1,6,3,1,1,1,962.49
101,1,1,1,0,21,7,6,6,2,2,1,766.6
101,1,1,1,0,22,5,6,5,1,1,1,1399.5
101,1,1,1,0,23,11,6,8,2,2,1,903.85
101,1,1,1,0,24,5,6,5,1,1,1,1110
101,1,1,1,0,25,7,6,6,2,2,1,1372.6
101,1,1,1,0,26,11,6,8,2,2,1,634.49
101,1,1,1,0,27,7,6,6,2,2,1,1578.2
101,1,1,1,0,28,7,6,6,2,2,1,833.61
101,1,1,1,0,29,3,6,4,1,1,1,837.89
101,1,1,1,0,30,7,6,6,2,2,1,1182.4
101,1,1,1,0,31,9,6,7,2,2,1,797.59
101,1,1,1,0,32,1,6,3,1,1,1,938.35
101,1,1,1,0,33,3,6,4,1,1,1,952.75
101,1,1,1,0,34,5,6,5,1,1,1,1500.6
101,1,1,1,0,35,9,6,7,2,2,1,705.96
101,1,1,1,0,36,11,6,8,2,2,1,1017.3
101,1,1,1,0,37,9,6,7,2,2,1,773.94
101,1,1,1,0,38,1,6,3,1,1,1,815.73
101,1,1,1,0,39,11,6,8,2,2,1,586.88
101,1,1,1,0,40,9,6,7,2,2,1,1105.4
101,1,1,1,0,41,5,6,5,1,1,1,2070.4
101,1,1,1,0,42,5,6,5,1,1,1,1056.5
101,1,1,1,0,43,3,6,4,1,1,1,917.1
101,1,1,1,0,44,11,6,8,2,2,1,817.58
101,1,1,1,0,45,5,6,5,1,1,1,874.22
101,1,1,1,0,46,3,6,4,1,1,1,890.38
101,1,1,1,0,47,3,6,4,1,1,1,783.04
101,1,1,1,0,48,9,6,7,2,2,1,819.3
101,1,1,1,0,49,3,6,4,1,1,1,832.17
101,1,1,1,0,50,11,6,8,2,2,1,748.45
101,1,1,1,0,51,11,6,8,2,2,1,702.47
101,1,1,1,0,52,11,6,8,2,2,1,587.99
101,1,1,1,0,53,5,6,5,1,1,1,1178
101,1,1,1,0,54,3,6,4,1,1,1,748.1
101,1,1,1,0,55,9,6,7,2,2,1,956.16
101,1,1,1,0,56,7,6,6,2,2,1,1901.4
101,1,1,1,0,57,1,6,3,1,1,1,732.41
101,1,1,1,0,58,5,6,5,1,1,1,1120.6
101,1,1,1,0,59,11,6,8,2,2,1,744.82
101,1,1,1,0,60,9,6,7,2,2,1,1095.8
101,1,1,1,0,61,1,6,3,1,1,1,774.77
101,1,1,1,0,62,5,6,5,1,1,1,1338.5
101,1,1,1,0,63,1,6,3,1,1,1,798.55
101,1,1,1,0,64,3,6,4,1,1,1,1091.6
101,1,1,1,0,65,9,6,7,2,2,1,1255.9
101,1,1,1,0,66,1,6,3,1,1,1,717.56
101,1,1,1,0,67,5,6,5,1,1,1,1118.7
101,1,1,1,0,68,9,6,7,2,2,1,693.67
101,1,1,1,0,69,5,6,5,1,1,1,1346.4
101,1,1,1,0,70,7,6,6,2,2,1,2868.6
101,1,1,1,0,71,3,6,4,1,1,1,684.45
101,1,1,1,0,72,1,6,3,1,1,1,639.27
101,1,1,1,0,73,9,6,7,2,2,1,810.1
101,1,1,1,0,74,11,6,8,2,2,1,1406.8
101,1,1,1,0,75,3,6,4,1,1,1,645.02
101,1,1,1,0,76,9,6,7,2,2,1,542.62
101,1,1,1,0,77,7,6,6,2,2,1,1285.8
101,1,1,1,0,78,11,6,8,2,2,1,645.98
101,1,1,1,0,79,1,6,3,1,1,1,842.07
101,1,1,1,0,80,1,6,3,1,1,1,800.28
101,1,1,1,0,81,7,6,6,2,2,1,887.25
101,1,1,1,0,82,7,6,6,2,2,1,1468.3
101,1,1,1,0,83,3,6,4,1,1,1,663.27
101,1,1,1,0,84,7,6,6,2,2,1,1199.1
101,1,1,1,0,85,1,6,3,1,1,1,1100.4
101,1,1,1,0,86,9,6,7,2,2,1,796.47
101,1,1,1,0,87,5,6,5,1,1,1,967.51
101,1,1,1,0,88,5,6,5,1,1,1,953.56
101,1,1,1,0,89,9,6,7,2,2,1,649.35
101,1,1,1,0,90,5,6,5,1,1,1,854.24
101,1,1,1,0,91,7,6,6,2,2,1,1370.9
101,1,1,1,0,92,7,6,6,2,2,1,722.2
101,1,1,1,0,93,3,6,4,1,1,1,605.89
101,1,1,1,0,94,3,6,4,1,1,1,719.88
101,1,1,1,0,95,7,6,6,2,2,1,1437.2
101,1,1,1,0,96,9,6,7,2,2,1,669.43
101,1,1,1,0,97,11,6,8,2,2,1,617.57
101,1,1,1,0,98,5,6,5,1,1,1,904.68
101,1,1,1,0,99,1,6,3,1,1,1,702.32
101,1,1,1,0,100,3,6,4,1,1,1,638.18
101,1,1,1,0,101,1,6,3,1,1,1,634.76
101,1,1,1,0,102,5,6,5,1,1,1,1229.7
101,1,1,1,0,103,1,6,3,1,1,1,702.11
101,1,1,1,0,104,3,6,4,1,1,1,819.75
101,1,1,1,0,105,11,6,8,2,2,1,801.05
101,1,1,1,0,106,5,6,5,1,1,1,943.09
101,1,1,1,0,107,3,6,4,1,1,1,731.12
101,1,1,1,0,108,3,6,4,1,1,1,627.7
101,1,1,1,0,109,9,6,7,2,2,1,739.54
101,1,1,1,0,110,9,6,7,2,2,1,821.56
101,1,1,1,0,111,9,6,7,2,2,1,894.57
101,1,1,1,0,112,7,6,6,2,2,1,1082
101,1,1,1,0,113,11,6,8,2,2,1,650.64
101,1,1,1,0,114,11,6,8,2,2,1,759.45
101,1,1,1,0,115,9,6,7,2,2,1,676.42
101,1,1,1,0,116,1,6,3,1,1,1,790.37
101,1,1,1,0,117,3,6,4,1,1,1,660.49
101,1,1,1,0,118,1,6,3,1,1,1,631.92
101,1,1,1,0,119,1,6,3,1,1,1,605.88
101,1,1,1,0,120,5,6,5,1,1,1,1477.5
101,1,1,2,1,1,12,8,8,2,2,1,1730.8
101,1,1,2,1,2,12,8,8,2,2,1,501.75
101,1,1,2,1,3,6,8,5,1,1,1,785.61
101,1,1,2,1,4,8,8,6,2,2,1,2789
101,1,1,2,1,5,10,8,7,2,2,1,658.45
101,1,1,2,1,6,12,8,8,2,2,1,1215.6
101,1,1,2,1,7,2,8,3,1,1,1,711.01
101,1,1,2,1,8,8,8,6,2,1,0,1320.3
101,1,1,2,1,9,6,8,5,1,1,1,1061.8
101,1,1,2,1,10,10,8,7,2,2,1,645.32
101,1,1,2,1,11,8,8,6,2,2,1,1772.1
101,1,1,2,1,12,4,8,4,1,1,1,613.49
101,1,1,2,1,13,10,8,7,2,2,1,647.51
101,1,1,2,1,14,4,8,4,1,1,1,854.28
101,1,1,2,1,15,12,8,8,2,2,1,615.57
101,1,1,2,1,16,2,8,3,1,1,1,602.94
101,1,1,2,1,17,8,8,6,2,2,1,879.23
101,1,1,2,1,18,4,8,4,1,1,1,923.73
101,1,1,2,1,19,10,8,7,2,2,1,528.76
101,1,1,2,1,20,6,8,5,1,1,1,1749.1
101,1,1,2,1,21,2,8,3,1,1,1,725.54
101,1,1,2,1,22,6,8,5,1,1,1,823.06
101,1,1,2,1,23,4,8,4,1,1,1,639.1
101,1,1,2,1,24,2,8,3,1,1,1,1199.8
101,1,1,2,0,1,8,8,6,2,2,1,618.56
101,1,1,2,0,2,6,8,5,1,1,1,1192.9
101,1,1,2,0,3,6,8,5,1,1,1,744.94
101,1,1,2,0,4,4,8,4,1,1,1,677.66
101,1,1,2,0,5,4,8,4,1,1,1,609.15
101,1,1,2,0,6,12,8,8,2,2,1,615.99
101,1,1,2,0,7,4,8,4,1,1,1,999.34
101,1,1,2,0,8,2,8,3,1,1,1,751.39
101,1,1,2,0,9,8,8,6,2,2,1,1871.1
101,1,1,2,0,10,8,8,6,2,1,0,2075.3
101,1,1,2,0,11,8,8,6,2,2,1,799.65
101,1,1,2,0,12,6,8,5,1,1,1,1089.8
101,1,1,2,0,13,2,8,3,1,1,1,714.97
101,1,1,2,0,14,10,8,7,2,2,1,874.39
101,1,1,2,0,15,2,8,3,1,1,1,810.29
101,1,1,2,0,16,4,8,4,1,1,1,1017.2
101,1,1,2,0,17,12,8,8,2,2,1,709.2
101,1,1,2,0,18,4,8,4,1,1,1,747.75
101,1,1,2,0,19,10,8,7,2,2,1,1385.3
101,1,1,2,0,20,8,8,6,2,2,1,1608.5
101,1,1,2,0,21,10,8,7,2,2,1,949.72
101,1,1,2,0,22,10,8,7,2,2,1,993.96
101,1,1,2,0,23,10,8,7,2,2,1,648.41
101,1,1,2,0,24,10,8,7,2,2,1,970.04
101,1,1,2,0,25,2,8,3,1,1,1,904.1
101,1,1,2,0,26,12,8,8,2,2,1,506.01
101,1,1,2,0,27,8,8,6,2,2,1,827.08
101,1,1,2,0,28,6,8,5,1,1,1,1040.9
101,1,1,2,0,29,12,8,8,2,2,1,663.95
101,1,1,2,0,30,2,8,3,1,1,1,700.38
101,1,1,2,0,31,10,8,7,2,2,1,618.73
101,1,1,2,0,32,2,8,3,1,1,1,837.38
101,1,1,2,0,33,2,8,3,1,1,1,813.1
101,1,1,2,0,34,12,8,8,2,2,1,1053.4
101,1,1,2,0,35,12,8,8,2,2,1,1171.4
101,1,1,2,0,36,4,8,4,1,1,1,721.96
101,1,1,2,0,37,2,8,3,1,1,1,943.26
101,1,1,2,0,38,2,8,3,1,1,1,617.89
101,1,1,2,0,39,12,8,8,2,2,1,575.38
101,1,1,2,0,40,8,8,6,2,2,1,1759.4
101,1,1,2,0,41,4,8,4,1,1,1,699.33
101,1,1,2,0,42,6,8,5,1,1,1,1027.3
101,1,1,2,0,43,2,8,3,1,1,1,720.67
101,1,1,2,0,44,4,8,4,1,1,1,1488.5
101,1,1,2,0,45,2,8,3,1,1,1,806.76
101,1,1,2,0,46,10,8,7,2,2,1,676.71
101,1,1,2,0,47,8,8,6,2,2,1,874.58
101,1,1,2,0,48,12,8,8,2,2,1,500.48
101,1,1,2,0,49,10,8,7,2,2,1,510.71
101,1,1,2,0,50,4,8,4,1,1,1,707.36
101,1,1,2,0,51,12,8,8,2,2,1,573.72
101,1,1,2,0,52,12,8,8,2,2,1,635.45
101,1,1,2,0,53,6,8,5,1,1,1,980.83
101,1,1,2,0,54,4,8,4,1,1,1,1292.5
101,1,1,2,0,55,2,8,3,1,1,1,1422.8
101,1,1,2,0,56,8,8,6,2,2,1,1080.9
101,1,1,2,0,57,12,8,8,2,2,1,930.89
101,1,1,2,0,58,12,8,8,2,2,1,581.01
101,1,1,2,0,59,6,8,5,1,1,1,940.71
101,1,1,2,0,60,12,8,8,2,2,1,749.03
101,1,1,2,0,61,4,8,4,1,1,1,764.22
101,1,1,2,0,62,8,8,6,2,2,1,1244.3
101,1,1,2,0,63,2,8,3,1,1,1,760.01
101,1,1,2,0,64,4,8,4,1,1,1,1386.9
101,1,1,2,0,65,10,8,7,2,2,1,954.56
101,1,1,2,0,66,2,8,3,1,1,1,1269.5
101,1,1,2,0,67,8,8,6,2,2,1,916.18
101,1,1,2,0,68,2,8,3,1,1,1,876.38
101,1,1,2,0,69,12,8,8,2,2,1,654.83
101,1,1,2,0,70,6,8,5,1,1,1,1470.5
101,1,1,2,0,71,4,8,4,1,1,1,1491.4
101,1,1,2,0,72,2,8,3,1,1,1,908.24
101,1,1,2,0,73,12,8,8,2,2,1,671.74
101,1,1,2,0,74,6,8,5,1,1,1,938.46
101,1,1,2,0,75,6,8,5,1,1,1,1030.6
101,1,1,2,0,76,8,8,6,2,2,1,1258.7
101,1,1,2,0,77,6,8,5,1,1,1,1104.2
101,1,1,2,0,78,2,8,3,1,1,1,944.45
101,1,1,2,0,79,4,8,4,1,1,1,729.81
101,1,1,2,0,80,12,8,8,2,2,1,666.49
101,1,1,2,0,81,4,8,4,1,1,1,606.51
101,1,1,2,0,82,12,8,8,2,2,1,591.19
101,1,1,2,0,83,10,8,7,2,2,1,801.7
101,1,1,2,0,84,6,8,5,1,1,1,802.09
101,1,1,2,0,85,2,8,3,1,1,1,831.74
101,1,1,2,0,86,8,8,6,2,2,1,822.71
101,1,1,2,0,87,6,8,5,1,1,1,1105.5
101,1,1,2,0,88,8,8,6,2,2,1,1069.2
101,1,1,2,0,89,6,8,5,1,1,1,961.43
101,1,1,2,0,90,12,8,8,2,2,1,635.95
101,1,1,2,0,91,10,8,7,2,2,1,635.47
101,1,1,2,0,92,10,8,7,2,2,1,765.48
101,1,1,2,0,93,12,8,8,2,2,1,772.64
101,1,1,2,0,94,10,8,7,2,2,1,819.83
101,1,1,2,0,95,10,8,7,2,2,1,1138
101,1,1,2,0,96,4,8,4,1,1,1,883.34
101,1,1,2,0,97,6,8,5,1,1,1,1009.1
101,1,1,2,0,98,6,8,5,1,1,1,817.72
101,1,1,2,0,99,8,8,6,2,2,1,1065.1
101,1,1,2,0,100,4,8,4,1,1,1,805.54
101,1,1,2,0,101,8,8,6,2,2,1,1066.2
101,1,1,2,0,102,8,8,6,2,2,1,706.91
101,1,1,2,0,103,10,8,7,2,2,1,856.85
101,1,1,2,0,104,10,8,7,2,2,1,613.98
101,1,1,2,0,105,12,8,8,2,2,1,599.23
101,1,1,2,0,106,10,8,7,2,2,1,587.95
101,1,1,2,0,107,8,8,6,2,1,0,1241.3
101,1,1,2,0,108,8,8,6,2,2,1,832.93
101,1,1,2,0,109,6,8,5,1,1,1,805.71
101,1,1,2,0,110,10,8,7,2,2,1,821.94
101,1,1,2,0,111,4,8,4,1,1,1,808.59
101,1,1,2,0,112,2,8,3,1,1,1,656.43
101,1,1,2,0,113,6,8,5,1,1,1,1145.2
101,1,1,2,0,114,8,8,6,2,2,1,1029.5
101,1,1,2,0,115,6,8,5,1,1,1,910.81
101,1,1,2,0,116,10,8,7,2,2,1,644.39
101,1,1,2,0,117,4,8,4,1,1,1,755.89
101,1,1,2,0,118,4,8,4,1,1,1,844.78
101,1,1,2,0,119,6,8,5,1,1,1,924.02
101,1,1,2,0,120,2,8,3,1,1,1,863.23
101,1,1,4,1,1,7,6,6,2,2,1,779
101,1,1,4,1,2,7,6,6,2,2,1,600.51
101,1,1,4,1,3,6,8,5,1,1,1,1003.7
101,1,1,4,1,4,11,6,8,2,2,1,587.46
101,1,1,4,1,5,6,8,5,1,1,1,974.26
101,1,1,4,1,6,7,6,6,2,2,1,634.8
101,1,1,4,1,7,4,8,4,1,1,1,740.3
101,1,1,4,1,8,2,8,3,1,1,1,698.48
101,1,1,4,1,9,2,8,3,1,1,1,647.95
101,1,1,4,1,10,4,8,4,1,1,1,1110.7
101,1,1,4,1,11,11,6,8,2,2,1,630.9
101,1,1,4,1,12,9,6,7,2,2,1,716.93
101,1,1,4,1,13,9,6,7,2,2,1,790.58
101,1,1,4,1,14,11,6,8,2,2,1,578.63
101,1,1,4,1,15,6,8,5,1,1,1,792.57
101,1,1,4,1,16,4,8,4,1,1,1,1399.8
101,1,1,4,1,17,9,6,7,2,2,1,920.09
101,1,1,4,1,18,2,8,3,1,1,1,765.24
101,1,1,4,1,19,9,6,7,2,2,1,899.83
101,1,1,4,1,20,4,8,4,1,1,1,866.88
101,1,1,4,1,21,6,8,5,1,1,1,1214
101,1,1,4,1,22,7,6,6,2,2,1,741.69
101,1,1,4,1,23,11,6,8,2,2,1,697.86
101,1,1,4,1,24,2,8,3,1,1,1,764.29
101,1,1,4,0,1,7,6,6,2,2,1,663.74
101,1,1,4,0,2,9,6,7,2,2,1,746.9
101,1,1,4,0,3,9,6,7,2,2,1,536.39
101,1,1,4,0,4,7,6,6,2,2,1,1045.6
101,1,1,4,0,5,6,8,5,1,1,1,1207.5
101,1,1,4,0,6,2,8,3,1,1,1,725.94
101,1,1,4,0,7,6,8,5,1,1,1,2056.6
101,1,1,4,0,8,7,6,6,2,2,1,823.6
101,1,1,4,0,9,6,8,5,1,1,1,897.38
101,1,1,4,0,10,11,6,8,2,2,1,683.83
101,1,1,4,0,11,11,6,8,2,2,1,663.88
101,1,1,4,0,12,9,6,7,2,2,1,860.02
101,1,1,4,0,13,4,8,4,1,1,1,854.5
101,1,1,4,0,14,9,6,7,2,2,1,623.44
101,1,1,4,0,15,6,8,5,1,1,1,787.4
101,1,1,4,0,16,6,8,5,1,1,1,659.21
101,1,1,4,0,17,11,6,8,2,2,1,733.24
101,1,1,4,0,18,2,8,3,1,1,1,634.02
101,1,1,4,0,19,7,6,6,2,2,1,1022.2
101,1,1,4,0,20,4,8,4,1,1,1,755.65
101,1,1,4,0,21,2,8,3,1,1,1,719.62
101,1,1,4,0,22,9,6,7,2,2,1,754.93
101,1,1,4,0,23,7,6,6,2,2,1,727.72
101,1,1,4,0,24,2,8,3,1,1,1,757.66
101,1,1,4,0,25,2,8,3,1,1,1,697.52
101,1,1,4,0,26,4,8,4,1,1,1,711.49
101,1,1,4,0,27,4,8,4,1,1,1,726.46
101,1,1,4,0,28,4,8,4,1,1,1,837.74
101,1,1,4,0,29,11,6,8,2,2,1,659.57
101,1,1,4,0,30,9,6,7,2,2,1,1260.1
101,1,1,4,0,31,4,8,4,1,1,1,726.26
101,1,1,4,0,32,6,8,5,1,1,1,1456.7
101,1,1,4,0,33,9,6,7,2,2,1,792.69
101,1,1,4,0,34,11,6,8,2,2,1,668.47
101,1,1,4,0,35,7,6,6,2,2,1,1644.7
101,1,1,4,0,36,4,8,4,1,1,1,760.4
101,1,1,4,0,37,9,6,7,2,2,1,648.65
101,1,1,4,0,38,11,6,8,2,2,1,1127.8
101,1,1,4,0,39,11,6,8,2,2,1,701.81
101,1,1,4,0,40,11,6,8,2,2,1,552.98
101,1,1,4,0,41,2,8,3,1,1,1,1049.6
101,1,1,4,0,42,9,6,7,2,2,1,807.81
101,1,1,4,0,43,9,6,7,2,2,1,574.79
101,1,1,4,0,44,9,6,7,2,2,1,834.72
101,1,1,4,0,45,6,8,5,1,1,1,1094.5
101,1,1,4,0,46,4,8,4,1,1,1,762.86
101,1,1,4,0,47,9,6,7,2,2,1,720.76
101,1,1,4,0,48,11,6,8,2,2,1,556.8
101,1,1,4,0,49,7,6,6,2,2,1,1210.9
101,1,1,4,0,50,4,8,4,1,1,1,914.99
101,1,1,4,0,51,6,8,5,1,1,1,1038.3
101,1,1,4,0,52,11,6,8,2,2,1,632.47
101,1,1,4,0,53,7,6,6,2,2,1,907.46
101,1,1,4,0,54,4,8,4,1,1,1,793.4
101,1,1,4,0,55,7,6,6,2,2,1,803.56
101,1,1,4,0,56,2,8,3,1,1,1,1188.8
101,1,1,4,0,57,9,6,7,2,2,1,828.02
101,1,1,4,0,58,7,6,6,2,2,1,856.71
101,1,1,4,0,59,11,6,8,2,2,1,680.81
101,1,1,4,0,60,11,6,8,2,2,1,633.28
101,1,1,4,0,61,11,6,8,2,2,1,963.88
101,1,1,4,0,62,2,8,3,1,1,1,1118
101,1,1,4,0,63,6,8,5,1,1,1,1729.2
101,1,1,4,0,64,2,8,3,1,1,1,678.78
101,1,1,4,0,65,2,8,3,1,1,1,726.94
101,1,1,4,0,66,9,6,7,2,2,1,637.75
101,1,1,4,0,67,7,6,6,2,2,1,588.87
101,1,1,4,0,68,2,8,3,1,1,1,743.82
101,1,1,4,0,69,7,6,6,2,2,1,695.5
101,1,1,4,0,70,2,8,3,1,1,1,770.71
101,1,1,4,0,71,6,8,5,1,1,1,995.3
101,1,1,4,0,72,7,6,6,2,2,1,641.92
101,1,1,4,0,73,6,8,5,1,1,1,889.42
101,1,1,4,0,74,4,8,4,1,1,1,829.1
101,1,1,4,0,75,11,6,8,2,2,1,643.44
101,1,1,4,0,76,6,8,5,1,1,1,702.24
101,1,1,4,0,77,4,8,4,1,1,1,667.92
101,1,1,4,0,78,7,6,6,2,2,1,951.83
101,1,1,4,0,79,2,8,3,1,1,1,1018.5
101,1,1,4,0,80,6,8,5,1,1,1,864.92
101,1,1,4,0,81,2,8,3,1,1,1,626.08
101,1,1,4,0,82,11,6,8,2,2,1,677.38
101,1,1,4,0,83,9,6,7,2,2,1,728.73
101,1,1,4,0,84,6,8,5,1,1,1,1098.6
101,1,1,4,0,85,2,8,3,1,1,1,653.21
101,1,1,4,0,86,2,8,3,1,1,1,628.27
101,1,1,4,0,87,6,8,5,1,1,1,695.5
101,1,1,4,0,88,11,6,8,2,2,1,777.43
101,1,1,4,0,89,4,8,4,1,1,1,711.23
101,1,1,4,0,90,4,8,4,1,1,1,712.79
101,1,1,4,0,91,4,8,4,1,1,1,612.79
101,1,1,4,0,92,11,6,8,2,2,1,564.97
101,1,1,4,0,93,11,6,8,2,2,1,585.49
101,1,1,4,0,94,7,6,6,2,2,1,1028.1
101,1,1,4,0,95,6,8,5,1,1,1,846.11
101,1,1,4,0,96,9,6,7,2,2,1,629.75
101,1,1,4,0,97,9,6,7,2,2,1,655.02
101,1,1,4,0,98,9,6,7,2,2,1,602.56
101,1,1,4,0,99,6,8,5,1,1,1,1150.5
101,1,1,4,0,100,6,8,5,1,1,1,628.08
101,1,1,4,0,101,4,8,4,1,1,1,706.07
101,1,1,4,0,102,2,8,3,1,1,1,760.37
101,1,1,4,0,103,9,6,7,2,2,1,695.67
101,1,1,4,0,104,7,6,6,2,2,1,852.14
101,1,1,4,0,105,2,8,3,1,1,1,1346.8
101,1,1,4,0,106,4,8,4,1,1,1,1012.2
101,1,1,4,0,107,4,8,4,1,1,1,1101.4
101,1,1,4,0,108,7,6,6,2,2,1,965.04
101,1,1,4,0,109,4,8,4,1,1,1,767.41
101,1,1,4,0,110,7,6,6,2,2,1,775.53
101,1,1,4,0,111,6,8,5,1,1,1,779.53
101,1,1,4,0,112,4,8,4,1,1,1,923.55
101,1,1,4,0,113,11,6,8,2,2,1,1138.2
101,1,1,4,0,114,2,8,3,1,1,1,972.26
101,1,1,4,0,115,7,6,6,2,2,1,792.65
101,1,1,4,0,116,2,8,3,1,1,1,731.89
101,1,1,4,0,117,11,6,8,2,2,1,730.89
101,1,1,4,0,118,6,8,5,1,1,1,801.75
101,1,1,4,0,119,9,6,7,2,2,1,942.57
101,1,1,4,0,120,7,6,6,2,2,1,718.91
101,1,1,3,1,1,5,6,5,1,2,0,1109
101,1,1,3,1,2,5,6,5,1,1,1,981.72
101,1,1,3,1,3,12,8,8,2,2,1,720.5
101,1,1,3,1,4,1,6,3,1,1,1,700.12
101,1,1,3,1,5,8,8,6,2,2,1,1602.2
101,1,1,3,1,6,3,6,4,1,1,1,942.76
101,1,1,3,1,7,12,8,8,2,2,1,751.57
101,1,1,3,1,8,10,8,7,2,2,1,731.26
101,1,1,3,1,9,5,6,5,1,1,1,715.48
101,1,1,3,1,10,10,8,7,2,2,1,590.97
101,1,1,3,1,11,1,6,3,1,1,1,1551.4
101,1,1,3,1,12,12,8,8,2,2,1,730.67
101,1,1,3,1,13,3,6,4,1,1,1,706.47
101,1,1,3,1,14,12,8,8,2,2,1,702.06
101,1,1,3,1,15,10,8,7,2,2,1,880.52
101,1,1,3,1,16,3,6,4,1,1,1,944.98
101,1,1,3,1,17,3,6,4,1,1,1,689.49
101,1,1,3,1,18,10,8,7,2,2,1,1175.8
101,1,1,3,1,19,1,6,3,1,1,1,703.36
101,1,1,3,1,20,8,8,6,2,2,1,917.56
101,1,1,3,1,21,8,8,6,2,2,1,1036.5
101,1,1,3,1,22,5,6,5,1,2,0,1622.1
101,1,1,3,1,23,8,8,6,2,2,1,2557.6
101,1,1,3,1,24,1,6,3,1,1,1,668.91
101,1,1,3,0,1,1,6,3,1,1,1,780.98
101,1,1,3,0,2,5,6,5,1,1,1,2164.7
101,1,1,3,0,3,12,8,8,2,2,1,651.29
101,1,1,3,0,4,5,6,5,1,1,1,2019.6
101,1,1,3,0,5,8,8,6,2,2,1,2948.3
101,1,1,3,0,6,12,8,8,2,2,1,863.98
101,1,1,3,0,7,1,6,3,1,1,1,1263
101,1,1,3,0,8,10,8,7,2,2,1,628.8
101,1,1,3,0,9,3,6,4,1,1,1,794.17
101,1,1,3,0,10,12,8,8,2,2,1,698.37
101,1,1,3,0,11,8,8,6,2,1,0,2621.7
101,1,1,3,0,12,8,8,6,2,2,1,768.36
101,1,1,3,0,13,3,6,4,1,1,1,688.68
101,1,1,3,0,14,12,8,8,2,2,1,610.1
101,1,1,3,0,15,3,6,4,1,1,1,636.97
101,1,1,3,0,16,12,8,8,2,2,1,739.68
101,1,1,3,0,17,1,6,3,1,1,1,629.47
101,1,1,3,0,18,12,8,8,2,2,1,566.94
101,1,1,3,0,19,3,6,4,1,1,1,660.64
101,1,1,3,0,20,8,8,6,2,1,0,1794.4
101,1,1,3,0,21,12,8,8,2,2,1,832.76
101,1,1,3,0,22,8,8,6,2,2,1,1589.9
101,1,1,3,0,23,8,8,6,2,2,1,655.71
101,1,1,3,0,24,3,6,4,1,1,1,678.14
101,1,1,3,0,25,3,6,4,1,1,1,666.13
101,1,1,3,0,26,5,6,5,1,2,0,1429
101,1,1,3,0,27,10,8,7,2,2,1,724.53
101,1,1,3,0,28,12,8,8,2,2,1,713.46
101,1,1,3,0,29,5,6,5,1,1,1,1338.4
101,1,1,3,0,30,8,8,6,2,1,0,2345.4
101,1,1,3,0,31,10,8,7,2,2,1,766.98
101,1,1,3,0,32,12,8,8,2,2,1,831.42
101,1,1,3,0,33,5,6,5,1,1,1,936.23
101,1,1,3,0,34,3,6,4,1,1,1,739.25
101,1,1,3,0,35,8,8,6,2,2,1,2517.4
101,1,1,3,0,36,12,8,8,2,2,1,1217.7
101,1,1,3,0,37,1,6,3,1,1,1,682.65
101,1,1,3,0,38,1,6,3,1,1,1,605.23
101,1,1,3,0,39,10,8,7,2,2,1,755.53
101,1,1,3,0,40,10,8,7,2,2,1,1061.3
101,1,1,3,0,41,1,6,3,1,1,1,590.36
101,1,1,3,0,42,1,6,3,1,1,1,587.52
101,1,1,3,0,43,1,6,3,1,1,1,553.28
101,1,1,3,0,44,1,6,3,1,1,1,692.58
101,1,1,3,0,45,8,8,6,2,2,1,1373
101,1,1,3,0,46,12,8,8,2,2,1,749.77
101,1,1,3,0,47,10,8,7,2,2,1,726.37
101,1,1,3,0,48,3,6,4,1,1,1,823.45
101,1,1,3,0,49,1,6,3,1,1,1,693.07
101,1,1,3,0,50,8,8,6,2,2,1,2604
101,1,1,3,0,51,12,8,8,2,2,1,607.14
101,1,1,3,0,52,1,6,3,1,1,1,627.57
101,1,1,3,0,53,5,6,5,1,2,0,1853
101,1,1,3,0,54,5,6,5,1,1,1,1043.4
101,1,1,3,0,55,8,8,6,2,2,1,3428.6
101,1,1,3,0,56,5,6,5,1,1,1,806.84
101,1,1,3,0,57,1,6,3,1,1,1,1258
101,1,1,3,0,58,8,8,6,2,2,1,866.78
101,1,1,3,0,59,12,8,8,2,2,1,589.83
101,1,1,3,0,60,5,6,5,1,1,1,953.96
101,1,1,3,0,61,10,8,7,2,2,1,747.95
101,1,1,3,0,62,12,8,8,2,2,1,573.68
101,1,1,3,0,63,8,8,6,2,2,1,2476.2
101,1,1,3,0,64,1,6,3,1,1,1,543.34
101,1,1,3,0,65,1,6,3,1,1,1,680.7
101,1,1,3,0,66,8,8,6,2,2,1,1754
101,1,1,3,0,67,10,8,7,2,2,1,1394
101,1,1,3,0,68,3,6,4,1,1,1,630.18
101,1,1,3,0,69,8,8,6,2,2,1,2234.1
101,1,1,3,0,70,5,6,5,1,1,1,621.04
101,1,1,3,0,71,10,8,7,2,2,1,616.7
101,1,1,3,0,72,3,6,4,1,1,1,519.71
101,1,1,3,0,73,5,6,5,1,1,1,1673
101,1,1,3,0,74,5,6,5,1,1,1,600.25
101,1,1,3,0,75,5,6,5,1,1,1,544.39
101,1,1,3,0,76,3,6,4,1,1,1,665.28
101,1,1,3,0,77,1,6,3,1,1,1,624.85
101,1,1,3,0,78,10,8,7,2,2,1,723.03
101,1,1,3,0,79,1,6,3,1,1,1,515.69
101,1,1,3,0,80,10,8,7,2,2,1,680.54
101,1,1,3,0,81,8,8,6,2,2,1,1650
101,1,1,3,0,82,5,6,5,1,1,1,927.56
101,1,1,3,0,83,5,6,5,1,1,1,1615.1
101,1,1,3,0,84,3,6,4,1,1,1,581.73
101,1,1,3,0,85,5,6,5,1,1,1,988.93
101,1,1,3,0,86,1,6,3,1,1,1,590.62
101,1,1,3,0,87,10,8,7,2,2,1,923.55
101,1,1,3,0,88,12,8,8,2,2,1,624.77
101,1,1,3,0,89,12,8,8,2,2,1,705.75
101,1,1,3,0,90,1,6,3,1,1,1,748.88
101,1,1,3,0,91,5,6,5,1,1,1,1609
101,1,1,3,0,92,10,8,7,2,2,1,780.24
101,1,1,3,0,93,3,6,4,1,1,1,585.03
101,1,1,3,0,94,8,8,6,2,2,1,2815.7
101,1,1,3,0,95,3,6,4,1,1,1,657.91
101,1,1,3,0,96,3,6,4,1,1,1,763.84
101,1,1,3,0,97,12,8,8,2,2,1,895.69
101,1,1,3,0,98,10,8,7,2,2,1,798.26
101,1,1,3,0,99,10,8,7,2,2,1,582.97
101,1,1,3,0,100,12,8,8,2,2,1,758.78
101,1,1,3,0,101,12,8,8,2,2,1,549.41
101,1,1,3,0,102,10,8,7,2,2,1,689.36
101,1,1,3,0,103,12,8,8,2,2,1,554.91
101,1,1,3,0,104,3,6,4,1,1,1,991.34
101,1,1,3,0,105,5,6,5,1,1,1,1351.4
101,1,1,3,0,106,10,8,7,2,2,1,1362
101,1,1,3,0,107,3,6,4,1,1,1,1762.9
101,1,1,3,0,108,5,6,5,1,1,1,1160.6
101,1,1,3,0,109,1,6,3,1,1,1,786.67
101,1,1,3,0,110,3,6,4,1,1,1,1382.3
101,1,1,3,0,111,8,8,6,2,2,1,1009.6
101,1,1,3,0,112,3,6,4,1,1,1,572.17
101,1,1,3,0,113,10,8,7,2,2,1,695.71
101,1,1,3,0,114,8,8,6,2,2,1,1256
101,1,1,3,0,115,3,6,4,1,1,1,1036.3
101,1,1,3,0,116,5,6,5,1,1,1,918.03
101,1,1,3,0,117,1,6,3,1,1,1,583.15
101,1,1,3,0,118,10,8,7,2,2,1,775.51
101,1,1,3,0,119,10,8,7,2,2,1,863.28
101,1,1,3,0,120,8,8,6,2,2,1,754.47
