102,2,5,5,1,1,4,6,6,1,1,1,1071.4
102,2,5,5,1,2,4,6,6,1,1,1,660.79
102,2,5,5,1,3,10,12,6,2,2,1,535.09
102,2,5,5,1,4,1,4,5,1,1,1,630.71
102,2,5,5,1,5,9,12,5,2,2,1,1130.7
102,2,5,5,1,6,7,10,5,2,2,1,1166.6
102,2,5,5,1,7,9,12,5,2,2,1,581.6
102,2,5,5,1,8,11,14,5,2,2,1,357.21
102,2,5,5,1,9,1,4,5,1,1,1,417.31
102,2,5,5,1,10,6,8,6,1,1,1,2473.1
102,2,5,5,1,11,5,8,5,1,1,1,1247.9
102,2,5,5,1,12,5,8,5,1,1,1,667.83
102,2,5,5,1,13,12,14,6,2,2,1,409.45
102,2,5,5,1,14,11,14,5,2,2,1,630.25
102,2,5,5,1,15,8,10,6,2,1,0,1255.6
102,2,5,5,1,16,7,10,5,2,2,1,826.54
102,2,5,5,1,17,10,12,6,2,2,1,403.82
102,2,5,5,1,18,8,10,6,2,2,1,2232.1
102,2,5,5,1,19,6,8,6,1,1,1,535.58
102,2,5,5,1,20,3,6,5,1,1,1,405.3
102,2,5,5,1,21,3,6,5,1,1,1,302.29
102,2,5,5,1,22,2,4,6,1,1,1,329.29
102,2,5,5,1,23,2,4,6,1,1,1,294.41
102,2,5,5,1,24,12,14,6,2,2,1,372.28
102,2,5,5,0,1,1,4,5,1,1,1,390.64
102,2,5,5,0,2,2,4,6,1,1,1,458.01
102,2,5,5,0,3,7,10,5,2,2,1,420.13
102,2,5,5,0,4,9,12,5,2,2,1,834.23
102,2,5,5,0,5,8,10,6,2,2,1,796.48
102,2,5,5,0,6,7,10,5,2,2,1,479.41
102,2,5,5,0,7,6,8,6,1,1,1,515.68
102,2,5,5,0,8,4,6,6,1,1,1,524.39
102,2,5,5,0,9,6,8,6,1,1,1,456.76
102,2,5,5,0,10,7,10,5,2,2,1,687.63
102,2,5,5,0,11,10,12,6,2,2,1,468.09
102,2,5,5,0,12,10,12,6,2,2,1,343.75
102,2,5,5,0,13,8,10,6,2,2,1,763.89
102,2,5,5,0,14,2,4,6,1,1,1,315.79
102,2,5,5,0,15,2,4,6,1,1,1,311.51
102,2,5,5,0,16,9,12,5,2,2,1,402.53
102,2,5,5,0,17,1,4,5,1,1,1,361.3
102,2,5,5,0,18,11,14,5,2,2,1,399.55
102,2,5,5,0,19,12,14,6,2,2,1,417.77
102,2,5,5,0,20,1,4,5,1,1,1,338.36
102,2,5,5,0,21,2,4,6,1,1,1,412
102,2,5,5,0,22,8,10,6,2,2,1,490.16
102,2,5,5,0,23,6,8,6,1,1,1,633.31
102,2,5,5,0,24,12,14,6,2,2,1,642.69
102,2,5,5,0,25,12,14,6,2,2,1,392.19
102,2,5,5,0,26,5,8,5,1,1,1,710.08
102,2,5,5,0,27,8,10,6,2,1,0,680.77
102,2,5,5,0,28,11,14,5,2,2,1,427.75
102,2,5,5,0,29,5,8,5,1,1,1,463.72
102,2,5,5,0,30,3,6,5,1,1,1,436.11
102,2,5,5,0,31,4,6,6,1,1,1,400.93
102,2,5,5,0,32,5,8,5,1,1,1,1080.9
102,2,5,5,0,33,4,6,6,1,1,1,336.84
102,2,5,5,0,34,6,8,6,1,1,1,1045.2
102,2,5,5,0,35,3,6,5,1,1,1,383.5
102,2,5,5,0,36,10,12,6,2,2,1,386.52
102,2,5,5,0,37,7,10,5,2,2,1,618.51
102,2,5,5,0,38,11,14,5,2,2,1,401.63
102,2,5,5,0,39,6,8,6,1,1,1,422.85
102,2,5,5,0,40,1,4,5,1,1,1,434.96
102,2,5,5,0,41,3,6,5,1,1,1,424.76
102,2,5,5,0,42,8,10,6,2,2,1,969.4
102,2,5,5,0,43,8,10,6,2,2,1,386.71
102,2,5,5,0,44,10,12,6,2,2,1,318.14
102,2,5,5,0,45,10,12,6,2,2,1,449.37
102,2,5,5,0,46,9,12,5,2,2,1,413.75
102,2,5,5,0,47,7,10,5,2,2,1,625.15
102,2,5,5,0,48,12,14,6,2,2,1,341.68
102,2,5,5,0,49,3,6,5,1,1,1,426.19
102,2,5,5,0,50,2,4,6,1,1,1,390.66
102,2,5,5,0,51,1,4,5,1,1,1,330.06
102,2,5,5,0,52,5,8,5,1,1,1,752.07
102,2,5,5,0,53,9,12,5,2,2,1,559.07
102,2,5,5,0,54,3,6,5,1,1,1,427.48
102,2,5,5,0,55,11,14,5,2,2,1,466.71
102,2,5,5,0,56,7,10,5,2,2,1,612.87
102,2,5,5,0,57,12,14,6,2,2,1,469.54
102,2,5,5,0,58,9,12,5,2,2,1,457.46
102,2,5,5,0,59,3,6,5,1,1,1,338.7
102,2,5,5,0,60,11,14,5,2,2,1,305.33
102,2,5,5,0,61,12,14,6,2,2,1,332.82
102,2,5,5,0,62,9,12,5,2,2,1,350.25
102,2,5,5,0,63,10,12,6,2,2,1,298.08
102,2,5,5,0,64,6,8,6,1,1,1,517.81
102,2,5,5,0,65,1,4,5,1,1,1,362.65
102,2,5,5,0,66,5,8,5,1,1,1,443.58
102,2,5,5,0,67,11,14,5,2,2,1,348.44
102,2,5,5,0,68,2,4,6,1,1,1,319.6
102,2,5,5,0,69,3,6,5,1,1,1,424.23
102,2,5,5,0,70,4,6,6,1,1,1,409.24
102,2,5,5,0,71,3,6,5,1,1,1,322.77
102,2,5,5,0,72,4,6,6,1,1,1,382.14
102,2,5,5,0,73,5,8,5,1,1,1,444.23
102,2,5,5,0,74,3,6,5,1,1,1,309.79
102,2,5,5,0,75,9,12,5,2,2,1,359.95
102,2,5,5,0,76,4,6,6,1,1,1,484.69
102,2,5,5,0,77,9,12,5,2,2,1,364.41
102,2,5,5,0,78,6,8,6,1,1,1,722.1
102,2,5,5,0,79,12,14,6,2,2,1,361.19
102,2,5,5,0,80,10,12,6,2,2,1,409.87
102,2,5,5,0,81,8,10,6,2,2,1,962.16
102,2,5,5,0,82,9,12,5,2,2,1,369.88
102,2,5,5,0,83,1,4,5,1,1,1,324.77
102,2,5,5,0,84,7,10,5,2,2,1,812.46
102,2,5,5,0,85,5,8,5,1,1,1,882.6
102,2,5,5,0,86,4,6,6,1,1,1,674.84
102,2,5,5,0,87,9,12,5,2,2,1,411.06
102,2,5,5,0,88,5,8,5,1,1,1,438.61
102,2,5,5,0,89,12,14,6,2,2,1,458.58
102,2,5,5,0,90,10,12,6,2,2,1,387.18
102,2,5,5,0,91,12,14,6,2,2,1,376.84
102,2,5,5,0,92,4,6,6,1,1,1,428.97
102,2,5,5,0,93,1,4,5,1,1,1,349.52
102,2,5,5,0,94,2,4,6,1,1,1,477.85
102,2,5,5,0,95,6,8,6,1,1,1,451.79
102,2,5,5,0,96,11,14,5,2,2,1,342.32
102,2,5,5,0,97,8,10,6,2,2,1,487.67
102,2,5,5,0,98,4,6,6,1,1,1,397.51
102,2,5,5,0,99,11,14,5,2,2,1,365.71
102,2,5,5,0,100,3,6,5,1,1,1,344.1
102,2,5,5,0,101,11,14,5,2,2,1,332.93
102,2,5,5,0,102,12,14,6,2,2,1,406.44
102,2,5,5,0,103,2,4,6,1,1,1,384.93
102,2,5,5,0,104,2,4,6,1,1,1,298.36
102,2,5,5,0,105,5,8,5,1,1,1,433.35
102,2,5,5,0,106,6,8,6,1,1,1,732.19
102,2,5,5,0,107,7,10,5,2,2,1,411.39
102,2,5,5,0,108,10,12,6,2,1,0,384.63
102,2,5,5,0,109,6,8,6,1,1,1,673.39
102,2,5,5,0,110,1,4,5,1,1,1,424.33
102,2,5,5,0,111,5,8,5,1,2,0,561.17
102,2,5,5,0,112,11,14,5,2,2,1,461.85
102,2,5,5,0,113,7,10,5,2,2,1,597
102,2,5,5,0,114,7,10,5,2,2,1,416.07
102,2,5,5,0,115,1,4,5,1,1,1,279.89
102,2,5,5,0,116,8,10,6,2,2,1,408.77
102,2,5,5,0,117,2,4,6,1,1,1,340.65
102,2,5,5,0,118,10,12,6,2,2,1,312.22
102,2,5,5,0,119,4,6,6,1,1,1,379.84
102,2,5,5,0,120,8,10,6,2,2,1,306.22
102,2,5,6,0,1,1,4,5,1,1,1,389.85
102,2,5,6,0,2,2,4,6,1,1,1,357.11
102,2,5,6,0,3,3,6,5,1,1,1,713.86
102,2,5,6,0,4,9,12,5,2,2,1,384.48
102,2,5,6,0,5,12,14,6,2,2,1,319.11
102,2,5,6,0,6,5,8,5,1,1,1,376.52
102,2,5,6,0,7,9,12,5,2,2,1,496.14
102,2,5,6,0,8,7,10,5,2,2,1,514.06
102,2,5,6,0,9,12,14,6,2,2,1,442.95
102,2,5,6,0,10,4,6,6,1,1,1,388.79
102,2,5,6,0,11,7,10,5,2,2,1,296.03
102,2,5,6,0,12,8,10,6,2,2,1,360.26
102,2,5,6,0,13,5,8,5,1,2,0,988.8
102,2,5,6,0,14,4,6,6,1,1,1,359.69
102,2,5,6,0,15,12,14,6,2,2,1,402.98
102,2,5,6,0,16,10,12,6,2,2,1,370.01
102,2,5,6,0,17,9,12,5,2,2,1,416.65
102,2,5,6,0,18,3,6,5,1,1,1,349.96
102,2,5,6,0,19,11,14,5,2,2,1,356
102,2,5,6,0,20,10,12,6,2,2,1,422.17
102,2,5,6,0,21,10,12,6,2,2,1,298.59
102,2,5,6,0,22,10,12,6,2,2,1,330.16
102,2,5,6,0,23,11,14,5,2,2,1,339.94
102,2,5,6,0,24,7,10,5,2,2,1,571.03
102,2,5,6,0,25,3,6,5,1,1,1,362.58
102,2,5,6,0,26,9,12,5,2,2,1,316.26
102,2,5,6,0,27,11,14,5,2,2,1,278.79
102,2,5,6,0,28,7,10,5,2,2,1,792.15
102,2,5,6,0,29,5,8,5,1,1,1,328.78
102,2,5,6,0,30,5,8,5,1,1,1,395.33
102,2,5,6,0,31,10,12,6,2,2,1,322.55
102,2,5,6,0,32,8,10,6,2,2,1,589.97
102,2,5,6,0,33,4,6,6,1,1,1,332.48
102,2,5,6,0,34,2,4,6,1,1,1,403.51
102,2,5,6,0,35,6,8,6,1,1,1,1008.1
102,2,5,6,0,36,2,4,6,1,1,1,373.86
102,2,5,6,0,37,7,10,5,2,2,1,345.42
102,2,5,6,0,38,8,10,6,2,2,1,460.42
102,2,5,6,0,39,11,14,5,2,2,1,441.82
102,2,5,6,0,40,10,12,6,2,2,1,474.77
102,2,5,6,0,41,4,6,6,1,1,1,327.13
102,2,5,6,0,42,1,4,5,1,1,1,351.42
102,2,5,6,0,43,3,6,5,1,1,1,359.16
102,2,5,6,0,44,6,8,6,1,1,1,709.88
102,2,5,6,0,45,11,14,5,2,2,1,344.54
102,2,5,6,0,46,3,6,5,1,1,1,339.92
102,2,5,6,0,47,5,8,5,1,1,1,578.44
102,2,5,6,0,48,12,14,6,2,2,1,406.58
102,2,5,6,0,49,5,8,5,1,1,1,327.58
102,2,5,6,0,50,6,8,6,1,1,1,412.89
102,2,5,6,0,51,9,12,5,2,2,1,315.83
102,2,5,6,0,52,11,14,5,2,2,1,415.95
102,2,5,6,0,53,8,10,6,2,2,1,899.05
102,2,5,6,0,54,12,14,6,2,2,1,400.35
102,2,5,6,0,55,3,6,5,1,1,1,343.56
102,2,5,6,0,56,2,4,6,1,1,1,304.94
102,2,5,6,0,57,6,8,6,1,1,1,453.93
102,2,5,6,0,58,7,10,5,2,2,1,585.71
102,2,5,6,0,59,7,10,5,2,2,1,499.56
102,2,5,6,0,60,9,12,5,2,2,1,333.81
102,2,5,6,0,61,3,6,5,1,1,1,376.03
102,2,5,6,0,62,11,14,5,2,2,1,375.67
102,2,5,6,0,63,7,10,5,2,1,0,781.69
102,2,5,6,0,64,8,10,6,2,2,1,472.44
102,2,5,6,0,65,3,6,5,1,1,1,398.75
102,2,5,6,0,66,2,4,6,1,1,1,428.15
102,2,5,6,0,67,12,14,6,2,2,1,412.99
102,2,5,6,0,68,5,8,5,1,1,1,986.88
102,2,5,6,0,69,1,4,5,1,1,1,376.88
102,2,5,6,0,70,11,14,5,2,2,1,359.44
102,2,5,6,0,71,8,10,6,2,2,1,406.69
102,2,5,6,0,72,5,8,5,1,1,1,391.05
102,2,5,6,0,73,10,12,6,2,2,1,363.78
102,2,5,6,0,74,9,12,5,2,2,1,460.79
102,2,5,6,0,75,1,4,5,1,1,1,318.46
102,2,5,6,0,76,10,12,6,2,2,1,388.55
102,2,5,6,0,77,8,10,6,2,2,1,359.18
102,2,5,6,0,78,1,4,5,1,1,1,349.42
102,2,5,6,0,79,6,8,6,1,1,1,495.98
102,2,5,6,0,80,12,14,6,2,2,1,370.71
102,2,5,6,0,81,8,10,6,2,2,1,376.97
102,2,5,6,0,82,5,8,5,1,1,1,1982.6
102,2,5,6,0,83,4,6,6,1,1,1,931.47
102,2,5,6,0,84,11,14,5,2,2,1,473.3
102,2,5,6,0,85,8,10,6,2,2,1,432.78
102,2,5,6,0,86,1,4,5,1,1,1,368.01
102,2,5,6,0,87,12,14,6,2,2,1,319.29
102,2,5,6,0,88,2,4,6,1,1,1,290.59
102,2,5,6,0,89,8,10,6,2,2,1,455.82
102,2,5,6,0,90,2,4,6,1,1,1,274.39
102,2,5,6,0,91,2,4,6,1,1,1,412.15
102,2,5,6,0,92,1,4,5,1,1,1,387.12
102,2,5,6,0,93,1,4,5,1,1,1,334.19
102,2,5,6,0,94,2,4,6,1,1,1,290.47
102,2,5,6,0,95,5,8,5,1,1,1,852.01
102,2,5,6,0,96,6,8,6,1,2,0,515.25
102,2,5,6,0,97,4,6,6,1,1,1,367.69
102,2,5,6,0,98,1,4,5,1,1,1,375.61
102,2,5,6,0,99,12,14,6,2,2,1,367.65
102,2,5,6,0,100,10,12,6,2,2,1,395.71
102,2,5,6,0,101,4,6,6,1,1,1,303.88
102,2,5,6,0,102,2,4,6,1,1,1,312.08
102,2,5,6,0,103,4,6,6,1,1,1,342.63
102,2,5,6,0,104,3,6,5,1,1,1,403.42
102,2,5,6,0,105,10,12,6,2,2,1,379.05
102,2,5,6,0,106,4,6,6,1,1,1,403.17
102,2,5,6,0,107,3,6,5,1,1,1,892.3
102,2,5,6,0,108,6,8,6,1,1,1,998.45
102,2,5,6,0,109,9,12,5,2,2,1,404.55
102,2,5,6,0,110,7,10,5,2,2,1,583.91
102,2,5,6,0,111,7,10,5,2,2,1,357.06
102,2,5,6,0,112,12,14,6,2,2,1,304.88
102,2,5,6,0,113,11,14,5,2,2,1,335.46
102,2,5,6,0,114,1,4,5,1,1,1,301.67
102,2,5,6,0,115,6,8,6,1,1,1,468.42
102,2,5,6,0,116,9,12,5,2,2,1,427.74
102,2,5,6,0,117,6,8,6,1,1,1,451.28
102,2,5,6,0,118,4,6,6,1,1,1,431.02
102,2,5,6,0,119,6,8,6,1,1,1,532.65
102,2,5,6,0,120,9,12,5,2,2,1,408.07
102,2,5,2,1,1,6,8,6,1,1,1,402.28
102,2,5,2,1,2,6,8,6,1,1,1,477.07
102,2,5,2,1,3,10,12,6,2,2,1,368.26
102,2,5,2,1,4,4,6,6,1,1,1,300.7
102,2,5,2,1,5,8,10,6,2,2,1,644.43
102,2,5,2,1,6,2,4,6,1,1,1,342.96
102,2,5,2,1,7,8,10,6,2,2,1,380.36
102,2,5,2,1,8,2,4,6,1,1,1,353.23
102,2,5,2,1,9,4,6,6,1,1,1,453.15
102,2,5,2,1,10,6,8,6,1,1,1,703.29
102,2,5,2,1,11,2,4,6,1,1,1,410.15
102,2,5,2,1,12,2,4,6,1,1,1,292.43
102,2,5,2,1,13,6,8,6,1,1,1,535.31
102,2,5,2,1,14,12,14,6,2,2,1,367.83
102,2,5,2,1,15,10,12,6,2,2,1,433.99
102,2,5,2,1,16,8,10,6,2,2,1,321.02
102,2,5,2,1,17,12,14,6,2,2,1,363.53
102,2,5,2,1,18,4,6,6,1,1,1,330.51
102,2,5,2,1,19,12,14,6,2,2,1,408.76
102,2,5,2,1,20,8,10,6,2,2,1,448.99
102,2,5,2,1,21,10,12,6,2,2,1,270.4
102,2,5,2,1,22,10,12,6,2,2,1,334.85
102,2,5,2,1,23,4,6,6,1,1,1,308.62
102,2,5,2,1,24,12,14,6,2,2,1,326.92
102,2,5,2,0,1,10,12,6,2,2,1,355.48
102,2,5,2,0,2,8,10,6,2,2,1,891.11
102,2,5,2,0,3,8,10,6,2,2,1,433.18
102,2,5,2,0,4,10,12,6,2,2,1,347.98
102,2,5,2,0,5,10,12,6,2,2,1,321.86
102,2,5,2,0,6,8,10,6,2,2,1,494.9
102,2,5,2,0,7,6,8,6,1,1,1,451.14
102,2,5,2,0,8,6,8,6,1,1,1,410.92
102,2,5,2,0,9,6,8,6,1,1,1,332.27
102,2,5,2,0,10,4,6,6,1,1,1,750.77
102,2,5,2,0,11,8,10,6,2,2,1,639.8
102,2,5,2,0,12,6,8,6,1,1,1,472.22
102,2,5,2,0,13,10,12,6,2,2,1,372.42
102,2,5,2,0,14,12,14,6,2,1,0,402.11
102,2,5,2,0,15,8,10,6,2,2,1,776.57
102,2,5,2,0,16,4,6,6,1,1,1,589.78
102,2,5,2,0,17,10,12,6,2,2,1,476.34
102,2,5,2,0,18,6,8,6,1,1,1,608.25
102,2,5,2,0,19,2,4,6,1,1,1,387.59
102,2,5,2,0,20,2,4,6,1,1,1,314.72
102,2,5,2,0,21,2,4,6,1,1,1,294.78
102,2,5,2,0,22,4,6,6,1,1,1,327.57
102,2,5,2,0,23,8,10,6,2,2,1,1224.1
102,2,5,2,0,24,8,10,6,2,2,1,512.69
102,2,5,2,0,25,6,8,6,1,1,1,454.09
102,2,5,2,0,26,12,14,6,2,2,1,338.04
102,2,5,2,0,27,8,10,6,2,2,1,816.73
102,2,5,2,0,28,12,14,6,2,2,1,318.15
102,2,5,2,0,29,12,14,6,2,2,1,292.79
102,2,5,2,0,30,10,12,6,2,2,1,303.34
102,2,5,2,0,31,4,6,6,1,1,1,302.99
102,2,5,2,0,32,12,14,6,2,2,1,283.45
102,2,5,2,0,33,4,6,6,1,1,1,337.71
102,2,5,2,0,34,2,4,6,1,1,1,306.86
102,2,5,2,0,35,8,10,6,2,2,1,1072.7
102,2,5,2,0,36,10,12,6,2,2,1,437.33
102,2,5,2,0,37,4,6,6,1,1,1,413.94
102,2,5,2,0,38,2,4,6,1,1,1,305.34
102,2,5,2,0,39,10,12,6,2,2,1,423.45
102,2,5,2,0,40,6,8,6,1,1,1,427.96
102,2,5,2,0,41,12,14,6,2,1,0,356.04
102,2,5,2,0,42,12,14,6,2,2,1,409.9
102,2,5,2,0,43,12,14,6,2,2,1,299.11
102,2,5,2,0,44,6,8,6,1,1,1,799.35
102,2,5,2,0,45,6,8,6,1,1,1,348.62
102,2,5,2,0,46,4,6,6,1,1,1,379.92
102,2,5,2,0,47,10,12,6,2,2,1,413.61
102,2,5,2,0,48,4,6,6,1,1,1,455.26
102,2,5,2,0,49,12,14,6,2,2,1,362.33
102,2,5,2,0,50,6,8,6,1,1,1,759.99
102,2,5,2,0,51,12,14,6,2,2,1,373.11
102,2,5,2,0,52,10,12,6,2,2,1,295.04
102,2,5,2,0,53,2,4,6,1,1,1,315.67
102,2,5,2,0,54,2,4,6,1,1,1,334.09
102,2,5,2,0,55,8,10,6,2,2,1,744.04
102,2,5,2,0,56,8,10,6,2,2,1,377.23
102,2,5,2,0,57,12,14,6,2,2,1,330.54
102,2,5,2,0,58,12,14,6,2,2,1,316.12
102,2,5,2,0,59,8,10,6,2,2,1,369.07
102,2,5,2,0,60,2,4,6,1,1,1,350.32
102,2,5,2,0,61,10,12,6,2,2,1,379.76
102,2,5,2,0,62,6,8,6,1,1,1,575.77
102,2,5,2,0,63,12,14,6,2,2,1,313.51
102,2,5,2,0,64,8,10,6,2,2,1,613.57
102,2,5,2,0,65,4,6,6,1,1,1,339.06
102,2,5,2,0,66,2,4,6,1,1,1,375.52
102,2,5,2,0,67,6,8,6,1,1,1,465.08
102,2,5,2,0,68,10,12,6,2,2,1,288.11
102,2,5,2,0,69,12,14,6,2,2,1,286.05
102,2,5,2,0,70,12,14,6,2,2,1,317.76
102,2,5,2,0,71,2,4,6,1,1,1,332.16
102,2,5,2,0,72,4,6,6,1,1,1,363.45
102,2,5,2,0,73,2,4,6,1,1,1,303.36
102,2,5,2,0,74,4,6,6,1,1,1,557.82
102,2,5,2,0,75,12,14,6,2,2,1,337.88
102,2,5,2,0,76,10,12,6,2,2,1,367.11
102,2,5,2,0,77,4,6,6,1,1,1,278.96
102,2,5,2,0,78,6,8,6,1,1,1,333.19
102,2,5,2,0,79,2,4,6,1,1,1,313.44
102,2,5,2,0,80,6,8,6,1,1,1,322.81
102,2,5,2,0,81,8,10,6,2,2,1,422.36
102,2,5,2,0,82,12,14,6,2,2,1,418.02
102,2,5,2,0,83,12,14,6,2,2,1,303.17
102,2,5,2,0,84,12,14,6,2,2,1,307.6
102,2,5,2,0,85,2,4,6,1,1,1,407.53
102,2,5,2,0,86,2,4,6,1,1,1,284.07
102,2,5,2,0,87,8,10,6,2,2,1,805.59
102,2,5,2,0,88,4,6,6,1,1,1,475.81
102,2,5,2,0,89,10,12,6,2,2,1,434.65
102,2,5,2,0,90,8,10,6,2,2,1,464.71
102,2,5,2,0,91,4,6,6,1,1,1,339.43
102,2,5,2,0,92,4,6,6,1,1,1,423.53
102,2,5,2,0,93,4,6,6,1,1,1,345.9
102,2,5,2,0,94,8,10,6,2,2,1,916.79
102,2,5,2,0,95,10,12,6,2,2,1,454.84
102,2,5,2,0,96,2,4,6,1,1,1,323.02
102,2,5,2,0,97,10,12,6,2,2,1,375.04
102,2,5,2,0,98,6,8,6,1,1,1,827.88
102,2,5,2,0,99,12,14,6,2,2,1,474.69
102,2,5,2,0,100,2,4,6,1,1,1,322.44
102,2,5,2,0,101,6,8,6,1,1,1,497.56
102,2,5,2,0,102,8,10,6,2,2,1,487.99
102,2,5,2,0,103,6,8,6,1,1,1,564.79
102,2,5,2,0,104,6,8,6,1,1,1,400.6
102,2,5,2,0,105,2,4,6,1,1,1,406.41
102,2,5,2,0,106,10,12,6,2,2,1,422.58
102,2,5,2,0,107,4,6,6,1,1,1,311.72
102,2,5,2,0,108,6,8,6,1,1,1,787.56
102,2,5,2,0,109,2,4,6,1,1,1,384.98
102,2,5,2,0,110,8,10,6,2,2,1,504.4
102,2,5,2,0,111,8,10,6,2,2,1,452.37
102,2,5,2,0,112,4,6,6,1,1,1,347.15
102,2,5,2,0,113,2,4,6,1,1,1,745.18
102,2,5,2,0,114,4,6,6,1,1,1,308.53
102,2,5,2,0,115,10,12,6,2,2,1,345.28
102,2,5,2,0,116,10,12,6,2,2,1,349.78
102,2,5,2,0,117,2,4,6,1,1,1,325.14
102,2,5,2,0,118,4,6,6,1,1,1,451.48
102,2,5,2,0,119,6,8,6,1,1,1,321.95
102,2,5,2,0,120,10,12,6,2,2,1,311.7
102,2,5,1,1,1,3,6,5,1,1,1,315.34
102,2,5,1,1,2,3,6,5,1,1,1,296.09
102,2,5,1,1,3,11,14,5,2,2,1,350.66
102,2,5,1,1,4,1,4,5,1,1,1,324.85
102,2,5,1,1,5,1,4,5,1,1,1,318.02
102,2,5,1,1,6,7,10,5,2,2,1,450.76
102,2,5,1,1,7,7,10,5,2,2,1,462.09
102,2,5,1,1,8,7,10,5,2,2,1,335.27
102,2,5,1,1,9,5,8,5,1,2,0,364.17
102,2,5,1,1,10,1,4,5,1,1,1,351.82
102,2,5,1,1,11,11,14,5,2,2,1,303.53
102,2,5,1,1,12,9,12,5,2,2,1,315.63
102,2,5,1,1,13,7,10,5,2,2,1,489.63
102,2,5,1,1,14,5,8,5,1,1,1,1112.3
102,2,5,1,1,15,3,6,5,1,1,1,414.28
102,2,5,1,1,16,9,12,5,2,2,1,439.83
102,2,5,1,1,17,5,8,5,1,1,1,457.85
102,2,5,1,1,18,5,8,5,1,1,1,390.78
102,2,5,1,1,19,3,6,5,1,1,1,358.8
102,2,5,1,1,20,9,12,5,2,2,1,368.05
102,2,5,1,1,21,11,14,5,2,2,1,370.35
102,2,5,1,1,22,11,14,5,2,2,1,336.52
102,2,5,1,1,23,9,12,5,2,2,1,335.42
102,2,5,1,1,24,1,4,5,1,1,1,312.08
102,2,5,1,0,1,5,8,5,1,1,1,602.49
102,2,5,1,0,2,3,6,5,1,1,1,330.5
102,2,5,1,0,3,11,14,5,2,2,1,375.51
102,2,5,1,0,4,9,12,5,2,2,1,349.12
102,2,5,1,0,5,5,8,5,1,1,1,370.1
102,2,5,1,0,6,3,6,5,1,1,1,305.1
102,2,5,1,0,7,7,10,5,2,2,1,651.07
102,2,5,1,0,8,7,10,5,2,2,1,793.21
102,2,5,1,0,9,7,10,5,2,2,1,444.31
102,2,5,1,0,10,3,6,5,1,1,1,301.77
102,2,5,1,0,11,1,4,5,1,1,1,357.06
102,2,5,1,0,12,5,8,5,1,1,1,989.02
102,2,5,1,0,13,11,14,5,2,2,1,330.85
102,2,5,1,0,14,9,12,5,2,2,1,452.67
102,2,5,1,0,15,7,10,5,2,2,1,623.46
102,2,5,1,0,16,3,6,5,1,1,1,315.36
102,2,5,1,0,17,11,14,5,2,2,1,306.28
102,2,5,1,0,18,11,14,5,2,2,1,460.33
102,2,5,1,0,19,1,4,5,1,1,1,294.71
102,2,5,1,0,20,3,6,5,1,1,1,369.21
102,2,5,1,0,21,3,6,5,1,1,1,316.6
102,2,5,1,0,22,11,14,5,2,2,1,367.85
102,2,5,1,0,23,9,12,5,2,2,1,444.55
102,2,5,1,0,24,1,4,5,1,1,1,386.58
102,2,5,1,0,25,9,12,5,2,2,1,286.94
102,2,5,1,0,26,9,12,5,2,2,1,314
102,2,5,1,0,27,11,14,5,2,2,1,291.76
102,2,5,1,0,28,1,4,5,1,1,1,318.54
102,2,5,1,0,29,5,8,5,1,2,0,324.25
102,2,5,1,0,30,9,12,5,2,2,1,545.16
102,2,5,1,0,31,5,8,5,1,1,1,440.63
102,2,5,1,0,32,11,14,5,2,2,1,353.71
102,2,5,1,0,33,5,8,5,1,1,1,539.19
102,2,5,1,0,34,7,10,5,2,2,1,887.01
102,2,5,1,0,35,7,10,5,2,2,1,570.39
102,2,5,1,0,36,9,12,5,2,2,1,393.13
102,2,5,1,0,37,5,8,5,1,1,1,339.43
102,2,5,1,0,38,1,4,5,1,1,1,424.73
102,2,5,1,0,39,3,6,5,1,1,1,332.88
102,2,5,1,0,40,3,6,5,1,1,1,323.38
102,2,5,1,0,41,3,6,5,1,1,1,285.11
102,2,5,1,0,42,3,6,5,1,1,1,265.82
102,2,5,1,0,43,11,14,5,2,2,1,377.81
102,2,5,1,0,44,3,6,5,1,1,1,401.97
102,2,5,1,0,45,3,6,5,1,1,1,292.75
102,2,5,1,0,46,7,10,5,2,2,1,299.21
102,2,5,1,0,47,5,8,5,1,1,1,713.47
102,2,5,1,0,48,3,6,5,1,1,1,556.63
102,2,5,1,0,49,5,8,5,1,1,1,1544.4
102,2,5,1,0,50,3,6,5,1,1,1,381.1
102,2,5,1,0,51,5,8,5,1,1,1,450.58
102,2,5,1,0,52,1,4,5,1,1,1,416.28
102,2,5,1,0,53,3,6,5,1,1,1,341.13
102,2,5,1,0,54,9,12,5,2,2,1,389.61
102,2,5,1,0,55,3,6,5,1,1,1,308.14
102,2,5,1,0,56,5,8,5,1,1,1,391.91
102,2,5,1,0,57,5,8,5,1,1,1,314.42
102,2,5,1,0,58,9,12,5,2,2,1,375.11
102,2,5,1,0,59,1,4,5,1,1,1,324.14
102,2,5,1,0,60,1,4,5,1,1,1,289.62
102,2,5,1,0,61,1,4,5,1,1,1,303.37
102,2,5,1,0,62,1,4,5,1,1,1,282.28
102,2,5,1,0,63,1,4,5,1,1,1,265.35
102,2,5,1,0,64,11,14,5,2,2,1,362.68
102,2,5,1,0,65,11,14,5,2,2,1,383.74
102,2,5,1,0,66,1,4,5,1,1,1,325.82
102,2,5,1,0,67,9,12,5,2,2,1,337.54
102,2,5,1,0,68,9,12,5,2,2,1,482.91
102,2,5,1,0,69,7,10,5,2,2,1,510.3
102,2,5,1,0,70,7,10,5,2,2,1,349.5
102,2,5,1,0,71,3,6,5,1,1,1,483.13
102,2,5,1,0,72,7,10,5,2,2,1,363.09
102,2,5,1,0,73,1,4,5,1,1,1,360.09
102,2,5,1,0,74,5,8,5,1,1,1,639.13
102,2,5,1,0,75,5,8,5,1,1,1,445.64
102,2,5,1,0,76,11,14,5,2,2,1,441.88
102,2,5,1,0,77,7,10,5,2,2,1,1224.2
102,2,5,1,0,78,11,14,5,2,2,1,419.59
102,2,5,1,0,79,11,14,5,2,2,1,415.44
102,2,5,1,0,80,11,14,5,2,2,1,363.63
102,2,5,1,0,81,7,10,5,2,2,1,707.37
102,2,5,1,0,82,5,8,5,1,1,1,409.8
102,2,5,1,0,83,7,10,5,2,2,1,1077.7
102,2,5,1,0,84,7,10,5,2,2,1,456.02
102,2,5,1,0,85,7,10,5,2,2,1,603.31
102,2,5,1,0,86,9,12,5,2,2,1,530.07
102,2,5,1,0,87,9,12,5,2,2,1,389.75
102,2,5,1,0,88,7,10,5,2,2,1,445.38
102,2,5,1,0,89,3,6,5,1,1,1,381.05
102,2,5,1,0,90,9,12,5,2,2,1,455.26
102,2,5,1,0,91,9,12,5,2,2,1,407.05
102,2,5,1,0,92,5,8,5,1,1,1,360.99
102,2,5,1,0,93,7,10,5,2,2,1,398.61
102,2,5,1,0,94,9,12,5,2,2,1,384.3
102,2,5,1,0,95,1,4,5,1,1,1,357.37
102,2,5,1,0,96,9,12,5,2,2,1,387.88
102,2,5,1,0,97,7,10,5,2,2,1,1189
102,2,5,1,0,98,3,6,5,1,1,1,347.97
102,2,5,1,0,99,9,12,5,2,2,1,869.71
102,2,5,1,0,100,5,8,5,1,1,1,415.96
102,2,5,1,0,101,5,8,5,1,1,1,517.92
102,2,5,1,0,102,7,10,5,2,2,1,841.7
102,2,5,1,0,103,11,14,5,2,2,1,493.76
102,2,5,1,0,104,11,14,5,2,2,1,341
102,2,5,1,0,105,11,14,5,2,2,1,340.94
102,2,5,1,0,106,9,12,5,2,2,1,388.24
102,2,5,1,0,107,7,10,5,2,2,1,718.81
102,2,5,1,0,108,11,14,5,2,2,1,333.19
102,2,5,1,0,109,5,8,5,1,1,1,318.65
102,2,5,1,0,110,9,12,5,2,2,1,434.61
102,2,5,1,0,111,1,4,5,1,1,1,374.06
102,2,5,1,0,112,5,8,5,1,1,1,519.44
102,2,5,1,0,113,1,4,5,1,1,1,393.07
102,2,5,1,0,114,1,4,5,1,1,1,301.86
102,2,5,1,0,115,11,14,5,2,2,1,332.54
102,2,5,1,0,116,1,4,5,1,1,1,277.98
102,2,5,1,0,117,1,4,5,1,1,1,346.58
102,2,5,1,0,118,3,6,5,1,1,1,322.91
102,2,5,1,0,119,11,14,5,2,2,1,335.73
102,2,5,1,0,120,1,4,5,1,1,1,256.93
102,2,5,3,1,1,12,14,6,2,2,1,419.97
102,2,5,3,1,2,5,8,5,1,2,0,422.78
102,2,5,3,1,3,12,14,6,2,1,0,332.91
102,2,5,3,1,4,1,4,5,1,1,1,481.58
102,2,5,3,1,5,5,8,5,1,1,1,699.32
102,2,5,3,1,6,5,8,5,1,1,1,383.18
102,2,5,3,1,7,3,6,5,1,1,1,371.19
102,2,5,3,1,8,1,4,5,1,1,1,324.87
102,2,5,3,1,9,8,10,6,2,2,1,383.06
102,2,5,3,1,10,1,4,5,1,1,1,444.01
102,2,5,3,1,11,8,10,6,2,2,1,921.02
102,2,5,3,1,12,3,6,5,1,1,1,301.31
102,2,5,3,1,13,10,12,6,2,2,1,391.77
102,2,5,3,1,14,10,12,6,2,2,1,347.59
102,2,5,3,1,15,3,6,5,1,1,1,289.79
102,2,5,3,1,16,12,14,6,2,2,1,457.98
102,2,5,3,1,17,12,14,6,2,2,1,355.71
102,2,5,3,1,18,10,12,6,2,2,1,415.68
102,2,5,3,1,19,3,6,5,1,1,1,300.48
102,2,5,3,1,20,1,4,5,1,1,1,363.89
102,2,5,3,1,21,8,10,6,2,2,1,946.88
102,2,5,3,1,22,10,12,6,2,2,1,341.71
102,2,5,3,1,23,5,8,5,1,1,1,468.15
102,2,5,3,1,24,8,10,6,2,2,1,433.49
102,2,5,3,0,1,8,10,6,2,2,1,834.53
102,2,5,3,0,2,10,12,6,2,2,1,306.06
102,2,5,3,0,3,5,8,5,1,1,1,317.72
102,2,5,3,0,4,1,4,5,1,1,1,347.41
102,2,5,3,0,5,5,8,5,1,1,1,378.43
102,2,5,3,0,6,3,6,5,1,1,1,309.92
102,2,5,3,0,7,12,14,6,2,2,1,347.34
102,2,5,3,0,8,8,10,6,2,2,1,373.85
102,2,5,3,0,9,12,14,6,2,2,1,297.31
102,2,5,3,0,10,12,14,6,2,2,1,280.91
102,2,5,3,0,11,12,14,6,2,2,1,299.78
102,2,5,3,0,12,10,12,6,2,2,1,1064.7
102,2,5,3,0,13,12,14,6,2,2,1,374.88
102,2,5,3,0,14,8,10,6,2,2,1,2508.1
102,2,5,3,0,15,8,10,6,2,2,1,950.23
102,2,5,3,0,16,1,4,5,1,1,1,353.62
102,2,5,3,0,17,10,12,6,2,2,1,463.91
102,2,5,3,0,18,12,14,6,2,2,1,377.83
102,2,5,3,0,19,3,6,5,1,1,1,399.49
102,2,5,3,0,20,3,6,5,1,1,1,288.87
102,2,5,3,0,21,1,4,5,1,1,1,273.21
102,2,5,3,0,22,1,4,5,1,1,1,282.26
102,2,5,3,0,23,10,12,6,2,2,1,354.03
102,2,5,3,0,24,3,6,5,1,1,1,416.85
102,2,5,3,0,25,12,14,6,2,2,1,390.66
102,2,5,3,0,26,12,14,6,2,2,1,392.95
102,2,5,3,0,27,8,10,6,2,2,1,547.3
102,2,5,3,0,28,12,14,6,2,2,1,305.87
102,2,5,3,0,29,1,4,5,1,1,1,308.71
102,2,5,3,0,30,3,6,5,1,1,1,461.98
102,2,5,3,0,31,10,12,6,2,2,1,408.03
102,2,5,3,0,32,5,8,5,1,1,1,480.43
102,2,5,3,0,33,1,4,5,1,1,1,319.2
102,2,5,3,0,34,12,14,6,2,2,1,357.61
102,2,5,3,0,35,8,10,6,2,2,1,2363.3
102,2,5,3,0,36,8,10,6,2,2,1,481.87
102,2,5,3,0,37,5,8,5,1,1,1,338.98
102,2,5,3,0,38,5,8,5,1,1,1,474.59
102,2,5,3,0,39,12,14,6,2,2,1,419.01
102,2,5,3,0,40,10,12,6,2,2,1,1017.4
102,2,5,3,0,41,10,12,6,2,2,1,326.04
102,2,5,3,0,42,8,10,6,2,2,1,626.63
102,2,5,3,0,43,12,14,6,2,2,1,320
102,2,5,3,0,44,1,4,5,1,1,1,340.75
102,2,5,3,0,45,5,8,5,1,1,1,306.51
102,2,5,3,0,46,3,6,5,1,1,1,292.09
102,2,5,3,0,47,5,8,5,1,1,1,309.02
102,2,5,3,0,48,5,8,5,1,1,1,305.62
102,2,5,3,0,49,1,4,5,1,1,1,320.39
102,2,5,3,0,50,10,12,6,2,2,1,451.47
102,2,5,3,0,51,5,8,5,1,1,1,313.15
102,2,5,3,0,52,5,8,5,1,1,1,304.23
102,2,5,3,0,53,5,8,5,1,1,1,313.83
102,2,5,3,0,54,1,4,5,1,1,1,280.8
102,2,5,3,0,55,3,6,5,1,1,1,266.7
102,2,5,3,0,56,3,6,5,1,1,1,310.94
102,2,5,3,0,57,5,8,5,1,1,1,348.61
102,2,5,3,0,58,8,10,6,2,2,1,407.1
102,2,5,3,0,59,3,6,5,1,1,1,335.73
102,2,5,3,0,60,12,14,6,2,2,1,322.2
102,2,5,3,0,61,1,4,5,1,1,1,303.24
102,2,5,3,0,62,10,12,6,2,2,1,296.75
102,2,5,3,0,63,3,6,5,1,1,1,419.53
102,2,5,3,0,64,10,12,6,2,2,1,302.51
102,2,5,3,0,65,3,6,5,1,1,1,292.65
102,2,5,3,0,66,3,6,5,1,1,1,333.7
102,2,5,3,0,67,10,12,6,2,2,1,334.31
102,2,5,3,0,68,3,6,5,1,1,1,249.02
102,2,5,3,0,69,12,14,6,2,2,1,343.45
102,2,5,3,0,70,1,4,5,1,1,1,339.81
102,2,5,3,0,71,5,8,5,1,1,1,583.94
102,2,5,3,0,72,3,6,5,1,1,1,341.88
102,2,5,3,0,73,3,6,5,1,1,1,415.33
102,2,5,3,0,74,10,12,6,2,2,1,368.84
102,2,5,3,0,75,10,12,6,2,2,1,323.82
102,2,5,3,0,76,5,8,5,1,1,1,314.12
102,2,5,3,0,77,1,4,5,1,1,1,296.08
102,2,5,3,0,78,10,12,6,2,2,1,335.9
102,2,5,3,0,79,8,10,6,2,2,1,524.51
102,2,5,3,0,80,12,14,6,2,2,1,339.4
102,2,5,3,0,81,12,14,6,2,2,1,280.42
102,2,5,3,0,82,1,4,5,1,1,1,344.34
102,2,5,3,0,83,5,8,5,1,1,1,419.58
102,2,5,3,0,84,3,6,5,1,1,1,295.7
102,2,5,3,0,85,10,12,6,2,2,1,341.61
102,2,5,3,0,86,5,8,5,1,1,1,360.91
102,2,5,3,0,87,8,10,6,2,2,1,305.24
102,2,5,3,0,88,8,10,6,2,2,1,423.26
102,2,5,3,0,89,10,12,6,2,2,1,459.44
102,2,5,3,0,90,3,6,5,1,1,1,304.12
102,2,5,3,0,91,5,8,5,1,1,1,816.73
102,2,5,3,0,92,1,4,5,1,1,1,369.89
102,2,5,3,0,93,12,14,6,2,2,1,342.65
102,2,5,3,0,94,1,4,5,1,1,1,304.84
102,2,5,3,0,95,8,10,6,2,2,1,534.55
102,2,5,3,0,96,8,10,6,2,2,1,353.33
102,2,5,3,0,97,8,10,6,2,2,1,287.76
102,2,5,3,0,98,1,4,5,1,1,1,381.25
102,2,5,3,0,99,5,8,5,1,1,1,852.02
102,2,5,3,0,100,8,10,6,2,2,1,507.68
102,2,5,3,0,101,10,12,6,2,2,1,376.01
102,2,5,3,0,102,8,10,6,2,2,1,453.23
102,2,5,3,0,103,3,6,5,1,1,1,527.22
102,2,5,3,0,104,12,14,6,2,2,1,408.56
102,2,5,3,0,105,12,14,6,2,2,1,402.79
102,2,5,3,0,106,1,4,5,1,1,1,318.51
102,2,5,3,0,107,5,8,5,1,1,1,283.77
102,2,5,3,0,108,10,12,6,2,2,1,373.49
102,2,5,3,0,109,3,6,5,1,1,1,388.08
102,2,5,3,0,110,1,4,5,1,1,1,307.56
102,2,5,3,0,111,1,4,5,1,1,1,340.76
102,2,5,3,0,112,10,12,6,2,2,1,378.11
102,2,5,3,0,113,5,8,5,1,1,1,438.33
102,2,5,3,0,114,8,10,6,2,2,1,430.39
102,2,5,3,0,115,8,10,6,2,2,1,531.01
102,2,5,3,0,116,1,4,5,1,1,1,324.63
102,2,5,3,0,117,12,14,6,2,2,1,357
102,2,5,3,0,118,3,6,5,1,1,1,358.41
102,2,5,3,0,119,10,12,6,2,2,1,400.1
102,2,5,3,0,120,8,10,6,2,2,1,762.86
102,2,5,4,1,1,11,14,5,2,2,1,464.92
102,2,5,4,1,2,9,12,5,2,2,1,302.36
102,2,5,4,1,3,4,6,6,1,1,1,323.87
102,2,5,4,1,4,4,6,6,1,1,1,360.67
102,2,5,4,1,5,4,6,6,1,1,1,331.99
102,2,5,4,1,6,7,10,5,2,2,1,762.1
102,2,5,4,1,7,6,8,6,1,1,1,820.26
102,2,5,4,1,8,9,12,5,2,2,1,337.15
102,2,5,4,1,9,9,12,5,2,2,1,382.77
102,2,5,4,1,10,7,10,5,2,2,1,723.17
102,2,5,4,1,11,4,6,6,1,1,1,412.68
102,2,5,4,1,12,6,8,6,1,1,1,1213.9
102,2,5,4,1,13,2,4,6,1,1,1,383.58
102,2,5,4,1,14,2,4,6,1,1,1,321.62
102,2,5,4,1,15,2,4,6,1,1,1,325.2
102,2,5,4,1,16,11,14,5,2,2,1,374.04
102,2,5,4,1,17,7,10,5,2,2,1,539.92
102,2,5,4,1,18,6,8,6,1,1,1,802.75
102,2,5,4,1,19,2,4,6,1,1,1,406.79
102,2,5,4,1,20,11,14,5,2,2,1,484.24
102,2,5,4,1,21,11,14,5,2,2,1,359.29
102,2,5,4,1,22,6,8,6,1,1,1,489.95
102,2,5,4,1,23,7,10,5,2,2,1,266.1
102,2,5,4,1,24,9,12,5,2,2,1,421.37
102,2,5,4,0,1,11,14,5,2,2,1,281.01
102,2,5,4,0,2,11,14,5,2,2,1,268.51
102,2,5,4,0,3,2,4,6,1,1,1,353.02
102,2,5,4,0,4,11,14,5,2,2,1,363.8
102,2,5,4,0,5,2,4,6,1,1,1,379.85
102,2,5,4,0,6,4,6,6,1,1,1,526.98
102,2,5,4,0,7,2,4,6,1,1,1,345.23
102,2,5,4,0,8,6,8,6,1,1,1,554.08
102,2,5,4,0,9,4,6,6,1,1,1,340.05
102,2,5,4,0,10,6,8,6,1,1,1,330.29
102,2,5,4,0,11,6,8,6,1,1,1,406.56
102,2,5,4,0,12,11,14,5,2,2,1,400.87
102,2,5,4,0,13,6,8,6,1,1,1,462.27
102,2,5,4,0,14,9,12,5,2,2,1,345.86
102,2,5,4,0,15,9,12,5,2,2,1,392.86
102,2,5,4,0,16,4,6,6,1,1,1,323.77
102,2,5,4,0,17,9,12,5,2,2,1,282.85
102,2,5,4,0,18,4,6,6,1,1,1,301.29
102,2,5,4,0,19,4,6,6,1,1,1,377.83
102,2,5,4,0,20,6,8,6,1,1,1,327.07
102,2,5,4,0,21,6,8,6,1,1,1,322.68
102,2,5,4,0,22,4,6,6,1,1,1,373.8
102,2,5,4,0,23,11,14,5,2,2,1,347.41
102,2,5,4,0,24,11,14,5,2,2,1,363.02
102,2,5,4,0,25,4,6,6,1,1,1,344.67
102,2,5,4,0,26,4,6,6,1,1,1,356.71
102,2,5,4,0,27,7,10,5,2,2,1,428.69
102,2,5,4,0,28,7,10,5,2,2,1,386.74
102,2,5,4,0,29,7,10,5,2,2,1,440.9
102,2,5,4,0,30,7,10,5,2,2,1,325.52
102,2,5,4,0,31,6,8,6,1,1,1,429
102,2,5,4,0,32,7,10,5,2,2,1,362.29
102,2,5,4,0,33,2,4,6,1,1,1,351.64
102,2,5,4,0,34,11,14,5,2,2,1,334.66
102,2,5,4,0,35,7,10,5,2,2,1,525.02
102,2,5,4,0,36,9,12,5,2,2,1,319.87
102,2,5,4,0,37,11,14,5,2,2,1,296.33
102,2,5,4,0,38,7,10,5,2,2,1,318.95
102,2,5,4,0,39,6,8,6,1,1,1,361.98
102,2,5,4,0,40,2,4,6,1,1,1,382.09
102,2,5,4,0,41,6,8,6,1,1,1,577.15
102,2,5,4,0,42,9,12,5,2,2,1,394.75
102,2,5,4,0,43,2,4,6,1,1,1,374.92
102,2,5,4,0,44,4,6,6,1,1,1,342.83
102,2,5,4,0,45,2,4,6,1,1,1,311.71
102,2,5,4,0,46,7,10,5,2,2,1,400.39
102,2,5,4,0,47,6,8,6,1,1,1,467.83
102,2,5,4,0,48,6,8,6,1,1,1,445.63
102,2,5,4,0,49,7,10,5,2,2,1,307.73
102,2,5,4,0,50,11,14,5,2,2,1,352.68
102,2,5,4,0,51,6,8,6,1,1,1,363.06
102,2,5,4,0,52,7,10,5,2,2,1,317.38
102,2,5,4,0,53,9,12,5,2,2,1,340.97
102,2,5,4,0,54,4,6,6,1,1,1,453.87
102,2,5,4,0,55,4,6,6,1,1,1,362.22
102,2,5,4,0,56,2,4,6,1,1,1,314.86
102,2,5,4,0,57,4,6,6,1,1,1,302.17
102,2,5,4,0,58,9,12,5,2,2,1,365.08
102,2,5,4,0,59,2,4,6,1,1,1,662.98
102,2,5,4,0,60,2,4,6,1,1,1,338.56
102,2,5,4,0,61,11,14,5,2,2,1,335.53
102,2,5,4,0,62,9,12,5,2,2,1,335.71
102,2,5,4,0,63,2,4,6,1,1,1,306.1
102,2,5,4,0,64,2,4,6,1,1,1,363.38
102,2,5,4,0,65,9,12,5,2,2,1,359.11
102,2,5,4,0,66,7,10,5,2,2,1,630.13
102,2,5,4,0,67,7,10,5,2,2,1,312.72
102,2,5,4,0,68,2,4,6,1,1,1,312.69
102,2,5,4,0,69,6,8,6,1,1,1,507.71
102,2,5,4,0,70,11,14,5,2,2,1,300.22
102,2,5,4,0,71,7,10,5,2,2,1,409.41
102,2,5,4,0,72,7,10,5,2,2,1,546.12
102,2,5,4,0,73,11,14,5,2,2,1,395.79
102,2,5,4,0,74,2,4,6,1,1,1,324.1
102,2,5,4,0,75,2,4,6,1,1,1,353.14
102,2,5,4,0,76,11,14,5,2,2,1,368.06
102,2,5,4,0,77,2,4,6,1,1,1,333.94
102,2,5,4,0,78,2,4,6,1,1,1,322.45
102,2,5,4,0,79,7,10,5,2,2,1,342.38
102,2,5,4,0,80,6,8,6,1,1,1,794.35
102,2,5,4,0,81,11,14,5,2,2,1,326.84
102,2,5,4,0,82,7,10,5,2,2,1,372.78
102,2,5,4,0,83,11,14,5,2,2,1,325
102,2,5,4,0,84,4,6,6,1,1,1,303.2
102,2,5,4,0,85,4,6,6,1,1,1,323.4
102,2,5,4,0,86,2,4,6,1,1,1,333.92
102,2,5,4,0,87,9,12,5,2,2,1,338.77
102,2,5,4,0,88,4,6,6,1,1,1,635.93
102,2,5,4,0,89,9,12,5,2,2,1,309.91
102,2,5,4,0,90,9,12,5,2,2,1,355.19
102,2,5,4,0,91,11,14,5,2,2,1,324.69
102,2,5,4,0,92,4,6,6,1,1,1,331.16
102,2,5,4,0,93,9,12,5,2,2,1,284.99
102,2,5,4,0,94,9,12,5,2,2,1,283.4
102,2,5,4,0,95,6,8,6,1,1,1,401.13
102,2,5,4,0,96,9,12,5,2,2,1,372.35
102,2,5,4,0,97,7,10,5,2,2,1,394.94
102,2,5,4,0,98,4,6,6,1,1,1,400.79
102,2,5,4,0,99,7,10,5,2,2,1,307.41
102,2,5,4,0,100,9,12,5,2,2,1,290.16
102,2,5,4,0,101,6,8,6,1,1,1,757.19
102,2,5,4,0,102,11,14,5,2,1,0,290
102,2,5,4,0,103,11,14,5,2,2,1,304.76
102,2,5,4,0,104,9,12,5,2,2,1,265.88
102,2,5,4,0,105,6,8,6,1,1,1,514.46
102,2,5,4,0,106,7,10,5,2,2,1,479.2
102,2,5,4,0,107,11,14,5,2,2,1,346.16
102,2,5,4,0,108,9,12,5,2,2,1,295.76
102,2,5,4,0,109,7,10,5,2,2,1,476.77
102,2,5,4,0,110,4,6,6,1,1,1,412.93
102,2,5,4,0,111,4,6,6,1,1,1,336.44
102,2,5,4,0,112,6,8,6,1,1,1,371.29
102,2,5,4,0,113,2,4,6,1,1,1,417.37
102,2,5,4,0,114,9,12,5,2,2,1,351.36
102,2,5,4,0,115,6,8,6,1,1,1,512.35
102,2,5,4,0,116,4,6,6,1,1,1,373.5
102,2,5,4,0,117,2,4,6,1,1,1,325.04
102,2,5,4,0,118,9,12,5,2,2,1,351.01
102,2,5,4,0,119,6,8,6,1,1,1,468.71
102,2,5,4,0,120,11,14,5,2,2,1,304.97
