104,2,6,2,1,1,10,12,6,2,2,1,479.47
104,2,6,2,1,2,4,6,6,1,1,1,354.42
104,2,6,2,1,3,6,8,6,1,1,1,265.3
104,2,6,2,1,4,6,8,6,1,1,1,285.65
104,2,6,2,1,5,4,6,6,1,1,1,222.52
104,2,6,2,1,6,8,10,6,2,2,1,316.77
104,2,6,2,1,7,2,4,6,1,1,1,260.89
104,2,6,2,1,8,2,4,6,1,1,1,198.97
104,2,6,2,1,9,6,8,6,1,2,0,296.4
104,2,6,2,1,10,10,12,6,2,2,1,326.5
104,2,6,2,1,11,6,8,6,1,1,1,418.55
104,2,6,2,1,12,8,10,6,2,2,1,453.57
104,2,6,2,1,13,12,14,6,2,2,1,436.88
104,2,6,2,1,14,2,4,6,1,1,1,267.79
104,2,6,2,1,15,12,14,6,2,2,1,304.12
104,2,6,2,1,16,10,12,6,2,2,1,268.83
104,2,6,2,1,17,4,6,6,1,1,1,261.9
104,2,6,2,1,18,8,10,6,2,2,1,319.62
104,2,6,2,1,19,4,6,6,1,1,1,232.49
104,2,6,2,1,20,2,4,6,1,1,1,267.95
104,2,6,2,1,21,12,14,6,2,2,1,231.73
104,2,6,2,1,22,10,12,6,2,2,1,258.77
104,2,6,2,1,23,8,10,6,2,1,0,366.95
104,2,6,2,1,24,12,14,6,2,2,1,331.98
104,2,6,2,0,1,8,10,6,2,1,0,434.06
104,2,6,2,0,2,8,10,6,2,2,1,288.37
104,2,6,2,0,3,6,8,6,1,1,1,306.23
104,2,6,2,0,4,10,12,6,2,2,1,237.18
104,2,6,2,0,5,4,6,6,1,1,1,271
104,2,6,2,0,6,8,10,6,2,2,1,268.05
104,2,6,2,0,7,4,6,6,1,1,1,348.77
104,2,6,2,0,8,6,8,6,1,1,1,328.24
104,2,6,2,0,9,12,14,6,2,2,1,238.53
104,2,6,2,0,10,6,8,6,1,1,1,291.75
104,2,6,2,0,11,12,14,6,2,2,1,313.61
104,2,6,2,0,12,10,12,6,2,2,1,280.46
104,2,6,2,0,13,2,4,6,1,1,1,275.8
104,2,6,2,0,14,8,10,6,2,2,1,261.64
104,2,6,2,0,15,12,14,6,2,2,1,328.23
104,2,6,2,0,16,4,6,6,1,1,1,179.43
104,2,6,2,0,17,2,4,6,1,1,1,250.08
104,2,6,2,0,18,4,6,6,1,1,1,311.54
104,2,6,2,0,19,8,10,6,2,2,1,306.58
104,2,6,2,0,20,6,8,6,1,1,1,382.42
104,2,6,2,0,21,10,12,6,2,2,1,346.93
104,2,6,2,0,22,8,10,6,2,2,1,298.65
104,2,6,2,0,23,2,4,6,1,1,1,237.28
104,2,6,2,0,24,6,8,6,1,1,1,227.95
104,2,6,2,0,25,8,10,6,2,2,1,339.52
104,2,6,2,0,26,8,10,6,2,2,1,284.69
104,2,6,2,0,27,10,12,6,2,2,1,345.19
104,2,6,2,0,28,12,14,6,2,2,1,329.04
104,2,6,2,0,29,6,8,6,1,1,1,277.04
104,2,6,2,0,30,12,14,6,2,2,1,308.96
104,2,6,2,0,31,6,8,6,1,1,1,355.57
104,2,6,2,0,32,10,12,6,2,2,1,328.16
104,2,6,2,0,33,8,10,6,2,2,1,314.45
104,2,6,2,0,34,2,4,6,1,1,1,301.22
104,2,6,2,0,35,12,14,6,2,2,1,391
104,2,6,2,0,36,10,12,6,2,2,1,259.81
104,2,6,2,0,37,2,4,6,1,1,1,273.62
104,2,6,2,0,38,6,8,6,1,1,1,406.63
104,2,6,2,0,39,4,6,6,1,1,1,322.91
104,2,6,2,0,40,2,4,6,1,1,1,286.36
104,2,6,2,0,41,6,8,6,1,1,1,666.04
104,2,6,2,0,42,10,12,6,2,2,1,354.97
104,2,6,2,0,43,10,12,6,2,2,1,274.24
104,2,6,2,0,44,12,14,6,2,2,1,262.03
104,2,6,2,0,45,6,8,6,1,1,1,351.84
104,2,6,2,0,46,10,12,6,2,2,1,437.09
104,2,6,2,0,47,4,6,6,1,1,1,314.71
104,2,6,2,0,48,6,8,6,1,1,1,338.02
104,2,6,2,0,49,2,4,6,1,1,1,310.2
104,2,6,2,0,50,2,4,6,1,1,1,254.34
104,2,6,2,0,51,8,10,6,2,2,1,295.64
104,2,6,2,0,52,12,14,6,2,2,1,250.53
104,2,6,2,0,53,10,12,6,2,2,1,313.82
104,2,6,2,0,54,10,12,6,2,2,1,285.12
104,2,6,2,0,55,4,6,6,1,1,1,256.36
104,2,6,2,0,56,8,10,6,2,1,0,273.79
104,2,6,2,0,57,6,8,6,1,1,1,287.39
104,2,6,2,0,58,12,14,6,2,2,1,300.72
104,2,6,2,0,59,12,14,6,2,2,1,294.76
104,2,6,2,0,60,6,8,6,1,1,1,283.27
104,2,6,2,0,61,4,6,6,1,1,1,280.82
104,2,6,2,0,62,12,14,6,2,2,1,321.85
104,2,6,2,0,63,4,6,6,1,1,1,297.37
104,2,6,2,0,64,6,8,6,1,1,1,239.76
104,2,6,2,0,65,6,8,6,1,1,1,191.95
104,2,6,2,0,66,2,4,6,1,1,1,282.91
104,2,6,2,0,67,6,8,6,1,1,1,295.12
104,2,6,2,0,68,2,4,6,1,1,1,210.2
104,2,6,2,0,69,8,10,6,2,2,1,311.94
104,2,6,2,0,70,8,10,6,2,2,1,364.23
104,2,6,2,0,71,12,14,6,2,2,1,344.59
104,2,6,2,0,72,12,14,6,2,2,1,262.78
104,2,6,2,0,73,4,6,6,1,1,1,240.54
104,2,6,2,0,74,2,4,6,1,1,1,248.28
104,2,6,2,0,75,4,6,6,1,1,1,223.38
104,2,6,2,0,76,4,6,6,1,1,1,275.25
104,2,6,2,0,77,10,12,6,2,2,1,356.01
104,2,6,2,0,78,10,12,6,2,2,1,251.69
104,2,6,2,0,79,8,10,6,2,2,1,303.93
104,2,6,2,0,80,6,8,6,1,1,1,253.92
104,2,6,2,0,81,10,12,6,2,2,1,350.39
104,2,6,2,0,82,2,4,6,1,1,1,293.35
104,2,6,2,0,83,8,10,6,2,2,1,322.63
104,2,6,2,0,84,6,8,6,1,1,1,319.42
104,2,6,2,0,85,12,14,6,2,2,1,329.03
104,2,6,2,0,86,8,10,6,2,2,1,277.92
104,2,6,2,0,87,12,14,6,2,2,1,313.44
104,2,6,2,0,88,2,4,6,1,1,1,267.38
104,2,6,2,0,89,2,4,6,1,1,1,180.39
104,2,6,2,0,90,4,6,6,1,1,1,329.3
104,2,6,2,0,91,8,10,6,2,2,1,307.4
104,2,6,2,0,92,12,14,6,2,2,1,249.84
104,2,6,2,0,93,12,14,6,2,2,1,287.42
104,2,6,2,0,94,12,14,6,2,2,1,262.06
104,2,6,2,0,95,2,4,6,1,1,1,243.2
104,2,6,2,0,96,6,8,6,1,1,1,348.21
104,2,6,2,0,97,8,10,6,2,2,1,332.22
104,2,6,2,0,98,10,12,6,2,2,1,301.35
104,2,6,2,0,99,2,4,6,1,1,1,243.87
104,2,6,2,0,100,4,6,6,1,1,1,298.56
104,2,6,2,0,101,2,4,6,1,1,1,238.98
104,2,6,2,0,102,6,8,6,1,1,1,1157
104,2,6,2,0,103,4,6,6,1,1,1,289.39
104,2,6,2,0,104,2,4,6,1,1,1,243.99
104,2,6,2,0,105,10,12,6,2,2,1,353.46
104,2,6,2,0,106,12,14,6,2,2,1,277.79
104,2,6,2,0,107,2,4,6,1,1,1,272.71
104,2,6,2,0,108,2,4,6,1,1,1,226.85
104,2,6,2,0,109,4,6,6,1,1,1,234.75
104,2,6,2,0,110,10,12,6,2,2,1,325.38
104,2,6,2,0,111,8,10,6,2,2,1,252.15
104,2,6,2,0,112,4,6,6,1,1,1,267.99
104,2,6,2,0,113,10,12,6,2,2,1,342.72
104,2,6,2,0,114,12,14,6,2,2,1,314.95
104,2,6,2,0,115,4,6,6,1,1,1,309.36
104,2,6,2,0,116,4,6,6,1,1,1,280.93
104,2,6,2,0,117,4,6,6,1,1,1,249.71
104,2,6,2,0,118,10,12,6,2,2,1,295.06
104,2,6,2,0,119,10,12,6,2,2,1,262.43
104,2,6,2,0,120,8,10,6,2,2,1,306.72
104,2,6,1,1,1,9,12,5,2,2,1,300.66
104,2,6,1,1,2,11,14,5,2,2,1,256.99
104,2,6,1,1,3,5,8,5,1,1,1,361.13
104,2,6,1,1,4,5,8,5,1,1,1,231.61
104,2,6,1,1,5,11,14,5,2,2,1,316.69
104,2,6,1,1,6,9,12,5,2,2,1,255.56
104,2,6,1,1,7,3,6,5,1,1,1,259.58
104,2,6,1,1,8,5,8,5,1,1,1,334.11
104,2,6,1,1,9,1,4,5,1,1,1,249.42
104,2,6,1,1,10,3,6,5,1,1,1,324.96
104,2,6,1,1,11,7,10,5,2,2,1,334.57
104,2,6,1,1,12,1,4,5,1,1,1,270.98
104,2,6,1,1,13,9,12,5,2,2,1,322
104,2,6,1,1,14,3,6,5,1,1,1,259.72
104,2,6,1,1,15,1,4,5,1,1,1,237.54
104,2,6,1,1,16,7,10,5,2,2,1,310.99
104,2,6,1,1,17,5,8,5,1,2,0,349.9
104,2,6,1,1,18,9,12,5,2,2,1,350.95
104,2,6,1,1,19,11,14,5,2,2,1,274.07
104,2,6,1,1,20,3,6,5,1,1,1,285.84
104,2,6,1,1,21,7,10,5,2,2,1,894.4
104,2,6,1,1,22,7,10,5,2,2,1,440.1
104,2,6,1,1,23,11,14,5,2,2,1,281.82
104,2,6,1,1,24,1,4,5,1,1,1,279.5
104,2,6,1,0,1,9,12,5,2,2,1,336.32
104,2,6,1,0,2,5,8,5,1,1,1,314.01
104,2,6,1,0,3,5,8,5,1,1,1,336.37
104,2,6,1,0,4,11,14,5,2,2,1,379.59
104,2,6,1,0,5,9,12,5,2,2,1,240.35
104,2,6,1,0,6,11,14,5,2,2,1,259.31
104,2,6,1,0,7,1,4,5,1,1,1,269.32
104,2,6,1,0,8,9,12,5,2,2,1,316.46
104,2,6,1,0,9,7,10,5,2,2,1,285.86
104,2,6,1,0,10,7,10,5,2,2,1,261.46
104,2,6,1,0,11,5,8,5,1,2,0,262.25
104,2,6,1,0,12,11,14,5,2,2,1,261.34
104,2,6,1,0,13,7,10,5,2,2,1,266.53
104,2,6,1,0,14,1,4,5,1,1,1,316.92
104,2,6,1,0,15,11,14,5,2,2,1,319.04
104,2,6,1,0,16,1,4,5,1,1,1,323.96
104,2,6,1,0,17,7,10,5,2,2,1,804.67
104,2,6,1,0,18,1,4,5,1,1,1,305.73
104,2,6,1,0,19,1,4,5,1,1,1,322.35
104,2,6,1,0,20,11,14,5,2,2,1,317.89
104,2,6,1,0,21,5,8,5,1,1,1,315.18
104,2,6,1,0,22,9,12,5,2,2,1,335.36
104,2,6,1,0,23,5,8,5,1,1,1,4200.1
104,2,6,1,0,24,1,4,5,1,1,1,356.01
104,2,6,1,0,25,9,12,5,2,2,1,291.68
104,2,6,1,0,26,1,4,5,1,1,1,293.93
104,2,6,1,0,27,7,10,5,2,2,1,371.7
104,2,6,1,0,28,9,12,5,2,2,1,242.17
104,2,6,1,0,29,3,6,5,1,1,1,268.33
104,2,6,1,0,30,11,14,5,2,2,1,353.4
104,2,6,1,0,31,11,14,5,2,2,1,233.25
104,2,6,1,0,32,7,10,5,2,1,0,351.11
104,2,6,1,0,33,7,10,5,2,2,1,529.12
104,2,6,1,0,34,9,12,5,2,2,1,301.44
104,2,6,1,0,35,3,6,5,1,1,1,277.12
104,2,6,1,0,36,3,6,5,1,1,1,287.9
104,2,6,1,0,37,5,8,5,1,1,1,239
104,2,6,1,0,38,5,8,5,1,1,1,205.36
104,2,6,1,0,39,5,8,5,1,1,1,240.6
104,2,6,1,0,40,5,8,5,1,1,1,197.61
104,2,6,1,0,41,3,6,5,1,1,1,244.57
104,2,6,1,0,42,7,10,5,2,2,1,586.4
104,2,6,1,0,43,9,12,5,2,2,1,301.89
104,2,6,1,0,44,1,4,5,1,1,1,294.84
104,2,6,1,0,45,3,6,5,1,1,1,229.74
104,2,6,1,0,46,11,14,5,2,2,1,326.86
104,2,6,1,0,47,1,4,5,1,1,1,278
104,2,6,1,0,48,3,6,5,1,1,1,372.75
104,2,6,1,0,49,5,8,5,1,1,1,233.03
104,2,6,1,0,50,11,14,5,2,2,1,328.99
104,2,6,1,0,51,3,6,5,1,1,1,298.73
104,2,6,1,0,52,1,4,5,1,1,1,217.31
104,2,6,1,0,53,3,6,5,1,1,1,223.42
104,2,6,1,0,54,5,8,5,1,1,1,369.82
104,2,6,1,0,55,9,12,5,2,2,1,292.94
104,2,6,1,0,56,3,6,5,1,1,1,239.77
104,2,6,1,0,57,7,10,5,2,2,1,448.79
104,2,6,1,0,58,7,10,5,2,2,1,713.11
104,2,6,1,0,59,9,12,5,2,2,1,355.53
104,2,6,1,0,60,11,14,5,2,2,1,261.62
104,2,6,1,0,61,3,6,5,1,1,1,295.83
104,2,6,1,0,62,3,6,5,1,1,1,245
104,2,6,1,0,63,3,6,5,1,1,1,243.14
104,2,6,1,0,64,9,12,5,2,2,1,419.31
104,2,6,1,0,65,5,8,5,1,1,1,323.81
104,2,6,1,0,66,1,4,5,1,1,1,275.3
104,2,6,1,0,67,7,10,5,2,2,1,338.06
104,2,6,1,0,68,9,12,5,2,2,1,410.23
104,2,6,1,0,69,7,10,5,2,2,1,284.12
104,2,6,1,0,70,1,4,5,1,1,1,274.75
104,2,6,1,0,71,11,14,5,2,2,1,302.3
104,2,6,1,0,72,9,12,5,2,2,1,254.44
104,2,6,1,0,73,7,10,5,2,2,1,293.59
104,2,6,1,0,74,1,4,5,1,1,1,261.59
104,2,6,1,0,75,3,6,5,1,1,1,296.61
104,2,6,1,0,76,9,12,5,2,2,1,414.97
104,2,6,1,0,77,7,10,5,2,2,1,341.66
104,2,6,1,0,78,7,10,5,2,2,1,288.78
104,2,6,1,0,79,7,10,5,2,2,1,267.65
104,2,6,1,0,80,3,6,5,1,1,1,361.9
104,2,6,1,0,81,1,4,5,1,1,1,271.75
104,2,6,1,0,82,1,4,5,1,1,1,263.98
104,2,6,1,0,83,1,4,5,1,1,1,259.74
104,2,6,1,0,84,9,12,5,2,2,1,297.78
104,2,6,1,0,85,5,8,5,1,1,1,308.67
104,2,6,1,0,86,5,8,5,1,1,1,290.7
104,2,6,1,0,87,5,8,5,1,1,1,257.64
104,2,6,1,0,88,9,12,5,2,2,1,246.3
104,2,6,1,0,89,1,4,5,1,1,1,389.07
104,2,6,1,0,90,7,10,5,2,2,1,324.64
104,2,6,1,0,91,9,12,5,2,2,1,283.77
104,2,6,1,0,92,1,4,5,1,1,1,253.8
104,2,6,1,0,93,11,14,5,2,2,1,290.22
104,2,6,1,0,94,7,10,5,2,2,1,500.22
104,2,6,1,0,95,9,12,5,2,2,1,273.84
104,2,6,1,0,96,3,6,5,1,1,1,269.8
104,2,6,1,0,97,3,6,5,1,1,1,242.34
104,2,6,1,0,98,11,14,5,2,2,1,280.25
104,2,6,1,0,99,1,4,5,1,1,1,286.56
104,2,6,1,0,100,3,6,5,1,1,1,344.97
104,2,6,1,0,101,5,8,5,1,1,1,238.66
104,2,6,1,0,102,11,14,5,2,2,1,274.16
104,2,6,1,0,103,11,14,5,2,2,1,275.12
104,2,6,1,0,104,11,14,5,2,2,1,282.32
104,2,6,1,0,105,7,10,5,2,2,1,667.76
104,2,6,1,0,106,5,8,5,1,1,1,476.24
104,2,6,1,0,107,3,6,5,1,1,1,277.76
104,2,6,1,0,108,11,14,5,2,2,1,368.77
104,2,6,1,0,109,5,8,5,1,1,1,300.24
104,2,6,1,0,110,11,14,5,2,2,1,323.03
104,2,6,1,0,111,11,14,5,2,2,1,298.92
104,2,6,1,0,112,9,12,5,2,2,1,244.32
104,2,6,1,0,113,9,12,5,2,2,1,297.31
104,2,6,1,0,114,5,8,5,1,1,1,335.08
104,2,6,1,0,115,1,4,5,1,1,1,257.11
104,2,6,1,0,116,3,6,5,1,1,1,276.02
104,2,6,1,0,117,5,8,5,1,1,1,238.93
104,2,6,1,0,118,11,14,5,2,2,1,419.94
104,2,6,1,0,119,7,10,5,2,2,1,266.93
104,2,6,1,0,120,3,6,5,1,1,1,319.81
104,2,6,3,1,1,3,6,5,1,1,1,370.8
104,2,6,3,1,2,5,8,5,1,2,0,506.52
104,2,6,3,1,3,1,4,5,1,1,1,351.08
104,2,6,3,1,4,12,14,6,2,2,1,301.58
104,2,6,3,1,5,10,12,6,2,2,1,307.54
104,2,6,3,1,6,8,10,6,2,2,1,219.3
104,2,6,3,1,7,12,14,6,2,2,1,337.52
104,2,6,3,1,8,10,12,6,2,2,1,286.52
104,2,6,3,1,9,3,6,5,1,1,1,297.4
104,2,6,3,1,10,1,4,5,1,1,1,227.47
104,2,6,3,1,11,5,8,5,1,1,1,217.41
104,2,6,3,1,12,10,12,6,2,1,0,229.06
104,2,6,3,1,13,1,4,5,1,1,1,405.18
104,2,6,3,1,14,3,6,5,1,1,1,302.55
104,2,6,3,1,15,12,14,6,2,2,1,294.19
104,2,6,3,1,16,1,4,5,1,1,1,280.31
104,2,6,3,1,17,8,10,6,2,2,1,226.12
104,2,6,3,1,18,10,12,6,2,2,1,246.87
104,2,6,3,1,19,5,8,5,1,1,1,329.22
104,2,6,3,1,20,5,8,5,1,1,1,206.61
104,2,6,3,1,21,3,6,5,1,1,1,253.97
104,2,6,3,1,22,8,10,6,2,2,1,319.58
104,2,6,3,1,23,8,10,6,2,2,1,274.55
104,2,6,3,1,24,12,14,6,2,2,1,299.87
104,2,6,3,0,1,5,8,5,1,1,1,345.09
104,2,6,3,0,2,10,12,6,2,2,1,412.99
104,2,6,3,0,3,1,4,5,1,1,1,261.65
104,2,6,3,0,4,3,6,5,1,1,1,351.89
104,2,6,3,0,5,12,14,6,2,2,1,266.78
104,2,6,3,0,6,1,4,5,1,1,1,281.44
104,2,6,3,0,7,8,10,6,2,2,1,319.79
104,2,6,3,0,8,1,4,5,1,1,1,252.24
104,2,6,3,0,9,10,12,6,2,2,1,307.59
104,2,6,3,0,10,5,8,5,1,1,1,255.64
104,2,6,3,0,11,3,6,5,1,1,1,278.8
104,2,6,3,0,12,8,10,6,2,2,1,546.2
104,2,6,3,0,13,10,12,6,2,2,1,248.94
104,2,6,3,0,14,5,8,5,1,1,1,315.97
104,2,6,3,0,15,8,10,6,2,2,1,430.1
104,2,6,3,0,16,1,4,5,1,1,1,260.4
104,2,6,3,0,17,10,12,6,2,2,1,312.78
104,2,6,3,0,18,5,8,5,1,1,1,256.43
104,2,6,3,0,19,8,10,6,2,2,1,311.96
104,2,6,3,0,20,5,8,5,1,1,1,285.42
104,2,6,3,0,21,10,12,6,2,2,1,315.17
104,2,6,3,0,22,10,12,6,2,2,1,222.14
104,2,6,3,0,23,3,6,5,1,1,1,288.77
104,2,6,3,0,24,3,6,5,1,1,1,242.33
104,2,6,3,0,25,1,4,5,1,1,1,312.22
104,2,6,3,0,26,12,14,6,2,2,1,236.8
104,2,6,3,0,27,8,10,6,2,2,1,296.32
104,2,6,3,0,28,5,8,5,1,1,1,255.7
104,2,6,3,0,29,12,14,6,2,2,1,335.5
104,2,6,3,0,30,3,6,5,1,1,1,274.05
104,2,6,3,0,31,10,12,6,2,2,1,306.18
104,2,6,3,0,32,1,4,5,1,1,1,274.6
104,2,6,3,0,33,12,14,6,2,2,1,336
104,2,6,3,0,34,3,6,5,1,1,1,420.61
104,2,6,3,0,35,1,4,5,1,1,1,244.95
104,2,6,3,0,36,3,6,5,1,1,1,291.41
104,2,6,3,0,37,12,14,6,2,2,1,381.22
104,2,6,3,0,38,3,6,5,1,1,1,283.67
104,2,6,3,0,39,10,12,6,2,2,1,268.67
104,2,6,3,0,40,5,8,5,1,1,1,280.73
104,2,6,3,0,41,5,8,5,1,1,1,364.31
104,2,6,3,0,42,1,4,5,1,1,1,257.73
104,2,6,3,0,43,8,10,6,2,2,1,700.02
104,2,6,3,0,44,8,10,6,2,2,1,296.05
104,2,6,3,0,45,8,10,6,2,2,1,297.55
104,2,6,3,0,46,10,12,6,2,2,1,300.73
104,2,6,3,0,47,1,4,5,1,1,1,296.27
104,2,6,3,0,48,10,12,6,2,2,1,347.33
104,2,6,3,0,49,1,4,5,1,1,1,280.51
104,2,6,3,0,50,8,10,6,2,2,1,320.36
104,2,6,3,0,51,5,8,5,1,1,1,254
104,2,6,3,0,52,10,12,6,2,2,1,352.58
104,2,6,3,0,53,3,6,5,1,1,1,257.54
104,2,6,3,0,54,10,12,6,2,2,1,316.17
104,2,6,3,0,55,3,6,5,1,1,1,260.48
104,2,6,3,0,56,3,6,5,1,1,1,288.24
104,2,6,3,0,57,5,8,5,1,1,1,321.06
104,2,6,3,0,58,10,12,6,2,2,1,350.23
104,2,6,3,0,59,3,6,5,1,1,1,261.24
104,2,6,3,0,60,12,14,6,2,2,1,340.02
104,2,6,3,0,61,5,8,5,1,1,1,287.51
104,2,6,3,0,62,8,10,6,2,2,1,304.38
104,2,6,3,0,63,1,4,5,1,1,1,305.02
104,2,6,3,0,64,5,8,5,1,1,1,487.1
104,2,6,3,0,65,8,10,6,2,2,1,343.94
104,2,6,3,0,66,12,14,6,2,2,1,385.37
104,2,6,3,0,67,12,14,6,2,2,1,465.87
104,2,6,3,0,68,3,6,5,1,1,1,292.98
104,2,6,3,0,69,10,12,6,2,2,1,350.14
104,2,6,3,0,70,1,4,5,1,1,1,271.53
104,2,6,3,0,71,12,14,6,2,2,1,328.75
104,2,6,3,0,72,1,4,5,1,1,1,281.74
104,2,6,3,0,73,12,14,6,2,2,1,292.75
104,2,6,3,0,74,12,14,6,2,2,1,277.18
104,2,6,3,0,75,5,8,5,1,1,1,368.99
104,2,6,3,0,76,10,12,6,2,2,1,339.48
104,2,6,3,0,77,5,8,5,1,1,1,312.36
104,2,6,3,0,78,1,4,5,1,1,1,290.42
104,2,6,3,0,79,8,10,6,2,2,1,345.44
104,2,6,3,0,80,8,10,6,2,2,1,386.57
104,2,6,3,0,81,12,14,6,2,2,1,326.98
104,2,6,3,0,82,1,4,5,1,1,1,282.92
104,2,6,3,0,83,12,14,6,2,2,1,363.14
104,2,6,3,0,84,3,6,5,1,1,1,278.97
104,2,6,3,0,85,10,12,6,2,2,1,382.21
104,2,6,3,0,86,10,12,6,2,2,1,422.72
104,2,6,3,0,87,1,4,5,1,1,1,426.68
104,2,6,3,0,88,1,4,5,1,1,1,310.43
104,2,6,3,0,89,5,8,5,1,1,1,453.1
104,2,6,3,0,90,8,10,6,2,2,1,364.56
104,2,6,3,0,91,8,10,6,2,2,1,248.26
104,2,6,3,0,92,8,10,6,2,2,1,284.79
104,2,6,3,0,93,12,14,6,2,2,1,255.35
104,2,6,3,0,94,3,6,5,1,1,1,492.75
104,2,6,3,0,95,5,8,5,1,1,1,225.79
104,2,6,3,0,96,5,8,5,1,1,1,270.63
104,2,6,3,0,97,10,12,6,2,2,1,550.64
104,2,6,3,0,98,12,14,6,2,2,1,266.87
104,2,6,3,0,99,8,10,6,2,2,1,388.52
104,2,6,3,0,100,8,10,6,2,2,1,287.21
104,2,6,3,0,101,1,4,5,1,1,1,291.08
104,2,6,3,0,102,3,6,5,1,1,1,273.75
104,2,6,3,0,103,1,4,5,1,1,1,257.29
104,2,6,3,0,104,5,8,5,1,2,0,410.89
104,2,6,3,0,105,3,6,5,1,1,1,296.6
104,2,6,3,0,106,1,4,5,1,1,1,236.16
104,2,6,3,0,107,3,6,5,1,1,1,254.96
104,2,6,3,0,108,10,12,6,2,2,1,370.42
104,2,6,3,0,109,12,14,6,2,2,1,271.06
104,2,6,3,0,110,3,6,5,1,1,1,303.52
104,2,6,3,0,111,12,14,6,2,2,1,369.77
104,2,6,3,0,112,8,10,6,2,2,1,295.16
104,2,6,3,0,113,5,8,5,1,1,1,293.15
104,2,6,3,0,114,10,12,6,2,2,1,342.47
104,2,6,3,0,115,12,14,6,2,2,1,280.5
104,2,6,3,0,116,8,10,6,2,2,1,481.76
104,2,6,3,0,117,12,14,6,2,2,1,301.29
104,2,6,3,0,118,3,6,5,1,1,1,273.21
104,2,6,3,0,119,5,8,5,1,1,1,236.73
104,2,6,3,0,120,12,14,6,2,2,1,354.5
104,2,6,4,1,1,11,14,5,2,2,1,380.08
104,2,6,4,1,2,4,6,6,1,1,1,356.45
104,2,6,4,1,3,7,10,5,2,2,1,349.36
104,2,6,4,1,4,2,4,6,1,1,1,304.26
104,2,6,4,1,5,7,10,5,2,2,1,315.55
104,2,6,4,1,6,2,4,6,1,1,1,293.86
104,2,6,4,1,7,11,14,5,2,2,1,296.05
104,2,6,4,1,8,6,8,6,1,1,1,506.85
104,2,6,4,1,9,2,4,6,1,1,1,314.72
104,2,6,4,1,10,6,8,6,1,1,1,349.63
104,2,6,4,1,11,7,10,5,2,2,1,497.55
104,2,6,4,1,12,9,12,5,2,2,1,287.81
104,2,6,4,1,13,4,6,6,1,1,1,318.67
104,2,6,4,1,14,7,10,5,2,2,1,757.16
104,2,6,4,1,15,4,6,6,1,1,1,307.72
104,2,6,4,1,16,9,12,5,2,2,1,318.58
104,2,6,4,1,17,9,12,5,2,2,1,314.86
104,2,6,4,1,18,2,4,6,1,1,1,309.58
104,2,6,4,1,19,11,14,5,2,2,1,344.62
104,2,6,4,1,20,6,8,6,1,1,1,365.49
104,2,6,4,1,21,4,6,6,1,1,1,266.76
104,2,6,4,1,22,11,14,5,2,2,1,288.28
104,2,6,4,1,23,9,12,5,2,2,1,273.7
104,2,6,4,1,24,6,8,6,1,1,1,350.09
104,2,6,4,0,1,7,10,5,2,2,1,358.33
104,2,6,4,0,2,6,8,6,1,1,1,414.51
104,2,6,4,0,3,9,12,5,2,2,1,321.03
104,2,6,4,0,4,6,8,6,1,1,1,315.04
104,2,6,4,0,5,9,12,5,2,2,1,318.19
104,2,6,4,0,6,7,10,5,2,2,1,350.32
104,2,6,4,0,7,2,4,6,1,1,1,297.62
104,2,6,4,0,8,9,12,5,2,2,1,298.25
104,2,6,4,0,9,2,4,6,1,1,1,311.16
104,2,6,4,0,10,11,14,5,2,2,1,310.31
104,2,6,4,0,11,4,6,6,1,1,1,294.63
104,2,6,4,0,12,2,4,6,1,1,1,291.77
104,2,6,4,0,13,6,8,6,1,1,1,367.44
104,2,6,4,0,14,4,6,6,1,1,1,476.54
104,2,6,4,0,15,7,10,5,2,2,1,370.57
104,2,6,4,0,16,11,14,5,2,2,1,307.28
104,2,6,4,0,17,7,10,5,2,2,1,371.86
104,2,6,4,0,18,9,12,5,2,2,1,315.87
104,2,6,4,0,19,6,8,6,1,1,1,432.57
104,2,6,4,0,20,11,14,5,2,2,1,370.09
104,2,6,4,0,21,2,4,6,1,1,1,311.83
104,2,6,4,0,22,9,12,5,2,2,1,359.34
104,2,6,4,0,23,7,10,5,2,2,1,348
104,2,6,4,0,24,6,8,6,1,1,1,478.56
104,2,6,4,0,25,7,10,5,2,2,1,368.14
104,2,6,4,0,26,4,6,6,1,1,1,287.89
104,2,6,4,0,27,2,4,6,1,1,1,281.15
104,2,6,4,0,28,9,12,5,2,2,1,280.63
104,2,6,4,0,29,2,4,6,1,1,1,279.98
104,2,6,4,0,30,11,14,5,2,2,1,328.06
104,2,6,4,0,31,9,12,5,2,2,1,345.41
104,2,6,4,0,32,2,4,6,1,1,1,297.24
104,2,6,4,0,33,2,4,6,1,1,1,259.69
104,2,6,4,0,34,4,6,6,1,1,1,266.12
104,2,6,4,0,35,11,14,5,2,2,1,324.98
104,2,6,4,0,36,6,8,6,1,1,1,371.85
104,2,6,4,0,37,11,14,5,2,2,1,328.57
104,2,6,4,0,38,7,10,5,2,2,1,370.39
104,2,6,4,0,39,9,12,5,2,2,1,288.59
104,2,6,4,0,40,2,4,6,1,1,1,302.93
104,2,6,4,0,41,9,12,5,2,2,1,329.54
104,2,6,4,0,42,7,10,5,2,2,1,300.5
104,2,6,4,0,43,2,4,6,1,1,1,353.74
104,2,6,4,0,44,7,10,5,2,2,1,369.99
104,2,6,4,0,45,7,10,5,2,2,1,290.47
104,2,6,4,0,46,4,6,6,1,1,1,322.77
104,2,6,4,0,47,7,10,5,2,2,1,361.98
104,2,6,4,0,48,2,4,6,1,1,1,287.95
104,2,6,4,0,49,6,8,6,1,1,1,349.36
104,2,6,4,0,50,7,10,5,2,2,1,379.62
104,2,6,4,0,51,7,10,5,2,2,1,291.85
104,2,6,4,0,52,2,4,6,1,1,1,316.37
104,2,6,4,0,53,9,12,5,2,2,1,443.93
104,2,6,4,0,54,4,6,6,1,1,1,322.52
104,2,6,4,0,55,4,6,6,1,1,1,275.06
104,2,6,4,0,56,9,12,5,2,2,1,325.6
104,2,6,4,0,57,2,4,6,1,1,1,272.7
104,2,6,4,0,58,4,6,6,1,1,1,344.48
104,2,6,4,0,59,11,14,5,2,2,1,335.13
104,2,6,4,0,60,6,8,6,1,1,1,334.48
104,2,6,4,0,61,9,12,5,2,2,1,429.48
104,2,6,4,0,62,6,8,6,1,1,1,355.5
104,2,6,4,0,63,9,12,5,2,2,1,350.66
104,2,6,4,0,64,2,4,6,1,1,1,259.12
104,2,6,4,0,65,4,6,6,1,1,1,289.95
104,2,6,4,0,66,9,12,5,2,2,1,392.85
104,2,6,4,0,67,11,14,5,2,1,0,253.14
104,2,6,4,0,68,9,12,5,2,2,1,368.52
104,2,6,4,0,69,6,8,6,1,1,1,394.07
104,2,6,4,0,70,6,8,6,1,1,1,333.42
104,2,6,4,0,71,4,6,6,1,1,1,283.87
104,2,6,4,0,72,11,14,5,2,2,1,385.99
104,2,6,4,0,73,6,8,6,1,1,1,355.99
104,2,6,4,0,74,4,6,6,1,1,1,218.8
104,2,6,4,0,75,11,14,5,2,2,1,290.68
104,2,6,4,0,76,11,14,5,2,2,1,299.19
104,2,6,4,0,77,9,12,5,2,2,1,296.48
104,2,6,4,0,78,2,4,6,1,1,1,295.26
104,2,6,4,0,79,6,8,6,1,1,1,356.62
104,2,6,4,0,80,6,8,6,1,1,1,306.97
104,2,6,4,0,81,11,14,5,2,2,1,310.89
104,2,6,4,0,82,7,10,5,2,2,1,350.31
104,2,6,4,0,83,4,6,6,1,1,1,370.64
104,2,6,4,0,84,9,12,5,2,2,1,358.11
104,2,6,4,0,85,11,14,5,2,2,1,355.4
104,2,6,4,0,86,2,4,6,1,1,1,292.91
104,2,6,4,0,87,7,10,5,2,2,1,340.24
104,2,6,4,0,88,2,4,6,1,1,1,348.18
104,2,6,4,0,89,11,14,5,2,2,1,360.38
104,2,6,4,0,90,11,14,5,2,2,1,276.64
104,2,6,4,0,91,11,14,5,2,2,1,259.2
104,2,6,4,0,92,7,10,5,2,2,1,266.7
104,2,6,4,0,93,11,14,5,2,2,1,282.8
104,2,6,4,0,94,6,8,6,1,1,1,331.22
104,2,6,4,0,95,11,14,5,2,2,1,290.82
104,2,6,4,0,96,9,12,5,2,2,1,296.41
104,2,6,4,0,97,4,6,6,1,1,1,370.99
104,2,6,4,0,98,6,8,6,1,1,1,411.77
104,2,6,4,0,99,6,8,6,1,1,1,301.63
104,2,6,4,0,100,11,14,5,2,2,1,367.2
104,2,6,4,0,101,11,14,5,2,2,1,318.12
104,2,6,4,0,102,2,4,6,1,1,1,254.66
104,2,6,4,0,103,7,10,5,2,2,1,308.86
104,2,6,4,0,104,6,8,6,1,1,1,341.75
104,2,6,4,0,105,4,6,6,1,1,1,346.8
104,2,6,4,0,106,6,8,6,1,1,1,368.36
104,2,6,4,0,107,2,4,6,1,1,1,387.1
104,2,6,4,0,108,4,6,6,1,1,1,362.96
104,2,6,4,0,109,4,6,6,1,1,1,351.95
104,2,6,4,0,110,4,6,6,1,1,1,337.61
104,2,6,4,0,111,7,10,5,2,2,1,382.32
104,2,6,4,0,112,9,12,5,2,2,1,400.75
104,2,6,4,0,113,9,12,5,2,2,1,312.49
104,2,6,4,0,114,4,6,6,1,1,1,335.55
104,2,6,4,0,115,7,10,5,2,2,1,801.49
104,2,6,4,0,116,6,8,6,1,1,1,643.2
104,2,6,4,0,117,4,6,6,1,1,1,381.9
104,2,6,4,0,118,2,4,6,1,1,1,300.09
104,2,6,4,0,119,4,6,6,1,1,1,248.38
104,2,6,4,0,120,7,10,5,2,2,1,421.06
104,2,6,5,1,1,4,6,6,1,1,1,447.97
104,2,6,5,1,2,2,4,6,1,1,1,296.2
104,2,6,5,1,3,11,14,5,2,2,1,291.46
104,2,6,5,1,4,8,10,6,2,2,1,263.98
104,2,6,5,1,5,6,8,6,1,1,1,1125
104,2,6,5,1,6,12,14,6,2,2,1,344.33
104,2,6,5,1,7,1,4,5,1,1,1,615.23
104,2,6,5,1,8,4,6,6,1,1,1,350.83
104,2,6,5,1,9,8,10,6,2,2,1,346.63
104,2,6,5,1,10,6,8,6,1,2,0,496.07
104,2,6,5,1,11,3,6,5,1,1,1,419.32
104,2,6,5,1,12,9,12,5,2,2,1,479.97
104,2,6,5,1,13,2,4,6,1,1,1,315.72
104,2,6,5,1,14,12,14,6,2,2,1,322.4
104,2,6,5,1,15,11,14,5,2,2,1,310.52
104,2,6,5,1,16,9,12,5,2,2,1,291.22
104,2,6,5,1,17,10,12,6,2,2,1,247.61
104,2,6,5,1,18,7,10,5,2,2,1,263.71
104,2,6,5,1,19,5,8,5,1,2,0,456.19
104,2,6,5,1,20,7,10,5,2,2,1,841.66
104,2,6,5,1,21,5,8,5,1,2,0,720.86
104,2,6,5,1,22,1,4,5,1,1,1,427.56
104,2,6,5,1,23,10,12,6,2,2,1,541.92
104,2,6,5,1,24,3,6,5,1,1,1,697.27
104,2,6,5,0,1,3,6,5,1,1,1,318.77
104,2,6,5,0,2,1,4,5,1,1,1,301.39
104,2,6,5,0,3,7,10,5,2,2,1,376.89
104,2,6,5,0,4,9,12,5,2,2,1,571.54
104,2,6,5,0,5,12,14,6,2,2,1,275.16
104,2,6,5,0,6,4,6,6,1,1,1,501.84
104,2,6,5,0,7,4,6,6,1,1,1,321.23
104,2,6,5,0,8,2,4,6,1,1,1,282.77
104,2,6,5,0,9,11,14,5,2,2,1,748.99
104,2,6,5,0,10,1,4,5,1,1,1,320.14
104,2,6,5,0,11,3,6,5,1,1,1,904.68
104,2,6,5,0,12,5,8,5,1,1,1,2073.1
104,2,6,5,0,13,5,8,5,1,1,1,578.29
104,2,6,5,0,14,11,14,5,2,2,1,462.36
104,2,6,5,0,15,10,12,6,2,2,1,253.86
104,2,6,5,0,16,1,4,5,1,1,1,303.39
104,2,6,5,0,17,8,10,6,2,2,1,336.05
104,2,6,5,0,18,7,10,5,2,2,1,299.57
104,2,6,5,0,19,9,12,5,2,2,1,621.25
104,2,6,5,0,20,4,6,6,1,1,1,335.35
104,2,6,5,0,21,8,10,6,2,2,1,592.28
104,2,6,5,0,22,2,4,6,1,1,1,288.5
104,2,6,5,0,23,2,4,6,1,1,1,268.03
104,2,6,5,0,24,1,4,5,1,1,1,239.52
104,2,6,5,0,25,1,4,5,1,1,1,260.32
104,2,6,5,0,26,4,6,6,1,1,1,243.35
104,2,6,5,0,27,8,10,6,2,2,1,479.11
104,2,6,5,0,28,3,6,5,1,1,1,303.22
104,2,6,5,0,29,6,8,6,1,2,0,470.19
104,2,6,5,0,30,9,12,5,2,2,1,512.07
104,2,6,5,0,31,12,14,6,2,2,1,333.18
104,2,6,5,0,32,10,12,6,2,2,1,274.79
104,2,6,5,0,33,6,8,6,1,1,1,740.99
104,2,6,5,0,34,12,14,6,2,2,1,363.41
104,2,6,5,0,35,8,10,6,2,2,1,1432.6
104,2,6,5,0,36,10,12,6,2,2,1,354.07
104,2,6,5,0,37,11,14,5,2,2,1,301.95
104,2,6,5,0,38,2,4,6,1,1,1,305.86
104,2,6,5,0,39,9,12,5,2,2,1,339.24
104,2,6,5,0,40,3,6,5,1,1,1,330.23
104,2,6,5,0,41,12,14,6,2,2,1,306.88
104,2,6,5,0,42,3,6,5,1,1,1,287.11
104,2,6,5,0,43,11,14,5,2,2,1,315.51
104,2,6,5,0,44,9,12,5,2,2,1,306.97
104,2,6,5,0,45,5,8,5,1,1,1,326.04
104,2,6,5,0,46,6,8,6,1,1,1,328.8
104,2,6,5,0,47,4,6,6,1,1,1,349.06
104,2,6,5,0,48,8,10,6,2,2,1,535.05
104,2,6,5,0,49,3,6,5,1,1,1,377.01
104,2,6,5,0,50,11,14,5,2,2,1,334.49
104,2,6,5,0,51,7,10,5,2,2,1,289.17
104,2,6,5,0,52,10,12,6,2,2,1,333.54
104,2,6,5,0,53,1,4,5,1,1,1,319.26
104,2,6,5,0,54,7,10,5,2,2,1,348.12
104,2,6,5,0,55,10,12,6,2,1,0,337.24
104,2,6,5,0,56,12,14,6,2,2,1,397.03
104,2,6,5,0,57,11,14,5,2,2,1,284.92
104,2,6,5,0,58,8,10,6,2,2,1,583.5
104,2,6,5,0,59,1,4,5,1,1,1,343.59
104,2,6,5,0,60,2,4,6,1,1,1,272.62
104,2,6,5,0,61,12,14,6,2,2,1,285.45
104,2,6,5,0,62,4,6,6,1,1,1,404.62
104,2,6,5,0,63,12,14,6,2,2,1,464.06
104,2,6,5,0,64,10,12,6,2,2,1,339.7
104,2,6,5,0,65,11,14,5,2,2,1,323.76
104,2,6,5,0,66,5,8,5,1,1,1,568.98
104,2,6,5,0,67,5,8,5,1,1,1,456.73
104,2,6,5,0,68,10,12,6,2,2,1,387.73
104,2,6,5,0,69,6,8,6,1,2,0,421.55
104,2,6,5,0,70,3,6,5,1,1,1,536.85
104,2,6,5,0,71,6,8,6,1,2,0,572.23
104,2,6,5,0,72,5,8,5,1,1,1,1182.9
104,2,6,5,0,73,4,6,6,1,1,1,544.42
104,2,6,5,0,74,10,12,6,2,2,1,346.88
104,2,6,5,0,75,9,12,5,2,2,1,363.99
104,2,6,5,0,76,7,10,5,2,2,1,286.27
104,2,6,5,0,77,11,14,5,2,2,1,329.31
104,2,6,5,0,78,5,8,5,1,1,1,748.41
104,2,6,5,0,79,1,4,5,1,1,1,338.1
104,2,6,5,0,80,8,10,6,2,2,1,347.02
104,2,6,5,0,81,2,4,6,1,1,1,308.18
104,2,6,5,0,82,7,10,5,2,2,1,1021.6
104,2,6,5,0,83,4,6,6,1,1,1,302.29
104,2,6,5,0,84,6,8,6,1,1,1,1000.6
104,2,6,5,0,85,10,12,6,2,2,1,350.77
104,2,6,5,0,86,2,4,6,1,1,1,286.94
104,2,6,5,0,87,2,4,6,1,1,1,247.13
104,2,6,5,0,88,6,8,6,1,2,0,421.19
104,2,6,5,0,89,12,14,6,2,2,1,400.36
104,2,6,5,0,90,9,12,5,2,2,1,412.54
104,2,6,5,0,91,8,10,6,2,2,1,344.92
104,2,6,5,0,92,5,8,5,1,1,1,659.83
104,2,6,5,0,93,9,12,5,2,2,1,425.15
104,2,6,5,0,94,3,6,5,1,1,1,347.83
104,2,6,5,0,95,8,10,6,2,2,1,906.27
104,2,6,5,0,96,11,14,5,2,2,1,338.04
104,2,6,5,0,97,4,6,6,1,1,1,343.25
104,2,6,5,0,98,2,4,6,1,1,1,313.69
104,2,6,5,0,99,2,4,6,1,1,1,399.92
104,2,6,5,0,100,3,6,5,1,1,1,521.69
104,2,6,5,0,101,7,10,5,2,2,1,402.02
104,2,6,5,0,102,10,12,6,2,2,1,297.81
104,2,6,5,0,103,8,10,6,2,2,1,309.37
104,2,6,5,0,104,12,14,6,2,2,1,304.53
104,2,6,5,0,105,9,12,5,2,2,1,307.41
104,2,6,5,0,106,1,4,5,1,1,1,462.15
104,2,6,5,0,107,5,8,5,1,1,1,914.65
104,2,6,5,0,108,6,8,6,1,1,1,351.91
104,2,6,5,0,109,7,10,5,2,2,1,678.98
104,2,6,5,0,110,7,10,5,2,2,1,303.07
104,2,6,5,0,111,6,8,6,1,1,1,416.1
104,2,6,5,0,112,6,8,6,1,1,1,312.61
104,2,6,5,0,113,9,12,5,2,2,1,288.87
104,2,6,5,0,114,3,6,5,1,1,1,429.34
104,2,6,5,0,115,12,14,6,2,2,1,379.26
104,2,6,5,0,116,5,8,5,1,1,1,291.26
104,2,6,5,0,117,7,10,5,2,1,0,418.03
104,2,6,5,0,118,4,6,6,1,1,1,399.09
104,2,6,5,0,119,11,14,5,2,2,1,365.47
104,2,6,5,0,120,1,4,5,1,1,1,252.53
104,2,6,6,0,1,2,4,6,1,1,1,383.8
104,2,6,6,0,2,1,4,5,1,1,1,249.68
104,2,6,6,0,3,3,6,5,1,1,1,514.36
104,2,6,6,0,4,12,14,6,2,2,1,280.84
104,2,6,6,0,5,10,12,6,2,2,1,261.11
104,2,6,6,0,6,2,4,6,1,1,1,304.85
104,2,6,6,0,7,10,12,6,2,2,1,326.57
104,2,6,6,0,8,8,10,6,2,2,1,305.85
104,2,6,6,0,9,11,14,5,2,2,1,259.15
104,2,6,6,0,10,4,6,6,1,1,1,288.13
104,2,6,6,0,11,8,10,6,2,2,1,359.99
104,2,6,6,0,12,11,14,5,2,2,1,323.4
104,2,6,6,0,13,6,8,6,1,1,1,326
104,2,6,6,0,14,10,12,6,2,2,1,293.11
104,2,6,6,0,15,10,12,6,2,2,1,273.83
104,2,6,6,0,16,1,4,5,1,1,1,254.43
104,2,6,6,0,17,11,14,5,2,2,1,349.94
104,2,6,6,0,18,11,14,5,2,2,1,291.13
104,2,6,6,0,19,9,12,5,2,2,1,295.37
104,2,6,6,0,20,11,14,5,2,2,1,279.13
104,2,6,6,0,21,6,8,6,1,1,1,353.6
104,2,6,6,0,22,5,8,5,1,1,1,344.71
104,2,6,6,0,23,4,6,6,1,1,1,256.52
104,2,6,6,0,24,2,4,6,1,1,1,296.93
104,2,6,6,0,25,3,6,5,1,1,1,286.42
104,2,6,6,0,26,5,8,5,1,1,1,253.83
104,2,6,6,0,27,4,6,6,1,1,1,247.86
104,2,6,6,0,28,11,14,5,2,2,1,317.38
104,2,6,6,0,29,2,4,6,1,1,1,287.98
104,2,6,6,0,30,12,14,6,2,2,1,323.73
104,2,6,6,0,31,8,10,6,2,2,1,881.07
104,2,6,6,0,32,7,10,5,2,1,0,696.72
104,2,6,6,0,33,3,6,5,1,1,1,341.87
104,2,6,6,0,34,4,6,6,1,1,1,242.52
104,2,6,6,0,35,12,14,6,2,2,1,297.39
104,2,6,6,0,36,9,12,5,2,2,1,283.78
104,2,6,6,0,37,6,8,6,1,1,1,941.33
104,2,6,6,0,38,10,12,6,2,2,1,399.7
104,2,6,6,0,39,9,12,5,2,2,1,344.76
104,2,6,6,0,40,9,12,5,2,2,1,330.82
104,2,6,6,0,41,8,10,6,2,2,1,750.36
104,2,6,6,0,42,6,8,6,1,1,1,365.84
104,2,6,6,0,43,11,14,5,2,2,1,380.88
104,2,6,6,0,44,9,12,5,2,2,1,270.77
104,2,6,6,0,45,2,4,6,1,1,1,326.3
104,2,6,6,0,46,2,4,6,1,1,1,330.72
104,2,6,6,0,47,3,6,5,1,1,1,401.3
104,2,6,6,0,48,7,10,5,2,1,0,1611.1
104,2,6,6,0,49,3,6,5,1,1,1,513.13
104,2,6,6,0,50,9,12,5,2,2,1,288.74
104,2,6,6,0,51,7,10,5,2,2,1,283.71
104,2,6,6,0,52,9,12,5,2,2,1,280.44
104,2,6,6,0,53,10,12,6,2,2,1,251.99
104,2,6,6,0,54,1,4,5,1,1,1,296.29
104,2,6,6,0,55,1,4,5,1,1,1,245.2
104,2,6,6,0,56,3,6,5,1,1,1,265.9
104,2,6,6,0,57,6,8,6,1,2,0,347.7
104,2,6,6,0,58,12,14,6,2,2,1,250.76
104,2,6,6,0,59,1,4,5,1,1,1,230.55
104,2,6,6,0,60,12,14,6,2,2,1,395.18
104,2,6,6,0,61,2,4,6,1,1,1,467.16
104,2,6,6,0,62,6,8,6,1,1,1,395.37
104,2,6,6,0,63,5,8,5,1,1,1,997.14
104,2,6,6,0,64,5,8,5,1,1,1,360.13
104,2,6,6,0,65,10,12,6,2,2,1,431.64
104,2,6,6,0,66,7,10,5,2,2,1,278.64
104,2,6,6,0,67,3,6,5,1,1,1,381.64
104,2,6,6,0,68,4,6,6,1,1,1,274.27
104,2,6,6,0,69,9,12,5,2,2,1,316.35
104,2,6,6,0,70,10,12,6,2,2,1,261.79
104,2,6,6,0,71,3,6,5,1,1,1,298.04
104,2,6,6,0,72,4,6,6,1,1,1,294.82
104,2,6,6,0,73,8,10,6,2,2,1,379.4
104,2,6,6,0,74,9,12,5,2,2,1,274.13
104,2,6,6,0,75,7,10,5,2,2,1,313.67
104,2,6,6,0,76,12,14,6,2,2,1,302.72
104,2,6,6,0,77,6,8,6,1,1,1,340.74
104,2,6,6,0,78,5,8,5,1,1,1,289.31
104,2,6,6,0,79,6,8,6,1,2,0,2792.7
104,2,6,6,0,80,9,12,5,2,2,1,366.92
104,2,6,6,0,81,5,8,5,1,1,1,633.41
104,2,6,6,0,82,3,6,5,1,1,1,413.59
104,2,6,6,0,83,11,14,5,2,2,1,311.95
104,2,6,6,0,84,12,14,6,2,2,1,328.32
104,2,6,6,0,85,2,4,6,1,1,1,291.24
104,2,6,6,0,86,1,4,5,1,1,1,225.26
104,2,6,6,0,87,5,8,5,1,1,1,416.56
104,2,6,6,0,88,7,10,5,2,2,1,282.49
104,2,6,6,0,89,7,10,5,2,2,1,277.92
104,2,6,6,0,90,10,12,6,2,2,1,294.55
104,2,6,6,0,91,11,14,5,2,2,1,246.2
104,2,6,6,0,92,8,10,6,2,2,1,267.67
104,2,6,6,0,93,6,8,6,1,2,0,294.84
104,2,6,6,0,94,11,14,5,2,2,1,401.78
104,2,6,6,0,95,4,6,6,1,1,1,278.8
104,2,6,6,0,96,5,8,5,1,1,1,445.78
104,2,6,6,0,97,8,10,6,2,2,1,409.15
104,2,6,6,0,98,4,6,6,1,1,1,472.63
104,2,6,6,0,99,8,10,6,2,2,1,543.5
104,2,6,6,0,100,7,10,5,2,2,1,325.71
104,2,6,6,0,101,12,14,6,2,2,1,299.68
104,2,6,6,0,102,3,6,5,1,1,1,346.6
104,2,6,6,0,103,7,10,5,2,2,1,395.5
104,2,6,6,0,104,1,4,5,1,1,1,343.91
104,2,6,6,0,105,12,14,6,2,1,0,306.24
104,2,6,6,0,106,1,4,5,1,1,1,338.1
104,2,6,6,0,107,7,10,5,2,2,1,304.84
104,2,6,6,0,108,6,8,6,1,2,0,461.9
104,2,6,6,0,109,4,6,6,1,1,1,382.93
104,2,6,6,0,110,4,6,6,1,1,1,289.59
104,2,6,6,0,111,1,4,5,1,1,1,341.85
104,2,6,6,0,112,2,4,6,1,1,1,256.85
104,2,6,6,0,113,1,4,5,1,1,1,280.19
104,2,6,6,0,114,5,8,5,1,2,0,2040.1
104,2,6,6,0,115,8,10,6,2,2,1,443.16
104,2,6,6,0,116,12,14,6,2,2,1,246.1
104,2,6,6,0,117,8,10,6,2,2,1,246.19
104,2,6,6,0,118,2,4,6,1,1,1,276.32
104,2,6,6,0,119,5,8,5,1,1,1,517.33
104,2,6,6,0,120,10,12,6,2,2,1,321.65
