103,1,1,5,1,1,8,8,6,2,1,0,3119.8
103,1,1,5,1,2,2,8,3,1,1,1,2431.6
103,1,1,5,1,3,11,6,8,2,2,1,2004.9
103,1,1,5,1,4,6,8,5,1,1,1,2132
103,1,1,5,1,5,6,8,5,1,1,1,1689.7
103,1,1,5,1,6,3,6,4,1,1,1,1233.6
103,1,1,5,1,7,12,8,8,2,2,1,2106.4
103,1,1,5,1,8,9,6,7,2,2,1,849.02
103,1,1,5,1,9,9,6,7,2,2,1,835.28
103,1,1,5,1,10,7,6,6,2,2,1,1498.2
103,1,1,5,1,11,1,6,3,1,1,1,923.91
103,1,1,5,1,12,1,6,3,1,1,1,909.99
103,1,1,5,1,13,10,8,7,2,2,1,1338.1
103,1,1,5,1,14,2,8,3,1,1,1,1048.1
103,1,1,5,1,15,3,6,4,1,1,1,761.79
103,1,1,5,1,16,7,6,6,2,2,1,877.28
103,1,1,5,1,17,10,8,7,2,2,1,912.18
103,1,1,5,1,18,4,8,4,1,1,1,639.56
103,1,1,5,1,19,5,6,5,1,1,1,1542.5
103,1,1,5,1,20,4,8,4,1,1,1,657.27
103,1,1,5,1,21,8,8,6,2,2,1,598.41
103,1,1,5,1,22,11,6,8,2,2,1,628.34
103,1,1,5,1,23,5,6,5,1,1,1,959.05
103,1,1,5,1,24,12,8,8,2,2,1,671.79
103,1,1,5,0,1,6,8,5,1,1,1,1038.4
103,1,1,5,0,2,5,6,5,1,1,1,1056.4
103,1,1,5,0,3,9,6,7,2,2,1,1372.3
103,1,1,5,0,4,12,8,8,2,2,1,560.96
103,1,1,5,0,5,7,6,6,2,2,1,918.22
103,1,1,5,0,6,4,8,4,1,1,1,535.09
103,1,1,5,0,7,1,6,3,1,1,1,634.98
103,1,1,5,0,8,6,8,5,1,1,1,834.34
103,1,1,5,0,9,4,8,4,1,1,1,650.65
103,1,1,5,0,10,12,8,8,2,2,1,659.68
103,1,1,5,0,11,8,8,6,2,2,1,844.76
103,1,1,5,0,12,4,8,4,1,1,1,670.53
103,1,1,5,0,13,6,8,5,1,1,1,1285.3
103,1,1,5,0,14,5,6,5,1,1,1,778.56
103,1,1,5,0,15,6,8,5,1,1,1,1170.6
103,1,1,5,0,16,1,6,3,1,1,1,544.58
103,1,1,5,0,17,7,6,6,2,2,1,1093.9
103,1,1,5,0,18,8,8,6,2,2,1,582.5
103,1,1,5,0,19,9,6,7,2,2,1,602.19
103,1,1,5,0,20,11,6,8,2,2,1,518.63
103,1,1,5,0,21,1,6,3,1,1,1,497.7
103,1,1,5,0,22,7,6,6,2,2,1,918.08
103,1,1,5,0,23,9,6,7,2,2,1,563.07
103,1,1,5,0,24,2,8,3,1,1,1,518.53
103,1,1,5,0,25,9,6,7,2,2,1,563.4
103,1,1,5,0,26,1,6,3,1,1,1,526.25
103,1,1,5,0,27,5,6,5,1,1,1,1481.6
103,1,1,5,0,28,11,6,8,2,2,1,499.34
103,1,1,5,0,29,4,8,4,1,1,1,647.84
103,1,1,5,0,30,8,8,6,2,2,1,706.98
103,1,1,5,0,31,9,6,7,2,2,1,527.67
103,1,1,5,0,32,2,8,3,1,1,1,495.01
103,1,1,5,0,33,8,8,6,2,2,1,590.51
103,1,1,5,0,34,1,6,3,1,1,1,415.56
103,1,1,5,0,35,5,6,5,1,2,0,868.21
103,1,1,5,0,36,2,8,3,1,1,1,462.46
103,1,1,5,0,37,10,8,7,2,2,1,511.73
103,1,1,5,0,38,8,8,6,2,2,1,887.27
103,1,1,5,0,39,4,8,4,1,1,1,393.68
103,1,1,5,0,40,7,6,6,2,2,1,548.3
103,1,1,5,0,41,1,6,3,1,1,1,370.37
103,1,1,5,0,42,11,6,8,2,2,1,438.74
103,1,1,5,0,43,12,8,8,2,2,1,512.48
103,1,1,5,0,44,9,6,7,2,2,1,413.23
103,1,1,5,0,45,7,6,6,2,2,1,849.16
103,1,1,5,0,46,10,8,7,2,2,1,469.04
103,1,1,5,0,47,12,8,8,2,2,1,420.41
103,1,1,5,0,48,9,6,7,2,2,1,422.22
103,1,1,5,0,49,10,8,7,2,2,1,473.44
103,1,1,5,0,50,7,6,6,2,2,1,653.31
103,1,1,5,0,51,5,6,5,1,2,0,681.26
103,1,1,5,0,52,1,6,3,1,1,1,444.12
103,1,1,5,0,53,10,8,7,2,2,1,441.16
103,1,1,5,0,54,4,8,4,1,1,1,383.96
103,1,1,5,0,55,10,8,7,2,2,1,416.98
103,1,1,5,0,56,5,6,5,1,2,0,822.43
103,1,1,5,0,57,1,6,3,1,1,1,464.46
103,1,1,5,0,58,10,8,7,2,2,1,461.9
103,1,1,5,0,59,7,6,6,2,2,1,745.55
103,1,1,5,0,60,4,8,4,1,1,1,818.57
103,1,1,5,0,61,8,8,6,2,2,1,808.34
103,1,1,5,0,62,6,8,5,1,1,1,1513.8
103,1,1,5,0,63,11,6,8,2,2,1,491.89
103,1,1,5,0,64,6,8,5,1,2,0,736.13
103,1,1,5,0,65,11,6,8,2,2,1,473.71
103,1,1,5,0,66,2,8,3,1,1,1,456.61
103,1,1,5,0,67,6,8,5,1,1,1,1321.4
103,1,1,5,0,68,3,6,4,1,1,1,462.37
103,1,1,5,0,69,4,8,4,1,1,1,601.22
103,1,1,5,0,70,3,6,4,1,1,1,418.67
103,1,1,5,0,71,8,8,6,2,2,1,506.01
103,1,1,5,0,72,2,8,3,1,1,1,392.94
103,1,1,5,0,73,6,8,5,1,1,1,832.9
103,1,1,5,0,74,8,8,6,2,2,1,443.05
103,1,1,5,0,75,3,6,4,1,1,1,318.74
103,1,1,5,0,76,2,8,3,1,1,1,431.92
103,1,1,5,0,77,1,6,3,1,1,1,415.65
103,1,1,5,0,78,9,6,7,2,2,1,422.24
103,1,1,5,0,79,3,6,4,1,1,1,431.1
103,1,1,5,0,80,12,8,8,2,2,1,336.18
103,1,1,5,0,81,10,8,7,2,2,1,443.69
103,1,1,5,0,82,11,6,8,2,2,1,427.05
103,1,1,5,0,83,11,6,8,2,2,1,379.26
103,1,1,5,0,84,6,8,5,1,1,1,710.05
103,1,1,5,0,85,1,6,3,1,1,1,366.97
103,1,1,5,0,86,8,8,6,2,1,0,919.42
103,1,1,5,0,87,3,6,4,1,1,1,465.26
103,1,1,5,0,88,7,6,6,2,2,1,703.96
103,1,1,5,0,89,10,8,7,2,2,1,460.44
103,1,1,5,0,90,12,8,8,2,2,1,438.71
103,1,1,5,0,91,12,8,8,2,2,1,447.37
103,1,1,5,0,92,10,8,7,2,2,1,1346.4
103,1,1,5,0,93,9,6,7,2,2,1,547.11
103,1,1,5,0,94,5,6,5,1,1,1,396.25
103,1,1,5,0,95,5,6,5,1,1,1,458
103,1,1,5,0,96,2,8,3,1,1,1,440.88
103,1,1,5,0,97,7,6,6,2,2,1,1567.6
103,1,1,5,0,98,2,8,3,1,1,1,383.61
103,1,1,5,0,99,11,6,8,2,2,1,541.52
103,1,1,5,0,100,3,6,4,1,1,1,393.61
103,1,1,5,0,101,7,6,6,2,1,0,1259.2
103,1,1,5,0,102,10,8,7,2,2,1,495.47
103,1,1,5,0,103,2,8,3,1,1,1,455.78
103,1,1,5,0,104,5,6,5,1,1,1,1367.1
103,1,1,5,0,105,3,6,4,1,1,1,479.7
103,1,1,5,0,106,11,6,8,2,2,1,452.62
103,1,1,5,0,107,8,8,6,2,2,1,566.59
103,1,1,5,0,108,3,6,4,1,1,1,402.29
103,1,1,5,0,109,3,6,4,1,1,1,438.84
103,1,1,5,0,110,4,8,4,1,1,1,370.58
103,1,1,5,0,111,6,8,5,1,1,1,1035.7
103,1,1,5,0,112,9,6,7,2,2,1,485.16
103,1,1,5,0,113,12,8,8,2,2,1,480.66
103,1,1,5,0,114,5,6,5,1,1,1,828.77
103,1,1,5,0,115,4,8,4,1,1,1,434.72
103,1,1,5,0,116,3,6,4,1,1,1,422.98
103,1,1,5,0,117,12,8,8,2,2,1,401.96
103,1,1,5,0,118,12,8,8,2,2,1,345.75
103,1,1,5,0,119,2,8,3,1,1,1,383.99
103,1,1,5,0,120,11,6,8,2,2,1,393.77
103,1,1,6,0,1,1,6,3,1,1,1,681.9
103,1,1,6,0,2,10,8,7,2,2,1,368.87
103,1,1,6,0,3,8,8,6,2,2,1,1260.3
103,1,1,6,0,4,6,8,5,1,2,0,583.5
103,1,1,6,0,5,9,6,7,2,2,1,853.21
103,1,1,6,0,6,5,6,5,1,1,1,543.13
103,1,1,6,0,7,6,8,5,1,1,1,462.59
103,1,1,6,0,8,4,8,4,1,1,1,420.12
103,1,1,6,0,9,2,8,3,1,1,1,447.46
103,1,1,6,0,10,9,6,7,2,2,1,501.69
103,1,1,6,0,11,6,8,5,1,2,0,924.65
103,1,1,6,0,12,1,6,3,1,1,1,485.86
103,1,1,6,0,13,11,6,8,2,2,1,398.67
103,1,1,6,0,14,6,8,5,1,1,1,937.19
103,1,1,6,0,15,12,8,8,2,2,1,437.34
103,1,1,6,0,16,8,8,6,2,2,1,1202.4
103,1,1,6,0,17,8,8,6,2,2,1,590.19
103,1,1,6,0,18,3,6,4,1,1,1,382.93
103,1,1,6,0,19,12,8,8,2,2,1,945.88
103,1,1,6,0,20,10,8,7,2,2,1,499.23
103,1,1,6,0,21,5,6,5,1,1,1,826.4
103,1,1,6,0,22,8,8,6,2,1,0,753.51
103,1,1,6,0,23,7,6,6,2,2,1,655.44
103,1,1,6,0,24,11,6,8,2,2,1,505.29
103,1,1,6,0,25,3,6,4,1,1,1,460.2
103,1,1,6,0,26,2,8,3,1,1,1,488.14
103,1,1,6,0,27,9,6,7,2,2,1,502.85
103,1,1,6,0,28,2,8,3,1,1,1,399.84
103,1,1,6,0,29,5,6,5,1,1,1,891.38
103,1,1,6,0,30,7,6,6,2,2,1,654.29
103,1,1,6,0,31,8,8,6,2,1,0,1000.3
103,1,1,6,0,32,10,8,7,2,2,1,603.88
103,1,1,6,0,33,2,8,3,1,1,1,420.02
103,1,1,6,0,34,11,6,8,2,2,1,528.33
103,1,1,6,0,35,6,8,5,1,1,1,986.81
103,1,1,6,0,36,8,8,6,2,1,0,1454.4
103,1,1,6,0,37,3,6,4,1,1,1,406.62
103,1,1,6,0,38,11,6,8,2,2,1,407.62
103,1,1,6,0,39,12,8,8,2,2,1,478.91
103,1,1,6,0,40,7,6,6,2,2,1,1233
103,1,1,6,0,41,6,8,5,1,1,1,1210.1
103,1,1,6,0,42,1,6,3,1,1,1,476.1
103,1,1,6,0,43,11,6,8,2,2,1,464.52
103,1,1,6,0,44,7,6,6,2,2,1,1282.2
103,1,1,6,0,45,2,8,3,1,1,1,524.46
103,1,1,6,0,46,5,6,5,1,1,1,575.68
103,1,1,6,0,47,6,8,5,1,1,1,1120.9
103,1,1,6,0,48,5,6,5,1,1,1,518.35
103,1,1,6,0,49,3,6,4,1,1,1,452.87
103,1,1,6,0,50,3,6,4,1,1,1,460.4
103,1,1,6,0,51,7,6,6,2,1,0,1070
103,1,1,6,0,52,12,8,8,2,2,1,471
103,1,1,6,0,53,4,8,4,1,2,0,882.84
103,1,1,6,0,54,2,8,3,1,1,1,485.17
103,1,1,6,0,55,1,6,3,1,1,1,501.44
103,1,1,6,0,56,4,8,4,1,1,1,800.54
103,1,1,6,0,57,11,6,8,2,2,1,460.25
103,1,1,6,0,58,3,6,4,1,1,1,862.45
103,1,1,6,0,59,10,8,7,2,1,0,885.26
103,1,1,6,0,60,12,8,8,2,2,1,506.83
103,1,1,6,0,61,8,8,6,2,2,1,1126
103,1,1,6,0,62,6,8,5,1,1,1,967.63
103,1,1,6,0,63,4,8,4,1,1,1,365.19
103,1,1,6,0,64,4,8,4,1,1,1,388.17
103,1,1,6,0,65,7,6,6,2,1,0,1256.8
103,1,1,6,0,66,3,6,4,1,1,1,508.98
103,1,1,6,0,67,12,8,8,2,2,1,482.55
103,1,1,6,0,68,9,6,7,2,2,1,454.98
103,1,1,6,0,69,4,8,4,1,1,1,1046.1
103,1,1,6,0,70,12,8,8,2,2,1,498.27
103,1,1,6,0,71,6,8,5,1,2,0,1378
103,1,1,6,0,72,8,8,6,2,1,0,1445
103,1,1,6,0,73,10,8,7,2,2,1,671.25
103,1,1,6,0,74,4,8,4,1,1,1,478.52
103,1,1,6,0,75,3,6,4,1,1,1,462.66
103,1,1,6,0,76,1,6,3,1,1,1,463.62
103,1,1,6,0,77,9,6,7,2,2,1,428.64
103,1,1,6,0,78,2,8,3,1,1,1,462.73
103,1,1,6,0,79,5,6,5,1,2,0,809.13
103,1,1,6,0,80,10,8,7,2,2,1,530.72
103,1,1,6,0,81,12,8,8,2,2,1,444.61
103,1,1,6,0,82,9,6,7,2,2,1,1205.9
103,1,1,6,0,83,11,6,8,2,2,1,461.85
103,1,1,6,0,84,7,6,6,2,2,1,726.06
103,1,1,6,0,85,1,6,3,1,1,1,407.97
103,1,1,6,0,86,4,8,4,1,1,1,330.82
103,1,1,6,0,87,7,6,6,2,1,0,1405.9
103,1,1,6,0,88,12,8,8,2,2,1,475.85
103,1,1,6,0,89,9,6,7,2,2,1,665.39
103,1,1,6,0,90,9,6,7,2,2,1,592.42
103,1,1,6,0,91,9,6,7,2,2,1,551.36
103,1,1,6,0,92,10,8,7,2,2,1,1688.4
103,1,1,6,0,93,2,8,3,1,1,1,372.32
103,1,1,6,0,94,4,8,4,1,1,1,337.25
103,1,1,6,0,95,8,8,6,2,1,0,1045.6
103,1,1,6,0,96,10,8,7,2,2,1,815.26
103,1,1,6,0,97,11,6,8,2,2,1,557.51
103,1,1,6,0,98,10,8,7,2,2,1,765.52
103,1,1,6,0,99,8,8,6,2,1,0,1068.8
103,1,1,6,0,100,7,6,6,2,1,0,959.92
103,1,1,6,0,101,2,8,3,1,1,1,509.7
103,1,1,6,0,102,1,6,3,1,1,1,479.37
103,1,1,6,0,103,7,6,6,2,2,1,1463.7
103,1,1,6,0,104,3,6,4,1,1,1,529.41
103,1,1,6,0,105,11,6,8,2,2,1,497.45
103,1,1,6,0,106,3,6,4,1,1,1,733.25
103,1,1,6,0,107,1,6,3,1,1,1,411.64
103,1,1,6,0,108,5,6,5,1,1,1,1771.2
103,1,1,6,0,109,6,8,5,1,1,1,988.28
103,1,1,6,0,110,1,6,3,1,1,1,432.71
103,1,1,6,0,111,4,8,4,1,1,1,863.23
103,1,1,6,0,112,9,6,7,2,2,1,474.03
103,1,1,6,0,113,10,8,7,2,2,1,354.5
103,1,1,6,0,114,2,8,3,1,1,1,429.21
103,1,1,6,0,115,5,6,5,1,1,1,732.98
103,1,1,6,0,116,1,6,3,1,1,1,440.7
103,1,1,6,0,117,12,8,8,2,2,1,409.76
103,1,1,6,0,118,5,6,5,1,2,0,731.07
103,1,1,6,0,119,5,6,5,1,1,1,683.74
103,1,1,6,0,120,11,6,8,2,2,1,447.78
103,1,1,3,1,1,3,6,4,1,1,1,913.45
103,1,1,3,1,2,10,8,7,2,2,1,319.42
103,1,1,3,1,3,1,6,3,1,1,1,391.28
103,1,1,3,1,4,8,8,6,2,2,1,1208
103,1,1,3,1,5,8,8,6,2,2,1,580.15
103,1,1,3,1,6,1,6,3,1,1,1,415.32
103,1,1,3,1,7,8,8,6,2,2,1,520.58
103,1,1,3,1,8,12,8,8,2,2,1,544.86
103,1,1,3,1,9,12,8,8,2,2,1,384.71
103,1,1,3,1,10,5,6,5,1,2,0,1523.8
103,1,1,3,1,11,1,6,3,1,1,1,416
103,1,1,3,1,12,1,6,3,1,1,1,370.76
103,1,1,3,1,13,5,6,5,1,1,1,852.03
103,1,1,3,1,14,5,6,5,1,1,1,780.37
103,1,1,3,1,15,3,6,4,1,1,1,480.17
103,1,1,3,1,16,10,8,7,2,2,1,487.14
103,1,1,3,1,17,8,8,6,2,2,1,709.62
103,1,1,3,1,18,3,6,4,1,1,1,505.78
103,1,1,3,1,19,3,6,4,1,1,1,433.89
103,1,1,3,1,20,10,8,7,2,2,1,582.34
103,1,1,3,1,21,12,8,8,2,2,1,398.41
103,1,1,3,1,22,10,8,7,2,2,1,453.13
103,1,1,3,1,23,12,8,8,2,2,1,345.62
103,1,1,3,1,24,5,6,5,1,1,1,386.42
103,1,1,3,0,1,5,6,5,1,1,1,448.42
103,1,1,3,0,2,1,6,3,1,1,1,415.36
103,1,1,3,0,3,5,6,5,1,1,1,504.44
103,1,1,3,0,4,1,6,3,1,1,1,522.22
103,1,1,3,0,5,5,6,5,1,1,1,864.96
103,1,1,3,0,6,3,6,4,1,1,1,458.17
103,1,1,3,0,7,12,8,8,2,2,1,528.87
103,1,1,3,0,8,12,8,8,2,2,1,819.91
103,1,1,3,0,9,1,6,3,1,1,1,712.06
103,1,1,3,0,10,3,6,4,1,1,1,571.39
103,1,1,3,0,11,3,6,4,1,1,1,427.82
103,1,1,3,0,12,1,6,3,1,1,1,384.69
103,1,1,3,0,13,5,6,5,1,1,1,363.59
103,1,1,3,0,14,3,6,4,1,1,1,434.43
103,1,1,3,0,15,1,6,3,1,1,1,366.78
103,1,1,3,0,16,3,6,4,1,1,1,385.2
103,1,1,3,0,17,5,6,5,1,1,1,460.03
103,1,1,3,0,18,10,8,7,2,2,1,566.93
103,1,1,3,0,19,3,6,4,1,1,1,540.18
103,1,1,3,0,20,5,6,5,1,1,1,606.77
103,1,1,3,0,21,10,8,7,2,2,1,507.69
103,1,1,3,0,22,8,8,6,2,1,0,969.98
103,1,1,3,0,23,8,8,6,2,2,1,995.1
103,1,1,3,0,24,5,6,5,1,1,1,863.66
103,1,1,3,0,25,10,8,7,2,2,1,520.74
103,1,1,3,0,26,10,8,7,2,2,1,489.09
103,1,1,3,0,27,8,8,6,2,2,1,687.35
103,1,1,3,0,28,10,8,7,2,2,1,584.87
103,1,1,3,0,29,10,8,7,2,2,1,588.2
103,1,1,3,0,30,12,8,8,2,2,1,516.65
103,1,1,3,0,31,10,8,7,2,2,1,583.22
103,1,1,3,0,32,12,8,8,2,2,1,457.17
103,1,1,3,0,33,5,6,5,1,1,1,737.73
103,1,1,3,0,34,10,8,7,2,2,1,614.41
103,1,1,3,0,35,8,8,6,2,2,1,1419.8
103,1,1,3,0,36,1,6,3,1,1,1,482.25
103,1,1,3,0,37,10,8,7,2,2,1,532.91
103,1,1,3,0,38,8,8,6,2,1,0,1316
103,1,1,3,0,39,5,6,5,1,1,1,1051.4
103,1,1,3,0,40,12,8,8,2,2,1,460.03
103,1,1,3,0,41,8,8,6,2,1,0,948.36
103,1,1,3,0,42,3,6,4,1,1,1,482.37
103,1,1,3,0,43,8,8,6,2,1,0,1290.8
103,1,1,3,0,44,8,8,6,2,2,1,684.39
103,1,1,3,0,45,10,8,7,2,2,1,536.57
103,1,1,3,0,46,5,6,5,1,1,1,494.28
103,1,1,3,0,47,12,8,8,2,2,1,550.42
103,1,1,3,0,48,1,6,3,1,1,1,638.35
103,1,1,3,0,49,5,6,5,1,1,1,562.24
103,1,1,3,0,50,12,8,8,2,2,1,502.29
103,1,1,3,0,51,1,6,3,1,1,1,1330.4
103,1,1,3,0,52,10,8,7,2,2,1,757.43
103,1,1,3,0,53,8,8,6,2,2,1,1213.7
103,1,1,3,0,54,5,6,5,1,1,1,942.89
103,1,1,3,0,55,12,8,8,2,2,1,595.15
103,1,1,3,0,56,1,6,3,1,1,1,553.55
103,1,1,3,0,57,1,6,3,1,1,1,785.76
103,1,1,3,0,58,5,6,5,1,1,1,823.46
103,1,1,3,0,59,1,6,3,1,1,1,584.88
103,1,1,3,0,60,8,8,6,2,1,0,1106.7
103,1,1,3,0,61,5,6,5,1,1,1,2895.9
103,1,1,3,0,62,1,6,3,1,1,1,474.63
103,1,1,3,0,63,3,6,4,1,1,1,515.84
103,1,1,3,0,64,5,6,5,1,1,1,558.16
103,1,1,3,0,65,12,8,8,2,2,1,488.52
103,1,1,3,0,66,3,6,4,1,1,1,803.24
103,1,1,3,0,67,1,6,3,1,1,1,411.04
103,1,1,3,0,68,8,8,6,2,2,1,636.15
103,1,1,3,0,69,12,8,8,2,2,1,356.2
103,1,1,3,0,70,5,6,5,1,2,0,1229.9
103,1,1,3,0,71,8,8,6,2,2,1,1304.7
103,1,1,3,0,72,1,6,3,1,1,1,473.55
103,1,1,3,0,73,8,8,6,2,2,1,1378.1
103,1,1,3,0,74,10,8,7,2,2,1,578.46
103,1,1,3,0,75,10,8,7,2,2,1,602.15
103,1,1,3,0,76,8,8,6,2,2,1,1504.8
103,1,1,3,0,77,5,6,5,1,1,1,996.19
103,1,1,3,0,78,1,6,3,1,1,1,460.19
103,1,1,3,0,79,3,6,4,1,1,1,391.23
103,1,1,3,0,80,8,8,6,2,2,1,1703.4
103,1,1,3,0,81,12,8,8,2,2,1,488.51
103,1,1,3,0,82,12,8,8,2,2,1,658.85
103,1,1,3,0,83,12,8,8,2,2,1,510.28
103,1,1,3,0,84,1,6,3,1,1,1,479.75
103,1,1,3,0,85,5,6,5,1,1,1,1060.2
103,1,1,3,0,86,3,6,4,1,1,1,543.75
103,1,1,3,0,87,1,6,3,1,1,1,436.83
103,1,1,3,0,88,3,6,4,1,1,1,432.21
103,1,1,3,0,89,10,8,7,2,2,1,498.53
103,1,1,3,0,90,12,8,8,2,2,1,460.1
103,1,1,3,0,91,8,8,6,2,2,1,912.27
103,1,1,3,0,92,12,8,8,2,2,1,488.31
103,1,1,3,0,93,3,6,4,1,1,1,522.35
103,1,1,3,0,94,10,8,7,2,2,1,891.48
103,1,1,3,0,95,12,8,8,2,2,1,489.45
103,1,1,3,0,96,3,6,4,1,1,1,629.99
103,1,1,3,0,97,5,6,5,1,1,1,432.51
103,1,1,3,0,98,1,6,3,1,1,1,464.82
103,1,1,3,0,99,8,8,6,2,2,1,1350.8
103,1,1,3,0,100,1,6,3,1,1,1,371.69
103,1,1,3,0,101,3,6,4,1,1,1,799.19
103,1,1,3,0,102,3,6,4,1,1,1,429.93
103,1,1,3,0,103,12,8,8,2,2,1,371.16
103,1,1,3,0,104,10,8,7,2,2,1,391.04
103,1,1,3,0,105,12,8,8,2,2,1,382.29
103,1,1,3,0,106,8,8,6,2,2,1,1438.1
103,1,1,3,0,107,10,8,7,2,2,1,568.98
103,1,1,3,0,108,8,8,6,2,2,1,1082.4
103,1,1,3,0,109,10,8,7,2,2,1,549.74
103,1,1,3,0,110,8,8,6,2,2,1,908.91
103,1,1,3,0,111,12,8,8,2,2,1,590.16
103,1,1,3,0,112,10,8,7,2,2,1,559.78
103,1,1,3,0,113,3,6,4,1,1,1,363.82
103,1,1,3,0,114,5,6,5,1,1,1,423.31
103,1,1,3,0,115,12,8,8,2,2,1,463.69
103,1,1,3,0,116,1,6,3,1,1,1,484.62
103,1,1,3,0,117,10,8,7,2,2,1,653.49
103,1,1,3,0,118,3,6,4,1,1,1,396.25
103,1,1,3,0,119,3,6,4,1,1,1,458.72
103,1,1,3,0,120,3,6,4,1,1,1,471.76
103,1,1,4,1,1,2,8,3,1,1,1,476.13
103,1,1,4,1,2,7,6,6,2,1,0,2550.1
103,1,1,4,1,3,2,8,3,1,1,1,431.94
103,1,1,4,1,4,4,8,4,1,1,1,477.85
103,1,1,4,1,5,7,6,6,2,2,1,545.82
103,1,1,4,1,6,4,8,4,1,1,1,847.27
103,1,1,4,1,7,4,8,4,1,1,1,475.08
103,1,1,4,1,8,4,8,4,1,1,1,423.86
103,1,1,4,1,9,9,6,7,2,2,1,471.88
103,1,1,4,1,10,11,6,8,2,2,1,458.15
103,1,1,4,1,11,6,8,5,1,1,1,928.19
103,1,1,4,1,12,6,8,5,1,1,1,645.03
103,1,1,4,1,13,9,6,7,2,2,1,554.58
103,1,1,4,1,14,7,6,6,2,2,1,804.84
103,1,1,4,1,15,11,6,8,2,2,1,489.96
103,1,1,4,1,16,6,8,5,1,1,1,740.47
103,1,1,4,1,17,9,6,7,2,2,1,824.5
103,1,1,4,1,18,2,8,3,1,1,1,476.94
103,1,1,4,1,19,2,8,3,1,1,1,547.38
103,1,1,4,1,20,7,6,6,2,2,1,1044.8
103,1,1,4,1,21,9,6,7,2,2,1,585.28
103,1,1,4,1,22,6,8,5,1,1,1,838.72
103,1,1,4,1,23,11,6,8,2,2,1,421.33
103,1,1,4,1,24,11,6,8,2,2,1,363.29
103,1,1,4,0,1,4,8,4,1,1,1,408.38
103,1,1,4,0,2,9,6,7,2,2,1,426.63
103,1,1,4,0,3,11,6,8,2,2,1,296.47
103,1,1,4,0,4,7,6,6,2,2,1,1179.9
103,1,1,4,0,5,4,8,4,1,1,1,437.02
103,1,1,4,0,6,4,8,4,1,1,1,323.26
103,1,1,4,0,7,7,6,6,2,2,1,2002.4
103,1,1,4,0,8,11,6,8,2,2,1,436.78
103,1,1,4,0,9,4,8,4,1,1,1,446.7
103,1,1,4,0,10,6,8,5,1,1,1,598.81
103,1,1,4,0,11,6,8,5,1,1,1,408.79
103,1,1,4,0,12,6,8,5,1,1,1,458.61
103,1,1,4,0,13,2,8,3,1,1,1,407.46
103,1,1,4,0,14,9,6,7,2,2,1,636.91
103,1,1,4,0,15,7,6,6,2,2,1,432.47
103,1,1,4,0,16,11,6,8,2,2,1,424.19
103,1,1,4,0,17,7,6,6,2,2,1,664.4
103,1,1,4,0,18,2,8,3,1,1,1,380.66
103,1,1,4,0,19,4,8,4,1,1,1,343.15
103,1,1,4,0,20,7,6,6,2,2,1,1182
103,1,1,4,0,21,2,8,3,1,1,1,467.97
103,1,1,4,0,22,4,8,4,1,1,1,409.13
103,1,1,4,0,23,7,6,6,2,2,1,783.71
103,1,1,4,0,24,4,8,4,1,1,1,471.07
103,1,1,4,0,25,2,8,3,1,1,1,428.61
103,1,1,4,0,26,7,6,6,2,2,1,595.22
103,1,1,4,0,27,6,8,5,1,1,1,1307.5
103,1,1,4,0,28,11,6,8,2,2,1,467.24
103,1,1,4,0,29,9,6,7,2,2,1,501.81
103,1,1,4,0,30,11,6,8,2,2,1,467.94
103,1,1,4,0,31,9,6,7,2,2,1,448.85
103,1,1,4,0,32,6,8,5,1,1,1,579.28
103,1,1,4,0,33,7,6,6,2,2,1,1269.8
103,1,1,4,0,34,4,8,4,1,1,1,417.58
103,1,1,4,0,35,7,6,6,2,2,1,812.34
103,1,1,4,0,36,6,8,5,1,1,1,524.85
103,1,1,4,0,37,2,8,3,1,1,1,440.35
103,1,1,4,0,38,4,8,4,1,1,1,449.51
103,1,1,4,0,39,9,6,7,2,2,1,690.28
103,1,1,4,0,40,6,8,5,1,1,1,772.8
103,1,1,4,0,41,4,8,4,1,1,1,428.19
103,1,1,4,0,42,9,6,7,2,2,1,394.02
103,1,1,4,0,43,2,8,3,1,1,1,387.58
103,1,1,4,0,44,2,8,3,1,1,1,385.56
103,1,1,4,0,45,6,8,5,1,1,1,365.87
103,1,1,4,0,46,11,6,8,2,2,1,342.62
103,1,1,4,0,47,6,8,5,1,1,1,773.28
103,1,1,4,0,48,7,6,6,2,2,1,1165.2
103,1,1,4,0,49,6,8,5,1,1,1,444.02
103,1,1,4,0,50,6,8,5,1,1,1,439.92
103,1,1,4,0,51,2,8,3,1,1,1,453.45
103,1,1,4,0,52,9,6,7,2,2,1,443.64
103,1,1,4,0,53,6,8,5,1,1,1,715.3
103,1,1,4,0,54,2,8,3,1,1,1,503.61
103,1,1,4,0,55,7,6,6,2,2,1,594.15
103,1,1,4,0,56,11,6,8,2,2,1,403.24
103,1,1,4,0,57,2,8,3,1,1,1,389.99
103,1,1,4,0,58,11,6,8,2,2,1,482.81
103,1,1,4,0,59,9,6,7,2,2,1,487.68
103,1,1,4,0,60,11,6,8,2,2,1,388.41
103,1,1,4,0,61,6,8,5,1,1,1,667.96
103,1,1,4,0,62,6,8,5,1,1,1,454.77
103,1,1,4,0,63,2,8,3,1,1,1,474.87
103,1,1,4,0,64,7,6,6,2,2,1,595.82
103,1,1,4,0,65,11,6,8,2,2,1,426.64
103,1,1,4,0,66,7,6,6,2,2,1,794.76
103,1,1,4,0,67,11,6,8,2,2,1,464.41
103,1,1,4,0,68,9,6,7,2,2,1,706.54
103,1,1,4,0,69,11,6,8,2,2,1,447.43
103,1,1,4,0,70,2,8,3,1,1,1,416.83
103,1,1,4,0,71,4,8,4,1,1,1,378.01
103,1,1,4,0,72,9,6,7,2,2,1,430.14
103,1,1,4,0,73,6,8,5,1,1,1,520.66
103,1,1,4,0,74,4,8,4,1,1,1,448.99
103,1,1,4,0,75,2,8,3,1,1,1,409.41
103,1,1,4,0,76,4,8,4,1,1,1,449.98
103,1,1,4,0,77,9,6,7,2,2,1,375.39
103,1,1,4,0,78,6,8,5,1,2,0,600.61
103,1,1,4,0,79,7,6,6,2,1,0,948.42
103,1,1,4,0,80,4,8,4,1,1,1,539.25
103,1,1,4,0,81,7,6,6,2,2,1,840.29
103,1,1,4,0,82,11,6,8,2,2,1,498.88
103,1,1,4,0,83,9,6,7,2,2,1,422.64
103,1,1,4,0,84,9,6,7,2,2,1,422.09
103,1,1,4,0,85,2,8,3,1,1,1,670.84
103,1,1,4,0,86,2,8,3,1,1,1,410.94
103,1,1,4,0,87,4,8,4,1,1,1,419.01
103,1,1,4,0,88,11,6,8,2,2,1,477.88
103,1,1,4,0,89,6,8,5,1,1,1,823.93
103,1,1,4,0,90,2,8,3,1,1,1,407.96
103,1,1,4,0,91,4,8,4,1,1,1,391.38
103,1,1,4,0,92,11,6,8,2,2,1,347.57
103,1,1,4,0,93,6,8,5,1,2,0,2385
103,1,1,4,0,94,6,8,5,1,1,1,409.56
103,1,1,4,0,95,7,6,6,2,2,1,743.26
103,1,1,4,0,96,2,8,3,1,1,1,347.58
103,1,1,4,0,97,4,8,4,1,1,1,454.12
103,1,1,4,0,98,6,8,5,1,1,1,908.54
103,1,1,4,0,99,7,6,6,2,2,1,541.52
103,1,1,4,0,100,7,6,6,2,2,1,469.58
103,1,1,4,0,101,7,6,6,2,2,1,445.8
103,1,1,4,0,102,2,8,3,1,1,1,394.97
103,1,1,4,0,103,9,6,7,2,2,1,380.61
103,1,1,4,0,104,9,6,7,2,2,1,665.5
103,1,1,4,0,105,9,6,7,2,2,1,345.28
103,1,1,4,0,106,4,8,4,1,1,1,459.59
103,1,1,4,0,107,11,6,8,2,2,1,406.56
103,1,1,4,0,108,2,8,3,1,1,1,435.3
103,1,1,4,0,109,2,8,3,1,1,1,405.27
103,1,1,4,0,110,4,8,4,1,1,1,408.85
103,1,1,4,0,111,9,6,7,2,2,1,558.03
103,1,1,4,0,112,11,6,8,2,2,1,332.17
103,1,1,4,0,113,9,6,7,2,2,1,400.27
103,1,1,4,0,114,11,6,8,2,2,1,370.18
103,1,1,4,0,115,7,6,6,2,2,1,584.23
103,1,1,4,0,116,9,6,7,2,2,1,346.28
103,1,1,4,0,117,11,6,8,2,2,1,355.28
103,1,1,4,0,118,4,8,4,1,1,1,706.29
103,1,1,4,0,119,9,6,7,2,2,1,498.52
103,1,1,4,0,120,11,6,8,2,2,1,431.49
103,1,1,1,1,1,1,6,3,1,1,1,493.88
103,1,1,1,1,2,11,6,8,2,2,1,374.56
103,1,1,1,1,3,7,6,6,2,2,1,738.09
103,1,1,1,1,4,11,6,8,2,2,1,381.71
103,1,1,1,1,5,7,6,6,2,2,1,531.61
103,1,1,1,1,6,1,6,3,1,1,1,408.46
103,1,1,1,1,7,1,6,3,1,1,1,443.43
103,1,1,1,1,8,5,6,5,1,1,1,713.65
103,1,1,1,1,9,3,6,4,1,1,1,407.28
103,1,1,1,1,10,11,6,8,2,2,1,450.38
103,1,1,1,1,11,3,6,4,1,1,1,665.7
103,1,1,1,1,12,7,6,6,2,2,1,882.46
103,1,1,1,1,13,1,6,3,1,1,1,532.9
103,1,1,1,1,14,9,6,7,2,2,1,458.31
103,1,1,1,1,15,5,6,5,1,1,1,1414.2
103,1,1,1,1,16,9,6,7,2,2,1,592.32
103,1,1,1,1,17,3,6,4,1,1,1,414.09
103,1,1,1,1,18,9,6,7,2,2,1,417.19
103,1,1,1,1,19,5,6,5,1,1,1,531.06
103,1,1,1,1,20,11,6,8,2,2,1,367.25
103,1,1,1,1,21,9,6,7,2,2,1,552.86
103,1,1,1,1,22,7,6,6,2,2,1,1193.8
103,1,1,1,1,23,3,6,4,1,1,1,411.79
103,1,1,1,1,24,5,6,5,1,1,1,668.42
103,1,1,1,0,1,5,6,5,1,1,1,436.83
103,1,1,1,0,2,3,6,4,1,1,1,395.81
103,1,1,1,0,3,5,6,5,1,1,1,370.87
103,1,1,1,0,4,9,6,7,2,2,1,484.91
103,1,1,1,0,5,3,6,4,1,1,1,471.9
103,1,1,1,0,6,3,6,4,1,1,1,453.41
103,1,1,1,0,7,5,6,5,1,1,1,475.63
103,1,1,1,0,8,7,6,6,2,2,1,988.09
103,1,1,1,0,9,1,6,3,1,1,1,412.04
103,1,1,1,0,10,1,6,3,1,1,1,376.42
103,1,1,1,0,11,3,6,4,1,1,1,378.55
103,1,1,1,0,12,3,6,4,1,1,1,352.88
103,1,1,1,0,13,7,6,6,2,2,1,507.67
103,1,1,1,0,14,1,6,3,1,1,1,695.43
103,1,1,1,0,15,5,6,5,1,2,0,1023.4
103,1,1,1,0,16,5,6,5,1,1,1,1062.9
103,1,1,1,0,17,9,6,7,2,2,1,481.39
103,1,1,1,0,18,5,6,5,1,1,1,402.73
103,1,1,1,0,19,1,6,3,1,1,1,498.99
103,1,1,1,0,20,9,6,7,2,2,1,496.77
103,1,1,1,0,21,7,6,6,2,1,0,661.11
103,1,1,1,0,22,5,6,5,1,2,0,644.62
103,1,1,1,0,23,1,6,3,1,1,1,475.04
103,1,1,1,0,24,9,6,7,2,2,1,456.37
103,1,1,1,0,25,9,6,7,2,2,1,509.31
103,1,1,1,0,26,1,6,3,1,1,1,405.18
103,1,1,1,0,27,3,6,4,1,1,1,434.83
103,1,1,1,0,28,1,6,3,1,1,1,389.76
103,1,1,1,0,29,5,6,5,1,1,1,846.9
103,1,1,1,0,30,5,6,5,1,1,1,638.31
103,1,1,1,0,31,1,6,3,1,1,1,397.16
103,1,1,1,0,32,11,6,8,2,2,1,471.68
103,1,1,1,0,33,7,6,6,2,2,1,1804.7
103,1,1,1,0,34,7,6,6,2,2,1,478.46
103,1,1,1,0,35,9,6,7,2,2,1,465.46
103,1,1,1,0,36,3,6,4,1,1,1,411.13
103,1,1,1,0,37,11,6,8,2,2,1,436.54
103,1,1,1,0,38,11,6,8,2,2,1,416.28
103,1,1,1,0,39,3,6,4,1,1,1,393.26
103,1,1,1,0,40,1,6,3,1,1,1,983.43
103,1,1,1,0,41,5,6,5,1,2,0,936.05
103,1,1,1,0,42,7,6,6,2,1,0,464.26
103,1,1,1,0,43,11,6,8,2,2,1,309.81
103,1,1,1,0,44,11,6,8,2,2,1,374.79
103,1,1,1,0,45,1,6,3,1,1,1,409.11
103,1,1,1,0,46,9,6,7,2,2,1,499.06
103,1,1,1,0,47,11,6,8,2,2,1,343.43
103,1,1,1,0,48,11,6,8,2,2,1,362.25
103,1,1,1,0,49,3,6,4,1,1,1,451.75
103,1,1,1,0,50,9,6,7,2,2,1,649.26
103,1,1,1,0,51,7,6,6,2,1,0,2235.8
103,1,1,1,0,52,9,6,7,2,2,1,619.95
103,1,1,1,0,53,11,6,8,2,2,1,456.82
103,1,1,1,0,54,7,6,6,2,2,1,1261
103,1,1,1,0,55,1,6,3,1,1,1,388.99
103,1,1,1,0,56,3,6,4,1,1,1,320.4
103,1,1,1,0,57,5,6,5,1,1,1,823.51
103,1,1,1,0,58,1,6,3,1,1,1,378.39
103,1,1,1,0,59,11,6,8,2,2,1,393.65
103,1,1,1,0,60,3,6,4,1,1,1,775.89
103,1,1,1,0,61,3,6,4,1,1,1,404.96
103,1,1,1,0,62,3,6,4,1,1,1,398.22
103,1,1,1,0,63,1,6,3,1,1,1,363.87
103,1,1,1,0,64,7,6,6,2,2,1,546.55
103,1,1,1,0,65,11,6,8,2,2,1,402.92
103,1,1,1,0,66,5,6,5,1,1,1,1908.3
103,1,1,1,0,67,1,6,3,1,1,1,515.4
103,1,1,1,0,68,3,6,4,1,1,1,397.95
103,1,1,1,0,69,11,6,8,2,2,1,383.41
103,1,1,1,0,70,7,6,6,2,2,1,537.03
103,1,1,1,0,71,11,6,8,2,2,1,429.04
103,1,1,1,0,72,9,6,7,2,2,1,438.38
103,1,1,1,0,73,5,6,5,1,1,1,442.64
103,1,1,1,0,74,5,6,5,1,1,1,459.31
103,1,1,1,0,75,11,6,8,2,2,1,510.3
103,1,1,1,0,76,1,6,3,1,1,1,430.69
103,1,1,1,0,77,9,6,7,2,2,1,410.61
103,1,1,1,0,78,9,6,7,2,2,1,457.21
103,1,1,1,0,79,1,6,3,1,1,1,380.69
103,1,1,1,0,80,3,6,4,1,1,1,301.95
103,1,1,1,0,81,11,6,8,2,2,1,408.19
103,1,1,1,0,82,3,6,4,1,1,1,408.15
103,1,1,1,0,83,1,6,3,1,1,1,449.78
103,1,1,1,0,84,5,6,5,1,2,0,1409.5
103,1,1,1,0,85,5,6,5,1,1,1,500.64
103,1,1,1,0,86,5,6,5,1,1,1,387.43
103,1,1,1,0,87,9,6,7,2,2,1,429.63
103,1,1,1,0,88,3,6,4,1,1,1,352.14
103,1,1,1,0,89,1,6,3,1,1,1,315.63
103,1,1,1,0,90,7,6,6,2,2,1,455.34
103,1,1,1,0,91,11,6,8,2,2,1,410.94
103,1,1,1,0,92,9,6,7,2,2,1,375.21
103,1,1,1,0,93,5,6,5,1,1,1,822.3
103,1,1,1,0,94,9,6,7,2,2,1,703.34
103,1,1,1,0,95,7,6,6,2,2,1,604.35
103,1,1,1,0,96,11,6,8,2,2,1,434.43
103,1,1,1,0,97,7,6,6,2,2,1,1027.5
103,1,1,1,0,98,7,6,6,2,2,1,471.29
103,1,1,1,0,99,7,6,6,2,2,1,317.74
103,1,1,1,0,100,11,6,8,2,2,1,513.17
103,1,1,1,0,101,7,6,6,2,2,1,954.13
103,1,1,1,0,102,3,6,4,1,1,1,266.03
103,1,1,1,0,103,11,6,8,2,2,1,398.34
103,1,1,1,0,104,9,6,7,2,2,1,489.58
103,1,1,1,0,105,1,6,3,1,1,1,397.15
103,1,1,1,0,106,5,6,5,1,1,1,559.49
103,1,1,1,0,107,7,6,6,2,1,0,405.33
103,1,1,1,0,108,7,6,6,2,2,1,561.09
103,1,1,1,0,109,11,6,8,2,2,1,481.68
103,1,1,1,0,110,11,6,8,2,2,1,374.33
103,1,1,1,0,111,9,6,7,2,2,1,621.09
103,1,1,1,0,112,7,6,6,2,2,1,1466.7
103,1,1,1,0,113,9,6,7,2,2,1,369.75
103,1,1,1,0,114,5,6,5,1,1,1,435.84
103,1,1,1,0,115,7,6,6,2,1,0,320.55
103,1,1,1,0,116,1,6,3,1,1,1,435.15
103,1,1,1,0,117,9,6,7,2,2,1,459.99
103,1,1,1,0,118,9,6,7,2,2,1,410.65
103,1,1,1,0,119,3,6,4,1,1,1,372.37
103,1,1,1,0,120,3,6,4,1,1,1,360.14
103,1,1,2,1,1,12,8,8,2,2,1,445.56
103,1,1,2,1,2,12,8,8,2,2,1,318.83
103,1,1,2,1,3,6,8,5,1,1,1,451.55
103,1,1,2,1,4,2,8,3,1,1,1,398.74
103,1,1,2,1,5,2,8,3,1,1,1,418.3
103,1,1,2,1,6,4,8,4,1,1,1,566.36
103,1,1,2,1,7,4,8,4,1,1,1,378.34
103,1,1,2,1,8,8,8,6,2,2,1,963.17
103,1,1,2,1,9,12,8,8,2,2,1,341.02
103,1,1,2,1,10,8,8,6,2,2,1,625.64
103,1,1,2,1,11,6,8,5,1,2,0,645.94
103,1,1,2,1,12,10,8,7,2,2,1,492.79
103,1,1,2,1,13,4,8,4,1,1,1,378.98
103,1,1,2,1,14,10,8,7,2,2,1,480.91
103,1,1,2,1,15,4,8,4,1,1,1,346.42
103,1,1,2,1,16,8,8,6,2,2,1,863.28
103,1,1,2,1,17,6,8,5,1,1,1,1029.3
103,1,1,2,1,18,10,8,7,2,2,1,485.3
103,1,1,2,1,19,8,8,6,2,1,0,1545
103,1,1,2,1,20,2,8,3,1,1,1,521.51
103,1,1,2,1,21,6,8,5,1,1,1,599.99
103,1,1,2,1,22,12,8,8,2,2,1,355.32
103,1,1,2,1,23,2,8,3,1,1,1,487.49
103,1,1,2,1,24,10,8,7,2,2,1,338.67
103,1,1,2,0,1,2,8,3,1,1,1,621.51
103,1,1,2,0,2,10,8,7,2,2,1,355.6
103,1,1,2,0,3,4,8,4,1,1,1,421.58
103,1,1,2,0,4,12,8,8,2,2,1,386.7
103,1,1,2,0,5,12,8,8,2,2,1,413.3
103,1,1,2,0,6,6,8,5,1,1,1,416.26
103,1,1,2,0,7,4,8,4,1,1,1,406.2
103,1,1,2,0,8,2,8,3,1,1,1,370.55
103,1,1,2,0,9,4,8,4,1,1,1,443.84
103,1,1,2,0,10,6,8,5,1,1,1,741.22
103,1,1,2,0,11,10,8,7,2,2,1,470.84
103,1,1,2,0,12,12,8,8,2,2,1,345.86
103,1,1,2,0,13,8,8,6,2,2,1,597.8
103,1,1,2,0,14,2,8,3,1,1,1,453.46
103,1,1,2,0,15,12,8,8,2,2,1,449.13
103,1,1,2,0,16,12,8,8,2,2,1,439.22
103,1,1,2,0,17,10,8,7,2,2,1,478.56
103,1,1,2,0,18,4,8,4,1,1,1,402.03
103,1,1,2,0,19,6,8,5,1,1,1,1047.7
103,1,1,2,0,20,2,8,3,1,1,1,489.09
103,1,1,2,0,21,6,8,5,1,1,1,447.96
103,1,1,2,0,22,6,8,5,1,1,1,416.44
103,1,1,2,0,23,4,8,4,1,1,1,395.15
103,1,1,2,0,24,2,8,3,1,1,1,376.28
103,1,1,2,0,25,2,8,3,1,1,1,439.12
103,1,1,2,0,26,4,8,4,1,1,1,450.12
103,1,1,2,0,27,2,8,3,1,1,1,415.77
103,1,1,2,0,28,12,8,8,2,2,1,483.19
103,1,1,2,0,29,8,8,6,2,2,1,961.19
103,1,1,2,0,30,12,8,8,2,2,1,413.13
103,1,1,2,0,31,8,8,6,2,2,1,571.52
103,1,1,2,0,32,12,8,8,2,2,1,520.53
103,1,1,2,0,33,6,8,5,1,1,1,1737.9
103,1,1,2,0,34,6,8,5,1,1,1,364.74
103,1,1,2,0,35,10,8,7,2,2,1,526.54
103,1,1,2,0,36,12,8,8,2,2,1,429.47
103,1,1,2,0,37,4,8,4,1,1,1,462.39
103,1,1,2,0,38,8,8,6,2,1,0,609.9
103,1,1,2,0,39,6,8,5,1,1,1,671.93
103,1,1,2,0,40,8,8,6,2,1,0,637.89
103,1,1,2,0,41,2,8,3,1,1,1,515.91
103,1,1,2,0,42,6,8,5,1,1,1,438.97
103,1,1,2,0,43,6,8,5,1,1,1,449.25
103,1,1,2,0,44,10,8,7,2,2,1,927.94
103,1,1,2,0,45,6,8,5,1,1,1,913.02
103,1,1,2,0,46,10,8,7,2,2,1,529.66
103,1,1,2,0,47,8,8,6,2,1,0,998.05
103,1,1,2,0,48,2,8,3,1,1,1,424.58
103,1,1,2,0,49,12,8,8,2,2,1,545.18
103,1,1,2,0,50,4,8,4,1,1,1,769.88
103,1,1,2,0,51,2,8,3,1,1,1,476.43
103,1,1,2,0,52,4,8,4,1,1,1,398.15
103,1,1,2,0,53,4,8,4,1,1,1,505.4
103,1,1,2,0,54,2,8,3,1,1,1,417.07
103,1,1,2,0,55,10,8,7,2,2,1,510.08
103,1,1,2,0,56,12,8,8,2,2,1,400.44
103,1,1,2,0,57,8,8,6,2,2,1,1055.1
103,1,1,2,0,58,12,8,8,2,2,1,423.52
103,1,1,2,0,59,10,8,7,2,2,1,532.82
103,1,1,2,0,60,6,8,5,1,1,1,557.78
103,1,1,2,0,61,8,8,6,2,1,0,513.47
103,1,1,2,0,62,2,8,3,1,1,1,529.68
103,1,1,2,0,63,6,8,5,1,1,1,843.31
103,1,1,2,0,64,2,8,3,1,1,1,425.82
103,1,1,2,0,65,8,8,6,2,2,1,1003.5
103,1,1,2,0,66,8,8,6,2,2,1,473.46
103,1,1,2,0,67,4,8,4,1,1,1,481.87
103,1,1,2,0,68,6,8,5,1,1,1,463.47
103,1,1,2,0,69,6,8,5,1,1,1,357.65
103,1,1,2,0,70,4,8,4,1,1,1,391.81
103,1,1,2,0,71,12,8,8,2,2,1,402.91
103,1,1,2,0,72,10,8,7,2,2,1,614.14
103,1,1,2,0,73,8,8,6,2,2,1,2812.7
103,1,1,2,0,74,10,8,7,2,2,1,447.57
103,1,1,2,0,75,10,8,7,2,2,1,499.28
103,1,1,2,0,76,2,8,3,1,1,1,431.91
103,1,1,2,0,77,2,8,3,1,1,1,349.13
103,1,1,2,0,78,4,8,4,1,1,1,336.1
103,1,1,2,0,79,6,8,5,1,1,1,844.45
103,1,1,2,0,80,8,8,6,2,2,1,795.9
103,1,1,2,0,81,10,8,7,2,2,1,365.98
103,1,1,2,0,82,12,8,8,2,2,1,448.38
103,1,1,2,0,83,2,8,3,1,1,1,425.11
103,1,1,2,0,84,8,8,6,2,2,1,531.86
103,1,1,2,0,85,2,8,3,1,1,1,455.9
103,1,1,2,0,86,4,8,4,1,1,1,398.75
103,1,1,2,0,87,4,8,4,1,1,1,411.95
103,1,1,2,0,88,4,8,4,1,1,1,349.46
103,1,1,2,0,89,8,8,6,2,2,1,474.39
103,1,1,2,0,90,6,8,5,1,2,0,677.2
103,1,1,2,0,91,12,8,8,2,2,1,438.14
103,1,1,2,0,92,8,8,6,2,2,1,542.65
103,1,1,2,0,93,8,8,6,2,2,1,472.91
103,1,1,2,0,94,2,8,3,1,1,1,326.22
103,1,1,2,0,95,6,8,5,1,1,1,454.78
103,1,1,2,0,96,10,8,7,2,2,1,477.76
103,1,1,2,0,97,12,8,8,2,2,1,374.36
103,1,1,2,0,98,12,8,8,2,2,1,364.49
103,1,1,2,0,99,6,8,5,1,1,1,511.36
103,1,1,2,0,100,6,8,5,1,1,1,361.09
103,1,1,2,0,101,12,8,8,2,2,1,402.56
103,1,1,2,0,102,12,8,8,2,2,1,428.08
103,1,1,2,0,103,10,8,7,2,2,1,418.24
103,1,1,2,0,104,10,8,7,2,2,1,376
103,1,1,2,0,105,10,8,7,2,2,1,338.37
103,1,1,2,0,106,8,8,6,2,2,1,1440.3
103,1,1,2,0,107,4,8,4,1,1,1,385.33
103,1,1,2,0,108,10,8,7,2,2,1,560.01
103,1,1,2,0,109,8,8,6,2,2,1,1221.7
103,1,1,2,0,110,4,8,4,1,1,1,457.88
103,1,1,2,0,111,8,8,6,2,2,1,1729.5
103,1,1,2,0,112,8,8,6,2,2,1,399.73
103,1,1,2,0,113,4,8,4,1,1,1,330.38
103,1,1,2,0,114,10,8,7,2,2,1,443.15
103,1,1,2,0,115,10,8,7,2,2,1,333.25
103,1,1,2,0,116,10,8,7,2,2,1,331.47
103,1,1,2,0,117,12,8,8,2,2,1,360.87
103,1,1,2,0,118,4,8,4,1,1,1,811.39
103,1,1,2,0,119,2,8,3,1,1,1,495.82
103,1,1,2,0,120,2,8,3,1,1,1,297.18
