106,2,1,3,1,1,10,12,6,2,2,1,1179.5
106,2,1,3,1,2,1,4,5,1,2,0,1028.3
106,2,1,3,1,3,1,4,5,1,1,1,823.83
106,2,1,3,1,4,8,10,6,2,2,1,499.32
106,2,1,3,1,5,10,12,6,2,2,1,542.35
106,2,1,3,1,6,3,6,5,1,1,1,419.14
106,2,1,3,1,7,12,14,6,2,2,1,664.88
106,2,1,3,1,8,8,10,6,2,1,0,1267.8
106,2,1,3,1,9,8,10,6,2,2,1,496.08
106,2,1,3,1,10,3,6,5,1,1,1,477.69
106,2,1,3,1,11,5,8,5,1,1,1,416.09
106,2,1,3,1,12,1,4,5,1,1,1,1135
106,2,1,3,1,13,5,8,5,1,2,0,575.24
106,2,1,3,1,14,3,6,5,1,1,1,586.89
106,2,1,3,1,15,8,10,6,2,2,1,427.35
106,2,1,3,1,16,3,6,5,1,1,1,558.17
106,2,1,3,1,17,12,14,6,2,2,1,471.05
106,2,1,3,1,18,12,14,6,2,2,1,345.4
106,2,1,3,1,19,5,8,5,1,1,1,431.49
106,2,1,3,1,20,5,8,5,1,1,1,301.7
106,2,1,3,1,21,12,14,6,2,2,1,335.49
106,2,1,3,1,22,10,12,6,2,2,1,436.38
106,2,1,3,1,23,1,4,5,1,1,1,301.02
106,2,1,3,1,24,10,12,6,2,2,1,348.47
106,2,1,3,0,1,12,14,6,2,2,1,345.88
106,2,1,3,0,2,8,10,6,2,2,1,1307.8
106,2,1,3,0,3,10,12,6,2,2,1,454.73
106,2,1,3,0,4,5,8,5,1,1,1,349.29
106,2,1,3,0,5,8,10,6,2,1,0,382.98
106,2,1,3,0,6,8,10,6,2,2,1,601.5
106,2,1,3,0,7,12,14,6,2,2,1,442.1
106,2,1,3,0,8,12,14,6,2,2,1,360.79
106,2,1,3,0,9,5,8,5,1,1,1,348.09
106,2,1,3,0,10,8,10,6,2,2,1,1020.1
106,2,1,3,0,11,1,4,5,1,1,1,294.86
106,2,1,3,0,12,3,6,5,1,1,1,331.57
106,2,1,3,0,13,8,10,6,2,2,1,442.5
106,2,1,3,0,14,1,4,5,1,1,1,320.75
106,2,1,3,0,15,3,6,5,1,1,1,348.76
106,2,1,3,0,16,3,6,5,1,1,1,328.24
106,2,1,3,0,17,5,8,5,1,1,1,367.33
106,2,1,3,0,18,5,8,5,1,1,1,456.52
106,2,1,3,0,19,3,6,5,1,1,1,388.43
106,2,1,3,0,20,12,14,6,2,2,1,339.51
106,2,1,3,0,21,5,8,5,1,1,1,387.79
106,2,1,3,0,22,5,8,5,1,1,1,382.14
106,2,1,3,0,23,3,6,5,1,1,1,362.19
106,2,1,3,0,24,8,10,6,2,2,1,321.54
106,2,1,3,0,25,12,14,6,2,2,1,387
106,2,1,3,0,26,3,6,5,1,1,1,305.87
106,2,1,3,0,27,1,4,5,1,1,1,302.16
106,2,1,3,0,28,8,10,6,2,2,1,334.16
106,2,1,3,0,29,1,4,5,1,1,1,317.14
106,2,1,3,0,30,10,12,6,2,2,1,338.24
106,2,1,3,0,31,10,12,6,2,2,1,324.57
106,2,1,3,0,32,1,4,5,1,1,1,326.65
106,2,1,3,0,33,10,12,6,2,2,1,299.35
106,2,1,3,0,34,10,12,6,2,2,1,320.39
106,2,1,3,0,35,5,8,5,1,1,1,377.92
106,2,1,3,0,36,5,8,5,1,1,1,413.22
106,2,1,3,0,37,12,14,6,2,2,1,342.15
106,2,1,3,0,38,5,8,5,1,2,0,401.88
106,2,1,3,0,39,10,12,6,2,2,1,533.47
106,2,1,3,0,40,1,4,5,1,1,1,341.39
106,2,1,3,0,41,12,14,6,2,2,1,387.26
106,2,1,3,0,42,5,8,5,1,1,1,317.62
106,2,1,3,0,43,12,14,6,2,2,1,317.7
106,2,1,3,0,44,10,12,6,2,2,1,397.87
106,2,1,3,0,45,8,10,6,2,1,0,524.3
106,2,1,3,0,46,10,12,6,2,2,1,817.33
106,2,1,3,0,47,8,10,6,2,2,1,426.77
106,2,1,3,0,48,12,14,6,2,2,1,428.8
106,2,1,3,0,49,5,8,5,1,1,1,337.63
106,2,1,3,0,50,12,14,6,2,2,1,392.23
106,2,1,3,0,51,12,14,6,2,2,1,357.49
106,2,1,3,0,52,8,10,6,2,1,0,348.14
106,2,1,3,0,53,5,8,5,1,1,1,652.75
106,2,1,3,0,54,8,10,6,2,2,1,1174.5
106,2,1,3,0,55,8,10,6,2,2,1,570.09
106,2,1,3,0,56,10,12,6,2,2,1,455.92
106,2,1,3,0,57,1,4,5,1,1,1,318.09
106,2,1,3,0,58,3,6,5,1,1,1,305.66
106,2,1,3,0,59,12,14,6,2,2,1,283.08
106,2,1,3,0,60,1,4,5,1,1,1,355.44
106,2,1,3,0,61,10,12,6,2,2,1,299.94
106,2,1,3,0,62,5,8,5,1,1,1,355.29
106,2,1,3,0,63,5,8,5,1,1,1,350.1
106,2,1,3,0,64,3,6,5,1,1,1,398.36
106,2,1,3,0,65,10,12,6,2,2,1,329.57
106,2,1,3,0,66,10,12,6,2,2,1,339.58
106,2,1,3,0,67,3,6,5,1,1,1,282.22
106,2,1,3,0,68,10,12,6,2,2,1,296.99
106,2,1,3,0,69,3,6,5,1,1,1,322.08
106,2,1,3,0,70,5,8,5,1,1,1,373.57
106,2,1,3,0,71,5,8,5,1,1,1,832.17
106,2,1,3,0,72,8,10,6,2,2,1,426.37
106,2,1,3,0,73,8,10,6,2,2,1,422.28
106,2,1,3,0,74,3,6,5,1,1,1,586.01
106,2,1,3,0,75,1,4,5,1,1,1,295.06
106,2,1,3,0,76,5,8,5,1,1,1,295.97
106,2,1,3,0,77,1,4,5,1,1,1,324.6
106,2,1,3,0,78,1,4,5,1,1,1,315.39
106,2,1,3,0,79,1,4,5,1,1,1,319.69
106,2,1,3,0,80,10,12,6,2,2,1,394.04
106,2,1,3,0,81,3,6,5,1,1,1,344.67
106,2,1,3,0,82,1,4,5,1,1,1,365.92
106,2,1,3,0,83,3,6,5,1,1,1,306.89
106,2,1,3,0,84,10,12,6,2,2,1,316.92
106,2,1,3,0,85,1,4,5,1,1,1,282.63
106,2,1,3,0,86,12,14,6,2,2,1,253.8
106,2,1,3,0,87,8,10,6,2,2,1,344.94
106,2,1,3,0,88,1,4,5,1,1,1,307.42
106,2,1,3,0,89,12,14,6,2,2,1,327.67
106,2,1,3,0,90,3,6,5,1,1,1,300.19
106,2,1,3,0,91,10,12,6,2,2,1,285.09
106,2,1,3,0,92,12,14,6,2,2,1,423.91
106,2,1,3,0,93,12,14,6,2,2,1,313.37
106,2,1,3,0,94,3,6,5,1,1,1,327.75
106,2,1,3,0,95,10,12,6,2,2,1,302.26
106,2,1,3,0,96,1,4,5,1,1,1,264.35
106,2,1,3,0,97,3,6,5,1,1,1,301.41
106,2,1,3,0,98,8,10,6,2,2,1,248.99
106,2,1,3,0,99,1,4,5,1,1,1,230.56
106,2,1,3,0,100,3,6,5,1,1,1,345.2
106,2,1,3,0,101,8,10,6,2,2,1,466.3
106,2,1,3,0,102,8,10,6,2,2,1,340.87
106,2,1,3,0,103,3,6,5,1,1,1,267.86
106,2,1,3,0,104,8,10,6,2,2,1,487.4
106,2,1,3,0,105,12,14,6,2,2,1,345.21
106,2,1,3,0,106,8,10,6,2,2,1,321.87
106,2,1,3,0,107,12,14,6,2,2,1,358.41
106,2,1,3,0,108,10,12,6,2,2,1,328.99
106,2,1,3,0,109,10,12,6,2,2,1,308.87
106,2,1,3,0,110,1,4,5,1,1,1,346.69
106,2,1,3,0,111,5,8,5,1,1,1,459.65
106,2,1,3,0,112,1,4,5,1,1,1,589.02
106,2,1,3,0,113,10,12,6,2,2,1,333.64
106,2,1,3,0,114,5,8,5,1,2,0,665.63
106,2,1,3,0,115,1,4,5,1,1,1,371.01
106,2,1,3,0,116,3,6,5,1,1,1,342.5
106,2,1,3,0,117,3,6,5,1,1,1,338.02
106,2,1,3,0,118,12,14,6,2,2,1,311.97
106,2,1,3,0,119,5,8,5,1,1,1,298.02
106,2,1,3,0,120,12,14,6,2,2,1,326.85
106,2,1,4,1,1,7,10,5,2,2,1,674.62
106,2,1,4,1,2,6,8,6,1,2,0,674.42
106,2,1,4,1,3,9,12,5,2,2,1,749.35
106,2,1,4,1,4,9,12,5,2,2,1,366.38
106,2,1,4,1,5,7,10,5,2,1,0,795.21
106,2,1,4,1,6,2,4,6,1,1,1,497.05
106,2,1,4,1,7,11,14,5,2,2,1,714.45
106,2,1,4,1,8,11,14,5,2,2,1,487.03
106,2,1,4,1,9,6,8,6,1,2,0,526.77
106,2,1,4,1,10,4,6,6,1,1,1,457.97
106,2,1,4,1,11,9,12,5,2,2,1,726.3
106,2,1,4,1,12,2,4,6,1,1,1,377.08
106,2,1,4,1,13,6,8,6,1,1,1,390.37
106,2,1,4,1,14,2,4,6,1,1,1,526.42
106,2,1,4,1,15,4,6,6,1,1,1,473.23
106,2,1,4,1,16,2,4,6,1,1,1,365.67
106,2,1,4,1,17,7,10,5,2,2,1,615.66
106,2,1,4,1,18,9,12,5,2,2,1,416.28
106,2,1,4,1,19,4,6,6,1,1,1,1153.8
106,2,1,4,1,20,7,10,5,2,2,1,508.34
106,2,1,4,1,21,11,14,5,2,2,1,401.19
106,2,1,4,1,22,4,6,6,1,1,1,420.79
106,2,1,4,1,23,11,14,5,2,2,1,428.35
106,2,1,4,1,24,6,8,6,1,2,0,1468.2
106,2,1,4,0,1,2,4,6,1,1,1,464.83
106,2,1,4,0,2,2,4,6,1,1,1,413.88
106,2,1,4,0,3,6,8,6,1,1,1,674.47
106,2,1,4,0,4,4,6,6,1,1,1,1228.5
106,2,1,4,0,5,7,10,5,2,2,1,555.78
106,2,1,4,0,6,6,8,6,1,2,0,726.28
106,2,1,4,0,7,2,4,6,1,1,1,530.68
106,2,1,4,0,8,7,10,5,2,2,1,468.94
106,2,1,4,0,9,4,6,6,1,1,1,551.52
106,2,1,4,0,10,9,12,5,2,2,1,422.58
106,2,1,4,0,11,6,8,6,1,1,1,684.07
106,2,1,4,0,12,4,6,6,1,1,1,430.74
106,2,1,4,0,13,4,6,6,1,1,1,311.37
106,2,1,4,0,14,11,14,5,2,2,1,334.3
106,2,1,4,0,15,4,6,6,1,1,1,342.49
106,2,1,4,0,16,2,4,6,1,1,1,346.81
106,2,1,4,0,17,9,12,5,2,2,1,470.19
106,2,1,4,0,18,11,14,5,2,2,1,363.68
106,2,1,4,0,19,11,14,5,2,2,1,398.64
106,2,1,4,0,20,9,12,5,2,2,1,318.08
106,2,1,4,0,21,4,6,6,1,1,1,351.71
106,2,1,4,0,22,9,12,5,2,2,1,355.3
106,2,1,4,0,23,2,4,6,1,1,1,317
106,2,1,4,0,24,11,14,5,2,2,1,465.81
106,2,1,4,0,25,11,14,5,2,2,1,340.04
106,2,1,4,0,26,7,10,5,2,2,1,553.1
106,2,1,4,0,27,11,14,5,2,2,1,442.34
106,2,1,4,0,28,11,14,5,2,2,1,354.5
106,2,1,4,0,29,7,10,5,2,2,1,499.18
106,2,1,4,0,30,2,4,6,1,1,1,372.55
106,2,1,4,0,31,4,6,6,1,1,1,376.11
106,2,1,4,0,32,6,8,6,1,1,1,418.82
106,2,1,4,0,33,9,12,5,2,2,1,490.9
106,2,1,4,0,34,2,4,6,1,1,1,393.32
106,2,1,4,0,35,6,8,6,1,1,1,633.37
106,2,1,4,0,36,11,14,5,2,2,1,336.58
106,2,1,4,0,37,2,4,6,1,1,1,383.35
106,2,1,4,0,38,6,8,6,1,1,1,748.11
106,2,1,4,0,39,7,10,5,2,2,1,493.95
106,2,1,4,0,40,11,14,5,2,2,1,372.61
106,2,1,4,0,41,2,4,6,1,1,1,295.71
106,2,1,4,0,42,4,6,6,1,1,1,335.94
106,2,1,4,0,43,11,14,5,2,2,1,296.19
106,2,1,4,0,44,2,4,6,1,1,1,301.98
106,2,1,4,0,45,7,10,5,2,2,1,380.54
106,2,1,4,0,46,6,8,6,1,1,1,644.61
106,2,1,4,0,47,4,6,6,1,1,1,375.17
106,2,1,4,0,48,9,12,5,2,2,1,464.94
106,2,1,4,0,49,9,12,5,2,2,1,384.78
106,2,1,4,0,50,6,8,6,1,1,1,534.48
106,2,1,4,0,51,11,14,5,2,2,1,352.29
106,2,1,4,0,52,9,12,5,2,2,1,490.8
106,2,1,4,0,53,2,4,6,1,1,1,349.61
106,2,1,4,0,54,4,6,6,1,1,1,354.12
106,2,1,4,0,55,9,12,5,2,2,1,276.78
106,2,1,4,0,56,2,4,6,1,1,1,427.9
106,2,1,4,0,57,7,10,5,2,2,1,440.6
106,2,1,4,0,58,2,4,6,1,1,1,534.38
106,2,1,4,0,59,6,8,6,1,1,1,660.63
106,2,1,4,0,60,7,10,5,2,2,1,362.56
106,2,1,4,0,61,11,14,5,2,2,1,379.04
106,2,1,4,0,62,9,12,5,2,2,1,388.25
106,2,1,4,0,63,4,6,6,1,1,1,298.56
106,2,1,4,0,64,6,8,6,1,1,1,337.27
106,2,1,4,0,65,11,14,5,2,2,1,433.47
106,2,1,4,0,66,9,12,5,2,2,1,335.56
106,2,1,4,0,67,6,8,6,1,1,1,360.96
106,2,1,4,0,68,2,4,6,1,1,1,443.02
106,2,1,4,0,69,9,12,5,2,2,1,310.44
106,2,1,4,0,70,4,6,6,1,1,1,378.1
106,2,1,4,0,71,7,10,5,2,2,1,628.84
106,2,1,4,0,72,4,6,6,1,1,1,454.74
106,2,1,4,0,73,9,12,5,2,2,1,282.59
106,2,1,4,0,74,6,8,6,1,2,0,326.9
106,2,1,4,0,75,7,10,5,2,2,1,620.14
106,2,1,4,0,76,7,10,5,2,2,1,420.37
106,2,1,4,0,77,11,14,5,2,2,1,354.43
106,2,1,4,0,78,2,4,6,1,1,1,376.12
106,2,1,4,0,79,6,8,6,1,2,0,321.73
106,2,1,4,0,80,11,14,5,2,2,1,528.43
106,2,1,4,0,81,9,12,5,2,2,1,842.45
106,2,1,4,0,82,4,6,6,1,1,1,427.99
106,2,1,4,0,83,7,10,5,2,2,1,905.41
106,2,1,4,0,84,7,10,5,2,2,1,553.69
106,2,1,4,0,85,11,14,5,2,2,1,451.76
106,2,1,4,0,86,6,8,6,1,1,1,370.89
106,2,1,4,0,87,7,10,5,2,2,1,496.59
106,2,1,4,0,88,4,6,6,1,1,1,368.5
106,2,1,4,0,89,6,8,6,1,1,1,516.09
106,2,1,4,0,90,9,12,5,2,2,1,362.78
106,2,1,4,0,91,7,10,5,2,1,0,657.13
106,2,1,4,0,92,4,6,6,1,1,1,349.02
106,2,1,4,0,93,4,6,6,1,1,1,398.4
106,2,1,4,0,94,2,4,6,1,1,1,768.56
106,2,1,4,0,95,9,12,5,2,2,1,478.85
106,2,1,4,0,96,4,6,6,1,1,1,318.62
106,2,1,4,0,97,2,4,6,1,1,1,349.15
106,2,1,4,0,98,6,8,6,1,1,1,425.65
106,2,1,4,0,99,9,12,5,2,2,1,329.83
106,2,1,4,0,100,11,14,5,2,2,1,399.46
106,2,1,4,0,101,7,10,5,2,2,1,582.66
106,2,1,4,0,102,7,10,5,2,2,1,464.69
106,2,1,4,0,103,4,6,6,1,1,1,444.81
106,2,1,4,0,104,6,8,6,1,1,1,414.34
106,2,1,4,0,105,9,12,5,2,2,1,357.36
106,2,1,4,0,106,11,14,5,2,2,1,1003.1
106,2,1,4,0,107,4,6,6,1,1,1,429.63
106,2,1,4,0,108,11,14,5,2,2,1,350.25
106,2,1,4,0,109,2,4,6,1,1,1,449.54
106,2,1,4,0,110,7,10,5,2,2,1,361.53
106,2,1,4,0,111,2,4,6,1,1,1,435.45
106,2,1,4,0,112,11,14,5,2,2,1,335.14
106,2,1,4,0,113,6,8,6,1,1,1,802.23
106,2,1,4,0,114,2,4,6,1,1,1,417.34
106,2,1,4,0,115,9,12,5,2,2,1,337.51
106,2,1,4,0,116,6,8,6,1,1,1,229.75
106,2,1,4,0,117,7,10,5,2,2,1,233.66
106,2,1,4,0,118,6,8,6,1,1,1,384.69
106,2,1,4,0,119,7,10,5,2,2,1,266.87
106,2,1,4,0,120,9,12,5,2,2,1,341.85
106,2,1,2,1,1,12,14,6,2,2,1,353.32
106,2,1,2,1,2,8,10,6,2,1,0,357.65
106,2,1,2,1,3,4,6,6,1,1,1,332.4
106,2,1,2,1,4,10,12,6,2,2,1,464.29
106,2,1,2,1,5,6,8,6,1,1,1,329.46
106,2,1,2,1,6,10,12,6,2,2,1,578.34
106,2,1,2,1,7,2,4,6,1,1,1,330.45
106,2,1,2,1,8,10,12,6,2,2,1,549.35
106,2,1,2,1,9,10,12,6,2,2,1,470.75
106,2,1,2,1,10,2,4,6,1,1,1,309.17
106,2,1,2,1,11,4,6,6,1,1,1,381.8
106,2,1,2,1,12,2,4,6,1,1,1,460.06
106,2,1,2,1,13,6,8,6,1,1,1,380.65
106,2,1,2,1,14,2,4,6,1,1,1,401.04
106,2,1,2,1,15,8,10,6,2,2,1,595
106,2,1,2,1,16,12,14,6,2,2,1,530.03
106,2,1,2,1,17,12,14,6,2,2,1,381.68
106,2,1,2,1,18,4,6,6,1,1,1,285.44
106,2,1,2,1,19,12,14,6,2,2,1,348.73
106,2,1,2,1,20,4,6,6,1,1,1,321.6
106,2,1,2,1,21,6,8,6,1,1,1,355.14
106,2,1,2,1,22,6,8,6,1,1,1,354.82
106,2,1,2,1,23,8,10,6,2,1,0,471.06
106,2,1,2,1,24,8,10,6,2,1,0,889.24
106,2,1,2,0,1,10,12,6,2,2,1,594.88
106,2,1,2,0,2,8,10,6,2,1,0,899.55
106,2,1,2,0,3,10,12,6,2,2,1,455.88
106,2,1,2,0,4,10,12,6,2,2,1,504.59
106,2,1,2,0,5,10,12,6,2,2,1,396.33
106,2,1,2,0,6,8,10,6,2,1,0,558.47
106,2,1,2,0,7,12,14,6,2,2,1,584.81
106,2,1,2,0,8,2,4,6,1,1,1,394.32
106,2,1,2,0,9,10,12,6,2,2,1,411.95
106,2,1,2,0,10,6,8,6,1,1,1,436.49
106,2,1,2,0,11,12,14,6,2,2,1,395.86
106,2,1,2,0,12,2,4,6,1,1,1,401.52
106,2,1,2,0,13,4,6,6,1,1,1,382
106,2,1,2,0,14,4,6,6,1,1,1,353.29
106,2,1,2,0,15,12,14,6,2,2,1,501.39
106,2,1,2,0,16,6,8,6,1,1,1,1053.4
106,2,1,2,0,17,2,4,6,1,1,1,385.53
106,2,1,2,0,18,4,6,6,1,1,1,351.98
106,2,1,2,0,19,4,6,6,1,1,1,402.59
106,2,1,2,0,20,10,12,6,2,2,1,553.26
106,2,1,2,0,21,4,6,6,1,1,1,433.71
106,2,1,2,0,22,6,8,6,1,1,1,464.8
106,2,1,2,0,23,8,10,6,2,2,1,1330.2
106,2,1,2,0,24,4,6,6,1,1,1,383.41
106,2,1,2,0,25,6,8,6,1,1,1,418.26
106,2,1,2,0,26,2,4,6,1,1,1,501.23
106,2,1,2,0,27,4,6,6,1,1,1,481.32
106,2,1,2,0,28,8,10,6,2,2,1,648.3
106,2,1,2,0,29,12,14,6,2,2,1,453.58
106,2,1,2,0,30,4,6,6,1,1,1,436.57
106,2,1,2,0,31,12,14,6,2,2,1,491.74
106,2,1,2,0,32,8,10,6,2,2,1,711.67
106,2,1,2,0,33,8,10,6,2,2,1,398.04
106,2,1,2,0,34,12,14,6,2,2,1,412.67
106,2,1,2,0,35,8,10,6,2,2,1,1277.9
106,2,1,2,0,36,6,8,6,1,2,0,1250.9
106,2,1,2,0,37,10,12,6,2,2,1,649.04
106,2,1,2,0,38,2,4,6,1,1,1,421.4
106,2,1,2,0,39,6,8,6,1,1,1,432.91
106,2,1,2,0,40,8,10,6,2,1,0,939.24
106,2,1,2,0,41,6,8,6,1,2,0,704.14
106,2,1,2,0,42,12,14,6,2,2,1,476.49
106,2,1,2,0,43,12,14,6,2,2,1,466.48
106,2,1,2,0,44,8,10,6,2,2,1,1048.5
106,2,1,2,0,45,12,14,6,2,2,1,353.63
106,2,1,2,0,46,12,14,6,2,2,1,346.8
106,2,1,2,0,47,2,4,6,1,1,1,405.32
106,2,1,2,0,48,6,8,6,1,1,1,1592.2
106,2,1,2,0,49,2,4,6,1,1,1,417.74
106,2,1,2,0,50,10,12,6,2,2,1,304.52
106,2,1,2,0,51,4,6,6,1,1,1,390.63
106,2,1,2,0,52,2,4,6,1,1,1,356.37
106,2,1,2,0,53,2,4,6,1,1,1,391.01
106,2,1,2,0,54,6,8,6,1,1,1,958.38
106,2,1,2,0,55,4,6,6,1,1,1,475.2
106,2,1,2,0,56,12,14,6,2,2,1,324.83
106,2,1,2,0,57,2,4,6,1,1,1,326.12
106,2,1,2,0,58,10,12,6,2,2,1,315.18
106,2,1,2,0,59,6,8,6,1,2,0,751.63
106,2,1,2,0,60,8,10,6,2,2,1,1136
106,2,1,2,0,61,6,8,6,1,1,1,491.04
106,2,1,2,0,62,12,14,6,2,2,1,485.05
106,2,1,2,0,63,2,4,6,1,1,1,341.54
106,2,1,2,0,64,2,4,6,1,1,1,354
106,2,1,2,0,65,2,4,6,1,1,1,390.54
106,2,1,2,0,66,6,8,6,1,1,1,420.38
106,2,1,2,0,67,8,10,6,2,2,1,781.7
106,2,1,2,0,68,10,12,6,2,2,1,375.54
106,2,1,2,0,69,2,4,6,1,1,1,378.46
106,2,1,2,0,70,12,14,6,2,2,1,379.82
106,2,1,2,0,71,8,10,6,2,2,1,501.12
106,2,1,2,0,72,2,4,6,1,1,1,396.97
106,2,1,2,0,73,8,10,6,2,2,1,712.55
106,2,1,2,0,74,6,8,6,1,1,1,421.19
106,2,1,2,0,75,4,6,6,1,1,1,1093.5
106,2,1,2,0,76,6,8,6,1,1,1,365.56
106,2,1,2,0,77,10,12,6,2,2,1,415.44
106,2,1,2,0,78,10,12,6,2,2,1,474.59
106,2,1,2,0,79,6,8,6,1,2,0,1578.2
106,2,1,2,0,80,6,8,6,1,1,1,1527.5
106,2,1,2,0,81,12,14,6,2,2,1,535.72
106,2,1,2,0,82,10,12,6,2,2,1,734.47
106,2,1,2,0,83,4,6,6,1,1,1,502.45
106,2,1,2,0,84,8,10,6,2,1,0,661.54
106,2,1,2,0,85,8,10,6,2,2,1,874.71
106,2,1,2,0,86,4,6,6,1,1,1,367.71
106,2,1,2,0,87,10,12,6,2,2,1,433.01
106,2,1,2,0,88,8,10,6,2,2,1,682.74
106,2,1,2,0,89,6,8,6,1,1,1,391.19
106,2,1,2,0,90,2,4,6,1,1,1,361.83
106,2,1,2,0,91,8,10,6,2,2,1,652.23
106,2,1,2,0,92,12,14,6,2,1,0,407.45
106,2,1,2,0,93,2,4,6,1,1,1,364.48
106,2,1,2,0,94,10,12,6,2,2,1,444.34
106,2,1,2,0,95,6,8,6,1,1,1,461.14
106,2,1,2,0,96,4,6,6,1,1,1,366.43
106,2,1,2,0,97,4,6,6,1,1,1,582.19
106,2,1,2,0,98,8,10,6,2,2,1,875.55
106,2,1,2,0,99,10,12,6,2,2,1,415.68
106,2,1,2,0,100,10,12,6,2,2,1,498.08
106,2,1,2,0,101,6,8,6,1,1,1,1876.1
106,2,1,2,0,102,10,12,6,2,2,1,458.25
106,2,1,2,0,103,4,6,6,1,1,1,725.18
106,2,1,2,0,104,4,6,6,1,1,1,459.35
106,2,1,2,0,105,4,6,6,1,1,1,374.78
106,2,1,2,0,106,4,6,6,1,1,1,405.97
106,2,1,2,0,107,8,10,6,2,2,1,476.01
106,2,1,2,0,108,12,14,6,2,2,1,638.54
106,2,1,2,0,109,2,4,6,1,1,1,378.11
106,2,1,2,0,110,12,14,6,2,2,1,357.19
106,2,1,2,0,111,4,6,6,1,2,0,426.78
106,2,1,2,0,112,2,4,6,1,1,1,490.58
106,2,1,2,0,113,12,14,6,2,2,1,324.85
106,2,1,2,0,114,10,12,6,2,2,1,348.75
106,2,1,2,0,115,8,10,6,2,2,1,979.41
106,2,1,2,0,116,2,4,6,1,1,1,362.25
106,2,1,2,0,117,6,8,6,1,1,1,960.6
106,2,1,2,0,118,12,14,6,2,2,1,367.94
106,2,1,2,0,119,12,14,6,2,2,1,398.38
106,2,1,2,0,120,10,12,6,2,2,1,830.41
106,2,1,1,1,1,9,12,5,2,2,1,559.86
106,2,1,1,1,2,9,12,5,2,2,1,425.43
106,2,1,1,1,3,3,6,5,1,1,1,442.82
106,2,1,1,1,4,11,14,5,2,2,1,334.77
106,2,1,1,1,5,3,6,5,1,1,1,432.47
106,2,1,1,1,6,5,8,5,1,1,1,333.7
106,2,1,1,1,7,7,10,5,2,1,0,379.23
106,2,1,1,1,8,9,12,5,2,2,1,382.09
106,2,1,1,1,9,9,12,5,2,2,1,419.3
106,2,1,1,1,10,1,4,5,1,1,1,647.21
106,2,1,1,1,11,11,14,5,2,2,1,402.83
106,2,1,1,1,12,3,6,5,1,1,1,430.21
106,2,1,1,1,13,7,10,5,2,2,1,526.79
106,2,1,1,1,14,3,6,5,1,1,1,414.21
106,2,1,1,1,15,5,8,5,1,1,1,478.32
106,2,1,1,1,16,11,14,5,2,2,1,366.13
106,2,1,1,1,17,1,4,5,1,1,1,471.65
106,2,1,1,1,18,11,14,5,2,2,1,383.53
106,2,1,1,1,19,7,10,5,2,2,1,839.81
106,2,1,1,1,20,5,8,5,1,2,0,528.72
106,2,1,1,1,21,1,4,5,1,1,1,477.51
106,2,1,1,1,22,5,8,5,1,1,1,2412
106,2,1,1,1,23,7,10,5,2,2,1,986.27
106,2,1,1,1,24,1,4,5,1,1,1,455.37
106,2,1,1,0,1,11,14,5,2,2,1,391.59
106,2,1,1,0,2,7,10,5,2,2,1,841.86
106,2,1,1,0,3,1,4,5,1,1,1,417.77
106,2,1,1,0,4,9,12,5,2,2,1,448.57
106,2,1,1,0,5,1,4,5,1,1,1,390.86
106,2,1,1,0,6,7,10,5,2,2,1,510.12
106,2,1,1,0,7,11,14,5,2,2,1,457.61
106,2,1,1,0,8,7,10,5,2,2,1,1106.9
106,2,1,1,0,9,11,14,5,2,2,1,443.65
106,2,1,1,0,10,1,4,5,1,1,1,380.33
106,2,1,1,0,11,1,4,5,1,1,1,354.64
106,2,1,1,0,12,7,10,5,2,2,1,1479
106,2,1,1,0,13,11,14,5,2,2,1,354.65
106,2,1,1,0,14,11,14,5,2,2,1,370.93
106,2,1,1,0,15,9,12,5,2,2,1,365.54
106,2,1,1,0,16,9,12,5,2,2,1,429.48
106,2,1,1,0,17,1,4,5,1,1,1,446.17
106,2,1,1,0,18,9,12,5,2,2,1,701.37
106,2,1,1,0,19,3,6,5,1,1,1,421.67
106,2,1,1,0,20,3,6,5,1,1,1,350.34
106,2,1,1,0,21,9,12,5,2,2,1,490.5
106,2,1,1,0,22,1,4,5,1,1,1,414.98
106,2,1,1,0,23,11,14,5,2,2,1,378.51
106,2,1,1,0,24,9,12,5,2,2,1,463.24
106,2,1,1,0,25,7,10,5,2,2,1,583.76
106,2,1,1,0,26,5,8,5,1,1,1,1029.2
106,2,1,1,0,27,11,14,5,2,2,1,379.22
106,2,1,1,0,28,3,6,5,1,1,1,466.85
106,2,1,1,0,29,5,8,5,1,1,1,1213.3
106,2,1,1,0,30,9,12,5,2,1,0,426.1
106,2,1,1,0,31,3,6,5,1,1,1,401.55
106,2,1,1,0,32,7,10,5,2,2,1,637.82
106,2,1,1,0,33,7,10,5,2,2,1,694.02
106,2,1,1,0,34,5,8,5,1,1,1,897.02
106,2,1,1,0,35,5,8,5,1,1,1,838.45
106,2,1,1,0,36,9,12,5,2,2,1,394.46
106,2,1,1,0,37,11,14,5,2,2,1,343.07
106,2,1,1,0,38,11,14,5,2,2,1,333.75
106,2,1,1,0,39,7,10,5,2,2,1,1445.3
106,2,1,1,0,40,9,12,5,2,2,1,364.88
106,2,1,1,0,41,7,10,5,2,2,1,733.31
106,2,1,1,0,42,9,12,5,2,2,1,614.99
106,2,1,1,0,43,9,12,5,2,2,1,337.91
106,2,1,1,0,44,7,10,5,2,2,1,921.83
106,2,1,1,0,45,5,8,5,1,1,1,775.72
106,2,1,1,0,46,9,12,5,2,2,1,403.91
106,2,1,1,0,47,7,10,5,2,2,1,717.87
106,2,1,1,0,48,7,10,5,2,2,1,3074
106,2,1,1,0,49,9,12,5,2,2,1,413.37
106,2,1,1,0,50,1,4,5,1,1,1,432.14
106,2,1,1,0,51,3,6,5,1,1,1,399.79
106,2,1,1,0,52,1,4,5,1,1,1,348.86
106,2,1,1,0,53,11,14,5,2,2,1,331.17
106,2,1,1,0,54,5,8,5,1,1,1,2368
106,2,1,1,0,55,3,6,5,1,1,1,412.79
106,2,1,1,0,56,3,6,5,1,1,1,416.94
106,2,1,1,0,57,9,12,5,2,2,1,488.64
106,2,1,1,0,58,3,6,5,1,1,1,481.65
106,2,1,1,0,59,3,6,5,1,1,1,399.12
106,2,1,1,0,60,5,8,5,1,2,0,807.26
106,2,1,1,0,61,9,12,5,2,2,1,768.22
106,2,1,1,0,62,5,8,5,1,2,0,1292.2
106,2,1,1,0,63,5,8,5,1,1,1,1897.8
106,2,1,1,0,64,3,6,5,1,1,1,435.04
106,2,1,1,0,65,1,4,5,1,1,1,386.2
106,2,1,1,0,66,5,8,5,1,1,1,836.84
106,2,1,1,0,67,9,12,5,2,2,1,455.18
106,2,1,1,0,68,5,8,5,1,2,0,737.7
106,2,1,1,0,69,5,8,5,1,1,1,552.73
106,2,1,1,0,70,1,4,5,1,1,1,385.85
106,2,1,1,0,71,9,12,5,2,2,1,302.93
106,2,1,1,0,72,5,8,5,1,1,1,392.66
106,2,1,1,0,73,1,4,5,1,1,1,379.49
106,2,1,1,0,74,7,10,5,2,2,1,340.83
106,2,1,1,0,75,1,4,5,1,1,1,384.57
106,2,1,1,0,76,3,6,5,1,1,1,411.73
106,2,1,1,0,77,3,6,5,1,1,1,342.74
106,2,1,1,0,78,1,4,5,1,1,1,337.17
106,2,1,1,0,79,7,10,5,2,2,1,400.15
106,2,1,1,0,80,3,6,5,1,1,1,782.4
106,2,1,1,0,81,11,14,5,2,2,1,344.4
106,2,1,1,0,82,11,14,5,2,2,1,380.64
106,2,1,1,0,83,1,4,5,1,1,1,380.9
106,2,1,1,0,84,5,8,5,1,1,1,484.31
106,2,1,1,0,85,3,6,5,1,1,1,621.98
106,2,1,1,0,86,3,6,5,1,1,1,374.74
106,2,1,1,0,87,1,4,5,1,1,1,393.05
106,2,1,1,0,88,5,8,5,1,2,0,2053.8
106,2,1,1,0,89,9,12,5,2,2,1,595.83
106,2,1,1,0,90,3,6,5,1,1,1,441.71
106,2,1,1,0,91,3,6,5,1,1,1,402.34
106,2,1,1,0,92,9,12,5,2,2,1,410.51
106,2,1,1,0,93,11,14,5,2,2,1,462.11
106,2,1,1,0,94,1,4,5,1,1,1,332.57
106,2,1,1,0,95,7,10,5,2,2,1,456.76
106,2,1,1,0,96,11,14,5,2,2,1,374.27
106,2,1,1,0,97,7,10,5,2,2,1,613.33
106,2,1,1,0,98,7,10,5,2,2,1,446.82
106,2,1,1,0,99,5,8,5,1,1,1,1053.1
106,2,1,1,0,100,11,14,5,2,2,1,461.09
106,2,1,1,0,101,7,10,5,2,2,1,3031.9
106,2,1,1,0,102,1,4,5,1,1,1,345.4
106,2,1,1,0,103,7,10,5,2,2,1,365.43
106,2,1,1,0,104,3,6,5,1,1,1,461.46
106,2,1,1,0,105,11,14,5,2,2,1,316.74
106,2,1,1,0,106,11,14,5,2,2,1,350.27
106,2,1,1,0,107,3,6,5,1,1,1,458.26
106,2,1,1,0,108,3,6,5,1,1,1,386.38
106,2,1,1,0,109,7,10,5,2,2,1,1244.3
106,2,1,1,0,110,1,4,5,1,1,1,292.46
106,2,1,1,0,111,5,8,5,1,1,1,435.84
106,2,1,1,0,112,9,12,5,2,2,1,440.69
106,2,1,1,0,113,1,4,5,1,1,1,328.55
106,2,1,1,0,114,5,8,5,1,1,1,590.46
106,2,1,1,0,115,1,4,5,1,1,1,453.87
106,2,1,1,0,116,11,14,5,2,2,1,416.75
106,2,1,1,0,117,11,14,5,2,2,1,412.04
106,2,1,1,0,118,5,8,5,1,1,1,628.2
106,2,1,1,0,119,11,14,5,2,2,1,469.23
106,2,1,1,0,120,5,8,5,1,1,1,354.81
106,2,1,5,1,1,12,14,6,2,2,1,347.04
106,2,1,5,1,2,3,6,5,1,1,1,308.23
106,2,1,5,1,3,5,8,5,1,1,1,907.6
106,2,1,5,1,4,10,12,6,2,2,1,377.1
106,2,1,5,1,5,10,12,6,2,2,1,703.34
106,2,1,5,1,6,6,8,6,1,2,0,1836.4
106,2,1,5,1,7,12,14,6,2,2,1,517.22
106,2,1,5,1,8,11,14,5,2,2,1,581.71
106,2,1,5,1,9,2,4,6,1,1,1,379.56
106,2,1,5,1,10,3,6,5,1,1,1,452.16
106,2,1,5,1,11,1,4,5,1,1,1,494.92
106,2,1,5,1,12,7,10,5,2,2,1,1147.2
106,2,1,5,1,13,7,10,5,2,2,1,534.25
106,2,1,5,1,14,5,8,5,1,1,1,496.8
106,2,1,5,1,15,9,12,5,2,2,1,581.11
106,2,1,5,1,16,9,12,5,2,2,1,391.05
106,2,1,5,1,17,11,14,5,2,2,1,402.32
106,2,1,5,1,18,4,6,6,1,1,1,431.43
106,2,1,5,1,19,8,10,6,2,2,1,702.23
106,2,1,5,1,20,1,4,5,1,1,1,355.91
106,2,1,5,1,21,8,10,6,2,2,1,499.22
106,2,1,5,1,22,4,6,6,1,1,1,444.64
106,2,1,5,1,23,6,8,6,1,2,0,1616.7
106,2,1,5,1,24,2,4,6,1,1,1,444.43
106,2,1,5,0,1,10,12,6,2,2,1,396.52
106,2,1,5,0,2,5,8,5,1,2,0,693.13
106,2,1,5,0,3,4,6,6,1,1,1,1464.4
106,2,1,5,0,4,6,8,6,1,1,1,712.08
106,2,1,5,0,5,9,12,5,2,2,1,437.15
106,2,1,5,0,6,4,6,6,1,1,1,459.71
106,2,1,5,0,7,2,4,6,1,1,1,555.56
106,2,1,5,0,8,7,10,5,2,2,1,675.95
106,2,1,5,0,9,6,8,6,1,2,0,1311.9
106,2,1,5,0,10,3,6,5,1,1,1,614.49
106,2,1,5,0,11,3,6,5,1,1,1,497.33
106,2,1,5,0,12,4,6,6,1,1,1,672.94
106,2,1,5,0,13,3,6,5,1,1,1,518.9
106,2,1,5,0,14,12,14,6,2,2,1,357.77
106,2,1,5,0,15,2,4,6,1,1,1,408.82
106,2,1,5,0,16,2,4,6,1,1,1,367.84
106,2,1,5,0,17,11,14,5,2,2,1,340.08
106,2,1,5,0,18,4,6,6,1,1,1,346.08
106,2,1,5,0,19,11,14,5,2,2,1,348.15
106,2,1,5,0,20,1,4,5,1,1,1,406.73
106,2,1,5,0,21,7,10,5,2,2,1,875.91
106,2,1,5,0,22,10,12,6,2,2,1,359.12
106,2,1,5,0,23,3,6,5,1,1,1,338.41
106,2,1,5,0,24,8,10,6,2,2,1,522.95
106,2,1,5,0,25,6,8,6,1,1,1,1196.1
106,2,1,5,0,26,1,4,5,1,1,1,534.94
106,2,1,5,0,27,4,6,6,1,1,1,686.92
106,2,1,5,0,28,1,4,5,1,1,1,400.87
106,2,1,5,0,29,8,10,6,2,2,1,392.45
106,2,1,5,0,30,10,12,6,2,2,1,425.49
106,2,1,5,0,31,8,10,6,2,2,1,616.31
106,2,1,5,0,32,11,14,5,2,2,1,450.16
106,2,1,5,0,33,11,14,5,2,2,1,435.27
106,2,1,5,0,34,10,12,6,2,2,1,449
106,2,1,5,0,35,9,12,5,2,2,1,549.03
106,2,1,5,0,36,3,6,5,1,1,1,503.82
106,2,1,5,0,37,11,14,5,2,2,1,421.36
106,2,1,5,0,38,11,14,5,2,2,1,396.18
106,2,1,5,0,39,7,10,5,2,1,0,767.86
106,2,1,5,0,40,1,4,5,1,1,1,458.37
106,2,1,5,0,41,10,12,6,2,2,1,385.54
106,2,1,5,0,42,9,12,5,2,2,1,484.39
106,2,1,5,0,43,3,6,5,1,1,1,441.18
106,2,1,5,0,44,1,4,5,1,1,1,469.24
106,2,1,5,0,45,4,6,6,1,1,1,687.51
106,2,1,5,0,46,12,14,6,2,2,1,372.45
106,2,1,5,0,47,9,12,5,2,2,1,421.97
106,2,1,5,0,48,3,6,5,1,1,1,524.7
106,2,1,5,0,49,9,12,5,2,2,1,421.84
106,2,1,5,0,50,11,14,5,2,2,1,971.7
106,2,1,5,0,51,2,4,6,1,1,1,443.61
106,2,1,5,0,52,9,12,5,2,2,1,402.35
106,2,1,5,0,53,1,4,5,1,1,1,411.49
106,2,1,5,0,54,7,10,5,2,2,1,721.79
106,2,1,5,0,55,2,4,6,1,1,1,394.53
106,2,1,5,0,56,7,10,5,2,2,1,427.83
106,2,1,5,0,57,10,12,6,2,2,1,383.51
106,2,1,5,0,58,8,10,6,2,2,1,583.7
106,2,1,5,0,59,8,10,6,2,2,1,387.91
106,2,1,5,0,60,10,12,6,2,2,1,351.1
106,2,1,5,0,61,2,4,6,1,1,1,490.55
106,2,1,5,0,62,5,8,5,1,1,1,692.36
106,2,1,5,0,63,8,10,6,2,2,1,552.56
106,2,1,5,0,64,3,6,5,1,1,1,342.44
106,2,1,5,0,65,10,12,6,2,2,1,351.16
106,2,1,5,0,66,5,8,5,1,1,1,1004.3
106,2,1,5,0,67,8,10,6,2,2,1,460.97
106,2,1,5,0,68,7,10,5,2,2,1,498.41
106,2,1,5,0,69,7,10,5,2,2,1,356.54
106,2,1,5,0,70,12,14,6,2,2,1,420.72
106,2,1,5,0,71,12,14,6,2,2,1,325.88
106,2,1,5,0,72,12,14,6,2,2,1,381.56
106,2,1,5,0,73,6,8,6,1,1,1,777.45
106,2,1,5,0,74,1,4,5,1,1,1,327.7
106,2,1,5,0,75,9,12,5,2,2,1,353.86
106,2,1,5,0,76,4,6,6,1,1,1,383.09
106,2,1,5,0,77,12,14,6,2,2,1,378.42
106,2,1,5,0,78,6,8,6,1,2,0,1512.3
106,2,1,5,0,79,2,4,6,1,1,1,397.54
106,2,1,5,0,80,8,10,6,2,2,1,431.36
106,2,1,5,0,81,5,8,5,1,2,0,2443.2
106,2,1,5,0,82,11,14,5,2,2,1,378.95
106,2,1,5,0,83,4,6,6,1,1,1,386.07
106,2,1,5,0,84,1,4,5,1,2,0,373.27
106,2,1,5,0,85,11,14,5,2,2,1,428.64
106,2,1,5,0,86,5,8,5,1,1,1,402.26
106,2,1,5,0,87,12,14,6,2,2,1,424.16
106,2,1,5,0,88,4,6,6,1,1,1,566.73
106,2,1,5,0,89,9,12,5,2,2,1,410.24
106,2,1,5,0,90,2,4,6,1,1,1,508.37
106,2,1,5,0,91,7,10,5,2,2,1,753.37
106,2,1,5,0,92,12,14,6,2,2,1,383.53
106,2,1,5,0,93,2,4,6,1,1,1,375.21
106,2,1,5,0,94,10,12,6,2,2,1,466.61
106,2,1,5,0,95,11,14,5,2,2,1,482.44
106,2,1,5,0,96,5,8,5,1,1,1,762.82
106,2,1,5,0,97,10,12,6,2,2,1,529.14
106,2,1,5,0,98,9,12,5,2,2,1,474.24
106,2,1,5,0,99,2,4,6,1,1,1,516.39
106,2,1,5,0,100,6,8,6,1,1,1,949.87
106,2,1,5,0,101,5,8,5,1,1,1,1698.9
106,2,1,5,0,102,8,10,6,2,2,1,426.8
106,2,1,5,0,103,8,10,6,2,2,1,404.56
106,2,1,5,0,104,3,6,5,1,1,1,408.85
106,2,1,5,0,105,6,8,6,1,2,0,1578.2
106,2,1,5,0,106,12,14,6,2,2,1,494.81
106,2,1,5,0,107,1,4,5,1,1,1,527.11
106,2,1,5,0,108,6,8,6,1,1,1,586.72
106,2,1,5,0,109,6,8,6,1,1,1,420.26
106,2,1,5,0,110,3,6,5,1,1,1,511.26
106,2,1,5,0,111,9,12,5,2,2,1,511.76
106,2,1,5,0,112,4,6,6,1,1,1,462.88
106,2,1,5,0,113,1,4,5,1,1,1,351.66
106,2,1,5,0,114,6,8,6,1,1,1,1618
106,2,1,5,0,115,5,8,5,1,1,1,903.55
106,2,1,5,0,116,5,8,5,1,1,1,352.84
106,2,1,5,0,117,12,14,6,2,2,1,377.66
106,2,1,5,0,118,7,10,5,2,2,1,422.77
106,2,1,5,0,119,7,10,5,2,2,1,415.36
106,2,1,5,0,120,5,8,5,1,1,1,756.73
106,2,1,6,0,1,8,10,6,2,2,1,447.51
106,2,1,6,0,2,10,12,6,2,2,1,350.47
106,2,1,6,0,3,11,14,5,2,2,1,561.69
106,2,1,6,0,4,6,8,6,1,1,1,744.01
106,2,1,6,0,5,6,8,6,1,1,1,448.36
106,2,1,6,0,6,7,10,5,2,2,1,399.52
106,2,1,6,0,7,5,8,5,1,2,0,418.36
106,2,1,6,0,8,12,14,6,2,2,1,415.28
106,2,1,6,0,9,9,12,5,2,2,1,655.41
106,2,1,6,0,10,2,4,6,1,1,1,465.49
106,2,1,6,0,11,8,10,6,2,2,1,698.7
106,2,1,6,0,12,2,4,6,1,1,1,459.81
106,2,1,6,0,13,1,4,5,1,1,1,349.95
106,2,1,6,0,14,3,6,5,1,1,1,352.34
106,2,1,6,0,15,6,8,6,1,1,1,842.89
106,2,1,6,0,16,9,12,5,2,2,1,396.98
106,2,1,6,0,17,8,10,6,2,2,1,591.37
106,2,1,6,0,18,10,12,6,2,2,1,409.42
106,2,1,6,0,19,1,4,5,1,1,1,423.51
106,2,1,6,0,20,9,12,5,2,2,1,429.26
106,2,1,6,0,21,1,4,5,1,1,1,431.5
106,2,1,6,0,22,4,6,6,1,1,1,368.18
106,2,1,6,0,23,8,10,6,2,2,1,433.86
106,2,1,6,0,24,7,10,5,2,2,1,617.2
106,2,1,6,0,25,6,8,6,1,1,1,966.57
106,2,1,6,0,26,4,6,6,1,1,1,779.92
106,2,1,6,0,27,5,8,5,1,2,0,613.49
106,2,1,6,0,28,11,14,5,2,2,1,456.5
106,2,1,6,0,29,4,6,6,1,1,1,440.4
106,2,1,6,0,30,9,12,5,2,2,1,453.24
106,2,1,6,0,31,12,14,6,2,2,1,378.73
106,2,1,6,0,32,6,8,6,1,1,1,1108.4
106,2,1,6,0,33,5,8,5,1,1,1,1036.5
106,2,1,6,0,34,5,8,5,1,1,1,443.94
106,2,1,6,0,35,10,12,6,2,2,1,440.98
106,2,1,6,0,36,4,6,6,1,1,1,667.9
106,2,1,6,0,37,4,6,6,1,1,1,485.59
106,2,1,6,0,38,11,14,5,2,2,1,408.11
106,2,1,6,0,39,4,6,6,1,1,1,402.31
106,2,1,6,0,40,3,6,5,1,1,1,420.01
106,2,1,6,0,41,11,14,5,2,2,1,418.87
106,2,1,6,0,42,8,10,6,2,2,1,867.97
106,2,1,6,0,43,9,12,5,2,2,1,527.99
106,2,1,6,0,44,5,8,5,1,1,1,663.86
106,2,1,6,0,45,6,8,6,1,2,0,510.91
106,2,1,6,0,46,8,10,6,2,1,0,671.3
106,2,1,6,0,47,1,4,5,1,1,1,425.85
106,2,1,6,0,48,10,12,6,2,2,1,428.14
106,2,1,6,0,49,12,14,6,2,2,1,552.25
106,2,1,6,0,50,2,4,6,1,1,1,385.68
106,2,1,6,0,51,3,6,5,1,1,1,374
106,2,1,6,0,52,10,12,6,2,2,1,478.43
106,2,1,6,0,53,3,6,5,1,1,1,400.35
106,2,1,6,0,54,2,4,6,1,1,1,444.53
106,2,1,6,0,55,11,14,5,2,2,1,420.86
106,2,1,6,0,56,8,10,6,2,2,1,1287.6
106,2,1,6,0,57,9,12,5,2,2,1,809.15
106,2,1,6,0,58,9,12,5,2,2,1,398.68
106,2,1,6,0,59,3,6,5,1,1,1,450.88
106,2,1,6,0,60,2,4,6,1,1,1,550.31
106,2,1,6,0,61,5,8,5,1,1,1,574.05
106,2,1,6,0,62,2,4,6,1,1,1,472.34
106,2,1,6,0,63,12,14,6,2,2,1,415.2
106,2,1,6,0,64,5,8,5,1,1,1,790.93
106,2,1,6,0,65,1,4,5,1,1,1,419.82
106,2,1,6,0,66,9,12,5,2,2,1,485.55
106,2,1,6,0,67,1,4,5,1,1,1,511.14
106,2,1,6,0,68,12,14,6,2,2,1,486.71
106,2,1,6,0,69,7,10,5,2,1,0,1136.7
106,2,1,6,0,70,1,4,5,1,1,1,519.74
106,2,1,6,0,71,1,4,5,1,1,1,435.64
106,2,1,6,0,72,12,14,6,2,2,1,397.23
106,2,1,6,0,73,12,14,6,2,2,1,495.14
106,2,1,6,0,74,2,4,6,1,1,1,454.16
106,2,1,6,0,75,6,8,6,1,2,0,2142.6
106,2,1,6,0,76,2,4,6,1,1,1,550.59
106,2,1,6,0,77,12,14,6,2,2,1,461.17
106,2,1,6,0,78,9,12,5,2,2,1,583.96
106,2,1,6,0,79,7,10,5,2,1,0,1371
106,2,1,6,0,80,12,14,6,2,2,1,446.83
106,2,1,6,0,81,11,14,5,2,2,1,643.57
106,2,1,6,0,82,10,12,6,2,2,1,577.94
106,2,1,6,0,83,6,8,6,1,1,1,953.34
106,2,1,6,0,84,8,10,6,2,1,0,927.38
106,2,1,6,0,85,4,6,6,1,1,1,408.22
106,2,1,6,0,86,7,10,5,2,2,1,645.65
106,2,1,6,0,87,11,14,5,2,2,1,663.16
106,2,1,6,0,88,1,4,5,1,1,1,413.22
106,2,1,6,0,89,2,4,6,1,1,1,497.04
106,2,1,6,0,90,11,14,5,2,2,1,469.04
106,2,1,6,0,91,10,12,6,2,2,1,593.69
106,2,1,6,0,92,8,10,6,2,2,1,1763.7
106,2,1,6,0,93,10,12,6,2,2,1,399.78
106,2,1,6,0,94,7,10,5,2,2,1,693.42
106,2,1,6,0,95,1,4,5,1,1,1,389.2
106,2,1,6,0,96,6,8,6,1,1,1,643.47
106,2,1,6,0,97,9,12,5,2,2,1,933.1
106,2,1,6,0,98,6,8,6,1,1,1,989.66
106,2,1,6,0,99,3,6,5,1,1,1,1001.8
106,2,1,6,0,100,7,10,5,2,2,1,755.33
106,2,1,6,0,101,4,6,6,1,1,1,398.25
106,2,1,6,0,102,3,6,5,1,1,1,448.82
106,2,1,6,0,103,10,12,6,2,2,1,397.3
106,2,1,6,0,104,2,4,6,1,1,1,380.38
106,2,1,6,0,105,8,10,6,2,2,1,453.98
106,2,1,6,0,106,12,14,6,2,2,1,402.36
106,2,1,6,0,107,4,6,6,1,1,1,486.94
106,2,1,6,0,108,5,8,5,1,1,1,414.88
106,2,1,6,0,109,11,14,5,2,2,1,432.85
106,2,1,6,0,110,5,8,5,1,1,1,789.59
106,2,1,6,0,111,11,14,5,2,2,1,398.17
106,2,1,6,0,112,10,12,6,2,2,1,441.36
106,2,1,6,0,113,3,6,5,1,1,1,465.17
106,2,1,6,0,114,3,6,5,1,1,1,499.43
106,2,1,6,0,115,3,6,5,1,1,1,464.48
106,2,1,6,0,116,7,10,5,2,1,0,516.19
106,2,1,6,0,117,5,8,5,1,1,1,908.88
106,2,1,6,0,118,4,6,6,1,1,1,427.35
106,2,1,6,0,119,7,10,5,2,2,1,1918.6
106,2,1,6,0,120,7,10,5,2,2,1,673.73
