107,1,3,5,1,1,7,6,6,2,2,1,577.63
107,1,3,5,1,2,11,6,8,2,2,1,488.02
107,1,3,5,1,3,8,8,6,2,2,1,572.1
107,1,3,5,1,4,4,8,4,1,1,1,478.48
107,1,3,5,1,5,11,6,8,2,2,1,439.09
107,1,3,5,1,6,6,8,5,1,2,0,927.63
107,1,3,5,1,7,6,8,5,1,1,1,442.87
107,1,3,5,1,8,2,8,3,1,1,1,441.55
107,1,3,5,1,9,3,6,4,1,1,1,838.54
107,1,3,5,1,10,5,6,5,1,1,1,1315.2
107,1,3,5,1,11,1,6,3,1,1,1,483.15
107,1,3,5,1,12,2,8,3,1,1,1,431.42
107,1,3,5,1,13,10,8,7,2,2,1,494.39
107,1,3,5,1,14,7,6,6,2,2,1,543.99
107,1,3,5,1,15,1,6,3,1,1,1,411.59
107,1,3,5,1,16,4,8,4,1,1,1,417.89
107,1,3,5,1,17,8,8,6,2,2,1,478.9
107,1,3,5,1,18,9,6,7,2,2,1,446.71
107,1,3,5,1,19,10,8,7,2,2,1,433.51
107,1,3,5,1,20,5,6,5,1,2,0,766.65
107,1,3,5,1,21,9,6,7,2,2,1,508.37
107,1,3,5,1,22,12,8,8,2,2,1,450.68
107,1,3,5,1,23,12,8,8,2,2,1,728.92
107,1,3,5,1,24,3,6,4,1,1,1,524.32
107,1,3,5,0,1,9,6,7,2,2,1,790.45
107,1,3,5,0,2,10,8,7,2,2,1,544.06
107,1,3,5,0,3,11,6,8,2,2,1,549.62
107,1,3,5,0,4,3,6,4,1,1,1,534.74
107,1,3,5,0,5,10,8,7,2,2,1,585.45
107,1,3,5,0,6,11,6,8,2,2,1,419.87
107,1,3,5,0,7,1,6,3,1,1,1,463.46
107,1,3,5,0,8,5,6,5,1,1,1,609.74
107,1,3,5,0,9,9,6,7,2,2,1,515.31
107,1,3,5,0,10,12,8,8,2,2,1,425.05
107,1,3,5,0,11,10,8,7,2,2,1,456.43
107,1,3,5,0,12,5,6,5,1,1,1,540.24
107,1,3,5,0,13,11,6,8,2,2,1,423.37
107,1,3,5,0,14,11,6,8,2,2,1,427.01
107,1,3,5,0,15,12,8,8,2,2,1,438.07
107,1,3,5,0,16,7,6,6,2,2,1,750.3
107,1,3,5,0,17,10,8,7,2,2,1,510.69
107,1,3,5,0,18,12,8,8,2,2,1,349.37
107,1,3,5,0,19,2,8,3,1,1,1,433.12
107,1,3,5,0,20,5,6,5,1,1,1,483.97
107,1,3,5,0,21,12,8,8,2,2,1,427.73
107,1,3,5,0,22,9,6,7,2,2,1,401.42
107,1,3,5,0,23,1,6,3,1,1,1,401.65
107,1,3,5,0,24,12,8,8,2,2,1,442.36
107,1,3,5,0,25,1,6,3,1,1,1,471.89
107,1,3,5,0,26,7,6,6,2,2,1,534.34
107,1,3,5,0,27,7,6,6,2,2,1,644.52
107,1,3,5,0,28,2,8,3,1,1,1,425.08
107,1,3,5,0,29,6,8,5,1,1,1,457.57
107,1,3,5,0,30,5,6,5,1,1,1,464.32
107,1,3,5,0,31,6,8,5,1,1,1,378.03
107,1,3,5,0,32,11,6,8,2,2,1,405.44
107,1,3,5,0,33,5,6,5,1,1,1,463.36
107,1,3,5,0,34,8,8,6,2,2,1,853.44
107,1,3,5,0,35,10,8,7,2,2,1,422.81
107,1,3,5,0,36,2,8,3,1,1,1,411.24
107,1,3,5,0,37,11,6,8,2,2,1,458.36
107,1,3,5,0,38,4,8,4,1,1,1,399.63
107,1,3,5,0,39,10,8,7,2,2,1,453.13
107,1,3,5,0,40,9,6,7,2,2,1,391.23
107,1,3,5,0,41,10,8,7,2,2,1,482.45
107,1,3,5,0,42,8,8,6,2,2,1,905.55
107,1,3,5,0,43,12,8,8,2,2,1,407.91
107,1,3,5,0,44,5,6,5,1,1,1,748.75
107,1,3,5,0,45,9,6,7,2,2,1,486.83
107,1,3,5,0,46,6,8,5,1,1,1,1407.9
107,1,3,5,0,47,6,8,5,1,1,1,555.63
107,1,3,5,0,48,4,8,4,1,1,1,436.92
107,1,3,5,0,49,9,6,7,2,2,1,652.45
107,1,3,5,0,50,4,8,4,1,1,1,541.82
107,1,3,5,0,51,7,6,6,2,2,1,530.52
107,1,3,5,0,52,2,8,3,1,1,1,458.7
107,1,3,5,0,53,10,8,7,2,2,1,477.34
107,1,3,5,0,54,7,6,6,2,2,1,656.25
107,1,3,5,0,55,5,6,5,1,1,1,680.96
107,1,3,5,0,56,4,8,4,1,1,1,433.1
107,1,3,5,0,57,3,6,4,1,1,1,430.97
107,1,3,5,0,58,1,6,3,1,1,1,411.49
107,1,3,5,0,59,5,6,5,1,1,1,611.54
107,1,3,5,0,60,4,8,4,1,1,1,609.13
107,1,3,5,0,61,2,8,3,1,1,1,450.83
107,1,3,5,0,62,6,8,5,1,2,0,1594.2
107,1,3,5,0,63,3,6,4,1,1,1,444.76
107,1,3,5,0,64,7,6,6,2,2,1,533.02
107,1,3,5,0,65,9,6,7,2,2,1,446.99
107,1,3,5,0,66,7,6,6,2,2,1,457.06
107,1,3,5,0,67,4,8,4,1,1,1,468.92
107,1,3,5,0,68,4,8,4,1,1,1,491.91
107,1,3,5,0,69,3,6,4,1,1,1,490.81
107,1,3,5,0,70,4,8,4,1,1,1,388.74
107,1,3,5,0,71,11,6,8,2,2,1,455.7
107,1,3,5,0,72,8,8,6,2,2,1,770
107,1,3,5,0,73,1,6,3,1,1,1,439.69
107,1,3,5,0,74,11,6,8,2,2,1,476.42
107,1,3,5,0,75,7,6,6,2,2,1,538.01
107,1,3,5,0,76,8,8,6,2,2,1,719.61
107,1,3,5,0,77,7,6,6,2,2,1,567.07
107,1,3,5,0,78,8,8,6,2,2,1,624.69
107,1,3,5,0,79,2,8,3,1,1,1,540.87
107,1,3,5,0,80,12,8,8,2,2,1,561.76
107,1,3,5,0,81,12,8,8,2,2,1,849.88
107,1,3,5,0,82,3,6,4,1,1,1,532.14
107,1,3,5,0,83,5,6,5,1,1,1,915.81
107,1,3,5,0,84,6,8,5,1,1,1,999.3
107,1,3,5,0,85,12,8,8,2,2,1,448.44
107,1,3,5,0,86,8,8,6,2,2,1,525.62
107,1,3,5,0,87,10,8,7,2,2,1,494.02
107,1,3,5,0,88,5,6,5,1,1,1,797.4
107,1,3,5,0,89,1,6,3,1,1,1,517.26
107,1,3,5,0,90,1,6,3,1,1,1,511.3
107,1,3,5,0,91,11,6,8,2,2,1,522.29
107,1,3,5,0,92,2,8,3,1,1,1,467.79
107,1,3,5,0,93,10,8,7,2,2,1,549.52
107,1,3,5,0,94,12,8,8,2,2,1,402.46
107,1,3,5,0,95,8,8,6,2,2,1,1362.3
107,1,3,5,0,96,9,6,7,2,2,1,496.89
107,1,3,5,0,97,2,8,3,1,1,1,453.25
107,1,3,5,0,98,3,6,4,1,1,1,461.77
107,1,3,5,0,99,4,8,4,1,1,1,609.94
107,1,3,5,0,100,3,6,4,1,1,1,757.87
107,1,3,5,0,101,1,6,3,1,1,1,473.9
107,1,3,5,0,102,9,6,7,2,2,1,502.25
107,1,3,5,0,103,8,8,6,2,1,0,980.74
107,1,3,5,0,104,1,6,3,1,1,1,474.45
107,1,3,5,0,105,6,8,5,1,1,1,605.17
107,1,3,5,0,106,8,8,6,2,2,1,790.05
107,1,3,5,0,107,8,8,6,2,2,1,720.64
107,1,3,5,0,108,2,8,3,1,1,1,461.61
107,1,3,5,0,109,6,8,5,1,1,1,372.81
107,1,3,5,0,110,4,8,4,1,1,1,432.74
107,1,3,5,0,111,11,6,8,2,2,1,499.15
107,1,3,5,0,112,7,6,6,2,2,1,513.84
107,1,3,5,0,113,9,6,7,2,2,1,408.4
107,1,3,5,0,114,6,8,5,1,1,1,565.08
107,1,3,5,0,115,1,6,3,1,1,1,491.77
107,1,3,5,0,116,6,8,5,1,1,1,583.58
107,1,3,5,0,117,3,6,4,1,1,1,464.76
107,1,3,5,0,118,2,8,3,1,1,1,432.16
107,1,3,5,0,119,3,6,4,1,1,1,415.09
107,1,3,5,0,120,3,6,4,1,1,1,485.06
107,1,3,6,0,1,10,8,7,2,2,1,1269.7
107,1,3,6,0,2,5,6,5,1,1,1,450.97
107,1,3,6,0,3,9,6,7,2,2,1,566.7
107,1,3,6,0,4,5,6,5,1,1,1,522.08
107,1,3,6,0,5,10,8,7,2,2,1,440.09
107,1,3,6,0,6,9,6,7,2,2,1,447.44
107,1,3,6,0,7,2,8,3,1,1,1,395.83
107,1,3,6,0,8,6,8,5,1,1,1,629.87
107,1,3,6,0,9,8,8,6,2,2,1,820.72
107,1,3,6,0,10,12,8,8,2,2,1,395.72
107,1,3,6,0,11,1,6,3,1,1,1,437.58
107,1,3,6,0,12,9,6,7,2,2,1,471.45
107,1,3,6,0,13,12,8,8,2,2,1,396.43
107,1,3,6,0,14,5,6,5,1,1,1,519.23
107,1,3,6,0,15,1,6,3,1,1,1,445.59
107,1,3,6,0,16,4,8,4,1,1,1,459.59
107,1,3,6,0,17,11,6,8,2,2,1,455.17
107,1,3,6,0,18,11,6,8,2,2,1,455.51
107,1,3,6,0,19,1,6,3,1,1,1,455.07
107,1,3,6,0,20,7,6,6,2,2,1,1279.5
107,1,3,6,0,21,7,6,6,2,2,1,481.6
107,1,3,6,0,22,10,8,7,2,2,1,409.05
107,1,3,6,0,23,5,6,5,1,1,1,467.68
107,1,3,6,0,24,9,6,7,2,2,1,504.74
107,1,3,6,0,25,8,8,6,2,2,1,492.8
107,1,3,6,0,26,9,6,7,2,2,1,428.86
107,1,3,6,0,27,7,6,6,2,2,1,476.01
107,1,3,6,0,28,6,8,5,1,1,1,617.05
107,1,3,6,0,29,4,8,4,1,1,1,470.46
107,1,3,6,0,30,12,8,8,2,2,1,411.28
107,1,3,6,0,31,11,6,8,2,2,1,401.49
107,1,3,6,0,32,9,6,7,2,2,1,357.98
107,1,3,6,0,33,3,6,4,1,1,1,396.47
107,1,3,6,0,34,4,8,4,1,1,1,366.81
107,1,3,6,0,35,2,8,3,1,1,1,449.52
107,1,3,6,0,36,1,6,3,1,1,1,446.49
107,1,3,6,0,37,9,6,7,2,2,1,417.46
107,1,3,6,0,38,3,6,4,1,1,1,429.34
107,1,3,6,0,39,10,8,7,2,2,1,411.66
107,1,3,6,0,40,5,6,5,1,1,1,1047.5
107,1,3,6,0,41,7,6,6,2,2,1,570.65
107,1,3,6,0,42,12,8,8,2,2,1,374
107,1,3,6,0,43,1,6,3,1,1,1,449.86
107,1,3,6,0,44,6,8,5,1,1,1,679.25
107,1,3,6,0,45,3,6,4,1,1,1,479.2
107,1,3,6,0,46,3,6,4,1,1,1,376.73
107,1,3,6,0,47,6,8,5,1,1,1,815.75
107,1,3,6,0,48,1,6,3,1,1,1,419.2
107,1,3,6,0,49,4,8,4,1,1,1,622.91
107,1,3,6,0,50,7,6,6,2,2,1,483.4
107,1,3,6,0,51,5,6,5,1,1,1,1027.8
107,1,3,6,0,52,3,6,4,1,1,1,409.45
107,1,3,6,0,53,8,8,6,2,2,1,1289.6
107,1,3,6,0,54,1,6,3,1,1,1,500.38
107,1,3,6,0,55,12,8,8,2,2,1,448.94
107,1,3,6,0,56,1,6,3,1,1,1,482.43
107,1,3,6,0,57,2,8,3,1,1,1,465.74
107,1,3,6,0,58,4,8,4,1,1,1,762.51
107,1,3,6,0,59,4,8,4,1,1,1,526.14
107,1,3,6,0,60,6,8,5,1,1,1,1226.3
107,1,3,6,0,61,7,6,6,2,2,1,497.61
107,1,3,6,0,62,7,6,6,2,2,1,602.04
107,1,3,6,0,63,3,6,4,1,1,1,578.69
107,1,3,6,0,64,8,8,6,2,2,1,805.25
107,1,3,6,0,65,11,6,8,2,2,1,480.76
107,1,3,6,0,66,10,8,7,2,2,1,595.32
107,1,3,6,0,67,2,8,3,1,1,1,522.05
107,1,3,6,0,68,8,8,6,2,2,1,548.65
107,1,3,6,0,69,2,8,3,1,1,1,502.09
107,1,3,6,0,70,6,8,5,1,1,1,973.35
107,1,3,6,0,71,5,6,5,1,1,1,855.78
107,1,3,6,0,72,11,6,8,2,2,1,417.06
107,1,3,6,0,73,7,6,6,2,2,1,699.34
107,1,3,6,0,74,11,6,8,2,2,1,364.62
107,1,3,6,0,75,11,6,8,2,2,1,497.78
107,1,3,6,0,76,4,8,4,1,1,1,434.88
107,1,3,6,0,77,9,6,7,2,2,1,585.18
107,1,3,6,0,78,4,8,4,1,1,1,513.15
107,1,3,6,0,79,2,8,3,1,1,1,477.45
107,1,3,6,0,80,3,6,4,1,1,1,423.27
107,1,3,6,0,81,9,6,7,2,2,1,492.97
107,1,3,6,0,82,10,8,7,2,2,1,900.16
107,1,3,6,0,83,5,6,5,1,1,1,485.1
107,1,3,6,0,84,8,8,6,2,2,1,749.61
107,1,3,6,0,85,7,6,6,2,2,1,2034.9
107,1,3,6,0,86,2,8,3,1,1,1,502.99
107,1,3,6,0,87,9,6,7,2,2,1,656.53
107,1,3,6,0,88,8,8,6,2,2,1,1031.1
107,1,3,6,0,89,11,6,8,2,2,1,431.93
107,1,3,6,0,90,3,6,4,1,1,1,821.48
107,1,3,6,0,91,12,8,8,2,2,1,509.97
107,1,3,6,0,92,10,8,7,2,2,1,489.02
107,1,3,6,0,93,4,8,4,1,1,1,489.08
107,1,3,6,0,94,3,6,4,1,1,1,469.66
107,1,3,6,0,95,12,8,8,2,2,1,508.44
107,1,3,6,0,96,6,8,5,1,1,1,1622.8
107,1,3,6,0,97,8,8,6,2,2,1,1275.5
107,1,3,6,0,98,2,8,3,1,1,1,466.82
107,1,3,6,0,99,2,8,3,1,1,1,471.21
107,1,3,6,0,100,11,6,8,2,2,1,456.62
107,1,3,6,0,101,1,6,3,1,1,1,449.83
107,1,3,6,0,102,3,6,4,1,1,1,397.95
107,1,3,6,0,103,10,8,7,2,2,1,600.45
107,1,3,6,0,104,12,8,8,2,2,1,453.86
107,1,3,6,0,105,10,8,7,2,2,1,457.97
107,1,3,6,0,106,2,8,3,1,1,1,452.08
107,1,3,6,0,107,8,8,6,2,2,1,785.36
107,1,3,6,0,108,7,6,6,2,2,1,661.72
107,1,3,6,0,109,1,6,3,1,1,1,456.45
107,1,3,6,0,110,6,8,5,1,1,1,583.68
107,1,3,6,0,111,4,8,4,1,1,1,559.16
107,1,3,6,0,112,8,8,6,2,2,1,741.79
107,1,3,6,0,113,6,8,5,1,1,1,635.1
107,1,3,6,0,114,11,6,8,2,2,1,452.41
107,1,3,6,0,115,6,8,5,1,1,1,721.65
107,1,3,6,0,116,5,6,5,1,1,1,550.54
107,1,3,6,0,117,12,8,8,2,2,1,518.35
107,1,3,6,0,118,12,8,8,2,2,1,505.94
107,1,3,6,0,119,10,8,7,2,2,1,736.24
107,1,3,6,0,120,5,6,5,1,1,1,436.63
107,1,3,3,1,1,3,6,4,1,1,1,1025.3
107,1,3,3,1,2,5,6,5,1,1,1,444.58
107,1,3,3,1,3,3,6,4,1,1,1,461.77
107,1,3,3,1,4,1,6,3,1,1,1,424.16
107,1,3,3,1,5,8,8,6,2,2,1,492.89
107,1,3,3,1,6,8,8,6,2,2,1,567.42
107,1,3,3,1,7,5,6,5,1,1,1,717.76
107,1,3,3,1,8,12,8,8,2,2,1,464.89
107,1,3,3,1,9,10,8,7,2,2,1,432.08
107,1,3,3,1,10,5,6,5,1,1,1,432.73
107,1,3,3,1,11,1,6,3,1,1,1,445.85
107,1,3,3,1,12,10,8,7,2,2,1,532.78
107,1,3,3,1,13,1,6,3,1,1,1,433.16
107,1,3,3,1,14,10,8,7,2,2,1,504.49
107,1,3,3,1,15,3,6,4,1,1,1,414.21
107,1,3,3,1,16,8,8,6,2,2,1,661.62
107,1,3,3,1,17,12,8,8,2,2,1,402.55
107,1,3,3,1,18,1,6,3,1,1,1,406.79
107,1,3,3,1,19,12,8,8,2,2,1,421.84
107,1,3,3,1,20,8,8,6,2,2,1,527.72
107,1,3,3,1,21,12,8,8,2,2,1,386.73
107,1,3,3,1,22,3,6,4,1,1,1,383.8
107,1,3,3,1,23,10,8,7,2,2,1,479.75
107,1,3,3,1,24,5,6,5,1,1,1,425.8
107,1,3,3,0,1,3,6,4,1,1,1,450.18
107,1,3,3,0,2,10,8,7,2,2,1,538.55
107,1,3,3,0,3,8,8,6,2,2,1,558.41
107,1,3,3,0,4,12,8,8,2,2,1,405.43
107,1,3,3,0,5,1,6,3,1,1,1,420.5
107,1,3,3,0,6,1,6,3,1,1,1,393.57
107,1,3,3,0,7,1,6,3,1,1,1,339.95
107,1,3,3,0,8,5,6,5,1,1,1,342.24
107,1,3,3,0,9,5,6,5,1,1,1,443.96
107,1,3,3,0,10,8,8,6,2,2,1,787.16
107,1,3,3,0,11,3,6,4,1,1,1,451.88
107,1,3,3,0,12,10,8,7,2,2,1,1060.4
107,1,3,3,0,13,1,6,3,1,1,1,618.38
107,1,3,3,0,14,8,8,6,2,2,1,1098.2
107,1,3,3,0,15,10,8,7,2,2,1,363.63
107,1,3,3,0,16,5,6,5,1,1,1,694.33
107,1,3,3,0,17,1,6,3,1,1,1,491
107,1,3,3,0,18,3,6,4,1,1,1,567.23
107,1,3,3,0,19,5,6,5,1,1,1,729.88
107,1,3,3,0,20,5,6,5,1,1,1,424.54
107,1,3,3,0,21,8,8,6,2,2,1,664.18
107,1,3,3,0,22,1,6,3,1,1,1,503.16
107,1,3,3,0,23,3,6,4,1,1,1,461.46
107,1,3,3,0,24,8,8,6,2,2,1,775.83
107,1,3,3,0,25,1,6,3,1,1,1,492.43
107,1,3,3,0,26,8,8,6,2,2,1,545.98
107,1,3,3,0,27,3,6,4,1,1,1,480.35
107,1,3,3,0,28,10,8,7,2,2,1,503.56
107,1,3,3,0,29,3,6,4,1,1,1,443.15
107,1,3,3,0,30,1,6,3,1,1,1,429.54
107,1,3,3,0,31,12,8,8,2,2,1,502.51
107,1,3,3,0,32,5,6,5,1,1,1,658.46
107,1,3,3,0,33,3,6,4,1,1,1,466.18
107,1,3,3,0,34,1,6,3,1,1,1,449.81
107,1,3,3,0,35,3,6,4,1,1,1,425.92
107,1,3,3,0,36,12,8,8,2,2,1,461.8
107,1,3,3,0,37,5,6,5,1,1,1,584.69
107,1,3,3,0,38,10,8,7,2,2,1,1069.9
107,1,3,3,0,39,1,6,3,1,1,1,391.45
107,1,3,3,0,40,10,8,7,2,2,1,561.33
107,1,3,3,0,41,1,6,3,1,1,1,395.43
107,1,3,3,0,42,1,6,3,1,1,1,444.1
107,1,3,3,0,43,5,6,5,1,1,1,411.8
107,1,3,3,0,44,1,6,3,1,1,1,379.76
107,1,3,3,0,45,5,6,5,1,1,1,489.7
107,1,3,3,0,46,12,8,8,2,2,1,463.63
107,1,3,3,0,47,12,8,8,2,2,1,510.2
107,1,3,3,0,48,10,8,7,2,2,1,444.16
107,1,3,3,0,49,8,8,6,2,2,1,1003.4
107,1,3,3,0,50,3,6,4,1,1,1,427.31
107,1,3,3,0,51,3,6,4,1,1,1,455.96
107,1,3,3,0,52,3,6,4,1,1,1,425.12
107,1,3,3,0,53,1,6,3,1,1,1,408.72
107,1,3,3,0,54,8,8,6,2,2,1,737.05
107,1,3,3,0,55,3,6,4,1,1,1,487.08
107,1,3,3,0,56,12,8,8,2,2,1,487.55
107,1,3,3,0,57,5,6,5,1,1,1,448.12
107,1,3,3,0,58,10,8,7,2,2,1,457.65
107,1,3,3,0,59,3,6,4,1,1,1,462.41
107,1,3,3,0,60,12,8,8,2,2,1,488.58
107,1,3,3,0,61,1,6,3,1,1,1,364.34
107,1,3,3,0,62,12,8,8,2,2,1,468.21
107,1,3,3,0,63,5,6,5,1,1,1,439.07
107,1,3,3,0,64,10,8,7,2,2,1,496.86
107,1,3,3,0,65,8,8,6,2,2,1,1019
107,1,3,3,0,66,3,6,4,1,1,1,459.22
107,1,3,3,0,67,3,6,4,1,1,1,372.69
107,1,3,3,0,68,12,8,8,2,2,1,441.35
107,1,3,3,0,69,8,8,6,2,2,1,547.5
107,1,3,3,0,70,12,8,8,2,2,1,423.25
107,1,3,3,0,71,10,8,7,2,2,1,384.61
107,1,3,3,0,72,10,8,7,2,2,1,348.94
107,1,3,3,0,73,10,8,7,2,2,1,378.1
107,1,3,3,0,74,3,6,4,1,1,1,448.53
107,1,3,3,0,75,10,8,7,2,2,1,451.07
107,1,3,3,0,76,12,8,8,2,2,1,362.43
107,1,3,3,0,77,5,6,5,1,1,1,406.66
107,1,3,3,0,78,12,8,8,2,2,1,542.16
107,1,3,3,0,79,10,8,7,2,2,1,627.98
107,1,3,3,0,80,8,8,6,2,1,0,516.26
107,1,3,3,0,81,8,8,6,2,2,1,2242.1
107,1,3,3,0,82,5,6,5,1,1,1,491.41
107,1,3,3,0,83,1,6,3,1,1,1,513.28
107,1,3,3,0,84,1,6,3,1,1,1,419.03
107,1,3,3,0,85,10,8,7,2,2,1,401.55
107,1,3,3,0,86,5,6,5,1,1,1,484.02
107,1,3,3,0,87,12,8,8,2,2,1,461.37
107,1,3,3,0,88,12,8,8,2,2,1,439.63
107,1,3,3,0,89,3,6,4,1,1,1,437.68
107,1,3,3,0,90,5,6,5,1,1,1,499.81
107,1,3,3,0,91,8,8,6,2,2,1,609.97
107,1,3,3,0,92,5,6,5,1,1,1,676.05
107,1,3,3,0,93,12,8,8,2,2,1,451.52
107,1,3,3,0,94,3,6,4,1,1,1,453.7
107,1,3,3,0,95,8,8,6,2,2,1,542.31
107,1,3,3,0,96,5,6,5,1,1,1,493.79
107,1,3,3,0,97,12,8,8,2,2,1,420.27
107,1,3,3,0,98,8,8,6,2,2,1,850.78
107,1,3,3,0,99,5,6,5,1,1,1,803.2
107,1,3,3,0,100,1,6,3,1,1,1,545.23
107,1,3,3,0,101,12,8,8,2,2,1,440.18
107,1,3,3,0,102,12,8,8,2,2,1,406.58
107,1,3,3,0,103,5,6,5,1,1,1,582.88
107,1,3,3,0,104,8,8,6,2,2,1,576.62
107,1,3,3,0,105,10,8,7,2,2,1,464.63
107,1,3,3,0,106,12,8,8,2,2,1,363.13
107,1,3,3,0,107,8,8,6,2,1,0,582.43
107,1,3,3,0,108,3,6,4,1,1,1,496.46
107,1,3,3,0,109,12,8,8,2,2,1,419.71
107,1,3,3,0,110,1,6,3,1,1,1,428.56
107,1,3,3,0,111,8,8,6,2,2,1,632.56
107,1,3,3,0,112,1,6,3,1,1,1,369.81
107,1,3,3,0,113,5,6,5,1,1,1,429.06
107,1,3,3,0,114,8,8,6,2,2,1,663.85
107,1,3,3,0,115,10,8,7,2,2,1,441.67
107,1,3,3,0,116,10,8,7,2,2,1,390.56
107,1,3,3,0,117,10,8,7,2,2,1,384.73
107,1,3,3,0,118,10,8,7,2,2,1,429.73
107,1,3,3,0,119,8,8,6,2,2,1,418.64
107,1,3,3,0,120,3,6,4,1,1,1,545.22
107,1,3,4,1,1,6,8,5,1,2,0,1135.9
107,1,3,4,1,2,11,6,8,2,2,1,451.25
107,1,3,4,1,3,4,8,4,1,1,1,514.41
107,1,3,4,1,4,2,8,3,1,1,1,362.38
107,1,3,4,1,5,7,6,6,2,2,1,494.33
107,1,3,4,1,6,11,6,8,2,2,1,443.15
107,1,3,4,1,7,11,6,8,2,2,1,398.21
107,1,3,4,1,8,2,8,3,1,1,1,467.38
107,1,3,4,1,9,9,6,7,2,2,1,411.62
107,1,3,4,1,10,2,8,3,1,1,1,374.83
107,1,3,4,1,11,6,8,5,1,2,0,1099.4
107,1,3,4,1,12,6,8,5,1,1,1,444.59
107,1,3,4,1,13,4,8,4,1,1,1,391.45
107,1,3,4,1,14,7,6,6,2,2,1,574.48
107,1,3,4,1,15,7,6,6,2,2,1,478.91
107,1,3,4,1,16,4,8,4,1,1,1,393.78
107,1,3,4,1,17,9,6,7,2,2,1,454.18
107,1,3,4,1,18,2,8,3,1,1,1,422.91
107,1,3,4,1,19,11,6,8,2,2,1,444.91
107,1,3,4,1,20,7,6,6,2,2,1,621.63
107,1,3,4,1,21,9,6,7,2,2,1,449.35
107,1,3,4,1,22,6,8,5,1,1,1,583.24
107,1,3,4,1,23,9,6,7,2,2,1,494.61
107,1,3,4,1,24,4,8,4,1,1,1,461.03
107,1,3,4,0,1,2,8,3,1,1,1,416.65
107,1,3,4,0,2,7,6,6,2,2,1,579.13
107,1,3,4,0,3,7,6,6,2,2,1,505.55
107,1,3,4,0,4,2,8,3,1,1,1,435.09
107,1,3,4,0,5,2,8,3,1,1,1,428.55
107,1,3,4,0,6,4,8,4,1,1,1,489.08
107,1,3,4,0,7,4,8,4,1,1,1,402.28
107,1,3,4,0,8,2,8,3,1,1,1,395.16
107,1,3,4,0,9,2,8,3,1,1,1,397.34
107,1,3,4,0,10,7,6,6,2,2,1,507.21
107,1,3,4,0,11,9,6,7,2,2,1,446.99
107,1,3,4,0,12,7,6,6,2,2,1,477.98
107,1,3,4,0,13,4,8,4,1,1,1,481.92
107,1,3,4,0,14,9,6,7,2,2,1,463.53
107,1,3,4,0,15,9,6,7,2,2,1,429.08
107,1,3,4,0,16,11,6,8,2,2,1,390.83
107,1,3,4,0,17,4,8,4,1,1,1,424.83
107,1,3,4,0,18,4,8,4,1,1,1,459.36
107,1,3,4,0,19,6,8,5,1,1,1,948.32
107,1,3,4,0,20,6,8,5,1,1,1,471.91
107,1,3,4,0,21,4,8,4,1,1,1,371.31
107,1,3,4,0,22,9,6,7,2,2,1,487.35
107,1,3,4,0,23,9,6,7,2,2,1,347.51
107,1,3,4,0,24,4,8,4,1,1,1,415.79
107,1,3,4,0,25,7,6,6,2,2,1,671.26
107,1,3,4,0,26,9,6,7,2,2,1,402.94
107,1,3,4,0,27,6,8,5,1,1,1,431.7
107,1,3,4,0,28,6,8,5,1,1,1,437.55
107,1,3,4,0,29,7,6,6,2,2,1,429.61
107,1,3,4,0,30,11,6,8,2,2,1,301.06
107,1,3,4,0,31,4,8,4,1,1,1,437.94
107,1,3,4,0,32,6,8,5,1,1,1,668.6
107,1,3,4,0,33,11,6,8,2,2,1,400.88
107,1,3,4,0,34,6,8,5,1,1,1,434.9
107,1,3,4,0,35,7,6,6,2,2,1,565.92
107,1,3,4,0,36,11,6,8,2,2,1,409.11
107,1,3,4,0,37,2,8,3,1,1,1,459.91
107,1,3,4,0,38,11,6,8,2,2,1,376.79
107,1,3,4,0,39,11,6,8,2,2,1,361.32
107,1,3,4,0,40,4,8,4,1,1,1,449.75
107,1,3,4,0,41,9,6,7,2,2,1,364.22
107,1,3,4,0,42,9,6,7,2,2,1,440.23
107,1,3,4,0,43,7,6,6,2,2,1,842.92
107,1,3,4,0,44,6,8,5,1,1,1,446.36
107,1,3,4,0,45,11,6,8,2,2,1,370.05
107,1,3,4,0,46,6,8,5,1,1,1,757.17
107,1,3,4,0,47,11,6,8,2,2,1,462.62
107,1,3,4,0,48,4,8,4,1,1,1,490.03
107,1,3,4,0,49,6,8,5,1,1,1,657.37
107,1,3,4,0,50,4,8,4,1,1,1,469.3
107,1,3,4,0,51,11,6,8,2,2,1,366.68
107,1,3,4,0,52,11,6,8,2,2,1,406.67
107,1,3,4,0,53,4,8,4,1,1,1,428.38
107,1,3,4,0,54,11,6,8,2,2,1,384.94
107,1,3,4,0,55,4,8,4,1,1,1,440.72
107,1,3,4,0,56,2,8,3,1,1,1,421.45
107,1,3,4,0,57,9,6,7,2,2,1,466.85
107,1,3,4,0,58,9,6,7,2,2,1,452.3
107,1,3,4,0,59,6,8,5,1,1,1,522.21
107,1,3,4,0,60,9,6,7,2,2,1,368.49
107,1,3,4,0,61,4,8,4,1,1,1,458.33
107,1,3,4,0,62,7,6,6,2,2,1,423.41
107,1,3,4,0,63,11,6,8,2,2,1,726.06
107,1,3,4,0,64,2,8,3,1,1,1,427.44
107,1,3,4,0,65,4,8,4,1,1,1,632.63
107,1,3,4,0,66,7,6,6,2,2,1,518.28
107,1,3,4,0,67,11,6,8,2,2,1,430.77
107,1,3,4,0,68,4,8,4,1,1,1,477.84
107,1,3,4,0,69,2,8,3,1,1,1,456.89
107,1,3,4,0,70,9,6,7,2,2,1,493.64
107,1,3,4,0,71,7,6,6,2,2,1,435.76
107,1,3,4,0,72,7,6,6,2,2,1,429.33
107,1,3,4,0,73,7,6,6,2,2,1,442.87
107,1,3,4,0,74,9,6,7,2,2,1,391.16
107,1,3,4,0,75,9,6,7,2,2,1,381.35
107,1,3,4,0,76,6,8,5,1,1,1,450.02
107,1,3,4,0,77,11,6,8,2,2,1,409.99
107,1,3,4,0,78,9,6,7,2,2,1,420.87
107,1,3,4,0,79,2,8,3,1,1,1,427.78
107,1,3,4,0,80,2,8,3,1,1,1,387.56
107,1,3,4,0,81,6,8,5,1,1,1,562.48
107,1,3,4,0,82,2,8,3,1,1,1,390.55
107,1,3,4,0,83,4,8,4,1,1,1,453.72
107,1,3,4,0,84,11,6,8,2,2,1,478.01
107,1,3,4,0,85,2,8,3,1,1,1,447.37
107,1,3,4,0,86,6,8,5,1,1,1,646.72
107,1,3,4,0,87,2,8,3,1,1,1,493.2
107,1,3,4,0,88,11,6,8,2,2,1,402.79
107,1,3,4,0,89,7,6,6,2,2,1,483.75
107,1,3,4,0,90,9,6,7,2,2,1,360.67
107,1,3,4,0,91,7,6,6,2,2,1,405.1
107,1,3,4,0,92,6,8,5,1,1,1,590.39
107,1,3,4,0,93,7,6,6,2,2,1,403.95
107,1,3,4,0,94,2,8,3,1,1,1,454.85
107,1,3,4,0,95,7,6,6,2,2,1,429.23
107,1,3,4,0,96,11,6,8,2,2,1,463.07
107,1,3,4,0,97,6,8,5,1,1,1,581.46
107,1,3,4,0,98,2,8,3,1,1,1,630.09
107,1,3,4,0,99,4,8,4,1,1,1,618.47
107,1,3,4,0,100,6,8,5,1,1,1,509.11
107,1,3,4,0,101,11,6,8,2,2,1,429.3
107,1,3,4,0,102,4,8,4,1,1,1,426.06
107,1,3,4,0,103,2,8,3,1,1,1,452
107,1,3,4,0,104,6,8,5,1,1,1,755.81
107,1,3,4,0,105,7,6,6,2,2,1,543.33
107,1,3,4,0,106,2,8,3,1,1,1,511.59
107,1,3,4,0,107,6,8,5,1,1,1,738.65
107,1,3,4,0,108,9,6,7,2,2,1,437.1
107,1,3,4,0,109,9,6,7,2,2,1,434.98
107,1,3,4,0,110,6,8,5,1,1,1,521.18
107,1,3,4,0,111,9,6,7,2,2,1,420.25
107,1,3,4,0,112,7,6,6,2,2,1,390.42
107,1,3,4,0,113,2,8,3,1,1,1,472.99
107,1,3,4,0,114,6,8,5,1,1,1,647.38
107,1,3,4,0,115,11,6,8,2,2,1,379.24
107,1,3,4,0,116,9,6,7,2,2,1,357.61
107,1,3,4,0,117,7,6,6,2,2,1,409.14
107,1,3,4,0,118,2,8,3,1,1,1,413.95
107,1,3,4,0,119,11,6,8,2,2,1,398.34
107,1,3,4,0,120,4,8,4,1,1,1,472.04
107,1,3,1,1,1,11,6,8,2,2,1,764.07
107,1,3,1,1,2,9,6,7,2,2,1,571.19
107,1,3,1,1,3,9,6,7,2,2,1,422.11
107,1,3,1,1,4,1,6,3,1,1,1,482.44
107,1,3,1,1,5,3,6,4,1,1,1,402.84
107,1,3,1,1,6,5,6,5,1,1,1,838.4
107,1,3,1,1,7,5,6,5,1,1,1,414.34
107,1,3,1,1,8,3,6,4,1,1,1,410.83
107,1,3,1,1,9,7,6,6,2,2,1,488.28
107,1,3,1,1,10,11,6,8,2,2,1,453.16
107,1,3,1,1,11,11,6,8,2,2,1,379.81
107,1,3,1,1,12,1,6,3,1,1,1,404.34
107,1,3,1,1,13,1,6,3,1,1,1,328.83
107,1,3,1,1,14,7,6,6,2,2,1,403.9
107,1,3,1,1,15,9,6,7,2,2,1,425.66
107,1,3,1,1,16,7,6,6,2,2,1,483.66
107,1,3,1,1,17,5,6,5,1,1,1,446.24
107,1,3,1,1,18,3,6,4,1,1,1,392.87
107,1,3,1,1,19,7,6,6,2,2,1,596.13
107,1,3,1,1,20,1,6,3,1,1,1,428.63
107,1,3,1,1,21,5,6,5,1,1,1,696.59
107,1,3,1,1,22,3,6,4,1,1,1,422.07
107,1,3,1,1,23,11,6,8,2,2,1,425.22
107,1,3,1,1,24,9,6,7,2,2,1,363.36
107,1,3,1,0,1,1,6,3,1,1,1,373.12
107,1,3,1,0,2,9,6,7,2,2,1,365.92
107,1,3,1,0,3,11,6,8,2,2,1,324.87
107,1,3,1,0,4,11,6,8,2,2,1,368.45
107,1,3,1,0,5,1,6,3,1,1,1,401.95
107,1,3,1,0,6,9,6,7,2,2,1,377.24
107,1,3,1,0,7,11,6,8,2,2,1,335.22
107,1,3,1,0,8,11,6,8,2,2,1,394.14
107,1,3,1,0,9,1,6,3,1,1,1,464.46
107,1,3,1,0,10,1,6,3,1,1,1,432.49
107,1,3,1,0,11,9,6,7,2,2,1,530.24
107,1,3,1,0,12,5,6,5,1,1,1,668.72
107,1,3,1,0,13,3,6,4,1,1,1,484.22
107,1,3,1,0,14,1,6,3,1,1,1,412.58
107,1,3,1,0,15,3,6,4,1,1,1,484.74
107,1,3,1,0,16,3,6,4,1,1,1,370.52
107,1,3,1,0,17,5,6,5,1,1,1,430.52
107,1,3,1,0,18,7,6,6,2,1,0,377.31
107,1,3,1,0,19,1,6,3,1,1,1,425.34
107,1,3,1,0,20,1,6,3,1,1,1,378.33
107,1,3,1,0,21,7,6,6,2,2,1,682.25
107,1,3,1,0,22,3,6,4,1,1,1,443.68
107,1,3,1,0,23,5,6,5,1,2,0,1112
107,1,3,1,0,24,9,6,7,2,2,1,556.87
107,1,3,1,0,25,5,6,5,1,1,1,463
107,1,3,1,0,26,11,6,8,2,2,1,440.09
107,1,3,1,0,27,5,6,5,1,1,1,662.47
107,1,3,1,0,28,9,6,7,2,2,1,383.75
107,1,3,1,0,29,9,6,7,2,2,1,385.78
107,1,3,1,0,30,3,6,4,1,1,1,437.61
107,1,3,1,0,31,9,6,7,2,2,1,465.14
107,1,3,1,0,32,11,6,8,2,2,1,460.47
107,1,3,1,0,33,1,6,3,1,1,1,565.48
107,1,3,1,0,34,3,6,4,1,1,1,471.52
107,1,3,1,0,35,1,6,3,1,1,1,442.12
107,1,3,1,0,36,1,6,3,1,1,1,383.85
107,1,3,1,0,37,7,6,6,2,2,1,818.49
107,1,3,1,0,38,1,6,3,1,1,1,955.8
107,1,3,1,0,39,1,6,3,1,1,1,676.47
107,1,3,1,0,40,3,6,4,1,1,1,1078.9
107,1,3,1,0,41,9,6,7,2,2,1,437.76
107,1,3,1,0,42,7,6,6,2,2,1,467.95
107,1,3,1,0,43,11,6,8,2,2,1,442.54
107,1,3,1,0,44,3,6,4,1,1,1,633.82
107,1,3,1,0,45,7,6,6,2,2,1,854.78
107,1,3,1,0,46,9,6,7,2,2,1,428.47
107,1,3,1,0,47,11,6,8,2,2,1,442.99
107,1,3,1,0,48,11,6,8,2,2,1,383.72
107,1,3,1,0,49,3,6,4,1,1,1,928.54
107,1,3,1,0,50,7,6,6,2,2,1,566.3
107,1,3,1,0,51,7,6,6,2,2,1,434.82
107,1,3,1,0,52,5,6,5,1,1,1,565.42
107,1,3,1,0,53,3,6,4,1,1,1,516.52
107,1,3,1,0,54,7,6,6,2,1,0,1921
107,1,3,1,0,55,9,6,7,2,2,1,407.34
107,1,3,1,0,56,9,6,7,2,2,1,304.63
107,1,3,1,0,57,3,6,4,1,1,1,406.26
107,1,3,1,0,58,7,6,6,2,2,1,1372.1
107,1,3,1,0,59,5,6,5,1,1,1,506.99
107,1,3,1,0,60,11,6,8,2,2,1,533.04
107,1,3,1,0,61,5,6,5,1,1,1,987.06
107,1,3,1,0,62,5,6,5,1,1,1,796.97
107,1,3,1,0,63,11,6,8,2,2,1,399.05
107,1,3,1,0,64,5,6,5,1,1,1,468.7
107,1,3,1,0,65,5,6,5,1,1,1,457.84
107,1,3,1,0,66,1,6,3,1,1,1,482.72
107,1,3,1,0,67,5,6,5,1,1,1,792.8
107,1,3,1,0,68,9,6,7,2,2,1,488.83
107,1,3,1,0,69,1,6,3,1,1,1,407.7
107,1,3,1,0,70,9,6,7,2,2,1,396.13
107,1,3,1,0,71,7,6,6,2,2,1,1376.1
107,1,3,1,0,72,11,6,8,2,2,1,430.36
107,1,3,1,0,73,3,6,4,1,1,1,432.32
107,1,3,1,0,74,11,6,8,2,2,1,407.16
107,1,3,1,0,75,5,6,5,1,1,1,428.43
107,1,3,1,0,76,9,6,7,2,2,1,459.61
107,1,3,1,0,77,1,6,3,1,1,1,480.64
107,1,3,1,0,78,7,6,6,2,2,1,1464.5
107,1,3,1,0,79,11,6,8,2,2,1,429.13
107,1,3,1,0,80,11,6,8,2,2,1,357.55
107,1,3,1,0,81,1,6,3,1,1,1,447.83
107,1,3,1,0,82,3,6,4,1,1,1,402.37
107,1,3,1,0,83,5,6,5,1,1,1,621.94
107,1,3,1,0,84,3,6,4,1,1,1,449.02
107,1,3,1,0,85,1,6,3,1,1,1,442.06
107,1,3,1,0,86,7,6,6,2,2,1,935.71
107,1,3,1,0,87,7,6,6,2,2,1,568.76
107,1,3,1,0,88,3,6,4,1,1,1,410.17
107,1,3,1,0,89,11,6,8,2,2,1,410.75
107,1,3,1,0,90,11,6,8,2,2,1,863.99
107,1,3,1,0,91,7,6,6,2,2,1,924.91
107,1,3,1,0,92,7,6,6,2,2,1,787.67
107,1,3,1,0,93,11,6,8,2,2,1,557.9
107,1,3,1,0,94,11,6,8,2,2,1,610.27
107,1,3,1,0,95,3,6,4,1,1,1,1344.9
107,1,3,1,0,96,7,6,6,2,2,1,1408.8
107,1,3,1,0,97,7,6,6,2,2,1,1010.6
107,1,3,1,0,98,7,6,6,2,2,1,659.25
107,1,3,1,0,99,5,6,5,1,1,1,626.23
107,1,3,1,0,100,5,6,5,1,2,0,1949.5
107,1,3,1,0,101,7,6,6,2,2,1,882.03
107,1,3,1,0,102,9,6,7,2,2,1,1336.3
107,1,3,1,0,103,3,6,4,1,1,1,579.78
107,1,3,1,0,104,9,6,7,2,2,1,860.69
107,1,3,1,0,105,9,6,7,2,2,1,468.68
107,1,3,1,0,106,1,6,3,1,1,1,425.24
107,1,3,1,0,107,3,6,4,1,1,1,374.89
107,1,3,1,0,108,1,6,3,1,1,1,368.83
107,1,3,1,0,109,9,6,7,2,2,1,514
107,1,3,1,0,110,3,6,4,1,1,1,440.2
107,1,3,1,0,111,9,6,7,2,2,1,550.64
107,1,3,1,0,112,7,6,6,2,2,1,910.25
107,1,3,1,0,113,5,6,5,1,1,1,726.67
107,1,3,1,0,114,5,6,5,1,1,1,404.78
107,1,3,1,0,115,5,6,5,1,1,1,369.69
107,1,3,1,0,116,9,6,7,2,2,1,476.77
107,1,3,1,0,117,3,6,4,1,1,1,400.65
107,1,3,1,0,118,5,6,5,1,1,1,496.95
107,1,3,1,0,119,1,6,3,1,1,1,425.95
107,1,3,1,0,120,11,6,8,2,2,1,433.46
107,1,3,2,1,1,2,8,3,1,1,1,1287.5
107,1,3,2,1,2,12,8,8,2,2,1,499.39
107,1,3,2,1,3,12,8,8,2,2,1,365.4
107,1,3,2,1,4,10,8,7,2,2,1,428.92
107,1,3,2,1,5,6,8,5,1,1,1,516.74
107,1,3,2,1,6,6,8,5,1,1,1,397.18
107,1,3,2,1,7,4,8,4,1,1,1,390.87
107,1,3,2,1,8,8,8,6,2,1,0,775.22
107,1,3,2,1,9,10,8,7,2,2,1,759.82
107,1,3,2,1,10,2,8,3,1,1,1,420.92
107,1,3,2,1,11,8,8,6,2,2,1,817.32
107,1,3,2,1,12,2,8,3,1,1,1,414.58
107,1,3,2,1,13,4,8,4,1,1,1,404.32
107,1,3,2,1,14,4,8,4,1,1,1,334.09
107,1,3,2,1,15,12,8,8,2,2,1,426.65
107,1,3,2,1,16,8,8,6,2,2,1,589.85
107,1,3,2,1,17,6,8,5,1,1,1,660.32
107,1,3,2,1,18,10,8,7,2,2,1,371.24
107,1,3,2,1,19,2,8,3,1,1,1,387.68
107,1,3,2,1,20,10,8,7,2,2,1,548.12
107,1,3,2,1,21,4,8,4,1,1,1,393.57
107,1,3,2,1,22,8,8,6,2,2,1,485.42
107,1,3,2,1,23,6,8,5,1,1,1,500.24
107,1,3,2,1,24,12,8,8,2,2,1,448.12
107,1,3,2,0,1,4,8,4,1,1,1,412.57
107,1,3,2,0,2,4,8,4,1,1,1,369.89
107,1,3,2,0,3,8,8,6,2,2,1,495.72
107,1,3,2,0,4,8,8,6,2,2,1,733.96
107,1,3,2,0,5,6,8,5,1,2,0,372.77
107,1,3,2,0,6,4,8,4,1,1,1,432.21
107,1,3,2,0,7,6,8,5,1,1,1,546.43
107,1,3,2,0,8,6,8,5,1,1,1,384.39
107,1,3,2,0,9,6,8,5,1,1,1,479.64
107,1,3,2,0,10,8,8,6,2,2,1,856.62
107,1,3,2,0,11,10,8,7,2,2,1,854.1
107,1,3,2,0,12,10,8,7,2,2,1,402.14
107,1,3,2,0,13,8,8,6,2,1,0,460.01
107,1,3,2,0,14,12,8,8,2,2,1,371.8
107,1,3,2,0,15,12,8,8,2,2,1,338.8
107,1,3,2,0,16,4,8,4,1,1,1,414.24
107,1,3,2,0,17,6,8,5,1,1,1,783.11
107,1,3,2,0,18,12,8,8,2,2,1,902.93
107,1,3,2,0,19,2,8,3,1,1,1,438.71
107,1,3,2,0,20,6,8,5,1,1,1,433.74
107,1,3,2,0,21,8,8,6,2,2,1,579.2
107,1,3,2,0,22,4,8,4,1,1,1,360.37
107,1,3,2,0,23,10,8,7,2,2,1,429.83
107,1,3,2,0,24,8,8,6,2,2,1,430.75
107,1,3,2,0,25,12,8,8,2,2,1,335.49
107,1,3,2,0,26,10,8,7,2,2,1,392.6
107,1,3,2,0,27,10,8,7,2,2,1,328.51
107,1,3,2,0,28,12,8,8,2,2,1,313.74
107,1,3,2,0,29,4,8,4,1,1,1,562.26
107,1,3,2,0,30,10,8,7,2,2,1,408.11
107,1,3,2,0,31,2,8,3,1,1,1,426.82
107,1,3,2,0,32,6,8,5,1,1,1,606.14
107,1,3,2,0,33,2,8,3,1,1,1,410.75
107,1,3,2,0,34,4,8,4,1,1,1,421.19
107,1,3,2,0,35,10,8,7,2,2,1,424.4
107,1,3,2,0,36,10,8,7,2,2,1,420.36
107,1,3,2,0,37,8,8,6,2,2,1,434.46
107,1,3,2,0,38,6,8,5,1,1,1,499.58
107,1,3,2,0,39,10,8,7,2,2,1,377.95
107,1,3,2,0,40,6,8,5,1,1,1,410.06
107,1,3,2,0,41,6,8,5,1,1,1,409.78
107,1,3,2,0,42,12,8,8,2,2,1,422.1
107,1,3,2,0,43,4,8,4,1,1,1,425.97
107,1,3,2,0,44,4,8,4,1,1,1,359.5
107,1,3,2,0,45,4,8,4,1,1,1,431.07
107,1,3,2,0,46,2,8,3,1,1,1,385.07
107,1,3,2,0,47,6,8,5,1,1,1,340.39
107,1,3,2,0,48,8,8,6,2,2,1,980.54
107,1,3,2,0,49,8,8,6,2,2,1,398.26
107,1,3,2,0,50,8,8,6,2,2,1,320.06
107,1,3,2,0,51,8,8,6,2,2,1,333.32
107,1,3,2,0,52,2,8,3,1,1,1,376.02
107,1,3,2,0,53,2,8,3,1,1,1,367.11
107,1,3,2,0,54,2,8,3,1,1,1,360.89
107,1,3,2,0,55,12,8,8,2,2,1,370.59
107,1,3,2,0,56,4,8,4,1,1,1,410.18
107,1,3,2,0,57,12,8,8,2,2,1,323.62
107,1,3,2,0,58,8,8,6,2,2,1,617.7
107,1,3,2,0,59,12,8,8,2,2,1,391.91
107,1,3,2,0,60,12,8,8,2,2,1,335.15
107,1,3,2,0,61,8,8,6,2,2,1,606.3
107,1,3,2,0,62,8,8,6,2,2,1,428.23
107,1,3,2,0,63,2,8,3,1,1,1,441.91
107,1,3,2,0,64,6,8,5,1,1,1,736.09
107,1,3,2,0,65,10,8,7,2,2,1,376.69
107,1,3,2,0,66,4,8,4,1,1,1,398.76
107,1,3,2,0,67,8,8,6,2,2,1,480.53
107,1,3,2,0,68,12,8,8,2,2,1,417.82
107,1,3,2,0,69,2,8,3,1,1,1,395.93
107,1,3,2,0,70,10,8,7,2,2,1,384.58
107,1,3,2,0,71,2,8,3,1,1,1,371.18
107,1,3,2,0,72,12,8,8,2,2,1,347.85
107,1,3,2,0,73,6,8,5,1,1,1,366.83
107,1,3,2,0,74,4,8,4,1,1,1,446.8
107,1,3,2,0,75,10,8,7,2,2,1,384.87
107,1,3,2,0,76,10,8,7,2,2,1,444.39
107,1,3,2,0,77,8,8,6,2,2,1,496.1
107,1,3,2,0,78,12,8,8,2,2,1,373.63
107,1,3,2,0,79,2,8,3,1,1,1,428.32
107,1,3,2,0,80,12,8,8,2,2,1,383.18
107,1,3,2,0,81,2,8,3,1,1,1,405.28
107,1,3,2,0,82,4,8,4,1,1,1,472.34
107,1,3,2,0,83,4,8,4,1,1,1,391.45
107,1,3,2,0,84,2,8,3,1,1,1,394.06
107,1,3,2,0,85,8,8,6,2,2,1,537.46
107,1,3,2,0,86,12,8,8,2,2,1,368.46
107,1,3,2,0,87,4,8,4,1,1,1,409.94
107,1,3,2,0,88,12,8,8,2,2,1,351.09
107,1,3,2,0,89,2,8,3,1,1,1,401.77
107,1,3,2,0,90,6,8,5,1,1,1,834.72
107,1,3,2,0,91,10,8,7,2,2,1,369.97
107,1,3,2,0,92,12,8,8,2,2,1,371.02
107,1,3,2,0,93,8,8,6,2,2,1,458.14
107,1,3,2,0,94,10,8,7,2,2,1,385.5
107,1,3,2,0,95,4,8,4,1,1,1,482.07
107,1,3,2,0,96,6,8,5,1,1,1,507.26
107,1,3,2,0,97,4,8,4,1,1,1,418.16
107,1,3,2,0,98,8,8,6,2,2,1,667.54
107,1,3,2,0,99,6,8,5,1,1,1,354.91
107,1,3,2,0,100,2,8,3,1,1,1,421.59
107,1,3,2,0,101,2,8,3,1,1,1,403.66
107,1,3,2,0,102,12,8,8,2,2,1,402.35
107,1,3,2,0,103,12,8,8,2,2,1,350.23
107,1,3,2,0,104,6,8,5,1,1,1,440.35
107,1,3,2,0,105,2,8,3,1,1,1,463.65
107,1,3,2,0,106,10,8,7,2,2,1,385.84
107,1,3,2,0,107,4,8,4,1,1,1,438.01
107,1,3,2,0,108,6,8,5,1,1,1,680.25
107,1,3,2,0,109,12,8,8,2,2,1,350.57
107,1,3,2,0,110,10,8,7,2,2,1,478.82
107,1,3,2,0,111,10,8,7,2,2,1,396.03
107,1,3,2,0,112,2,8,3,1,1,1,389.2
107,1,3,2,0,113,6,8,5,1,1,1,546.09
107,1,3,2,0,114,10,8,7,2,2,1,529.98
107,1,3,2,0,115,8,8,6,2,2,1,648.99
107,1,3,2,0,116,2,8,3,1,1,1,441.49
107,1,3,2,0,117,6,8,5,1,1,1,549.66
107,1,3,2,0,118,10,8,7,2,2,1,415.22
107,1,3,2,0,119,4,8,4,1,1,1,464.68
107,1,3,2,0,120,2,8,3,1,1,1,440.88
