103,1,2,2,1,1,10,8,7,2,1,0,1492.4
103,1,2,2,1,2,4,8,4,1,2,0,1294.1
103,1,2,2,1,3,12,8,8,2,2,1,1045.5
103,1,2,2,1,4,6,8,5,1,1,1,828.74
103,1,2,2,1,5,2,8,3,1,1,1,783.86
103,1,2,2,1,6,12,8,8,2,2,1,397.33
103,1,2,2,1,7,8,8,6,2,2,1,1266.4
103,1,2,2,1,8,10,8,7,2,2,1,437.52
103,1,2,2,1,9,6,8,5,1,1,1,555.91
103,1,2,2,1,10,2,8,3,1,1,1,696.32
103,1,2,2,1,11,8,8,6,2,2,1,776.28
103,1,2,2,1,12,12,8,8,2,2,1,385.01
103,1,2,2,1,13,2,8,3,1,1,1,366.3
103,1,2,2,1,14,12,8,8,2,2,1,468
103,1,2,2,1,15,8,8,6,2,2,1,503.51
103,1,2,2,1,16,10,8,7,2,2,1,510.36
103,1,2,2,1,17,6,8,5,1,2,0,1003.2
103,1,2,2,1,18,4,8,4,1,1,1,552.52
103,1,2,2,1,19,4,8,4,1,1,1,427.44
103,1,2,2,1,20,6,8,5,1,1,1,504
103,1,2,2,1,21,10,8,7,2,2,1,356.05
103,1,2,2,1,22,2,8,3,1,1,1,532.97
103,1,2,2,1,23,8,8,6,2,2,1,598.28
103,1,2,2,1,24,4,8,4,1,1,1,1081.5
103,1,2,2,0,1,2,8,3,1,1,1,558.55
103,1,2,2,0,2,8,8,6,2,2,1,655.67
103,1,2,2,0,3,10,8,7,2,2,1,498.12
103,1,2,2,0,4,4,8,4,1,1,1,472.49
103,1,2,2,0,5,2,8,3,1,1,1,526.65
103,1,2,2,0,6,12,8,8,2,2,1,394.6
103,1,2,2,0,7,2,8,3,1,1,1,446.03
103,1,2,2,0,8,2,8,3,1,1,1,369.59
103,1,2,2,0,9,8,8,6,2,2,1,549.14
103,1,2,2,0,10,6,8,5,1,2,0,1030.2
103,1,2,2,0,11,10,8,7,2,2,1,519.93
103,1,2,2,0,12,8,8,6,2,2,1,558.3
103,1,2,2,0,13,8,8,6,2,2,1,505.14
103,1,2,2,0,14,8,8,6,2,2,1,555.73
103,1,2,2,0,15,4,8,4,1,1,1,662.01
103,1,2,2,0,16,2,8,3,1,1,1,388.24
103,1,2,2,0,17,2,8,3,1,1,1,389.91
103,1,2,2,0,18,10,8,7,2,2,1,382.29
103,1,2,2,0,19,2,8,3,1,1,1,568.49
103,1,2,2,0,20,12,8,8,2,2,1,431.79
103,1,2,2,0,21,2,8,3,1,1,1,429.55
103,1,2,2,0,22,12,8,8,2,2,1,341.69
103,1,2,2,0,23,2,8,3,1,1,1,417.84
103,1,2,2,0,24,12,8,8,2,2,1,427.35
103,1,2,2,0,25,10,8,7,2,2,1,864.03
103,1,2,2,0,26,6,8,5,1,1,1,1106.1
103,1,2,2,0,27,12,8,8,2,2,1,405.79
103,1,2,2,0,28,6,8,5,1,1,1,1041.4
103,1,2,2,0,29,2,8,3,1,1,1,402.42
103,1,2,2,0,30,2,8,3,1,1,1,353.54
103,1,2,2,0,31,12,8,8,2,2,1,353.1
103,1,2,2,0,32,8,8,6,2,2,1,459.48
103,1,2,2,0,33,2,8,3,1,1,1,359.41
103,1,2,2,0,34,2,8,3,1,1,1,371.05
103,1,2,2,0,35,4,8,4,1,1,1,472.9
103,1,2,2,0,36,4,8,4,1,1,1,400.65
103,1,2,2,0,37,10,8,7,2,2,1,502.09
103,1,2,2,0,38,4,8,4,1,1,1,897.91
103,1,2,2,0,39,6,8,5,1,1,1,1598.6
103,1,2,2,0,40,10,8,7,2,2,1,400
103,1,2,2,0,41,8,8,6,2,2,1,349.66
103,1,2,2,0,42,12,8,8,2,2,1,335.23
103,1,2,2,0,43,4,8,4,1,1,1,718.73
103,1,2,2,0,44,6,8,5,1,1,1,1634.4
103,1,2,2,0,45,2,8,3,1,1,1,411.89
103,1,2,2,0,46,10,8,7,2,2,1,344.42
103,1,2,2,0,47,6,8,5,1,2,0,544.28
103,1,2,2,0,48,8,8,6,2,2,1,864.88
103,1,2,2,0,49,12,8,8,2,2,1,354.49
103,1,2,2,0,50,12,8,8,2,2,1,378.34
103,1,2,2,0,51,6,8,5,1,1,1,455.93
103,1,2,2,0,52,8,8,6,2,1,0,413.44
103,1,2,2,0,53,12,8,8,2,2,1,642.93
103,1,2,2,0,54,4,8,4,1,1,1,518.02
103,1,2,2,0,55,10,8,7,2,2,1,470.04
103,1,2,2,0,56,4,8,4,1,1,1,709.59
103,1,2,2,0,57,10,8,7,2,2,1,537.85
103,1,2,2,0,58,8,8,6,2,2,1,848.92
103,1,2,2,0,59,8,8,6,2,2,1,1042.8
103,1,2,2,0,60,12,8,8,2,2,1,474.01
103,1,2,2,0,61,4,8,4,1,1,1,560.86
103,1,2,2,0,62,4,8,4,1,1,1,329.38
103,1,2,2,0,63,10,8,7,2,2,1,683.94
103,1,2,2,0,64,6,8,5,1,1,1,1239.5
103,1,2,2,0,65,12,8,8,2,2,1,504.84
103,1,2,2,0,66,6,8,5,1,1,1,1179.5
103,1,2,2,0,67,12,8,8,2,2,1,358.85
103,1,2,2,0,68,10,8,7,2,2,1,592.49
103,1,2,2,0,69,6,8,5,1,1,1,726.82
103,1,2,2,0,70,10,8,7,2,2,1,630.09
103,1,2,2,0,71,12,8,8,2,2,1,444.9
103,1,2,2,0,72,8,8,6,2,2,1,718.38
103,1,2,2,0,73,4,8,4,1,1,1,420.49
103,1,2,2,0,74,2,8,3,1,1,1,298.09
103,1,2,2,0,75,6,8,5,1,1,1,1343.3
103,1,2,2,0,76,2,8,3,1,1,1,416.92
103,1,2,2,0,77,4,8,4,1,1,1,433.25
103,1,2,2,0,78,4,8,4,1,1,1,288.47
103,1,2,2,0,79,6,8,5,1,1,1,715.93
103,1,2,2,0,80,10,8,7,2,2,1,326.19
103,1,2,2,0,81,4,8,4,1,1,1,816.3
103,1,2,2,0,82,6,8,5,1,1,1,1676.1
103,1,2,2,0,83,6,8,5,1,1,1,400.1
103,1,2,2,0,84,12,8,8,2,2,1,431.45
103,1,2,2,0,85,8,8,6,2,2,1,499.54
103,1,2,2,0,86,10,8,7,2,2,1,738.01
103,1,2,2,0,87,6,8,5,1,1,1,1057.7
103,1,2,2,0,88,10,8,7,2,2,1,600.69
103,1,2,2,0,89,8,8,6,2,2,1,1357.5
103,1,2,2,0,90,12,8,8,2,2,1,498.73
103,1,2,2,0,91,12,8,8,2,2,1,565.4
103,1,2,2,0,92,4,8,4,1,1,1,456.75
103,1,2,2,0,93,12,8,8,2,2,1,394.8
103,1,2,2,0,94,2,8,3,1,1,1,342.68
103,1,2,2,0,95,6,8,5,1,1,1,1208.8
103,1,2,2,0,96,10,8,7,2,2,1,781.42
103,1,2,2,0,97,8,8,6,2,2,1,387.46
103,1,2,2,0,98,2,8,3,1,1,1,385.88
103,1,2,2,0,99,6,8,5,1,1,1,460.62
103,1,2,2,0,100,6,8,5,1,1,1,309.17
103,1,2,2,0,101,4,8,4,1,1,1,331.85
103,1,2,2,0,102,8,8,6,2,2,1,581.99
103,1,2,2,0,103,2,8,3,1,1,1,397.86
103,1,2,2,0,104,4,8,4,1,1,1,548.81
103,1,2,2,0,105,2,8,3,1,1,1,328.66
103,1,2,2,0,106,4,8,4,1,1,1,392.56
103,1,2,2,0,107,6,8,5,1,1,1,1306.2
103,1,2,2,0,108,6,8,5,1,1,1,436.57
103,1,2,2,0,109,10,8,7,2,2,1,409.68
103,1,2,2,0,110,10,8,7,2,2,1,348.78
103,1,2,2,0,111,4,8,4,1,1,1,679.84
103,1,2,2,0,112,8,8,6,2,2,1,966.64
103,1,2,2,0,113,12,8,8,2,2,1,365.1
103,1,2,2,0,114,12,8,8,2,2,1,508.97
103,1,2,2,0,115,8,8,6,2,2,1,1155.4
103,1,2,2,0,116,8,8,6,2,2,1,570.18
103,1,2,2,0,117,10,8,7,2,2,1,292.48
103,1,2,2,0,118,8,8,6,2,2,1,360.22
103,1,2,2,0,119,10,8,7,2,2,1,363.84
103,1,2,2,0,120,4,8,4,1,1,1,840.56
103,1,2,1,1,1,7,6,6,2,2,1,1151.6
103,1,2,1,1,2,11,6,8,2,2,1,396.96
103,1,2,1,1,3,3,6,4,1,1,1,435.54
103,1,2,1,1,4,3,6,4,1,1,1,305.01
103,1,2,1,1,5,9,6,7,2,2,1,360.44
103,1,2,1,1,6,1,6,3,1,1,1,355.11
103,1,2,1,1,7,11,6,8,2,2,1,359.63
103,1,2,1,1,8,5,6,5,1,1,1,1332.9
103,1,2,1,1,9,7,6,6,2,1,0,368.66
103,1,2,1,1,10,5,6,5,1,1,1,1195.1
103,1,2,1,1,11,3,6,4,1,1,1,359.21
103,1,2,1,1,12,5,6,5,1,1,1,415.53
103,1,2,1,1,13,3,6,4,1,1,1,390.94
103,1,2,1,1,14,7,6,6,2,2,1,1509.6
103,1,2,1,1,15,9,6,7,2,2,1,354.27
103,1,2,1,1,16,7,6,6,2,2,1,497.15
103,1,2,1,1,17,1,6,3,1,1,1,353.06
103,1,2,1,1,18,5,6,5,1,1,1,721.83
103,1,2,1,1,19,9,6,7,2,2,1,422.47
103,1,2,1,1,20,1,6,3,1,1,1,555.25
103,1,2,1,1,21,1,6,3,1,1,1,310.01
103,1,2,1,1,22,11,6,8,2,2,1,378.2
103,1,2,1,1,23,11,6,8,2,2,1,334
103,1,2,1,1,24,9,6,7,2,2,1,316.93
103,1,2,1,0,1,11,6,8,2,2,1,294.67
103,1,2,1,0,2,9,6,7,2,2,1,305.9
103,1,2,1,0,3,11,6,8,2,2,1,248.09
103,1,2,1,0,4,5,6,5,1,1,1,1047.4
103,1,2,1,0,5,7,6,6,2,1,0,1392.4
103,1,2,1,0,6,1,6,3,1,1,1,420.23
103,1,2,1,0,7,9,6,7,2,2,1,404.97
103,1,2,1,0,8,11,6,8,2,2,1,309.98
103,1,2,1,0,9,9,6,7,2,2,1,297.95
103,1,2,1,0,10,7,6,6,2,2,1,390.74
103,1,2,1,0,11,1,6,3,1,1,1,422.26
103,1,2,1,0,12,11,6,8,2,2,1,359.07
103,1,2,1,0,13,7,6,6,2,2,1,343.13
103,1,2,1,0,14,9,6,7,2,2,1,386.28
103,1,2,1,0,15,11,6,8,2,2,1,233.34
103,1,2,1,0,16,5,6,5,1,1,1,712.81
103,1,2,1,0,17,1,6,3,1,1,1,389.8
103,1,2,1,0,18,9,6,7,2,2,1,363.31
103,1,2,1,0,19,1,6,3,1,1,1,327.9
103,1,2,1,0,20,5,6,5,1,1,1,1507.2
103,1,2,1,0,21,3,6,4,1,1,1,458.2
103,1,2,1,0,22,7,6,6,2,1,0,1348.6
103,1,2,1,0,23,1,6,3,1,1,1,447.54
103,1,2,1,0,24,3,6,4,1,1,1,522.37
103,1,2,1,0,25,9,6,7,2,2,1,935.31
103,1,2,1,0,26,5,6,5,1,1,1,1395.1
103,1,2,1,0,27,5,6,5,1,1,1,467.19
103,1,2,1,0,28,3,6,4,1,1,1,392.66
103,1,2,1,0,29,5,6,5,1,1,1,294.98
103,1,2,1,0,30,9,6,7,2,2,1,701.67
103,1,2,1,0,31,1,6,3,1,1,1,582.15
103,1,2,1,0,32,1,6,3,1,1,1,423.41
103,1,2,1,0,33,11,6,8,2,2,1,460.91
103,1,2,1,0,34,3,6,4,1,1,1,737.92
103,1,2,1,0,35,1,6,3,1,1,1,361.67
103,1,2,1,0,36,9,6,7,2,2,1,426.09
103,1,2,1,0,37,7,6,6,2,2,1,443.81
103,1,2,1,0,38,9,6,7,2,2,1,347.76
103,1,2,1,0,39,11,6,8,2,2,1,327.61
103,1,2,1,0,40,7,6,6,2,2,1,425.47
103,1,2,1,0,41,11,6,8,2,2,1,445.54
103,1,2,1,0,42,3,6,4,1,1,1,471.9
103,1,2,1,0,43,1,6,3,1,1,1,399.06
103,1,2,1,0,44,3,6,4,1,1,1,319.09
103,1,2,1,0,45,9,6,7,2,2,1,414.12
103,1,2,1,0,46,11,6,8,2,2,1,313.57
103,1,2,1,0,47,1,6,3,1,1,1,541.6
103,1,2,1,0,48,11,6,8,2,2,1,426
103,1,2,1,0,49,7,6,6,2,2,1,1460.3
103,1,2,1,0,50,9,6,7,2,2,1,320.99
103,1,2,1,0,51,3,6,4,1,1,1,446.05
103,1,2,1,0,52,7,6,6,2,2,1,750.84
103,1,2,1,0,53,9,6,7,2,2,1,296.6
103,1,2,1,0,54,3,6,4,1,1,1,398.11
103,1,2,1,0,55,7,6,6,2,1,0,617.47
103,1,2,1,0,56,7,6,6,2,2,1,600.47
103,1,2,1,0,57,11,6,8,2,2,1,347.71
103,1,2,1,0,58,7,6,6,2,2,1,317.16
103,1,2,1,0,59,3,6,4,1,1,1,355.79
103,1,2,1,0,60,5,6,5,1,1,1,477.5
103,1,2,1,0,61,3,6,4,1,1,1,361.09
103,1,2,1,0,62,3,6,4,1,1,1,366.86
103,1,2,1,0,63,3,6,4,1,1,1,318.28
103,1,2,1,0,64,3,6,4,1,1,1,358.83
103,1,2,1,0,65,9,6,7,2,2,1,425.25
103,1,2,1,0,66,11,6,8,2,2,1,256.45
103,1,2,1,0,67,5,6,5,1,1,1,1590.1
103,1,2,1,0,68,5,6,5,1,1,1,379.18
103,1,2,1,0,69,9,6,7,2,2,1,481.13
103,1,2,1,0,70,11,6,8,2,2,1,291.08
103,1,2,1,0,71,5,6,5,1,1,1,669.75
103,1,2,1,0,72,3,6,4,1,1,1,311.1
103,1,2,1,0,73,11,6,8,2,2,1,423.78
103,1,2,1,0,74,3,6,4,1,1,1,523.28
103,1,2,1,0,75,7,6,6,2,2,1,932.2
103,1,2,1,0,76,3,6,4,1,1,1,400.22
103,1,2,1,0,77,7,6,6,2,2,1,1239.8
103,1,2,1,0,78,1,6,3,1,1,1,360.84
103,1,2,1,0,79,5,6,5,1,1,1,354.85
103,1,2,1,0,80,11,6,8,2,2,1,379.97
103,1,2,1,0,81,5,6,5,1,1,1,1268.8
103,1,2,1,0,82,7,6,6,2,1,0,957.43
103,1,2,1,0,83,9,6,7,2,2,1,520
103,1,2,1,0,84,1,6,3,1,1,1,633.6
103,1,2,1,0,85,1,6,3,1,1,1,392.85
103,1,2,1,0,86,1,6,3,1,1,1,317.71
103,1,2,1,0,87,1,6,3,1,1,1,371.55
103,1,2,1,0,88,9,6,7,2,2,1,402.77
103,1,2,1,0,89,7,6,6,2,2,1,486.1
103,1,2,1,0,90,7,6,6,2,2,1,369.41
103,1,2,1,0,91,9,6,7,2,2,1,359.73
103,1,2,1,0,92,9,6,7,2,2,1,348.14
103,1,2,1,0,93,5,6,5,1,1,1,1226.2
103,1,2,1,0,94,7,6,6,2,1,0,341.31
103,1,2,1,0,95,7,6,6,2,2,1,1118.7
103,1,2,1,0,96,3,6,4,1,1,1,492.46
103,1,2,1,0,97,11,6,8,2,2,1,477.13
103,1,2,1,0,98,7,6,6,2,1,0,1451
103,1,2,1,0,99,1,6,3,1,1,1,504.95
103,1,2,1,0,100,1,6,3,1,1,1,360.38
103,1,2,1,0,101,9,6,7,2,2,1,499.33
103,1,2,1,0,102,11,6,8,2,2,1,313.6
103,1,2,1,0,103,5,6,5,1,1,1,1397.3
103,1,2,1,0,104,11,6,8,2,2,1,431.58
103,1,2,1,0,105,5,6,5,1,1,1,1574.3
103,1,2,1,0,106,1,6,3,1,1,1,397.82
103,1,2,1,0,107,1,6,3,1,1,1,350.45
103,1,2,1,0,108,5,6,5,1,1,1,878.26
103,1,2,1,0,109,1,6,3,1,1,1,399.79
103,1,2,1,0,110,7,6,6,2,2,1,1337.7
103,1,2,1,0,111,5,6,5,1,1,1,1060.6
103,1,2,1,0,112,5,6,5,1,1,1,814.33
103,1,2,1,0,113,11,6,8,2,2,1,438.5
103,1,2,1,0,114,3,6,4,1,1,1,655.73
103,1,2,1,0,115,3,6,4,1,1,1,392.81
103,1,2,1,0,116,3,6,4,1,1,1,288.59
103,1,2,1,0,117,5,6,5,1,1,1,898.32
103,1,2,1,0,118,9,6,7,2,2,1,480.17
103,1,2,1,0,119,5,6,5,1,1,1,1763.5
103,1,2,1,0,120,11,6,8,2,2,1,520.9
103,1,2,4,1,1,7,6,6,2,2,1,1068.5
103,1,2,4,1,2,11,6,8,2,2,1,355.16
103,1,2,4,1,3,9,6,7,2,2,1,282.79
103,1,2,4,1,4,9,6,7,2,2,1,262.35
103,1,2,4,1,5,11,6,8,2,2,1,277.71
103,1,2,4,1,6,6,8,5,1,1,1,1401.8
103,1,2,4,1,7,11,6,8,2,2,1,380.81
103,1,2,4,1,8,6,8,5,1,1,1,700.68
103,1,2,4,1,9,2,8,3,1,1,1,340.65
103,1,2,4,1,10,11,6,8,2,2,1,398.51
103,1,2,4,1,11,9,6,7,2,2,1,630.89
103,1,2,4,1,12,4,8,4,1,1,1,413.7
103,1,2,4,1,13,2,8,3,1,1,1,410.99
103,1,2,4,1,14,9,6,7,2,2,1,440.11
103,1,2,4,1,15,6,8,5,1,1,1,763.24
103,1,2,4,1,16,2,8,3,1,1,1,430.2
103,1,2,4,1,17,6,8,5,1,1,1,1560.9
103,1,2,4,1,18,7,6,6,2,2,1,810.83
103,1,2,4,1,19,7,6,6,2,2,1,391.25
103,1,2,4,1,20,2,8,3,1,1,1,449.92
103,1,2,4,1,21,4,8,4,1,1,1,471.93
103,1,2,4,1,22,4,8,4,1,1,1,466.26
103,1,2,4,1,23,7,6,6,2,2,1,689.37
103,1,2,4,1,24,4,8,4,1,1,1,455.91
103,1,2,4,0,1,6,8,5,1,1,1,938.92
103,1,2,4,0,2,4,8,4,1,1,1,449.15
103,1,2,4,0,3,2,8,3,1,1,1,406.6
103,1,2,4,0,4,4,8,4,1,1,1,326.9
103,1,2,4,0,5,9,6,7,2,2,1,459.77
103,1,2,4,0,6,6,8,5,1,1,1,1612.5
103,1,2,4,0,7,9,6,7,2,2,1,458.82
103,1,2,4,0,8,9,6,7,2,2,1,495.42
103,1,2,4,0,9,2,8,3,1,1,1,429.43
103,1,2,4,0,10,6,8,5,1,1,1,691.46
103,1,2,4,0,11,11,6,8,2,2,1,401.97
103,1,2,4,0,12,4,8,4,1,1,1,663.13
103,1,2,4,0,13,6,8,5,1,1,1,357.59
103,1,2,4,0,14,4,8,4,1,1,1,340.73
103,1,2,4,0,15,11,6,8,2,2,1,313.08
103,1,2,4,0,16,11,6,8,2,2,1,308.49
103,1,2,4,0,17,7,6,6,2,2,1,1023.5
103,1,2,4,0,18,9,6,7,2,2,1,577.59
103,1,2,4,0,19,7,6,6,2,2,1,736.85
103,1,2,4,0,20,7,6,6,2,2,1,1238.9
103,1,2,4,0,21,9,6,7,2,2,1,340.49
103,1,2,4,0,22,11,6,8,2,2,1,573.93
103,1,2,4,0,23,2,8,3,1,1,1,559.8
103,1,2,4,0,24,6,8,5,1,1,1,497.79
103,1,2,4,0,25,2,8,3,1,1,1,361.82
103,1,2,4,0,26,4,8,4,1,1,1,349.33
103,1,2,4,0,27,9,6,7,2,2,1,393.93
103,1,2,4,0,28,7,6,6,2,2,1,462.56
103,1,2,4,0,29,6,8,5,1,1,1,1301
103,1,2,4,0,30,9,6,7,2,2,1,527.76
103,1,2,4,0,31,11,6,8,2,2,1,458.13
103,1,2,4,0,32,11,6,8,2,2,1,369.72
103,1,2,4,0,33,11,6,8,2,2,1,358.51
103,1,2,4,0,34,7,6,6,2,2,1,1086.9
103,1,2,4,0,35,6,8,5,1,1,1,718.16
103,1,2,4,0,36,9,6,7,2,2,1,746.76
103,1,2,4,0,37,2,8,3,1,1,1,469.57
103,1,2,4,0,38,2,8,3,1,1,1,379.71
103,1,2,4,0,39,7,6,6,2,2,1,1335.4
103,1,2,4,0,40,9,6,7,2,2,1,421.26
103,1,2,4,0,41,7,6,6,2,2,1,642.09
103,1,2,4,0,42,4,8,4,1,1,1,480.09
103,1,2,4,0,43,7,6,6,2,2,1,966.17
103,1,2,4,0,44,11,6,8,2,2,1,398.23
103,1,2,4,0,45,2,8,3,1,1,1,465.7
103,1,2,4,0,46,6,8,5,1,1,1,1435.2
103,1,2,4,0,47,2,8,3,1,1,1,516.36
103,1,2,4,0,48,2,8,3,1,1,1,455.65
103,1,2,4,0,49,4,8,4,1,1,1,497.86
103,1,2,4,0,50,2,8,3,1,1,1,394.74
103,1,2,4,0,51,4,8,4,1,1,1,514.68
103,1,2,4,0,52,9,6,7,2,2,1,431.54
103,1,2,4,0,53,6,8,5,1,1,1,1628.4
103,1,2,4,0,54,2,8,3,1,1,1,404.98
103,1,2,4,0,55,11,6,8,2,2,1,408.92
103,1,2,4,0,56,9,6,7,2,2,1,360.9
103,1,2,4,0,57,11,6,8,2,2,1,299.81
103,1,2,4,0,58,7,6,6,2,2,1,554.51
103,1,2,4,0,59,9,6,7,2,2,1,349.17
103,1,2,4,0,60,7,6,6,2,2,1,388.79
103,1,2,4,0,61,11,6,8,2,2,1,264.4
103,1,2,4,0,62,9,6,7,2,2,1,311.17
103,1,2,4,0,63,2,8,3,1,1,1,441.62
103,1,2,4,0,64,4,8,4,1,1,1,305.44
103,1,2,4,0,65,11,6,8,2,2,1,414.56
103,1,2,4,0,66,11,6,8,2,2,1,282.32
103,1,2,4,0,67,11,6,8,2,2,1,301.09
103,1,2,4,0,68,11,6,8,2,2,1,300.46
103,1,2,4,0,69,6,8,5,1,1,1,1713.7
103,1,2,4,0,70,11,6,8,2,2,1,445.29
103,1,2,4,0,71,11,6,8,2,2,1,299.07
103,1,2,4,0,72,2,8,3,1,1,1,502.99
103,1,2,4,0,73,7,6,6,2,2,1,1119.7
103,1,2,4,0,74,6,8,5,1,1,1,1081.6
103,1,2,4,0,75,6,8,5,1,1,1,535.34
103,1,2,4,0,76,4,8,4,1,1,1,232.99
103,1,2,4,0,77,7,6,6,2,1,0,404.79
103,1,2,4,0,78,6,8,5,1,1,1,1328.5
103,1,2,4,0,79,9,6,7,2,2,1,388.63
103,1,2,4,0,80,4,8,4,1,1,1,636.62
103,1,2,4,0,81,4,8,4,1,1,1,602.68
103,1,2,4,0,82,2,8,3,1,1,1,472.54
103,1,2,4,0,83,4,8,4,1,1,1,366.72
103,1,2,4,0,84,4,8,4,1,1,1,341.86
103,1,2,4,0,85,11,6,8,2,2,1,415.47
103,1,2,4,0,86,4,8,4,1,1,1,689.85
103,1,2,4,0,87,6,8,5,1,1,1,2759.9
103,1,2,4,0,88,2,8,3,1,1,1,368.31
103,1,2,4,0,89,7,6,6,2,2,1,1252.6
103,1,2,4,0,90,6,8,5,1,1,1,922.72
103,1,2,4,0,91,7,6,6,2,2,1,596.49
103,1,2,4,0,92,7,6,6,2,2,1,652.21
103,1,2,4,0,93,7,6,6,2,2,1,614.14
103,1,2,4,0,94,9,6,7,2,2,1,359.35
103,1,2,4,0,95,9,6,7,2,2,1,360.69
103,1,2,4,0,96,9,6,7,2,2,1,354.93
103,1,2,4,0,97,7,6,6,2,2,1,449.34
103,1,2,4,0,98,4,8,4,1,1,1,616.78
103,1,2,4,0,99,9,6,7,2,2,1,402.02
103,1,2,4,0,100,11,6,8,2,2,1,319.63
103,1,2,4,0,101,9,6,7,2,2,1,336.67
103,1,2,4,0,102,4,8,4,1,1,1,422.51
103,1,2,4,0,103,2,8,3,1,1,1,397.57
103,1,2,4,0,104,2,8,3,1,1,1,379.11
103,1,2,4,0,105,6,8,5,1,1,1,984.8
103,1,2,4,0,106,4,8,4,1,1,1,410.12
103,1,2,4,0,107,7,6,6,2,2,1,618.28
103,1,2,4,0,108,9,6,7,2,2,1,318.65
103,1,2,4,0,109,6,8,5,1,1,1,1575.5
103,1,2,4,0,110,6,8,5,1,1,1,382.81
103,1,2,4,0,111,2,8,3,1,1,1,442.92
103,1,2,4,0,112,4,8,4,1,1,1,356.97
103,1,2,4,0,113,7,6,6,2,2,1,619.25
103,1,2,4,0,114,6,8,5,1,1,1,1161.7
103,1,2,4,0,115,6,8,5,1,1,1,467.6
103,1,2,4,0,116,7,6,6,2,2,1,954.11
103,1,2,4,0,117,11,6,8,2,2,1,416.51
103,1,2,4,0,118,2,8,3,1,1,1,501.18
103,1,2,4,0,119,2,8,3,1,1,1,371.81
103,1,2,4,0,120,4,8,4,1,1,1,306.61
103,1,2,3,1,1,8,8,6,2,2,1,691.04
103,1,2,3,1,2,12,8,8,2,2,1,391.28
103,1,2,3,1,3,12,8,8,2,2,1,281.13
103,1,2,3,1,4,1,6,3,1,1,1,555.21
103,1,2,3,1,5,10,8,7,2,2,1,359.22
103,1,2,3,1,6,10,8,7,2,2,1,301.83
103,1,2,3,1,7,10,8,7,2,2,1,286.36
103,1,2,3,1,8,1,6,3,1,1,1,425.76
103,1,2,3,1,9,3,6,4,1,1,1,325.78
103,1,2,3,1,10,3,6,4,1,1,1,270.09
103,1,2,3,1,11,8,8,6,2,2,1,719.17
103,1,2,3,1,12,8,8,6,2,2,1,432.27
103,1,2,3,1,13,12,8,8,2,2,1,283.53
103,1,2,3,1,14,5,6,5,1,1,1,325.17
103,1,2,3,1,15,5,6,5,1,1,1,352.26
103,1,2,3,1,16,10,8,7,2,2,1,529.51
103,1,2,3,1,17,1,6,3,1,1,1,446.88
103,1,2,3,1,18,12,8,8,2,2,1,374.11
103,1,2,3,1,19,3,6,4,1,1,1,562.4
103,1,2,3,1,20,3,6,4,1,1,1,411.91
103,1,2,3,1,21,5,6,5,1,1,1,938.46
103,1,2,3,1,22,1,6,3,1,1,1,420.83
103,1,2,3,1,23,8,8,6,2,2,1,637.01
103,1,2,3,1,24,5,6,5,1,2,0,448.22
103,1,2,3,0,1,5,6,5,1,1,1,2945.5
103,1,2,3,0,2,3,6,4,1,1,1,347.27
103,1,2,3,0,3,1,6,3,1,1,1,400.86
103,1,2,3,0,4,8,8,6,2,2,1,854.81
103,1,2,3,0,5,1,6,3,1,1,1,557.71
103,1,2,3,0,6,1,6,3,1,1,1,685.89
103,1,2,3,0,7,1,6,3,1,1,1,595.46
103,1,2,3,0,8,1,6,3,1,1,1,504.1
103,1,2,3,0,9,10,8,7,2,2,1,446.32
103,1,2,3,0,10,5,6,5,1,2,0,591.58
103,1,2,3,0,11,8,8,6,2,2,1,842.94
103,1,2,3,0,12,1,6,3,1,1,1,448.72
103,1,2,3,0,13,3,6,4,1,1,1,466.85
103,1,2,3,0,14,3,6,4,1,1,1,261.23
103,1,2,3,0,15,1,6,3,1,1,1,436.97
103,1,2,3,0,16,12,8,8,2,2,1,409.13
103,1,2,3,0,17,1,6,3,1,1,1,378.97
103,1,2,3,0,18,8,8,6,2,2,1,703.77
103,1,2,3,0,19,10,8,7,2,2,1,406.08
103,1,2,3,0,20,5,6,5,1,1,1,858.57
103,1,2,3,0,21,10,8,7,2,2,1,429.51
103,1,2,3,0,22,1,6,3,1,1,1,455.41
103,1,2,3,0,23,5,6,5,1,1,1,1155.7
103,1,2,3,0,24,10,8,7,2,2,1,351.08
103,1,2,3,0,25,5,6,5,1,1,1,1113.4
103,1,2,3,0,26,8,8,6,2,2,1,702.57
103,1,2,3,0,27,10,8,7,2,2,1,434.87
103,1,2,3,0,28,3,6,4,1,1,1,612.06
103,1,2,3,0,29,3,6,4,1,1,1,390.2
103,1,2,3,0,30,5,6,5,1,1,1,424.3
103,1,2,3,0,31,12,8,8,2,2,1,377.19
103,1,2,3,0,32,12,8,8,2,2,1,308.55
103,1,2,3,0,33,8,8,6,2,2,1,1114.6
103,1,2,3,0,34,5,6,5,1,1,1,696.03
103,1,2,3,0,35,5,6,5,1,1,1,482.27
103,1,2,3,0,36,10,8,7,2,2,1,463.01
103,1,2,3,0,37,12,8,8,2,2,1,428.54
103,1,2,3,0,38,5,6,5,1,1,1,500.51
103,1,2,3,0,39,5,6,5,1,1,1,449.23
103,1,2,3,0,40,3,6,4,1,1,1,288.12
103,1,2,3,0,41,1,6,3,1,1,1,298.39
103,1,2,3,0,42,8,8,6,2,2,1,1271.3
103,1,2,3,0,43,12,8,8,2,2,1,317.19
103,1,2,3,0,44,8,8,6,2,2,1,1150
103,1,2,3,0,45,10,8,7,2,2,1,432.95
103,1,2,3,0,46,10,8,7,2,2,1,439.55
103,1,2,3,0,47,10,8,7,2,2,1,376.45
103,1,2,3,0,48,8,8,6,2,2,1,779.51
103,1,2,3,0,49,3,6,4,1,1,1,500.55
103,1,2,3,0,50,12,8,8,2,2,1,395.32
103,1,2,3,0,51,5,6,5,1,1,1,686.44
103,1,2,3,0,52,12,8,8,2,2,1,358.72
103,1,2,3,0,53,1,6,3,1,1,1,413.72
103,1,2,3,0,54,3,6,4,1,1,1,367.62
103,1,2,3,0,55,3,6,4,1,1,1,384.59
103,1,2,3,0,56,12,8,8,2,2,1,413.88
103,1,2,3,0,57,3,6,4,1,1,1,501.24
103,1,2,3,0,58,1,6,3,1,1,1,517.75
103,1,2,3,0,59,12,8,8,2,2,1,469.61
103,1,2,3,0,60,10,8,7,2,2,1,741.8
103,1,2,3,0,61,3,6,4,1,1,1,565.46
103,1,2,3,0,62,5,6,5,1,1,1,448.86
103,1,2,3,0,63,12,8,8,2,2,1,446.1
103,1,2,3,0,64,8,8,6,2,2,1,1079.6
103,1,2,3,0,65,12,8,8,2,2,1,475.13
103,1,2,3,0,66,5,6,5,1,1,1,885.53
103,1,2,3,0,67,8,8,6,2,2,1,1573.7
103,1,2,3,0,68,8,8,6,2,2,1,478.58
103,1,2,3,0,69,1,6,3,1,2,0,319.89
103,1,2,3,0,70,1,6,3,1,1,1,461.17
103,1,2,3,0,71,1,6,3,1,1,1,354.2
103,1,2,3,0,72,12,8,8,2,2,1,386.96
103,1,2,3,0,73,3,6,4,1,1,1,790.78
103,1,2,3,0,74,10,8,7,2,2,1,615.25
103,1,2,3,0,75,10,8,7,2,2,1,486.56
103,1,2,3,0,76,8,8,6,2,2,1,862.89
103,1,2,3,0,77,5,6,5,1,1,1,661.8
103,1,2,3,0,78,10,8,7,2,2,1,617.43
103,1,2,3,0,79,8,8,6,2,2,1,485.08
103,1,2,3,0,80,12,8,8,2,2,1,439.86
103,1,2,3,0,81,1,6,3,1,1,1,473.07
103,1,2,3,0,82,12,8,8,2,2,1,415.28
103,1,2,3,0,83,1,6,3,1,1,1,456.78
103,1,2,3,0,84,10,8,7,2,2,1,984.53
103,1,2,3,0,85,10,8,7,2,2,1,340.45
103,1,2,3,0,86,8,8,6,2,2,1,508.44
103,1,2,3,0,87,12,8,8,2,2,1,437.57
103,1,2,3,0,88,10,8,7,2,2,1,326.61
103,1,2,3,0,89,5,6,5,1,1,1,819.7
103,1,2,3,0,90,1,6,3,1,1,1,368.74
103,1,2,3,0,91,3,6,4,1,1,1,339.97
103,1,2,3,0,92,5,6,5,1,1,1,355.08
103,1,2,3,0,93,8,8,6,2,2,1,1354.3
103,1,2,3,0,94,12,8,8,2,2,1,330.45
103,1,2,3,0,95,5,6,5,1,1,1,979.06
103,1,2,3,0,96,12,8,8,2,2,1,446.84
103,1,2,3,0,97,5,6,5,1,1,1,738.39
103,1,2,3,0,98,3,6,4,1,1,1,481.72
103,1,2,3,0,99,3,6,4,1,1,1,383.25
103,1,2,3,0,100,3,6,4,1,1,1,439.24
103,1,2,3,0,101,5,6,5,1,1,1,416.93
103,1,2,3,0,102,12,8,8,2,2,1,478.4
103,1,2,3,0,103,10,8,7,2,2,1,427.19
103,1,2,3,0,104,5,6,5,1,1,1,724.08
103,1,2,3,0,105,3,6,4,1,1,1,390.03
103,1,2,3,0,106,3,6,4,1,1,1,506.75
103,1,2,3,0,107,10,8,7,2,2,1,479.53
103,1,2,3,0,108,8,8,6,2,2,1,945.96
103,1,2,3,0,109,8,8,6,2,2,1,881.48
103,1,2,3,0,110,8,8,6,2,2,1,539.07
103,1,2,3,0,111,10,8,7,2,2,1,522.7
103,1,2,3,0,112,8,8,6,2,2,1,675.73
103,1,2,3,0,113,1,6,3,1,1,1,422.05
103,1,2,3,0,114,1,6,3,1,1,1,303.88
103,1,2,3,0,115,3,6,4,1,1,1,288.71
103,1,2,3,0,116,12,8,8,2,2,1,363.6
103,1,2,3,0,117,10,8,7,2,2,1,588.59
103,1,2,3,0,118,3,6,4,1,1,1,510.63
103,1,2,3,0,119,8,8,6,2,2,1,2838.3
103,1,2,3,0,120,12,8,8,2,2,1,394.33
103,1,2,5,1,1,7,6,6,2,2,1,772.45
103,1,2,5,1,2,10,8,7,2,2,1,424.32
103,1,2,5,1,3,1,6,3,1,1,1,337.27
103,1,2,5,1,4,5,6,5,1,1,1,514.26
103,1,2,5,1,5,12,8,8,2,2,1,343.1
103,1,2,5,1,6,12,8,8,2,2,1,309.45
103,1,2,5,1,7,4,8,4,1,1,1,467.96
103,1,2,5,1,8,3,6,4,1,1,1,319.15
103,1,2,5,1,9,7,6,6,2,2,1,1153.5
103,1,2,5,1,10,4,8,4,1,1,1,457.16
103,1,2,5,1,11,2,8,3,1,1,1,348.35
103,1,2,5,1,12,10,8,7,2,2,1,512.47
103,1,2,5,1,13,9,6,7,2,2,1,395.31
103,1,2,5,1,14,2,8,3,1,1,1,478.89
103,1,2,5,1,15,8,8,6,2,2,1,835.26
103,1,2,5,1,16,11,6,8,2,2,1,418.01
103,1,2,5,1,17,6,8,5,1,1,1,895.69
103,1,2,5,1,18,1,6,3,1,1,1,427
103,1,2,5,1,19,6,8,5,1,1,1,558.69
103,1,2,5,1,20,9,6,7,2,2,1,566.61
103,1,2,5,1,21,3,6,4,1,1,1,989.02
103,1,2,5,1,22,11,6,8,2,2,1,466.05
103,1,2,5,1,23,8,8,6,2,2,1,806.22
103,1,2,5,1,24,5,6,5,1,1,1,746.18
103,1,2,5,0,1,1,6,3,1,1,1,314.44
103,1,2,5,0,2,1,6,3,1,1,1,343.56
103,1,2,5,0,3,6,8,5,1,1,1,633.69
103,1,2,5,0,4,12,8,8,2,2,1,411.93
103,1,2,5,0,5,1,6,3,1,1,1,450.18
103,1,2,5,0,6,6,8,5,1,1,1,810.33
103,1,2,5,0,7,11,6,8,2,2,1,452.14
103,1,2,5,0,8,12,8,8,2,2,1,329.35
103,1,2,5,0,9,8,8,6,2,1,0,818.71
103,1,2,5,0,10,11,6,8,2,2,1,424.24
103,1,2,5,0,11,4,8,4,1,1,1,487.9
103,1,2,5,0,12,4,8,4,1,1,1,415.11
103,1,2,5,0,13,8,8,6,2,1,0,1297.4
103,1,2,5,0,14,11,6,8,2,2,1,472.99
103,1,2,5,0,15,4,8,4,1,1,1,390.08
103,1,2,5,0,16,6,8,5,1,1,1,365.49
103,1,2,5,0,17,2,8,3,1,1,1,334.45
103,1,2,5,0,18,9,6,7,2,2,1,503.25
103,1,2,5,0,19,11,6,8,2,2,1,312.4
103,1,2,5,0,20,10,8,7,2,2,1,617.61
103,1,2,5,0,21,7,6,6,2,1,0,705.01
103,1,2,5,0,22,1,6,3,1,1,1,487.54
103,1,2,5,0,23,6,8,5,1,1,1,845.8
103,1,2,5,0,24,1,6,3,1,1,1,407.62
103,1,2,5,0,25,3,6,4,1,1,1,396.93
103,1,2,5,0,26,3,6,4,1,1,1,313.85
103,1,2,5,0,27,7,6,6,2,2,1,924.59
103,1,2,5,0,28,2,8,3,1,1,1,460.99
103,1,2,5,0,29,3,6,4,1,1,1,433.82
103,1,2,5,0,30,5,6,5,1,1,1,896.88
103,1,2,5,0,31,4,8,4,1,1,1,463.19
103,1,2,5,0,32,8,8,6,2,2,1,582.53
103,1,2,5,0,33,11,6,8,2,2,1,305.1
103,1,2,5,0,34,10,8,7,2,2,1,439.78
103,1,2,5,0,35,1,6,3,1,1,1,481.04
103,1,2,5,0,36,6,8,5,1,1,1,568.24
103,1,2,5,0,37,7,6,6,2,1,0,504.84
103,1,2,5,0,38,2,8,3,1,1,1,459.4
103,1,2,5,0,39,8,8,6,2,2,1,684.71
103,1,2,5,0,40,5,6,5,1,1,1,1255.7
103,1,2,5,0,41,12,8,8,2,2,1,419.75
103,1,2,5,0,42,8,8,6,2,2,1,1177.3
103,1,2,5,0,43,2,8,3,1,1,1,482.19
103,1,2,5,0,44,4,8,4,1,1,1,344.28
103,1,2,5,0,45,5,6,5,1,1,1,352.16
103,1,2,5,0,46,8,8,6,2,2,1,803.46
103,1,2,5,0,47,10,8,7,2,2,1,562.46
103,1,2,5,0,48,7,6,6,2,2,1,1094.8
103,1,2,5,0,49,6,8,5,1,2,0,698.3
103,1,2,5,0,50,3,6,4,1,1,1,508.91
103,1,2,5,0,51,9,6,7,2,2,1,463.61
103,1,2,5,0,52,9,6,7,2,2,1,399.09
103,1,2,5,0,53,8,8,6,2,2,1,921.18
103,1,2,5,0,54,5,6,5,1,1,1,559.04
103,1,2,5,0,55,5,6,5,1,1,1,523.57
103,1,2,5,0,56,7,6,6,2,2,1,3535.2
103,1,2,5,0,57,4,8,4,1,1,1,577.09
103,1,2,5,0,58,3,6,4,1,1,1,536.15
103,1,2,5,0,59,10,8,7,2,2,1,465.64
103,1,2,5,0,60,4,8,4,1,2,0,763.7
103,1,2,5,0,61,6,8,5,1,1,1,1203.5
103,1,2,5,0,62,1,6,3,1,1,1,410.11
103,1,2,5,0,63,4,8,4,1,1,1,492.55
103,1,2,5,0,64,5,6,5,1,1,1,401.98
103,1,2,5,0,65,10,8,7,2,2,1,422
103,1,2,5,0,66,3,6,4,1,1,1,567.22
103,1,2,5,0,67,10,8,7,2,2,1,438.94
103,1,2,5,0,68,9,6,7,2,2,1,347.81
103,1,2,5,0,69,9,6,7,2,2,1,327.99
103,1,2,5,0,70,7,6,6,2,2,1,574.14
103,1,2,5,0,71,11,6,8,2,2,1,389.06
103,1,2,5,0,72,10,8,7,2,2,1,323.49
103,1,2,5,0,73,5,6,5,1,1,1,848.96
103,1,2,5,0,74,7,6,6,2,1,0,413.54
103,1,2,5,0,75,5,6,5,1,1,1,1218.2
103,1,2,5,0,76,10,8,7,2,2,1,457.63
103,1,2,5,0,77,11,6,8,2,2,1,358.3
103,1,2,5,0,78,9,6,7,2,2,1,606.21
103,1,2,5,0,79,2,8,3,1,1,1,447.78
103,1,2,5,0,80,9,6,7,2,2,1,435.25
103,1,2,5,0,81,12,8,8,2,2,1,459.58
103,1,2,5,0,82,3,6,4,1,1,1,449.56
103,1,2,5,0,83,6,8,5,1,1,1,428.51
103,1,2,5,0,84,2,8,3,1,1,1,419.17
103,1,2,5,0,85,7,6,6,2,2,1,1017.5
103,1,2,5,0,86,4,8,4,1,1,1,476.96
103,1,2,5,0,87,8,8,6,2,2,1,754.81
103,1,2,5,0,88,3,6,4,1,1,1,377.16
103,1,2,5,0,89,10,8,7,2,2,1,378.42
103,1,2,5,0,90,2,8,3,1,1,1,404.73
103,1,2,5,0,91,7,6,6,2,2,1,1380.8
103,1,2,5,0,92,2,8,3,1,1,1,347.55
103,1,2,5,0,93,5,6,5,1,1,1,1576.4
103,1,2,5,0,94,9,6,7,2,2,1,427.48
103,1,2,5,0,95,12,8,8,2,2,1,325.71
103,1,2,5,0,96,12,8,8,2,2,1,333.97
103,1,2,5,0,97,6,8,5,1,2,0,893.71
103,1,2,5,0,98,3,6,4,1,1,1,447.35
103,1,2,5,0,99,11,6,8,2,2,1,474.83
103,1,2,5,0,100,5,6,5,1,1,1,1175.8
103,1,2,5,0,101,1,6,3,1,1,1,475.7
103,1,2,5,0,102,9,6,7,2,2,1,1080.6
103,1,2,5,0,103,12,8,8,2,2,1,516.28
103,1,2,5,0,104,11,6,8,2,2,1,404.44
103,1,2,5,0,105,3,6,4,1,1,1,527.62
103,1,2,5,0,106,6,8,5,1,1,1,1082.6
103,1,2,5,0,107,8,8,6,2,1,0,667.64
103,1,2,5,0,108,8,8,6,2,2,1,651.64
103,1,2,5,0,109,12,8,8,2,2,1,361.62
103,1,2,5,0,110,1,6,3,1,1,1,492.5
103,1,2,5,0,111,1,6,3,1,1,1,324.4
103,1,2,5,0,112,10,8,7,2,2,1,418.42
103,1,2,5,0,113,9,6,7,2,2,1,416.84
103,1,2,5,0,114,11,6,8,2,2,1,367.84
103,1,2,5,0,115,4,8,4,1,1,1,553.41
103,1,2,5,0,116,7,6,6,2,2,1,1153.6
103,1,2,5,0,117,12,8,8,2,2,1,434.35
103,1,2,5,0,118,2,8,3,1,1,1,747.12
103,1,2,5,0,119,12,8,8,2,2,1,644.78
103,1,2,5,0,120,2,8,3,1,1,1,603.28
103,1,2,6,0,1,2,8,3,1,1,1,597.05
103,1,2,6,0,2,10,8,7,2,2,1,369.52
103,1,2,6,0,3,7,6,6,2,2,1,1082.2
103,1,2,6,0,4,9,6,7,2,2,1,275.83
103,1,2,6,0,5,1,6,3,1,1,1,469.82
103,1,2,6,0,6,12,8,8,2,2,1,423.33
103,1,2,6,0,7,11,6,8,2,2,1,327.97
103,1,2,6,0,8,4,8,4,1,1,1,738.4
103,1,2,6,0,9,9,6,7,2,2,1,997.41
103,1,2,6,0,10,2,8,3,1,1,1,465.65
103,1,2,6,0,11,3,6,4,1,1,1,438.36
103,1,2,6,0,12,10,8,7,2,2,1,481.98
103,1,2,6,0,13,11,6,8,2,2,1,523.42
103,1,2,6,0,14,7,6,6,2,2,1,985.8
103,1,2,6,0,15,4,8,4,1,1,1,948.7
103,1,2,6,0,16,12,8,8,2,2,1,462.17
103,1,2,6,0,17,8,8,6,2,2,1,588.49
103,1,2,6,0,18,7,6,6,2,2,1,1165.7
103,1,2,6,0,19,12,8,8,2,2,1,371.39
103,1,2,6,0,20,4,8,4,1,1,1,685.39
103,1,2,6,0,21,8,8,6,2,2,1,845.94
103,1,2,6,0,22,3,6,4,1,1,1,502.6
103,1,2,6,0,23,2,8,3,1,1,1,519.22
103,1,2,6,0,24,5,6,5,1,1,1,993.32
103,1,2,6,0,25,8,8,6,2,2,1,888.88
103,1,2,6,0,26,12,8,8,2,2,1,364.73
103,1,2,6,0,27,7,6,6,2,2,1,1649.5
103,1,2,6,0,28,6,8,5,1,1,1,610.86
103,1,2,6,0,29,3,6,4,1,1,1,352.19
103,1,2,6,0,30,12,8,8,2,2,1,748.94
103,1,2,6,0,31,9,6,7,2,2,1,944.68
103,1,2,6,0,32,6,8,5,1,1,1,1501.6
103,1,2,6,0,33,7,6,6,2,2,1,1063.9
103,1,2,6,0,34,12,8,8,2,2,1,399.59
103,1,2,6,0,35,5,6,5,1,1,1,771.03
103,1,2,6,0,36,5,6,5,1,1,1,418.67
103,1,2,6,0,37,5,6,5,1,1,1,434.45
103,1,2,6,0,38,4,8,4,1,1,1,468.54
103,1,2,6,0,39,3,6,4,1,1,1,340.93
103,1,2,6,0,40,2,8,3,1,1,1,477.2
103,1,2,6,0,41,11,6,8,2,2,1,586.71
103,1,2,6,0,42,10,8,7,2,2,1,571.34
103,1,2,6,0,43,6,8,5,1,2,0,1278.8
103,1,2,6,0,44,10,8,7,2,2,1,501.24
103,1,2,6,0,45,3,6,4,1,1,1,1192
103,1,2,6,0,46,7,6,6,2,2,1,754.04
103,1,2,6,0,47,9,6,7,2,2,1,406.62
103,1,2,6,0,48,2,8,3,1,1,1,522.37
103,1,2,6,0,49,10,8,7,2,2,1,464.82
103,1,2,6,0,50,1,6,3,1,1,1,474.67
103,1,2,6,0,51,3,6,4,1,1,1,385.44
103,1,2,6,0,52,8,8,6,2,2,1,629.69
103,1,2,6,0,53,10,8,7,2,2,1,402.6
103,1,2,6,0,54,5,6,5,1,1,1,1393.4
103,1,2,6,0,55,8,8,6,2,2,1,726.83
103,1,2,6,0,56,5,6,5,1,1,1,959.55
103,1,2,6,0,57,12,8,8,2,2,1,421.04
103,1,2,6,0,58,6,8,5,1,2,0,1595.3
103,1,2,6,0,59,10,8,7,2,2,1,496.52
103,1,2,6,0,60,4,8,4,1,1,1,664.08
103,1,2,6,0,61,8,8,6,2,2,1,650.05
103,1,2,6,0,62,1,6,3,1,1,1,482.51
103,1,2,6,0,63,1,6,3,1,1,1,319.68
103,1,2,6,0,64,12,8,8,2,2,1,392.17
103,1,2,6,0,65,2,8,3,1,1,1,501.88
103,1,2,6,0,66,9,6,7,2,2,1,406.51
103,1,2,6,0,67,9,6,7,2,2,1,427.77
103,1,2,6,0,68,9,6,7,2,2,1,360.37
103,1,2,6,0,69,1,6,3,1,1,1,433.82
103,1,2,6,0,70,8,8,6,2,2,1,1186.8
103,1,2,6,0,71,2,8,3,1,1,1,446.94
103,1,2,6,0,72,6,8,5,1,1,1,2089.5
103,1,2,6,0,73,7,6,6,2,2,1,633.85
103,1,2,6,0,74,9,6,7,2,2,1,467.11
103,1,2,6,0,75,1,6,3,1,1,1,445.23
103,1,2,6,0,76,8,8,6,2,2,1,1131.8
103,1,2,6,0,77,1,6,3,1,1,1,376.46
103,1,2,6,0,78,8,8,6,2,2,1,584.33
103,1,2,6,0,79,4,8,4,1,1,1,923.61
103,1,2,6,0,80,7,6,6,2,2,1,969.34
103,1,2,6,0,81,3,6,4,1,1,1,492.84
103,1,2,6,0,82,6,8,5,1,2,0,796.83
103,1,2,6,0,83,4,8,4,1,1,1,705.88
103,1,2,6,0,84,11,6,8,2,2,1,430.05
103,1,2,6,0,85,5,6,5,1,1,1,890.55
103,1,2,6,0,86,4,8,4,1,1,1,377.98
103,1,2,6,0,87,4,8,4,1,1,1,464.16
103,1,2,6,0,88,12,8,8,2,2,1,350.16
103,1,2,6,0,89,10,8,7,2,2,1,426.93
103,1,2,6,0,90,11,6,8,2,2,1,379.46
103,1,2,6,0,91,5,6,5,1,1,1,2232.8
103,1,2,6,0,92,9,6,7,2,2,1,619.12
103,1,2,6,0,93,11,6,8,2,2,1,344.92
103,1,2,6,0,94,9,6,7,2,2,1,401.02
103,1,2,6,0,95,6,8,5,1,1,1,363.27
103,1,2,6,0,96,3,6,4,1,1,1,366.16
103,1,2,6,0,97,5,6,5,1,1,1,407.91
103,1,2,6,0,98,6,8,5,1,1,1,539.42
103,1,2,6,0,99,1,6,3,1,1,1,447.71
103,1,2,6,0,100,2,8,3,1,1,1,350.54
103,1,2,6,0,101,12,8,8,2,2,1,400.4
103,1,2,6,0,102,6,8,5,1,2,0,1023.6
103,1,2,6,0,103,11,6,8,2,2,1,356.58
103,1,2,6,0,104,11,6,8,2,2,1,341.25
103,1,2,6,0,105,4,8,4,1,1,1,712
103,1,2,6,0,106,10,8,7,2,2,1,398.05
103,1,2,6,0,107,7,6,6,2,1,0,1529
103,1,2,6,0,108,8,8,6,2,2,1,1426.9
103,1,2,6,0,109,11,6,8,2,2,1,318.68
103,1,2,6,0,110,11,6,8,2,2,1,311.29
103,1,2,6,0,111,3,6,4,1,1,1,509.12
103,1,2,6,0,112,5,6,5,1,1,1,398.48
103,1,2,6,0,113,2,8,3,1,1,1,455.04
103,1,2,6,0,114,3,6,4,1,1,1,543.15
103,1,2,6,0,115,7,6,6,2,2,1,607.51
103,1,2,6,0,116,1,6,3,1,1,1,750.8
103,1,2,6,0,117,6,8,5,1,1,1,1832
103,1,2,6,0,118,1,6,3,1,1,1,423.48
103,1,2,6,0,119,2,8,3,1,1,1,409.1
103,1,2,6,0,120,10,8,7,2,2,1,618.32
