101,1,3,5,1,1,7,6,6,2,2,1,727.84
101,1,3,5,1,2,2,8,3,1,1,1,521.34
101,1,3,5,1,3,7,6,6,2,2,1,604.27
101,1,3,5,1,4,11,6,8,2,2,1,683.81
101,1,3,5,1,5,10,8,7,2,2,1,725.53
101,1,3,5,1,6,5,6,5,1,2,0,2397.2
101,1,3,5,1,7,4,8,4,1,1,1,862.84
101,1,3,5,1,8,6,8,5,1,1,1,2298.4
101,1,3,5,1,9,8,8,6,2,2,1,656.58
101,1,3,5,1,10,3,6,4,1,1,1,631.88
101,1,3,5,1,11,9,6,7,2,2,1,591.12
101,1,3,5,1,12,4,8,4,1,1,1,811.65
101,1,3,5,1,13,9,6,7,2,2,1,594.84
101,1,3,5,1,14,3,6,4,1,1,1,673.76
101,1,3,5,1,15,10,8,7,2,2,1,490.97
101,1,3,5,1,16,8,8,6,2,2,1,685.55
101,1,3,5,1,17,2,8,3,1,1,1,629.72
101,1,3,5,1,18,5,6,5,1,2,0,1927.7
101,1,3,5,1,19,6,8,5,1,1,1,954.78
101,1,3,5,1,20,12,8,8,2,2,1,717.01
101,1,3,5,1,21,12,8,8,2,2,1,583.74
101,1,3,5,1,22,11,6,8,2,2,1,682.09
101,1,3,5,1,23,1,6,3,1,1,1,633.37
101,1,3,5,1,24,1,6,3,1,1,1,837.64
101,1,3,5,0,1,2,8,3,1,1,1,536.31
101,1,3,5,0,2,6,8,5,1,1,1,1704.5
101,1,3,5,0,3,9,6,7,2,2,1,548.48
101,1,3,5,0,4,12,8,8,2,2,1,732.69
101,1,3,5,0,5,8,8,6,2,2,1,1088.2
101,1,3,5,0,6,3,6,4,1,1,1,1208.1
101,1,3,5,0,7,11,6,8,2,2,1,925.5
101,1,3,5,0,8,3,6,4,1,1,1,573.08
101,1,3,5,0,9,3,6,4,1,1,1,577.35
101,1,3,5,0,10,5,6,5,1,1,1,1084
101,1,3,5,0,11,2,8,3,1,1,1,804.48
101,1,3,5,0,12,6,8,5,1,1,1,1396.5
101,1,3,5,0,13,6,8,5,1,1,1,579.28
101,1,3,5,0,14,1,6,3,1,1,1,601.25
101,1,3,5,0,15,2,8,3,1,1,1,1101.6
101,1,3,5,0,16,3,6,4,1,1,1,640.2
101,1,3,5,0,17,4,8,4,1,1,1,501.89
101,1,3,5,0,18,9,6,7,2,2,1,686.38
101,1,3,5,0,19,1,6,3,1,1,1,512.01
101,1,3,5,0,20,10,8,7,2,2,1,1046.9
101,1,3,5,0,21,11,6,8,2,2,1,594.36
101,1,3,5,0,22,8,8,6,2,2,1,996.15
101,1,3,5,0,23,1,6,3,1,1,1,756.07
101,1,3,5,0,24,5,6,5,1,1,1,2190.6
101,1,3,5,0,25,1,6,3,1,1,1,664.18
101,1,3,5,0,26,5,6,5,1,1,1,719.27
101,1,3,5,0,27,6,8,5,1,1,1,617.58
101,1,3,5,0,28,5,6,5,1,1,1,1106.3
101,1,3,5,0,29,11,6,8,2,2,1,870.95
101,1,3,5,0,30,7,6,6,2,2,1,738.88
101,1,3,5,0,31,5,6,5,1,1,1,1198.5
101,1,3,5,0,32,6,8,5,1,1,1,1729.7
101,1,3,5,0,33,2,8,3,1,1,1,521.71
101,1,3,5,0,34,8,8,6,2,2,1,1645
101,1,3,5,0,35,12,8,8,2,2,1,535.1
101,1,3,5,0,36,4,8,4,1,1,1,580.21
101,1,3,5,0,37,3,6,4,1,1,1,504.81
101,1,3,5,0,38,12,8,8,2,2,1,526.63
101,1,3,5,0,39,8,8,6,2,2,1,1554.5
101,1,3,5,0,40,2,8,3,1,1,1,580.69
101,1,3,5,0,41,8,8,6,2,2,1,2229.1
101,1,3,5,0,42,4,8,4,1,1,1,642.06
101,1,3,5,0,43,10,8,7,2,2,1,791.02
101,1,3,5,0,44,7,6,6,2,2,1,1418.9
101,1,3,5,0,45,5,6,5,1,1,1,1007.3
101,1,3,5,0,46,1,6,3,1,1,1,571.29
101,1,3,5,0,47,1,6,3,1,1,1,607.64
101,1,3,5,0,48,3,6,4,1,1,1,616.83
101,1,3,5,0,49,2,8,3,1,1,1,456.62
101,1,3,5,0,50,10,8,7,2,2,1,702.37
101,1,3,5,0,51,2,8,3,1,1,1,502.63
101,1,3,5,0,52,9,6,7,2,2,1,1524.1
101,1,3,5,0,53,9,6,7,2,2,1,540.36
101,1,3,5,0,54,5,6,5,1,1,1,1468
101,1,3,5,0,55,7,6,6,2,2,1,1845.2
101,1,3,5,0,56,5,6,5,1,1,1,627.44
101,1,3,5,0,57,10,8,7,2,2,1,882.23
101,1,3,5,0,58,9,6,7,2,2,1,693.75
101,1,3,5,0,59,9,6,7,2,2,1,536.6
101,1,3,5,0,60,4,8,4,1,1,1,674.37
101,1,3,5,0,61,8,8,6,2,2,1,1955.5
101,1,3,5,0,62,12,8,8,2,2,1,514.26
101,1,3,5,0,63,7,6,6,2,2,1,1076.9
101,1,3,5,0,64,4,8,4,1,1,1,608.46
101,1,3,5,0,65,4,8,4,1,1,1,521.93
101,1,3,5,0,66,10,8,7,2,2,1,827.32
101,1,3,5,0,67,12,8,8,2,2,1,524.78
101,1,3,5,0,68,1,6,3,1,1,1,671.3
101,1,3,5,0,69,11,6,8,2,2,1,569.09
101,1,3,5,0,70,8,8,6,2,2,1,1440.3
101,1,3,5,0,71,7,6,6,2,2,1,2053.5
101,1,3,5,0,72,12,8,8,2,2,1,650.4
101,1,3,5,0,73,9,6,7,2,2,1,484.08
101,1,3,5,0,74,9,6,7,2,2,1,645.36
101,1,3,5,0,75,11,6,8,2,2,1,506.75
101,1,3,5,0,76,2,8,3,1,1,1,737.33
101,1,3,5,0,77,4,8,4,1,1,1,1176.3
101,1,3,5,0,78,2,8,3,1,1,1,807.61
101,1,3,5,0,79,11,6,8,2,2,1,603.7
101,1,3,5,0,80,3,6,4,1,1,1,666.73
101,1,3,5,0,81,1,6,3,1,1,1,678.34
101,1,3,5,0,82,10,8,7,2,2,1,658.91
101,1,3,5,0,83,3,6,4,1,1,1,902.05
101,1,3,5,0,84,4,8,4,1,1,1,719.15
101,1,3,5,0,85,7,6,6,2,2,1,1485
101,1,3,5,0,86,9,6,7,2,2,1,1215.1
101,1,3,5,0,87,10,8,7,2,2,1,630.69
101,1,3,5,0,88,12,8,8,2,2,1,543.32
101,1,3,5,0,89,7,6,6,2,2,1,802.79
101,1,3,5,0,90,4,8,4,1,1,1,859.68
101,1,3,5,0,91,1,6,3,1,1,1,595.35
101,1,3,5,0,92,3,6,4,1,1,1,899.51
101,1,3,5,0,93,8,8,6,2,2,1,1467.4
101,1,3,5,0,94,7,6,6,2,2,1,2277.7
101,1,3,5,0,95,11,6,8,2,2,1,590.4
101,1,3,5,0,96,6,8,5,1,1,1,759.37
101,1,3,5,0,97,12,8,8,2,2,1,564.75
101,1,3,5,0,98,11,6,8,2,2,1,1392.8
101,1,3,5,0,99,10,8,7,2,2,1,958.3
101,1,3,5,0,100,9,6,7,2,2,1,499.15
101,1,3,5,0,101,12,8,8,2,2,1,665.49
101,1,3,5,0,102,8,8,6,2,2,1,1145.3
101,1,3,5,0,103,10,8,7,2,2,1,909.3
101,1,3,5,0,104,3,6,4,1,1,1,595.67
101,1,3,5,0,105,5,6,5,1,1,1,2598.2
101,1,3,5,0,106,6,8,5,1,1,1,856.82
101,1,3,5,0,107,6,8,5,1,1,1,518.1
101,1,3,5,0,108,4,8,4,1,1,1,640.76
101,1,3,5,0,109,12,8,8,2,2,1,686.4
101,1,3,5,0,110,5,6,5,1,1,1,918.17
101,1,3,5,0,111,7,6,6,2,2,1,1405.5
101,1,3,5,0,112,11,6,8,2,2,1,531.64
101,1,3,5,0,113,8,8,6,2,2,1,3351.1
101,1,3,5,0,114,10,8,7,2,2,1,789.21
101,1,3,5,0,115,6,8,5,1,1,1,670.86
101,1,3,5,0,116,1,6,3,1,1,1,523.67
101,1,3,5,0,117,7,6,6,2,2,1,1307.6
101,1,3,5,0,118,11,6,8,2,2,1,999.4
101,1,3,5,0,119,6,8,5,1,1,1,737.47
101,1,3,5,0,120,2,8,3,1,1,1,597.5
101,1,3,6,0,1,10,8,7,2,2,1,1045.7
101,1,3,6,0,2,6,8,5,1,1,1,1416
101,1,3,6,0,3,8,8,6,2,2,1,852.28
101,1,3,6,0,4,4,8,4,1,1,1,848.45
101,1,3,6,0,5,7,6,6,2,2,1,673.78
101,1,3,6,0,6,2,8,3,1,1,1,978.48
101,1,3,6,0,7,9,6,7,2,2,1,669.15
101,1,3,6,0,8,2,8,3,1,1,1,571.73
101,1,3,6,0,9,8,8,6,2,2,1,596.26
101,1,3,6,0,10,9,6,7,2,2,1,658.29
101,1,3,6,0,11,6,8,5,1,1,1,4074.9
101,1,3,6,0,12,11,6,8,2,2,1,568.68
101,1,3,6,0,13,11,6,8,2,2,1,453.96
101,1,3,6,0,14,4,8,4,1,1,1,642.01
101,1,3,6,0,15,1,6,3,1,1,1,649.88
101,1,3,6,0,16,6,8,5,1,1,1,489.83
101,1,3,6,0,17,10,8,7,2,2,1,605.5
101,1,3,6,0,18,4,8,4,1,1,1,563.61
101,1,3,6,0,19,10,8,7,2,2,1,650.52
101,1,3,6,0,20,3,6,4,1,1,1,570.62
101,1,3,6,0,21,6,8,5,1,1,1,767.6
101,1,3,6,0,22,4,8,4,1,1,1,595.51
101,1,3,6,0,23,8,8,6,2,2,1,1629.5
101,1,3,6,0,24,3,6,4,1,1,1,551.25
101,1,3,6,0,25,11,6,8,2,2,1,512.65
101,1,3,6,0,26,7,6,6,2,2,1,1176.9
101,1,3,6,0,27,2,8,3,1,1,1,514.45
101,1,3,6,0,28,7,6,6,2,2,1,624.32
101,1,3,6,0,29,1,6,3,1,1,1,765.11
101,1,3,6,0,30,6,8,5,1,1,1,759.8
101,1,3,6,0,31,11,6,8,2,2,1,510.47
101,1,3,6,0,32,5,6,5,1,1,1,1763.4
101,1,3,6,0,33,4,8,4,1,1,1,502.78
101,1,3,6,0,34,10,8,7,2,2,1,876.72
101,1,3,6,0,35,10,8,7,2,2,1,659.49
101,1,3,6,0,36,2,8,3,1,1,1,891.23
101,1,3,6,0,37,3,6,4,1,1,1,635.76
101,1,3,6,0,38,6,8,5,1,1,1,835.8
101,1,3,6,0,39,12,8,8,2,2,1,510.46
101,1,3,6,0,40,7,6,6,2,2,1,977.34
101,1,3,6,0,41,11,6,8,2,2,1,512.45
101,1,3,6,0,42,12,8,8,2,2,1,527.55
101,1,3,6,0,43,3,6,4,1,1,1,695.39
101,1,3,6,0,44,10,8,7,2,2,1,760.88
101,1,3,6,0,45,1,6,3,1,1,1,544.86
101,1,3,6,0,46,1,6,3,1,1,1,843.14
101,1,3,6,0,47,7,6,6,2,2,1,826.98
101,1,3,6,0,48,2,8,3,1,1,1,618.76
101,1,3,6,0,49,3,6,4,1,1,1,545.78
101,1,3,6,0,50,6,8,5,1,1,1,618.02
101,1,3,6,0,51,5,6,5,1,1,1,544.37
101,1,3,6,0,52,7,6,6,2,1,0,439.06
101,1,3,6,0,53,4,8,4,1,1,1,750.36
101,1,3,6,0,54,12,8,8,2,2,1,582.4
101,1,3,6,0,55,8,8,6,2,2,1,2086.6
101,1,3,6,0,56,1,6,3,1,1,1,834.04
101,1,3,6,0,57,2,8,3,1,1,1,761.34
101,1,3,6,0,58,4,8,4,1,1,1,1152.4
101,1,3,6,0,59,8,8,6,2,2,1,871.33
101,1,3,6,0,60,2,8,3,1,1,1,675.65
101,1,3,6,0,61,7,6,6,2,2,1,874.34
101,1,3,6,0,62,1,6,3,1,1,1,766.28
101,1,3,6,0,63,9,6,7,2,2,1,706.08
101,1,3,6,0,64,7,6,6,2,2,1,712.3
101,1,3,6,0,65,12,8,8,2,2,1,912.48
101,1,3,6,0,66,3,6,4,1,1,1,1617
101,1,3,6,0,67,12,8,8,2,2,1,545.95
101,1,3,6,0,68,8,8,6,2,2,1,1400.2
101,1,3,6,0,69,5,6,5,1,1,1,673.55
101,1,3,6,0,70,5,6,5,1,1,1,1165.7
101,1,3,6,0,71,3,6,4,1,1,1,531.78
101,1,3,6,0,72,2,8,3,1,1,1,850.12
101,1,3,6,0,73,11,6,8,2,2,1,460.41
101,1,3,6,0,74,5,6,5,1,1,1,1185.4
101,1,3,6,0,75,11,6,8,2,2,1,439.44
101,1,3,6,0,76,9,6,7,2,2,1,435.01
101,1,3,6,0,77,11,6,8,2,2,1,481.66
101,1,3,6,0,78,7,6,6,2,2,1,1029.9
101,1,3,6,0,79,10,8,7,2,2,1,696.64
101,1,3,6,0,80,8,8,6,2,2,1,1229.6
101,1,3,6,0,81,9,6,7,2,2,1,705.14
101,1,3,6,0,82,4,8,4,1,1,1,634.46
101,1,3,6,0,83,11,6,8,2,2,1,577.3
101,1,3,6,0,84,1,6,3,1,1,1,614.97
101,1,3,6,0,85,5,6,5,1,1,1,748.95
101,1,3,6,0,86,12,8,8,2,2,1,539.38
101,1,3,6,0,87,9,6,7,2,2,1,875.63
101,1,3,6,0,88,3,6,4,1,1,1,1243.1
101,1,3,6,0,89,8,8,6,2,2,1,1278.6
101,1,3,6,0,90,1,6,3,1,1,1,1199.5
101,1,3,6,0,91,2,8,3,1,1,1,572.72
101,1,3,6,0,92,7,6,6,2,2,1,632.37
101,1,3,6,0,93,9,6,7,2,2,1,513.9
101,1,3,6,0,94,3,6,4,1,1,1,697.62
101,1,3,6,0,95,11,6,8,2,2,1,564.87
101,1,3,6,0,96,9,6,7,2,2,1,709
101,1,3,6,0,97,8,8,6,2,2,1,1399.6
101,1,3,6,0,98,2,8,3,1,1,1,571.89
101,1,3,6,0,99,4,8,4,1,1,1,676.29
101,1,3,6,0,100,5,6,5,1,1,1,1019.9
101,1,3,6,0,101,10,8,7,2,2,1,536.69
101,1,3,6,0,102,9,6,7,2,2,1,555.84
101,1,3,6,0,103,6,8,5,1,1,1,1090
101,1,3,6,0,104,9,6,7,2,2,1,1103.6
101,1,3,6,0,105,1,6,3,1,1,1,620.31
101,1,3,6,0,106,5,6,5,1,1,1,1150.9
101,1,3,6,0,107,12,8,8,2,2,1,573.77
101,1,3,6,0,108,6,8,5,1,1,1,627.06
101,1,3,6,0,109,10,8,7,2,2,1,849.45
101,1,3,6,0,110,5,6,5,1,1,1,536.64
101,1,3,6,0,111,12,8,8,2,2,1,563.67
101,1,3,6,0,112,1,6,3,1,1,1,529.26
101,1,3,6,0,113,6,8,5,1,1,1,821.13
101,1,3,6,0,114,4,8,4,1,1,1,531.6
101,1,3,6,0,115,12,8,8,2,2,1,588.6
101,1,3,6,0,116,8,8,6,2,2,1,1290.6
101,1,3,6,0,117,10,8,7,2,2,1,557.31
101,1,3,6,0,118,12,8,8,2,2,1,680.37
101,1,3,6,0,119,3,6,4,1,1,1,627.12
101,1,3,6,0,120,5,6,5,1,1,1,676.09
101,1,3,4,1,1,4,8,4,1,1,1,840.91
101,1,3,4,1,2,9,6,7,2,2,1,554.1
101,1,3,4,1,3,6,8,5,1,1,1,620.61
101,1,3,4,1,4,6,8,5,1,1,1,527.91
101,1,3,4,1,5,9,6,7,2,2,1,477.14
101,1,3,4,1,6,9,6,7,2,2,1,439.96
101,1,3,4,1,7,6,8,5,1,1,1,760.1
101,1,3,4,1,8,4,8,4,1,1,1,483.91
101,1,3,4,1,9,7,6,6,2,2,1,514.54
101,1,3,4,1,10,7,6,6,2,2,1,519.43
101,1,3,4,1,11,7,6,6,2,2,1,454.96
101,1,3,4,1,12,4,8,4,1,1,1,637.51
101,1,3,4,1,13,4,8,4,1,1,1,568.72
101,1,3,4,1,14,2,8,3,1,1,1,518.16
101,1,3,4,1,15,11,6,8,2,2,1,518.73
101,1,3,4,1,16,9,6,7,2,2,1,450.46
101,1,3,4,1,17,2,8,3,1,1,1,689.03
101,1,3,4,1,18,11,6,8,2,2,1,522.27
101,1,3,4,1,19,2,8,3,1,1,1,495.89
101,1,3,4,1,20,11,6,8,2,2,1,495.49
101,1,3,4,1,21,2,8,3,1,1,1,806.72
101,1,3,4,1,22,7,6,6,2,2,1,517.77
101,1,3,4,1,23,6,8,5,1,1,1,1111.9
101,1,3,4,1,24,11,6,8,2,2,1,802.46
101,1,3,4,0,1,9,6,7,2,2,1,2672.9
101,1,3,4,0,2,7,6,6,2,2,1,672.15
101,1,3,4,0,3,4,8,4,1,1,1,638.93
101,1,3,4,0,4,11,6,8,2,2,1,605.67
101,1,3,4,0,5,7,6,6,2,2,1,700.27
101,1,3,4,0,6,7,6,6,2,2,1,510.81
101,1,3,4,0,7,2,8,3,1,1,1,538.59
101,1,3,4,0,8,6,8,5,1,1,1,1306.3
101,1,3,4,0,9,11,6,8,2,2,1,439.08
101,1,3,4,0,10,11,6,8,2,2,1,453.29
101,1,3,4,0,11,7,6,6,2,2,1,671.28
101,1,3,4,0,12,4,8,4,1,1,1,490.65
101,1,3,4,0,13,6,8,5,1,1,1,1829.6
101,1,3,4,0,14,11,6,8,2,2,1,766.36
101,1,3,4,0,15,6,8,5,1,1,1,851.37
101,1,3,4,0,16,7,6,6,2,2,1,723.44
101,1,3,4,0,17,2,8,3,1,1,1,601.45
101,1,3,4,0,18,4,8,4,1,1,1,502.65
101,1,3,4,0,19,9,6,7,2,2,1,571.47
101,1,3,4,0,20,4,8,4,1,1,1,732.95
101,1,3,4,0,21,11,6,8,2,2,1,587.96
101,1,3,4,0,22,9,6,7,2,2,1,507.42
101,1,3,4,0,23,6,8,5,1,1,1,1476
101,1,3,4,0,24,6,8,5,1,1,1,622.1
101,1,3,4,0,25,9,6,7,2,2,1,832.58
101,1,3,4,0,26,4,8,4,1,1,1,819.15
101,1,3,4,0,27,7,6,6,2,2,1,783.45
101,1,3,4,0,28,7,6,6,2,2,1,738.27
101,1,3,4,0,29,11,6,8,2,2,1,501.46
101,1,3,4,0,30,9,6,7,2,2,1,520.28
101,1,3,4,0,31,7,6,6,2,2,1,1140.9
101,1,3,4,0,32,4,8,4,1,1,1,805.27
101,1,3,4,0,33,9,6,7,2,2,1,480.2
101,1,3,4,0,34,9,6,7,2,2,1,741.27
101,1,3,4,0,35,7,6,6,2,2,1,651.03
101,1,3,4,0,36,7,6,6,2,2,1,527.96
101,1,3,4,0,37,6,8,5,1,1,1,645.36
101,1,3,4,0,38,4,8,4,1,1,1,756.47
101,1,3,4,0,39,2,8,3,1,1,1,593.1
101,1,3,4,0,40,4,8,4,1,1,1,492.81
101,1,3,4,0,41,9,6,7,2,2,1,674.65
101,1,3,4,0,42,11,6,8,2,2,1,690.71
101,1,3,4,0,43,9,6,7,2,2,1,730.83
101,1,3,4,0,44,6,8,5,1,1,1,718.9
101,1,3,4,0,45,11,6,8,2,2,1,693.74
101,1,3,4,0,46,7,6,6,2,2,1,647.14
101,1,3,4,0,47,11,6,8,2,2,1,498.18
101,1,3,4,0,48,9,6,7,2,2,1,681.75
101,1,3,4,0,49,2,8,3,1,1,1,815.54
101,1,3,4,0,50,2,8,3,1,1,1,673.75
101,1,3,4,0,51,4,8,4,1,1,1,540.04
101,1,3,4,0,52,11,6,8,2,2,1,569.52
101,1,3,4,0,53,7,6,6,2,2,1,524.6
101,1,3,4,0,54,11,6,8,2,2,1,410.44
101,1,3,4,0,55,6,8,5,1,1,1,875.99
101,1,3,4,0,56,6,8,5,1,1,1,569.6
101,1,3,4,0,57,4,8,4,1,1,1,634.39
101,1,3,4,0,58,2,8,3,1,1,1,569.3
101,1,3,4,0,59,9,6,7,2,2,1,788.91
101,1,3,4,0,60,11,6,8,2,2,1,738.78
101,1,3,4,0,61,4,8,4,1,1,1,930.19
101,1,3,4,0,62,6,8,5,1,1,1,684.82
101,1,3,4,0,63,9,6,7,2,2,1,512.38
101,1,3,4,0,64,4,8,4,1,1,1,770.05
101,1,3,4,0,65,6,8,5,1,1,1,654.51
101,1,3,4,0,66,6,8,5,1,1,1,500.89
101,1,3,4,0,67,2,8,3,1,1,1,566.01
101,1,3,4,0,68,9,6,7,2,2,1,587.13
101,1,3,4,0,69,6,8,5,1,1,1,1061.3
101,1,3,4,0,70,2,8,3,1,1,1,609.68
101,1,3,4,0,71,6,8,5,1,1,1,589.35
101,1,3,4,0,72,7,6,6,2,2,1,894.06
101,1,3,4,0,73,6,8,5,1,1,1,707.73
101,1,3,4,0,74,9,6,7,2,2,1,549.6
101,1,3,4,0,75,2,8,3,1,1,1,877.71
101,1,3,4,0,76,4,8,4,1,1,1,468.28
101,1,3,4,0,77,2,8,3,1,1,1,835.83
101,1,3,4,0,78,6,8,5,1,1,1,840.38
101,1,3,4,0,79,6,8,5,1,1,1,454.29
101,1,3,4,0,80,6,8,5,1,1,1,446.18
101,1,3,4,0,81,11,6,8,2,2,1,492.04
101,1,3,4,0,82,11,6,8,2,2,1,555.25
101,1,3,4,0,83,2,8,3,1,1,1,557.42
101,1,3,4,0,84,9,6,7,2,2,1,513.29
101,1,3,4,0,85,9,6,7,2,2,1,853.85
101,1,3,4,0,86,7,6,6,2,2,1,639.09
101,1,3,4,0,87,11,6,8,2,2,1,518.58
101,1,3,4,0,88,9,6,7,2,2,1,414.85
101,1,3,4,0,89,2,8,3,1,1,1,643.9
101,1,3,4,0,90,7,6,6,2,2,1,661.69
101,1,3,4,0,91,2,8,3,1,1,1,794.65
101,1,3,4,0,92,4,8,4,1,1,1,531.31
101,1,3,4,0,93,11,6,8,2,2,1,557.44
101,1,3,4,0,94,9,6,7,2,2,1,448.41
101,1,3,4,0,95,2,8,3,1,1,1,893.68
101,1,3,4,0,96,4,8,4,1,1,1,569.02
101,1,3,4,0,97,4,8,4,1,1,1,477.95
101,1,3,4,0,98,9,6,7,2,2,1,839.68
101,1,3,4,0,99,4,8,4,1,1,1,1380.4
101,1,3,4,0,100,2,8,3,1,1,1,531.85
101,1,3,4,0,101,2,8,3,1,1,1,510.64
101,1,3,4,0,102,6,8,5,1,1,1,591.84
101,1,3,4,0,103,4,8,4,1,1,1,479.12
101,1,3,4,0,104,2,8,3,1,1,1,730.4
101,1,3,4,0,105,2,8,3,1,1,1,767.92
101,1,3,4,0,106,11,6,8,2,2,1,516.89
101,1,3,4,0,107,7,6,6,2,2,1,819.83
101,1,3,4,0,108,7,6,6,2,2,1,726.83
101,1,3,4,0,109,11,6,8,2,2,1,484.02
101,1,3,4,0,110,7,6,6,2,2,1,774.54
101,1,3,4,0,111,4,8,4,1,1,1,514.56
101,1,3,4,0,112,2,8,3,1,1,1,745
101,1,3,4,0,113,7,6,6,2,2,1,720.8
101,1,3,4,0,114,11,6,8,2,2,1,433.96
101,1,3,4,0,115,6,8,5,1,1,1,1920.5
101,1,3,4,0,116,2,8,3,1,1,1,583.51
101,1,3,4,0,117,4,8,4,1,1,1,597.98
101,1,3,4,0,118,11,6,8,2,2,1,544.06
101,1,3,4,0,119,7,6,6,2,2,1,702.43
101,1,3,4,0,120,9,6,7,2,2,1,518.74
101,1,3,3,1,1,10,8,7,2,2,1,666.84
101,1,3,3,1,2,1,6,3,1,1,1,737.71
101,1,3,3,1,3,12,8,8,2,2,1,420.34
101,1,3,3,1,4,3,6,4,1,1,1,530.05
101,1,3,3,1,5,1,6,3,1,1,1,664.83
101,1,3,3,1,6,12,8,8,2,2,1,477.59
101,1,3,3,1,7,12,8,8,2,2,1,710.96
101,1,3,3,1,8,8,8,6,2,2,1,983.23
101,1,3,3,1,9,3,6,4,1,1,1,1121.4
101,1,3,3,1,10,5,6,5,1,1,1,2637.1
101,1,3,3,1,11,12,8,8,2,2,1,473.19
101,1,3,3,1,12,5,6,5,1,1,1,691.33
101,1,3,3,1,13,3,6,4,1,1,1,641.64
101,1,3,3,1,14,5,6,5,1,1,1,740.9
101,1,3,3,1,15,10,8,7,2,2,1,418.07
101,1,3,3,1,16,8,8,6,2,2,1,1280.9
101,1,3,3,1,17,5,6,5,1,1,1,809.31
101,1,3,3,1,18,3,6,4,1,1,1,536.19
101,1,3,3,1,19,8,8,6,2,1,0,1855.1
101,1,3,3,1,20,1,6,3,1,1,1,722.18
101,1,3,3,1,21,8,8,6,2,2,1,732.03
101,1,3,3,1,22,1,6,3,1,1,1,750.92
101,1,3,3,1,23,10,8,7,2,2,1,1036
101,1,3,3,1,24,10,8,7,2,2,1,620.57
101,1,3,3,0,1,8,8,6,2,2,1,1464.3
101,1,3,3,0,2,5,6,5,1,1,1,604.86
101,1,3,3,0,3,8,8,6,2,2,1,2226.5
101,1,3,3,0,4,12,8,8,2,2,1,948.78
101,1,3,3,0,5,10,8,7,2,2,1,646.6
101,1,3,3,0,6,5,6,5,1,1,1,741.81
101,1,3,3,0,7,1,6,3,1,1,1,604.13
101,1,3,3,0,8,10,8,7,2,2,1,1450.9
101,1,3,3,0,9,10,8,7,2,2,1,749.6
101,1,3,3,0,10,3,6,4,1,1,1,1194
101,1,3,3,0,11,12,8,8,2,2,1,634.47
101,1,3,3,0,12,3,6,4,1,1,1,926.85
101,1,3,3,0,13,10,8,7,2,2,1,567.64
101,1,3,3,0,14,5,6,5,1,1,1,1168.2
101,1,3,3,0,15,8,8,6,2,2,1,1082.7
101,1,3,3,0,16,3,6,4,1,1,1,832.15
101,1,3,3,0,17,3,6,4,1,1,1,817.14
101,1,3,3,0,18,8,8,6,2,2,1,1058.7
101,1,3,3,0,19,8,8,6,2,2,1,460.5
101,1,3,3,0,20,8,8,6,2,2,1,1693
101,1,3,3,0,21,5,6,5,1,1,1,1204.1
101,1,3,3,0,22,8,8,6,2,2,1,674.51
101,1,3,3,0,23,3,6,4,1,1,1,707.57
101,1,3,3,0,24,3,6,4,1,1,1,635.08
101,1,3,3,0,25,5,6,5,1,1,1,940.27
101,1,3,3,0,26,5,6,5,1,1,1,1277.6
101,1,3,3,0,27,8,8,6,2,2,1,1491.2
101,1,3,3,0,28,8,8,6,2,2,1,643.37
101,1,3,3,0,29,8,8,6,2,2,1,953.62
101,1,3,3,0,30,12,8,8,2,2,1,774.76
101,1,3,3,0,31,12,8,8,2,2,1,411.53
101,1,3,3,0,32,3,6,4,1,1,1,816.06
101,1,3,3,0,33,12,8,8,2,2,1,506.4
101,1,3,3,0,34,1,6,3,1,1,1,611.92
101,1,3,3,0,35,12,8,8,2,2,1,443.92
101,1,3,3,0,36,5,6,5,1,1,1,1319.5
101,1,3,3,0,37,1,6,3,1,1,1,707.42
101,1,3,3,0,38,10,8,7,2,2,1,739.19
101,1,3,3,0,39,3,6,4,1,1,1,689.25
101,1,3,3,0,40,1,6,3,1,1,1,637.04
101,1,3,3,0,41,5,6,5,1,1,1,3002.4
101,1,3,3,0,42,10,8,7,2,2,1,673.13
101,1,3,3,0,43,12,8,8,2,2,1,593.93
101,1,3,3,0,44,5,6,5,1,1,1,1247.5
101,1,3,3,0,45,3,6,4,1,1,1,750.48
101,1,3,3,0,46,12,8,8,2,2,1,524.89
101,1,3,3,0,47,3,6,4,1,1,1,1076.1
101,1,3,3,0,48,12,8,8,2,2,1,675.22
101,1,3,3,0,49,3,6,4,1,1,1,566.39
101,1,3,3,0,50,10,8,7,2,2,1,1143.7
101,1,3,3,0,51,8,8,6,2,2,1,1890.9
101,1,3,3,0,52,1,6,3,1,1,1,647.35
101,1,3,3,0,53,1,6,3,1,1,1,1323.4
101,1,3,3,0,54,8,8,6,2,2,1,1191
101,1,3,3,0,55,8,8,6,2,2,1,835.31
101,1,3,3,0,56,8,8,6,2,2,1,526.02
101,1,3,3,0,57,10,8,7,2,2,1,844.77
101,1,3,3,0,58,8,8,6,2,2,1,532.8
101,1,3,3,0,59,1,6,3,1,1,1,837.17
101,1,3,3,0,60,1,6,3,1,1,1,558.87
101,1,3,3,0,61,3,6,4,1,1,1,548.36
101,1,3,3,0,62,5,6,5,1,1,1,1565.2
101,1,3,3,0,63,10,8,7,2,2,1,433.05
101,1,3,3,0,64,10,8,7,2,2,1,532.5
101,1,3,3,0,65,12,8,8,2,2,1,442.22
101,1,3,3,0,66,5,6,5,1,1,1,994.83
101,1,3,3,0,67,5,6,5,1,1,1,598.02
101,1,3,3,0,68,1,6,3,1,1,1,504.83
101,1,3,3,0,69,1,6,3,1,1,1,423.33
101,1,3,3,0,70,3,6,4,1,1,1,580.33
101,1,3,3,0,71,3,6,4,1,1,1,1015.8
101,1,3,3,0,72,3,6,4,1,1,1,417.33
101,1,3,3,0,73,10,8,7,2,2,1,542.89
101,1,3,3,0,74,8,8,6,2,2,1,424.92
101,1,3,3,0,75,8,8,6,2,2,1,502.6
101,1,3,3,0,76,12,8,8,2,2,1,426.77
101,1,3,3,0,77,12,8,8,2,2,1,382.87
101,1,3,3,0,78,8,8,6,2,2,1,598.15
101,1,3,3,0,79,3,6,4,1,1,1,504.54
101,1,3,3,0,80,5,6,5,1,1,1,372.12
101,1,3,3,0,81,5,6,5,1,1,1,378.15
101,1,3,3,0,82,5,6,5,1,1,1,391.35
101,1,3,3,0,83,12,8,8,2,2,1,463.25
101,1,3,3,0,84,10,8,7,2,2,1,362.57
101,1,3,3,0,85,8,8,6,2,2,1,614.75
101,1,3,3,0,86,12,8,8,2,2,1,407.98
101,1,3,3,0,87,1,6,3,1,1,1,487.74
101,1,3,3,0,88,1,6,3,1,1,1,684.71
101,1,3,3,0,89,12,8,8,2,2,1,444.25
101,1,3,3,0,90,3,6,4,1,1,1,594.55
101,1,3,3,0,91,12,8,8,2,2,1,400.46
101,1,3,3,0,92,3,6,4,1,1,1,554.06
101,1,3,3,0,93,1,6,3,1,1,1,550.83
101,1,3,3,0,94,12,8,8,2,2,1,447.75
101,1,3,3,0,95,5,6,5,1,1,1,569.9
101,1,3,3,0,96,1,6,3,1,1,1,484.99
101,1,3,3,0,97,1,6,3,1,1,1,399.84
101,1,3,3,0,98,1,6,3,1,1,1,740.12
101,1,3,3,0,99,5,6,5,1,1,1,820.63
101,1,3,3,0,100,5,6,5,1,1,1,510.35
101,1,3,3,0,101,1,6,3,1,1,1,415.4
101,1,3,3,0,102,10,8,7,2,2,1,450.07
101,1,3,3,0,103,10,8,7,2,2,1,573.26
101,1,3,3,0,104,1,6,3,1,1,1,504.87
101,1,3,3,0,105,5,6,5,1,1,1,593.78
101,1,3,3,0,106,10,8,7,2,2,1,514.27
101,1,3,3,0,107,10,8,7,2,2,1,428.73
101,1,3,3,0,108,10,8,7,2,2,1,432.47
101,1,3,3,0,109,10,8,7,2,2,1,406.33
101,1,3,3,0,110,10,8,7,2,2,1,364.26
101,1,3,3,0,111,12,8,8,2,2,1,355.43
101,1,3,3,0,112,3,6,4,1,1,1,565.16
101,1,3,3,0,113,3,6,4,1,1,1,530.42
101,1,3,3,0,114,8,8,6,2,2,1,1385.9
101,1,3,3,0,115,12,8,8,2,2,1,351.05
101,1,3,3,0,116,1,6,3,1,1,1,440.37
101,1,3,3,0,117,10,8,7,2,2,1,1293.6
101,1,3,3,0,118,1,6,3,1,1,1,536.5
101,1,3,3,0,119,5,6,5,1,1,1,601.87
101,1,3,3,0,120,12,8,8,2,2,1,768.4
101,1,3,1,1,1,9,6,7,2,2,1,544.46
101,1,3,1,1,2,5,6,5,1,1,1,1353.2
101,1,3,1,1,3,1,6,3,1,1,1,661.17
101,1,3,1,1,4,5,6,5,1,1,1,589.45
101,1,3,1,1,5,1,6,3,1,1,1,403.68
101,1,3,1,1,6,7,6,6,2,2,1,452.06
101,1,3,1,1,7,11,6,8,2,2,1,427.86
101,1,3,1,1,8,7,6,6,2,2,1,577.56
101,1,3,1,1,9,3,6,4,1,1,1,531.01
101,1,3,1,1,10,3,6,4,1,1,1,572.93
101,1,3,1,1,11,5,6,5,1,1,1,556.99
101,1,3,1,1,12,9,6,7,2,2,1,539.61
101,1,3,1,1,13,5,6,5,1,1,1,582.41
101,1,3,1,1,14,1,6,3,1,1,1,467.07
101,1,3,1,1,15,11,6,8,2,2,1,505.54
101,1,3,1,1,16,9,6,7,2,2,1,458.76
101,1,3,1,1,17,7,6,6,2,2,1,540.15
101,1,3,1,1,18,3,6,4,1,1,1,445.81
101,1,3,1,1,19,1,6,3,1,1,1,530.12
101,1,3,1,1,20,9,6,7,2,2,1,582.61
101,1,3,1,1,21,3,6,4,1,1,1,600.23
101,1,3,1,1,22,7,6,6,2,2,1,529.89
101,1,3,1,1,23,11,6,8,2,2,1,491.26
101,1,3,1,1,24,11,6,8,2,2,1,366.86
101,1,3,1,0,1,1,6,3,1,1,1,462.65
101,1,3,1,0,2,11,6,8,2,2,1,455.9
101,1,3,1,0,3,1,6,3,1,1,1,503
101,1,3,1,0,4,5,6,5,1,1,1,593.99
101,1,3,1,0,5,3,6,4,1,1,1,673.08
101,1,3,1,0,6,11,6,8,2,2,1,458.67
101,1,3,1,0,7,5,6,5,1,1,1,556.7
101,1,3,1,0,8,1,6,3,1,1,1,561.69
101,1,3,1,0,9,9,6,7,2,2,1,644.53
101,1,3,1,0,10,9,6,7,2,2,1,617.31
101,1,3,1,0,11,9,6,7,2,2,1,550.57
101,1,3,1,0,12,7,6,6,2,2,1,1037.9
101,1,3,1,0,13,3,6,4,1,1,1,1249.1
101,1,3,1,0,14,1,6,3,1,1,1,626.95
101,1,3,1,0,15,5,6,5,1,1,1,1429.7
101,1,3,1,0,16,7,6,6,2,2,1,955.06
101,1,3,1,0,17,5,6,5,1,1,1,710.35
101,1,3,1,0,18,7,6,6,2,2,1,534.22
101,1,3,1,0,19,1,6,3,1,1,1,557.36
101,1,3,1,0,20,11,6,8,2,2,1,399.26
101,1,3,1,0,21,7,6,6,2,2,1,638.3
101,1,3,1,0,22,1,6,3,1,1,1,478.28
101,1,3,1,0,23,9,6,7,2,2,1,415.92
101,1,3,1,0,24,3,6,4,1,1,1,505.21
101,1,3,1,0,25,3,6,4,1,1,1,391.31
101,1,3,1,0,26,7,6,6,2,2,1,535.71
101,1,3,1,0,27,11,6,8,2,2,1,488.88
101,1,3,1,0,28,11,6,8,2,2,1,389.4
101,1,3,1,0,29,5,6,5,1,1,1,857.08
101,1,3,1,0,30,11,6,8,2,2,1,450.97
101,1,3,1,0,31,11,6,8,2,2,1,502.32
101,1,3,1,0,32,3,6,4,1,1,1,536.75
101,1,3,1,0,33,5,6,5,1,1,1,683.31
101,1,3,1,0,34,5,6,5,1,1,1,507.87
101,1,3,1,0,35,3,6,4,1,1,1,465.53
101,1,3,1,0,36,1,6,3,1,1,1,401.61
101,1,3,1,0,37,9,6,7,2,2,1,477.71
101,1,3,1,0,38,3,6,4,1,1,1,532.18
101,1,3,1,0,39,1,6,3,1,1,1,449.92
101,1,3,1,0,40,7,6,6,2,2,1,820.47
101,1,3,1,0,41,7,6,6,2,2,1,830.26
101,1,3,1,0,42,5,6,5,1,1,1,823.29
101,1,3,1,0,43,11,6,8,2,2,1,524.32
101,1,3,1,0,44,9,6,7,2,2,1,500.26
101,1,3,1,0,45,9,6,7,2,2,1,576.62
101,1,3,1,0,46,5,6,5,1,1,1,599.13
101,1,3,1,0,47,9,6,7,2,2,1,527.66
101,1,3,1,0,48,9,6,7,2,2,1,433.5
101,1,3,1,0,49,7,6,6,2,2,1,804.34
101,1,3,1,0,50,9,6,7,2,2,1,406.25
101,1,3,1,0,51,5,6,5,1,1,1,567.61
101,1,3,1,0,52,1,6,3,1,1,1,751.03
101,1,3,1,0,53,7,6,6,2,2,1,1238
101,1,3,1,0,54,11,6,8,2,2,1,969.71
101,1,3,1,0,55,1,6,3,1,1,1,634.65
101,1,3,1,0,56,11,6,8,2,2,1,535.03
101,1,3,1,0,57,9,6,7,2,2,1,675.52
101,1,3,1,0,58,5,6,5,1,1,1,1467.5
101,1,3,1,0,59,3,6,4,1,1,1,490.84
101,1,3,1,0,60,9,6,7,2,2,1,534.76
101,1,3,1,0,61,5,6,5,1,1,1,891.41
101,1,3,1,0,62,9,6,7,2,2,1,790.79
101,1,3,1,0,63,3,6,4,1,1,1,711.19
101,1,3,1,0,64,1,6,3,1,1,1,691.67
101,1,3,1,0,65,3,6,4,1,1,1,660.16
101,1,3,1,0,66,7,6,6,2,2,1,689.92
101,1,3,1,0,67,11,6,8,2,2,1,612.66
101,1,3,1,0,68,7,6,6,2,2,1,890.78
101,1,3,1,0,69,7,6,6,2,2,1,623.39
101,1,3,1,0,70,1,6,3,1,1,1,1175
101,1,3,1,0,71,7,6,6,2,2,1,710.1
101,1,3,1,0,72,7,6,6,2,2,1,546.83
101,1,3,1,0,73,1,6,3,1,1,1,543.75
101,1,3,1,0,74,1,6,3,1,1,1,1072.5
101,1,3,1,0,75,11,6,8,2,2,1,598.5
101,1,3,1,0,76,9,6,7,2,2,1,773.78
101,1,3,1,0,77,9,6,7,2,2,1,688.29
101,1,3,1,0,78,1,6,3,1,1,1,534.35
101,1,3,1,0,79,11,6,8,2,2,1,510.92
101,1,3,1,0,80,5,6,5,1,1,1,1529.5
101,1,3,1,0,81,11,6,8,2,2,1,557.87
101,1,3,1,0,82,9,6,7,2,2,1,855.99
101,1,3,1,0,83,11,6,8,2,2,1,405.91
101,1,3,1,0,84,9,6,7,2,2,1,704.26
101,1,3,1,0,85,7,6,6,2,2,1,745.86
101,1,3,1,0,86,5,6,5,1,1,1,631.8
101,1,3,1,0,87,5,6,5,1,1,1,549.89
101,1,3,1,0,88,9,6,7,2,2,1,625.99
101,1,3,1,0,89,11,6,8,2,2,1,427.45
101,1,3,1,0,90,7,6,6,2,2,1,940.37
101,1,3,1,0,91,7,6,6,2,2,1,473.64
101,1,3,1,0,92,5,6,5,1,1,1,559.82
101,1,3,1,0,93,7,6,6,2,2,1,1006.6
101,1,3,1,0,94,11,6,8,2,2,1,548.92
101,1,3,1,0,95,5,6,5,1,1,1,609.79
101,1,3,1,0,96,1,6,3,1,1,1,549.75
101,1,3,1,0,97,3,6,4,1,1,1,493.36
101,1,3,1,0,98,3,6,4,1,1,1,535.66
101,1,3,1,0,99,3,6,4,1,1,1,521.64
101,1,3,1,0,100,1,6,3,1,1,1,634.15
101,1,3,1,0,101,9,6,7,2,2,1,498.78
101,1,3,1,0,102,3,6,4,1,1,1,663.9
101,1,3,1,0,103,3,6,4,1,1,1,981.46
101,1,3,1,0,104,1,6,3,1,1,1,1310.4
101,1,3,1,0,105,1,6,3,1,1,1,464.15
101,1,3,1,0,106,11,6,8,2,2,1,852.91
101,1,3,1,0,107,11,6,8,2,2,1,830.89
101,1,3,1,0,108,9,6,7,2,2,1,657.34
101,1,3,1,0,109,3,6,4,1,1,1,986.51
101,1,3,1,0,110,7,6,6,2,2,1,989.9
101,1,3,1,0,111,11,6,8,2,2,1,495.64
101,1,3,1,0,112,7,6,6,2,2,1,699.43
101,1,3,1,0,113,1,6,3,1,1,1,489.37
101,1,3,1,0,114,5,6,5,1,1,1,946.71
101,1,3,1,0,115,3,6,4,1,1,1,536.82
101,1,3,1,0,116,5,6,5,1,1,1,803.73
101,1,3,1,0,117,3,6,4,1,1,1,530.08
101,1,3,1,0,118,3,6,4,1,1,1,429.35
101,1,3,1,0,119,3,6,4,1,1,1,394.79
101,1,3,1,0,120,5,6,5,1,1,1,366.08
101,1,3,2,1,1,4,8,4,1,1,1,861.86
101,1,3,2,1,2,12,8,8,2,2,1,473.78
101,1,3,2,1,3,6,8,5,1,1,1,618.32
101,1,3,2,1,4,6,8,5,1,1,1,481.02
101,1,3,2,1,5,4,8,4,1,1,1,493.92
101,1,3,2,1,6,10,8,7,2,2,1,513.81
101,1,3,2,1,7,12,8,8,2,2,1,475.26
101,1,3,2,1,8,8,8,6,2,2,1,785.48
101,1,3,2,1,9,12,8,8,2,2,1,503.09
101,1,3,2,1,10,2,8,3,1,1,1,471.15
101,1,3,2,1,11,10,8,7,2,2,1,733.21
101,1,3,2,1,12,8,8,6,2,2,1,1247.6
101,1,3,2,1,13,8,8,6,2,2,1,369.37
101,1,3,2,1,14,8,8,6,2,2,1,526.81
101,1,3,2,1,15,10,8,7,2,2,1,398.05
101,1,3,2,1,16,4,8,4,1,1,1,567.32
101,1,3,2,1,17,6,8,5,1,2,0,626.89
101,1,3,2,1,18,2,8,3,1,1,1,577.15
101,1,3,2,1,19,10,8,7,2,2,1,521.19
101,1,3,2,1,20,2,8,3,1,1,1,593.51
101,1,3,2,1,21,6,8,5,1,1,1,836.74
101,1,3,2,1,22,12,8,8,2,2,1,492.74
101,1,3,2,1,23,2,8,3,1,1,1,643.69
101,1,3,2,1,24,4,8,4,1,1,1,542.23
101,1,3,2,0,1,8,8,6,2,2,1,949.84
101,1,3,2,0,2,6,8,5,1,1,1,684.9
101,1,3,2,0,3,10,8,7,2,2,1,488.84
101,1,3,2,0,4,8,8,6,2,2,1,1135.1
101,1,3,2,0,5,6,8,5,1,1,1,643.03
101,1,3,2,0,6,12,8,8,2,2,1,913.32
101,1,3,2,0,7,10,8,7,2,2,1,683.21
101,1,3,2,0,8,6,8,5,1,1,1,655.89
101,1,3,2,0,9,10,8,7,2,2,1,572.18
101,1,3,2,0,10,2,8,3,1,1,1,487.59
101,1,3,2,0,11,2,8,3,1,1,1,519.7
101,1,3,2,0,12,8,8,6,2,2,1,1099.9
101,1,3,2,0,13,6,8,5,1,1,1,472.21
101,1,3,2,0,14,2,8,3,1,1,1,679.36
101,1,3,2,0,15,8,8,6,2,2,1,636.32
101,1,3,2,0,16,8,8,6,2,2,1,737.87
101,1,3,2,0,17,10,8,7,2,2,1,475.4
101,1,3,2,0,18,2,8,3,1,1,1,675.38
101,1,3,2,0,19,8,8,6,2,2,1,901.64
101,1,3,2,0,20,4,8,4,1,1,1,664.93
101,1,3,2,0,21,4,8,4,1,1,1,484.95
101,1,3,2,0,22,12,8,8,2,2,1,444.79
101,1,3,2,0,23,4,8,4,1,1,1,534.51
101,1,3,2,0,24,10,8,7,2,2,1,510.12
101,1,3,2,0,25,10,8,7,2,2,1,740.33
101,1,3,2,0,26,2,8,3,1,1,1,434.72
101,1,3,2,0,27,6,8,5,1,1,1,831.4
101,1,3,2,0,28,12,8,8,2,2,1,434.1
101,1,3,2,0,29,12,8,8,2,2,1,621.94
101,1,3,2,0,30,4,8,4,1,1,1,497.27
101,1,3,2,0,31,10,8,7,2,2,1,759.98
101,1,3,2,0,32,10,8,7,2,2,1,675.37
101,1,3,2,0,33,6,8,5,1,1,1,677.27
101,1,3,2,0,34,8,8,6,2,1,0,538.6
101,1,3,2,0,35,12,8,8,2,2,1,502.2
101,1,3,2,0,36,8,8,6,2,2,1,926.47
101,1,3,2,0,37,4,8,4,1,1,1,536.49
101,1,3,2,0,38,4,8,4,1,1,1,604.21
101,1,3,2,0,39,4,8,4,1,1,1,555.82
101,1,3,2,0,40,6,8,5,1,1,1,520.43
101,1,3,2,0,41,4,8,4,1,1,1,491.09
101,1,3,2,0,42,6,8,5,1,1,1,476.31
101,1,3,2,0,43,6,8,5,1,1,1,511.72
101,1,3,2,0,44,12,8,8,2,2,1,593.96
101,1,3,2,0,45,2,8,3,1,1,1,652.81
101,1,3,2,0,46,8,8,6,2,2,1,871.46
101,1,3,2,0,47,8,8,6,2,2,1,1216.5
101,1,3,2,0,48,6,8,5,1,1,1,1648.4
101,1,3,2,0,49,4,8,4,1,1,1,608
101,1,3,2,0,50,4,8,4,1,1,1,458.84
101,1,3,2,0,51,4,8,4,1,1,1,501.03
101,1,3,2,0,52,2,8,3,1,1,1,511.5
101,1,3,2,0,53,12,8,8,2,2,1,448.89
101,1,3,2,0,54,4,8,4,1,1,1,519.16
101,1,3,2,0,55,6,8,5,1,1,1,686.52
101,1,3,2,0,56,4,8,4,1,1,1,502.58
101,1,3,2,0,57,8,8,6,2,2,1,629.98
101,1,3,2,0,58,8,8,6,2,2,1,582.56
101,1,3,2,0,59,6,8,5,1,1,1,532.08
101,1,3,2,0,60,6,8,5,1,1,1,413.91
101,1,3,2,0,61,12,8,8,2,2,1,401.05
101,1,3,2,0,62,2,8,3,1,1,1,464.21
101,1,3,2,0,63,2,8,3,1,1,1,433.17
101,1,3,2,0,64,8,8,6,2,2,1,706.16
101,1,3,2,0,65,2,8,3,1,1,1,457.15
101,1,3,2,0,66,12,8,8,2,2,1,409.32
101,1,3,2,0,67,8,8,6,2,2,1,528.15
101,1,3,2,0,68,8,8,6,2,2,1,499.31
101,1,3,2,0,69,10,8,7,2,2,1,378.85
101,1,3,2,0,70,12,8,8,2,2,1,367.87
101,1,3,2,0,71,6,8,5,1,1,1,557.62
101,1,3,2,0,72,4,8,4,1,1,1,541.86
101,1,3,2,0,73,2,8,3,1,1,1,481.45
101,1,3,2,0,74,8,8,6,2,2,1,798.46
101,1,3,2,0,75,2,8,3,1,1,1,496.05
101,1,3,2,0,76,6,8,5,1,1,1,657.84
101,1,3,2,0,77,2,8,3,1,1,1,525.61
101,1,3,2,0,78,4,8,4,1,1,1,401.21
101,1,3,2,0,79,10,8,7,2,2,1,764.93
101,1,3,2,0,80,4,8,4,1,1,1,470.99
101,1,3,2,0,81,2,8,3,1,1,1,609.01
101,1,3,2,0,82,8,8,6,2,2,1,948.22
101,1,3,2,0,83,8,8,6,2,2,1,474.47
101,1,3,2,0,84,2,8,3,1,1,1,480.33
101,1,3,2,0,85,2,8,3,1,1,1,529.13
101,1,3,2,0,86,2,8,3,1,1,1,482.56
101,1,3,2,0,87,6,8,5,1,1,1,1299.6
101,1,3,2,0,88,10,8,7,2,2,1,568.72
101,1,3,2,0,89,10,8,7,2,2,1,433.03
101,1,3,2,0,90,4,8,4,1,1,1,936.07
101,1,3,2,0,91,6,8,5,1,1,1,761.59
101,1,3,2,0,92,2,8,3,1,1,1,402.57
101,1,3,2,0,93,10,8,7,2,2,1,578.67
101,1,3,2,0,94,10,8,7,2,2,1,383.42
101,1,3,2,0,95,12,8,8,2,2,1,344.49
101,1,3,2,0,96,10,8,7,2,2,1,369.82
101,1,3,2,0,97,6,8,5,1,1,1,478.16
101,1,3,2,0,98,12,8,8,2,2,1,444.28
101,1,3,2,0,99,10,8,7,2,2,1,515.61
101,1,3,2,0,100,6,8,5,1,1,1,565.77
101,1,3,2,0,101,12,8,8,2,2,1,479.48
101,1,3,2,0,102,12,8,8,2,2,1,450.73
101,1,3,2,0,103,10,8,7,2,2,1,475.64
101,1,3,2,0,104,8,8,6,2,2,1,739.41
101,1,3,2,0,105,4,8,4,1,1,1,422.56
101,1,3,2,0,106,10,8,7,2,2,1,629.01
101,1,3,2,0,107,10,8,7,2,2,1,642.34
101,1,3,2,0,108,2,8,3,1,1,1,547.18
101,1,3,2,0,109,10,8,7,2,2,1,591.96
101,1,3,2,0,110,6,8,5,1,1,1,785.34
101,1,3,2,0,111,12,8,8,2,2,1,530.67
101,1,3,2,0,112,12,8,8,2,2,1,575.64
101,1,3,2,0,113,12,8,8,2,2,1,571.48
101,1,3,2,0,114,12,8,8,2,2,1,531.94
101,1,3,2,0,115,2,8,3,1,1,1,466.63
101,1,3,2,0,116,12,8,8,2,2,1,543.08
101,1,3,2,0,117,12,8,8,2,2,1,465.3
101,1,3,2,0,118,8,8,6,2,2,1,1132
101,1,3,2,0,119,4,8,4,1,1,1,716.58
101,1,3,2,0,120,4,8,4,1,1,1,961.98
